{
  "generated_at": "2026-06-24T19:42:56.081294Z",
  "market_session": "OPEN",
  "fund_name": "Convex Capital",
  "tagline": "Lose small. Win big. \u2014 Paper-traded portfolio. Hypothetical performance for educational purposes only.",
  "summary": {
    "nav": 1025189.0504518128,
    "cash": 4722.310000000056,
    "equity": 1020466.7404518127,
    "deposits": 1000000.0,
    "total_return": 0.025189050451812856,
    "realized_pnl": 0.0,
    "open_positions": 16
  },
  "metrics": {
    "annualized_return": -0.15696497504691564,
    "annualized_vol": 0.28465468373028063,
    "sharpe": -0.7060659319466693,
    "sortino": -0.9242377879312954,
    "calmar": -0.4212124530074028,
    "max_drawdown": -0.3726503666408861,
    "var_95_1d": -0.032581547349666576,
    "risk_free_rate": 0.04401999950408936,
    "method": "Synthetic: current weights \u00d7 each holding's 252-day return history. Sortino uses Frank Sortino downside deviation (RMS of shortfalls vs MAR=RF).",
    "beta_benchmark": 0.986914231800722,
    "benchmark_annualized_return": 0.3720683062243124,
    "treynor": -0.2036498898027726,
    "jensens_alpha": -0.5247405171713215,
    "information_ratio": -1.860932924891147,
    "tracking_error": 0.20739581936210813,
    "annualized_active_return": -0.3859497087357239,
    "up_capture": 0.6308882424871055,
    "down_capture": 1.0846567822270805,
    "data_basis": "synthetic_252d",
    "days_of_live_nav": 17,
    "benchmark_ticker": "IWM",
    "benchmark_name": "Russell 2000",
    "beta_spy": 0.986914231800722,
    "beta_spy_stress": 1.521797045851515
  },
  "nav_curve": [
    {
      "date": "2026-06-01",
      "value": 999882.8292976379
    },
    {
      "date": "2026-06-02",
      "value": 1005079.4966617966
    },
    {
      "date": "2026-06-03",
      "value": 995768.7768651581
    },
    {
      "date": "2026-06-04",
      "value": 1004929.1794892884
    },
    {
      "date": "2026-06-05",
      "value": 974274.0015833282
    },
    {
      "date": "2026-06-08",
      "value": 974266.9881036186
    },
    {
      "date": "2026-06-09",
      "value": 979640.5088702394
    },
    {
      "date": "2026-06-10",
      "value": 966884.7384401513
    },
    {
      "date": "2026-06-11",
      "value": 990753.0886875344
    },
    {
      "date": "2026-06-12",
      "value": 996222.4282127572
    },
    {
      "date": "2026-06-15",
      "value": 1017018.2685251809
    },
    {
      "date": "2026-06-16",
      "value": 1019223.7061524964
    },
    {
      "date": "2026-06-17",
      "value": 1004256.765778122
    },
    {
      "date": "2026-06-18",
      "value": 1005956.2144795037
    },
    {
      "date": "2026-06-22",
      "value": 1013145.2704611397
    },
    {
      "date": "2026-06-23",
      "value": 1003670.4086042023
    },
    {
      "date": "2026-06-24",
      "value": 1024574.5675206757
    }
  ],
  "drawdown_curve": [
    {
      "date": "2026-06-01",
      "value": 0.0
    },
    {
      "date": "2026-06-02",
      "value": 0.0
    },
    {
      "date": "2026-06-03",
      "value": -0.009263665040986776
    },
    {
      "date": "2026-06-04",
      "value": -0.00014955749570802555
    },
    {
      "date": "2026-06-05",
      "value": -0.030649809473562682
    },
    {
      "date": "2026-06-08",
      "value": -0.03065678750836781
    },
    {
      "date": "2026-06-09",
      "value": -0.025310423579476604
    },
    {
      "date": "2026-06-10",
      "value": -0.038001728568240384
    },
    {
      "date": "2026-06-11",
      "value": -0.01425400480444075
    },
    {
      "date": "2026-06-12",
      "value": -0.008812306368259061
    },
    {
      "date": "2026-06-15",
      "value": 0.0
    },
    {
      "date": "2026-06-16",
      "value": 0.0
    },
    {
      "date": "2026-06-17",
      "value": -0.014684647034823809
    },
    {
      "date": "2026-06-18",
      "value": -0.01301725184854327
    },
    {
      "date": "2026-06-22",
      "value": -0.005963789553426265
    },
    {
      "date": "2026-06-23",
      "value": -0.015259944852545435
    },
    {
      "date": "2026-06-24",
      "value": 0.0
    }
  ],
  "benchmarks": {
    "SPY": [
      {
        "date": "2026-06-01",
        "value": 0.0
      },
      {
        "date": "2026-06-02",
        "value": 0.0013579397972762752
      },
      {
        "date": "2026-06-03",
        "value": -0.005668771434361286
      },
      {
        "date": "2026-06-04",
        "value": -0.0019115061781299625
      },
      {
        "date": "2026-06-05",
        "value": -0.027671542654459702
      },
      {
        "date": "2026-06-08",
        "value": -0.025470023194608782
      },
      {
        "date": "2026-06-09",
        "value": -0.02833070775180091
      },
      {
        "date": "2026-06-10",
        "value": -0.04364962071587053
      },
      {
        "date": "2026-06-11",
        "value": -0.027394678792744487
      },
      {
        "date": "2026-06-12",
        "value": -0.022134588105308994
      },
      {
        "date": "2026-06-15",
        "value": -0.0048909388718152425
      },
      {
        "date": "2026-06-16",
        "value": -0.010823344076597685
      },
      {
        "date": "2026-06-17",
        "value": -0.023176054438276084
      },
      {
        "date": "2026-06-18",
        "value": -0.013020023259145863
      },
      {
        "date": "2026-06-22",
        "value": -0.016126029204297176
      },
      {
        "date": "2026-06-23",
        "value": -0.030413801760312054
      },
      {
        "date": "2026-06-24",
        "value": -0.03387669748525002
      }
    ],
    "IWM": [
      {
        "date": "2026-06-01",
        "value": 0.0
      },
      {
        "date": "2026-06-02",
        "value": 0.009273902616242058
      },
      {
        "date": "2026-06-03",
        "value": -0.004533265755123028
      },
      {
        "date": "2026-06-04",
        "value": 0.010485102307313143
      },
      {
        "date": "2026-06-05",
        "value": -0.025365222965751943
      },
      {
        "date": "2026-06-08",
        "value": -0.016852527916236926
      },
      {
        "date": "2026-06-09",
        "value": -0.013703535746163342
      },
      {
        "date": "2026-06-10",
        "value": -0.023981055236295123
      },
      {
        "date": "2026-06-11",
        "value": 0.00494832553389335
      },
      {
        "date": "2026-06-12",
        "value": 0.01373793881377372
      },
      {
        "date": "2026-06-15",
        "value": 0.022010765090349826
      },
      {
        "date": "2026-06-16",
        "value": 0.013130856989941098
      },
      {
        "date": "2026-06-17",
        "value": 0.005499833171586088
      },
      {
        "date": "2026-06-18",
        "value": 0.025305943833869415
      },
      {
        "date": "2026-06-22",
        "value": 0.03428980212625787
      },
      {
        "date": "2026-06-23",
        "value": 0.02436943940571834
      },
      {
        "date": "2026-06-24",
        "value": 0.023571605803935025
      }
    ]
  },
  "holdings": [
    {
      "ticker": "GRPN",
      "company": "Groupon, Inc.",
      "sector": "Communication Services",
      "country": "United States",
      "shares": 11310.0,
      "price": 18.229999542236328,
      "cost_basis": 17.3017824933687,
      "market_value": 206181.29482269287,
      "unrealized_pnl": 10498.134822692855,
      "short_percent_of_float": 0.56310004,
      "short_ratio": 5.75
    },
    {
      "ticker": "TENB",
      "company": "Tenable Holdings, Inc.",
      "sector": "Technology",
      "country": "United States",
      "shares": 4766.0,
      "price": 27.920000076293945,
      "cost_basis": 26.224616030214015,
      "market_value": 133066.72036361694,
      "unrealized_pnl": 8080.200363616946,
      "short_percent_of_float": 0.129,
      "short_ratio": 3.05
    },
    {
      "ticker": "KSPI",
      "company": "Joint Stock Company Kaspi.kz",
      "sector": "Technology",
      "country": "Kazakhstan",
      "shares": 1515.0,
      "price": 85.69499969482422,
      "cost_basis": 82.53049504950495,
      "market_value": 129827.92453765869,
      "unrealized_pnl": 4794.2245376586925,
      "short_percent_of_float": 0.0159,
      "short_ratio": 3.24
    },
    {
      "ticker": "CMI",
      "company": "Cummins Inc.",
      "sector": "Industrials",
      "country": "United States",
      "shares": 153.0,
      "price": 691.0700073242188,
      "cost_basis": 651.1282352941176,
      "market_value": 105733.71112060547,
      "unrealized_pnl": 6111.091120605469,
      "short_percent_of_float": 0.0171,
      "short_ratio": 2.07
    },
    {
      "ticker": "JAKK",
      "company": "JAKKS Pacific, Inc.",
      "sector": "Consumer Cyclical",
      "country": "United States",
      "shares": 3436.0,
      "price": 22.760000228881836,
      "cost_basis": 21.83,
      "market_value": 78203.36078643799,
      "unrealized_pnl": 3195.480786437994,
      "short_percent_of_float": 0.039100002,
      "short_ratio": 7.32
    },
    {
      "ticker": "XNET",
      "company": "Xunlei Limited",
      "sector": "Technology",
      "country": "China",
      "shares": 10526.0,
      "price": 4.829999923706055,
      "cost_basis": 4.75,
      "market_value": 50840.57919692993,
      "unrealized_pnl": 842.0791969299316,
      "short_percent_of_float": 0.0377,
      "short_ratio": 6.03
    },
    {
      "ticker": "VIA",
      "company": "Via Transportation, Inc.",
      "sector": "Technology",
      "country": "United States",
      "shares": 3280.0,
      "price": 15.0,
      "cost_basis": 15.241405487804878,
      "market_value": 49200.0,
      "unrealized_pnl": -791.8099999999988,
      "short_percent_of_float": 0.13520001,
      "short_ratio": 6.88
    },
    {
      "ticker": "CRWV",
      "company": "CoreWeave, Inc.",
      "sector": "Technology",
      "country": "United States",
      "shares": 468.0,
      "price": 99.62999725341797,
      "cost_basis": 106.78134615384614,
      "market_value": 46626.83871459961,
      "unrealized_pnl": -3346.831285400386,
      "short_percent_of_float": 0.18190001,
      "short_ratio": 1.91
    },
    {
      "ticker": "ZS",
      "company": "Zscaler, Inc.",
      "sector": "Technology",
      "country": "United States",
      "shares": 365.0,
      "price": 127.47000122070312,
      "cost_basis": 136.79813698630136,
      "market_value": 46526.55044555664,
      "unrealized_pnl": -3404.769554443355,
      "short_percent_of_float": 0.114700004,
      "short_ratio": 2.09
    },
    {
      "ticker": "GENC",
      "company": "Gencor Industries, Inc.",
      "sector": "Industrials",
      "country": "United States",
      "shares": 1746.0,
      "price": 15.04010009765625,
      "cost_basis": 14.32,
      "market_value": 26260.014770507812,
      "unrealized_pnl": 1257.294770507812,
      "short_percent_of_float": 0.0064,
      "short_ratio": 2.39
    },
    {
      "ticker": "VST",
      "company": "Vistra Corp.",
      "sector": "Utilities",
      "country": "United States",
      "shares": 162.0,
      "price": 161.59500122070312,
      "cost_basis": 154.76,
      "market_value": 26178.390197753906,
      "unrealized_pnl": 1107.2701977539077,
      "short_percent_of_float": 0.0539,
      "short_ratio": 2.73
    },
    {
      "ticker": "ESI",
      "company": "Element Solutions Inc",
      "sector": "Basic Materials",
      "country": "United States",
      "shares": 557.0,
      "price": 45.6150016784668,
      "cost_basis": 44.92,
      "market_value": 25407.555934906006,
      "unrealized_pnl": 387.1159349060049,
      "short_percent_of_float": 0.0838,
      "short_ratio": 4.45
    },
    {
      "ticker": "CEG",
      "company": "Constellation Energy Corporation",
      "sector": "Utilities",
      "country": "United States",
      "shares": 94.0,
      "price": 266.82501220703125,
      "cost_basis": 265.7,
      "market_value": 25081.551147460938,
      "unrealized_pnl": 105.75114746093857,
      "short_percent_of_float": 0.036,
      "short_ratio": 3.46
    },
    {
      "ticker": "ZTS",
      "company": "Zoetis Inc.",
      "sector": "Healthcare",
      "country": "United States",
      "shares": 312.0,
      "price": 77.98999786376953,
      "cost_basis": 80.09,
      "market_value": 24332.879333496094,
      "unrealized_pnl": -655.2006665039073,
      "short_percent_of_float": 0.0363,
      "short_ratio": 1.45
    },
    {
      "ticker": "PYPL",
      "company": "PayPal Holdings, Inc.",
      "sector": "Financial Services",
      "country": "United States",
      "shares": 553.0,
      "price": 42.53499984741211,
      "cost_basis": 45.19,
      "market_value": 23521.854915618896,
      "unrealized_pnl": -1468.2150843811023,
      "short_percent_of_float": 0.0626,
      "short_ratio": 3.16
    },
    {
      "ticker": "OPEN",
      "company": "Opendoor Technologies Inc.",
      "sector": "Real Estate",
      "country": "United States",
      "shares": 5479.0,
      "price": 4.284999847412109,
      "cost_basis": 4.562927541522176,
      "market_value": 23477.514163970947,
      "unrealized_pnl": -1522.7658360290536,
      "short_percent_of_float": 0.16149999,
      "short_ratio": 3.77
    }
  ],
  "sector_exposure": [
    {
      "name": "Technology",
      "value": 456088.6132583618,
      "pct": 0.44488244685929706
    },
    {
      "name": "Communication Services",
      "value": 206181.29482269287,
      "pct": 0.2011153891390338
    },
    {
      "name": "Industrials",
      "value": 131993.72589111328,
      "pct": 0.12875062002753745
    },
    {
      "name": "Consumer Cyclical",
      "value": 78203.36078643799,
      "pct": 0.07628189235143787
    },
    {
      "name": "Utilities",
      "value": 51259.941345214844,
      "pct": 0.05000047681217819
    },
    {
      "name": "Basic Materials",
      "value": 25407.555934906006,
      "pct": 0.024783288432224864
    },
    {
      "name": "Healthcare",
      "value": 24332.879333496094,
      "pct": 0.023735016797899185
    },
    {
      "name": "Financial Services",
      "value": 23521.854915618896,
      "pct": 0.02294391937297081
    },
    {
      "name": "Real Estate",
      "value": 23477.514163970947,
      "pct": 0.022900668080315656
    },
    {
      "name": "Cash",
      "value": 4722.310000000056,
      "pct": 0.004606282127105121
    }
  ],
  "geographic_exposure": [
    {
      "name": "United States",
      "value": 839798.2367172241,
      "pct": 0.8191642666756099
    },
    {
      "name": "Kazakhstan",
      "value": 129827.92453765869,
      "pct": 0.126638032741807
    },
    {
      "name": "China",
      "value": 50840.57919692993,
      "pct": 0.04959141845547794
    },
    {
      "name": "Cash",
      "value": 4722.310000000056,
      "pct": 0.004606282127105121
    }
  ],
  "signals": [
    {
      "ticker": "CEG",
      "label": "BUY",
      "composite": 1.0,
      "rsi": 47.4,
      "subs": {
        "rsi": 0.5,
        "macd": 0.5,
        "trend": -0.5,
        "bb": 0.5,
        "vol": 0.0,
        "range": 0.0
      }
    },
    {
      "ticker": "CMI",
      "label": "STRONG BUY",
      "composite": 2.5,
      "rsi": 53.6,
      "subs": {
        "rsi": 0.5,
        "macd": 0.5,
        "trend": 0.5,
        "bb": 0.5,
        "vol": 0.5,
        "range": 0.0
      }
    },
    {
      "ticker": "CRWV",
      "label": "LEAN BEAR",
      "composite": -0.5,
      "rsi": 43.9,
      "subs": {
        "rsi": 0.0,
        "macd": 0.5,
        "trend": 0.0,
        "bb": -0.5,
        "vol": 0.0,
        "range": -0.5
      }
    },
    {
      "ticker": "ESI",
      "label": "STRONG BUY",
      "composite": 2.5,
      "rsi": 57.4,
      "subs": {
        "rsi": 0.5,
        "macd": 0.5,
        "trend": 0.5,
        "bb": 0.5,
        "vol": 0.5,
        "range": 0.0
      }
    },
    {
      "ticker": "GENC",
      "label": "STRONG BUY",
      "composite": 2.5,
      "rsi": 55.1,
      "subs": {
        "rsi": 0.5,
        "macd": 0.5,
        "trend": 0.5,
        "bb": 0.5,
        "vol": 0.0,
        "range": 0.5
      }
    },
    {
      "ticker": "GRPN",
      "label": "LEAN BULL",
      "composite": 0.5,
      "rsi": 55.5,
      "subs": {
        "rsi": 0.5,
        "macd": -0.5,
        "trend": 0.5,
        "bb": 0.5,
        "vol": -0.5,
        "range": 0.0
      }
    },
    {
      "ticker": "JAKK",
      "label": "STRONG BUY",
      "composite": 2.5,
      "rsi": 59.8,
      "subs": {
        "rsi": 0.5,
        "macd": 0.5,
        "trend": 0.5,
        "bb": 0.5,
        "vol": 0.0,
        "range": 0.5
      }
    },
    {
      "ticker": "KSPI",
      "label": "BUY",
      "composite": 1.5,
      "rsi": 52.9,
      "subs": {
        "rsi": 0.5,
        "macd": 0.5,
        "trend": 0.0,
        "bb": 0.5,
        "vol": 0.0,
        "range": 0.0
      }
    },
    {
      "ticker": "OPEN",
      "label": "STRONG SELL",
      "composite": -2.0,
      "rsi": 42.0,
      "subs": {
        "rsi": 0.0,
        "macd": -0.5,
        "trend": -0.5,
        "bb": -0.5,
        "vol": 0.0,
        "range": -0.5
      }
    },
    {
      "ticker": "PYPL",
      "label": "NEUTRAL",
      "composite": 0.0,
      "rsi": 46.2,
      "subs": {
        "rsi": 0.5,
        "macd": 0.5,
        "trend": -0.5,
        "bb": -0.5,
        "vol": 0.0,
        "range": 0.0
      }
    },
    {
      "ticker": "TENB",
      "label": "LEAN BULL",
      "composite": 0.5,
      "rsi": 60.3,
      "subs": {
        "rsi": 0.5,
        "macd": -0.5,
        "trend": 0.0,
        "bb": 0.5,
        "vol": 0.0,
        "range": 0.0
      }
    },
    {
      "ticker": "VIA",
      "label": "NEUTRAL",
      "composite": 0.0,
      "rsi": 49.4,
      "subs": {
        "rsi": 0.5,
        "macd": 0.5,
        "trend": -0.5,
        "bb": -0.5,
        "vol": 0.5,
        "range": -0.5
      }
    },
    {
      "ticker": "VST",
      "label": "STRONG BUY",
      "composite": 2.0,
      "rsi": 57.0,
      "subs": {
        "rsi": 0.5,
        "macd": 0.5,
        "trend": 0.0,
        "bb": 0.5,
        "vol": 0.0,
        "range": 0.5
      }
    },
    {
      "ticker": "XNET",
      "label": "LEAN BEAR",
      "composite": -0.5,
      "rsi": 39.1,
      "subs": {
        "rsi": 0.0,
        "macd": 0.5,
        "trend": -0.5,
        "bb": -0.5,
        "vol": 0.5,
        "range": -0.5
      }
    },
    {
      "ticker": "ZS",
      "label": "STRONG SELL",
      "composite": -2.0,
      "rsi": 43.2,
      "subs": {
        "rsi": 0.0,
        "macd": -0.5,
        "trend": -0.5,
        "bb": -0.5,
        "vol": 0.0,
        "range": -0.5
      }
    },
    {
      "ticker": "ZTS",
      "label": "LEAN BEAR",
      "composite": -0.5,
      "rsi": 39.8,
      "subs": {
        "rsi": 0.0,
        "macd": 0.5,
        "trend": -0.5,
        "bb": -0.5,
        "vol": 0.0,
        "range": 0.0
      }
    }
  ],
  "volatility": [
    {
      "ticker": "CEG",
      "hv20": 0.4578317717822007,
      "garch": 0.5289273423662378,
      "expansion": 0.15528754220635144,
      "regime": "NORMAL",
      "signal": "BASE"
    },
    {
      "ticker": "CMI",
      "hv20": 0.4474916027472332,
      "garch": 0.33899490389688847,
      "expansion": -0.24245527331521657,
      "regime": "HIGH",
      "signal": "WEAK"
    },
    {
      "ticker": "CRWV",
      "hv20": 0.8847960148505882,
      "garch": 0.9695822287583958,
      "expansion": 0.09582571856647105,
      "regime": "NORMAL",
      "signal": "WEAK"
    },
    {
      "ticker": "ESI",
      "hv20": 0.5750859570503806,
      "garch": 0.5755035161676357,
      "expansion": 0.0007260812268775004,
      "regime": "EXTREME",
      "signal": "WEAK"
    },
    {
      "ticker": "GENC",
      "hv20": 0.33962495136157395,
      "garch": 0.35165091298516477,
      "expansion": 0.03540953506324585,
      "regime": "NORMAL",
      "signal": "WEAK"
    },
    {
      "ticker": "GRPN",
      "hv20": 0.795978765391922,
      "garch": 0.8102440409495771,
      "expansion": 0.017921678539541453,
      "regime": "HIGH",
      "signal": "WEAK"
    },
    {
      "ticker": "JAKK",
      "hv20": 0.23328719743453466,
      "garch": 0.4670883073216562,
      "expansion": 1.0022029175121412,
      "regime": "LOW",
      "signal": "SIGNAL"
    },
    {
      "ticker": "KSPI",
      "hv20": 0.3656832120442636,
      "garch": 0.4095837063466217,
      "expansion": 0.12005061445654848,
      "regime": "HIGH",
      "signal": "BASE"
    },
    {
      "ticker": "OPEN",
      "hv20": 0.7803188994024293,
      "garch": 0.7334563242742663,
      "expansion": -0.06005567103917444,
      "regime": "NORMAL",
      "signal": "WEAK"
    },
    {
      "ticker": "PYPL",
      "hv20": 0.3204382679388285,
      "garch": 0.4050752837183708,
      "expansion": 0.2641289266851844,
      "regime": "NORMAL",
      "signal": "SIGNAL"
    },
    {
      "ticker": "TENB",
      "hv20": 0.5998681663333018,
      "garch": 0.4157195421159706,
      "expansion": -0.3069818245947953,
      "regime": "HIGH",
      "signal": "WEAK"
    },
    {
      "ticker": "VIA",
      "hv20": 0.6732875634757226,
      "garch": null,
      "expansion": null,
      "regime": "NORMAL",
      "signal": "WEAK"
    },
    {
      "ticker": "VST",
      "hv20": 0.44770577906112313,
      "garch": 0.5591450406567899,
      "expansion": 0.2489118229149607,
      "regime": "NORMAL",
      "signal": "SIGNAL"
    },
    {
      "ticker": "XNET",
      "hv20": 0.7608555231844272,
      "garch": 0.6868847118055874,
      "expansion": -0.09722057489869815,
      "regime": "HIGH",
      "signal": "WEAK"
    },
    {
      "ticker": "ZS",
      "hv20": 1.5001099231869548,
      "garch": 0.362801917323048,
      "expansion": -0.7581497784160494,
      "regime": "EXTREME",
      "signal": "WEAK"
    },
    {
      "ticker": "ZTS",
      "hv20": 0.29859293660538694,
      "garch": 0.32151478296046737,
      "expansion": 0.0767662042366842,
      "regime": "HIGH",
      "signal": "WEAK"
    }
  ],
  "correlation": {
    "tickers": [
      "CEG",
      "CMI",
      "CRWV",
      "ESI",
      "GENC",
      "GRPN",
      "JAKK",
      "KSPI",
      "OPEN",
      "PYPL",
      "TENB",
      "VIA",
      "VST",
      "XNET",
      "ZS",
      "ZTS"
    ],
    "matrix": [
      [
        1.0,
        0.331,
        0.234,
        0.302,
        0.15,
        0.086,
        0.086,
        0.058,
        0.189,
        0.139,
        0.057,
        0.006,
        0.798,
        0.252,
        0.043,
        0.119
      ],
      [
        0.331,
        1.0,
        0.375,
        0.62,
        0.344,
        0.188,
        0.129,
        0.244,
        0.184,
        0.081,
        -0.064,
        -0.0,
        0.357,
        0.304,
        -0.057,
        0.177
      ],
      [
        0.234,
        0.375,
        1.0,
        0.344,
        0.115,
        0.149,
        0.05,
        0.124,
        0.245,
        0.145,
        0.108,
        0.212,
        0.318,
        0.369,
        0.177,
        0.08
      ],
      [
        0.302,
        0.62,
        0.344,
        1.0,
        0.272,
        0.301,
        0.236,
        0.303,
        0.263,
        0.287,
        0.092,
        0.048,
        0.368,
        0.344,
        0.039,
        0.167
      ],
      [
        0.15,
        0.344,
        0.115,
        0.272,
        1.0,
        0.159,
        0.32,
        0.144,
        0.13,
        0.1,
        0.162,
        0.069,
        0.171,
        0.161,
        0.053,
        0.16
      ],
      [
        0.086,
        0.188,
        0.149,
        0.301,
        0.159,
        1.0,
        0.155,
        0.35,
        0.303,
        0.274,
        0.251,
        0.166,
        0.129,
        0.232,
        0.152,
        0.163
      ],
      [
        0.086,
        0.129,
        0.05,
        0.236,
        0.32,
        0.155,
        1.0,
        0.1,
        0.141,
        0.215,
        -0.029,
        0.146,
        0.057,
        0.195,
        -0.045,
        0.147
      ],
      [
        0.058,
        0.244,
        0.124,
        0.303,
        0.144,
        0.35,
        0.1,
        1.0,
        0.245,
        0.261,
        0.26,
        0.133,
        0.11,
        0.205,
        0.153,
        0.182
      ],
      [
        0.189,
        0.184,
        0.245,
        0.263,
        0.13,
        0.303,
        0.141,
        0.245,
        1.0,
        0.249,
        0.121,
        0.153,
        0.254,
        0.348,
        0.064,
        0.172
      ],
      [
        0.139,
        0.081,
        0.145,
        0.287,
        0.1,
        0.274,
        0.215,
        0.261,
        0.249,
        1.0,
        0.352,
        0.144,
        0.086,
        0.342,
        0.206,
        0.176
      ],
      [
        0.057,
        -0.064,
        0.108,
        0.092,
        0.162,
        0.251,
        -0.029,
        0.26,
        0.121,
        0.352,
        1.0,
        0.337,
        0.066,
        0.145,
        0.56,
        0.103
      ],
      [
        0.006,
        -0.0,
        0.212,
        0.048,
        0.069,
        0.166,
        0.146,
        0.133,
        0.153,
        0.144,
        0.337,
        1.0,
        0.055,
        0.163,
        0.368,
        0.022
      ],
      [
        0.798,
        0.357,
        0.318,
        0.368,
        0.171,
        0.129,
        0.057,
        0.11,
        0.254,
        0.086,
        0.066,
        0.055,
        1.0,
        0.277,
        0.07,
        0.086
      ],
      [
        0.252,
        0.304,
        0.369,
        0.344,
        0.161,
        0.232,
        0.195,
        0.205,
        0.348,
        0.342,
        0.145,
        0.163,
        0.277,
        1.0,
        0.217,
        0.044
      ],
      [
        0.043,
        -0.057,
        0.177,
        0.039,
        0.053,
        0.152,
        -0.045,
        0.153,
        0.064,
        0.206,
        0.56,
        0.368,
        0.07,
        0.217,
        1.0,
        -0.032
      ],
      [
        0.119,
        0.177,
        0.08,
        0.167,
        0.16,
        0.163,
        0.147,
        0.182,
        0.172,
        0.176,
        0.103,
        0.022,
        0.086,
        0.044,
        -0.032,
        1.0
      ]
    ]
  },
  "residual_correlation": {
    "tickers": [
      "CEG",
      "CMI",
      "CRWV",
      "ESI",
      "GENC",
      "GRPN",
      "JAKK",
      "KSPI",
      "OPEN",
      "PYPL",
      "TENB",
      "VIA",
      "VST",
      "XNET",
      "ZS",
      "ZTS"
    ],
    "matrix": [
      [
        1.0,
        0.055,
        0.001,
        -0.034,
        0.027,
        -0.06,
        -0.019,
        -0.134,
        0.035,
        0.04,
        -0.022,
        -0.101,
        0.731,
        0.095,
        0.011,
        0.075
      ],
      [
        0.055,
        1.0,
        0.124,
        0.246,
        0.076,
        -0.058,
        -0.148,
        -0.005,
        -0.067,
        -0.096,
        -0.258,
        -0.143,
        0.036,
        0.002,
        -0.142,
        0.064
      ],
      [
        0.001,
        0.124,
        1.0,
        0.037,
        0.011,
        -0.056,
        -0.042,
        -0.111,
        0.043,
        -0.037,
        -0.019,
        0.084,
        0.078,
        0.138,
        0.108,
        0.037
      ],
      [
        -0.034,
        0.246,
        0.037,
        1.0,
        -0.071,
        0.055,
        0.003,
        0.019,
        -0.01,
        0.139,
        -0.104,
        -0.125,
        0.003,
        0.03,
        -0.052,
        -0.019
      ],
      [
        0.027,
        0.076,
        0.011,
        -0.071,
        1.0,
        -0.02,
        0.07,
        -0.073,
        -0.074,
        0.006,
        0.094,
        -0.004,
        0.026,
        -0.052,
        0.007,
        -0.034
      ],
      [
        -0.06,
        -0.058,
        -0.056,
        0.055,
        -0.02,
        1.0,
        0.016,
        0.192,
        0.113,
        0.101,
        0.115,
        0.049,
        -0.033,
        0.015,
        0.051,
        0.029
      ],
      [
        -0.019,
        -0.148,
        -0.042,
        0.003,
        0.07,
        0.016,
        1.0,
        -0.094,
        -0.032,
        0.104,
        -0.124,
        0.09,
        -0.058,
        0.02,
        -0.111,
        -0.038
      ],
      [
        -0.134,
        -0.005,
        -0.111,
        0.019,
        -0.073,
        0.192,
        -0.094,
        1.0,
        0.062,
        0.084,
        0.156,
        0.011,
        -0.1,
        -0.022,
        0.062,
        0.046
      ],
      [
        0.035,
        -0.067,
        0.043,
        -0.01,
        -0.074,
        0.113,
        -0.032,
        0.062,
        1.0,
        0.069,
        -0.019,
        0.03,
        0.106,
        0.16,
        -0.047,
        0.028
      ],
      [
        0.04,
        -0.096,
        -0.037,
        0.139,
        0.006,
        0.101,
        0.104,
        0.084,
        0.069,
        1.0,
        0.237,
        0.006,
        -0.033,
        0.187,
        0.073,
        0.024
      ],
      [
        -0.022,
        -0.258,
        -0.019,
        -0.104,
        0.094,
        0.115,
        -0.124,
        0.156,
        -0.019,
        0.237,
        1.0,
        0.272,
        -0.026,
        0.002,
        0.517,
        -0.006
      ],
      [
        -0.101,
        -0.143,
        0.084,
        -0.125,
        -0.004,
        0.049,
        0.09,
        0.011,
        0.03,
        0.006,
        0.272,
        1.0,
        -0.057,
        0.028,
        0.314,
        -0.059
      ],
      [
        0.731,
        0.036,
        0.078,
        0.003,
        0.026,
        -0.033,
        -0.058,
        -0.1,
        0.106,
        -0.033,
        -0.026,
        -0.057,
        1.0,
        0.106,
        0.04,
        0.031
      ],
      [
        0.095,
        0.002,
        0.138,
        0.03,
        -0.052,
        0.015,
        0.02,
        -0.022,
        0.16,
        0.187,
        0.002,
        0.028,
        0.106,
        1.0,
        0.135,
        -0.108
      ],
      [
        0.011,
        -0.142,
        0.108,
        -0.052,
        0.007,
        0.051,
        -0.111,
        0.062,
        -0.047,
        0.073,
        0.517,
        0.314,
        0.04,
        0.135,
        1.0,
        -0.117
      ],
      [
        0.075,
        0.064,
        0.037,
        -0.019,
        -0.034,
        0.029,
        -0.038,
        0.046,
        0.028,
        0.024,
        -0.006,
        -0.059,
        0.031,
        -0.108,
        -0.117,
        1.0
      ]
    ]
  },
  "factor_correlation": {
    "factors": [
      "Market",
      "Size",
      "Value (SMID)",
      "Momentum",
      "Quality",
      "Profitability",
      "Liquidity",
      "Credit"
    ],
    "matrix": [
      [
        1.0,
        0.32,
        -0.503,
        0.409,
        -0.255,
        -0.541,
        0.308,
        0.186
      ],
      [
        0.32,
        1.0,
        -0.153,
        0.243,
        0.157,
        0.153,
        0.327,
        0.034
      ],
      [
        -0.503,
        -0.153,
        1.0,
        -0.56,
        0.307,
        0.602,
        -0.375,
        -0.139
      ],
      [
        0.409,
        0.243,
        -0.56,
        1.0,
        -0.226,
        -0.549,
        0.29,
        0.057
      ],
      [
        -0.255,
        0.157,
        0.307,
        -0.226,
        1.0,
        0.444,
        -0.238,
        -0.134
      ],
      [
        -0.541,
        0.153,
        0.602,
        -0.549,
        0.444,
        1.0,
        -0.278,
        -0.114
      ],
      [
        0.308,
        0.327,
        -0.375,
        0.29,
        -0.238,
        -0.278,
        1.0,
        0.162
      ],
      [
        0.186,
        0.034,
        -0.139,
        0.057,
        -0.134,
        -0.114,
        0.162,
        1.0
      ]
    ]
  },
  "factor_exposures": [
    {
      "ticker": "CEG",
      "r_squared": 0.24775677720999856,
      "alpha_annual": -0.42090269395032365,
      "idio_vol_annual": 0.4050096500588533,
      "Market": 0.6955353294294762,
      "Size": 0.39715173718571517,
      "Value (SMID)": -0.4745453573241868,
      "Momentum": 0.5457877547623206,
      "Quality": -0.8709229584913172,
      "Profitability": -0.595948993542022,
      "Liquidity": -0.4427563998331925,
      "Credit": -0.9348625038263648
    },
    {
      "ticker": "CMI",
      "r_squared": 0.47865156363136563,
      "alpha_annual": 0.37231932375327154,
      "idio_vol_annual": 0.24577588420862911,
      "Market": 1.1535372335428142,
      "Size": 0.8120390004814212,
      "Value (SMID)": 0.38452857774797766,
      "Momentum": 0.6992036662890756,
      "Quality": -0.005066531979836891,
      "Profitability": -0.18318765953120988,
      "Liquidity": -0.3258077894946758,
      "Credit": 0.7841313658653694
    },
    {
      "ticker": "CRWV",
      "r_squared": 0.2745767407353433,
      "alpha_annual": -1.0300719058866858,
      "idio_vol_annual": 0.8021344968484881,
      "Market": 1.0551620373880104,
      "Size": 0.6413329837479584,
      "Value (SMID)": -1.9309004917639778,
      "Momentum": 0.6465640613601857,
      "Quality": -4.003358638057497,
      "Profitability": -0.14566945081483734,
      "Liquidity": 0.3990692743987222,
      "Credit": 1.9355914412633757
    },
    {
      "ticker": "ESI",
      "r_squared": 0.5135386568415371,
      "alpha_annual": 0.2725698139845045,
      "idio_vol_annual": 0.2884788847504256,
      "Market": 1.6494387901959922,
      "Size": 0.9931678600420559,
      "Value (SMID)": -0.1713217026141549,
      "Momentum": 0.6779114096525642,
      "Quality": 0.24219614424944705,
      "Profitability": 0.22821340316716093,
      "Liquidity": -0.7260579230970593,
      "Credit": 0.2293386490972226
    },
    {
      "ticker": "GENC",
      "r_squared": 0.3270711650092757,
      "alpha_annual": -0.399253030143317,
      "idio_vol_annual": 0.3233105042243254,
      "Market": 1.2909986145133743,
      "Size": 1.2396246461070188,
      "Value (SMID)": 1.1345613955061535,
      "Momentum": -0.03144621969899619,
      "Quality": -0.768280484379759,
      "Profitability": 0.11017281441728377,
      "Liquidity": -0.1977390840844664,
      "Credit": 0.602586941788052
    },
    {
      "ticker": "GRPN",
      "r_squared": 0.16384010317483377,
      "alpha_annual": -1.0670894338017618,
      "idio_vol_annual": 0.6305427243784846,
      "Market": 1.8985608668650051,
      "Size": 0.32266159316638043,
      "Value (SMID)": -1.0482354295644327,
      "Momentum": -0.18901024628770913,
      "Quality": -1.514057553549558,
      "Profitability": 1.5515077012728389,
      "Liquidity": 0.1891549625665101,
      "Credit": 1.1632017786884306
    },
    {
      "ticker": "JAKK",
      "r_squared": 0.27156207419024136,
      "alpha_annual": -0.2344858285995654,
      "idio_vol_annual": 0.35128708590496666,
      "Market": 1.2456926423590882,
      "Size": 1.0512472071320023,
      "Value (SMID)": 0.8445890394603803,
      "Momentum": -0.3593367524571157,
      "Quality": 1.3804067423762096,
      "Profitability": -0.36041804173430686,
      "Liquidity": 0.3139433560355963,
      "Credit": -0.5163090654908001
    },
    {
      "ticker": "KSPI",
      "r_squared": 0.21618912578402294,
      "alpha_annual": -0.13465604466192121,
      "idio_vol_annual": 0.32262372670514633,
      "Market": 1.1868213892274764,
      "Size": 0.45606841273465454,
      "Value (SMID)": -0.3326803323932767,
      "Momentum": -0.49929380951454044,
      "Quality": 0.09756933055230363,
      "Profitability": 0.07003194535568535,
      "Liquidity": -0.05026913312521869,
      "Credit": 0.48233307091226574
    },
    {
      "ticker": "OPEN",
      "r_squared": 0.1244791821606892,
      "alpha_annual": 1.4590840218389414,
      "idio_vol_annual": 1.3414759314276137,
      "Market": 3.0481552630085123,
      "Size": 1.297356849013564,
      "Value (SMID)": -1.6127337627685612,
      "Momentum": -1.8960212950000328,
      "Quality": 0.9760820966390681,
      "Profitability": 0.9400342393741592,
      "Liquidity": 1.7723071060829207,
      "Credit": -2.9273120689086403
    },
    {
      "ticker": "PYPL",
      "r_squared": 0.29806634653023656,
      "alpha_annual": -0.6849023111599373,
      "idio_vol_annual": 0.3366939563797917,
      "Market": 1.7974123505707533,
      "Size": -0.35036872527025575,
      "Value (SMID)": -0.9556313955347522,
      "Momentum": -0.8930181380484834,
      "Quality": 1.479682042691603,
      "Profitability": 0.6816383576576777,
      "Liquidity": 0.37975317136085396,
      "Credit": -0.06267156449723625
    },
    {
      "ticker": "TENB",
      "r_squared": 0.1526727033055214,
      "alpha_annual": -0.3300465629804243,
      "idio_vol_annual": 0.4091530479526095,
      "Market": 1.4517467983968206,
      "Size": -0.12318268766114515,
      "Value (SMID)": -0.8735419146787213,
      "Momentum": -0.31383064871116534,
      "Quality": -0.5567231527928964,
      "Profitability": 1.4103037594494523,
      "Liquidity": -0.09898845353355118,
      "Credit": -0.2707750776803219
    },
    {
      "ticker": "VIA",
      "r_squared": 0.111376992088847,
      "alpha_annual": -1.5608445238755384,
      "idio_vol_annual": 0.6777641845628817,
      "Market": 0.9642471064572089,
      "Size": 0.4483505125604915,
      "Value (SMID)": -1.4075245674961456,
      "Momentum": -1.019936988136735,
      "Quality": -1.6016990933897435,
      "Profitability": 0.48923304169526477,
      "Liquidity": 0.6549889405508426,
      "Credit": -0.7280117282307726
    },
    {
      "ticker": "VST",
      "r_squared": 0.2923732612356986,
      "alpha_annual": -0.4167501106484157,
      "idio_vol_annual": 0.4125047573997008,
      "Market": 0.609838648512777,
      "Size": 0.8005986480387708,
      "Value (SMID)": -0.6801687676107154,
      "Momentum": 0.6067314000126791,
      "Quality": -1.8129526157085838,
      "Profitability": -0.5070339874977905,
      "Liquidity": -0.7795714686380344,
      "Credit": -0.8106116079942163
    },
    {
      "ticker": "XNET",
      "r_squared": 0.1737219759520391,
      "alpha_annual": -0.3072174735404103,
      "idio_vol_annual": 0.671090052121446,
      "Market": 1.7905386211908572,
      "Size": 0.21909426579385394,
      "Value (SMID)": -0.7546583140991816,
      "Momentum": -0.3509980718977759,
      "Quality": 0.2817956564016829,
      "Profitability": 0.6124764108671574,
      "Liquidity": 1.1285589190786856,
      "Credit": 2.4935587505116614
    },
    {
      "ticker": "ZS",
      "r_squared": 0.09313972887821131,
      "alpha_annual": -0.9597240074755613,
      "idio_vol_annual": 0.5969859981621695,
      "Market": 1.3242598158171583,
      "Size": -0.3817452931278045,
      "Value (SMID)": -1.1549308137750676,
      "Momentum": -0.9368024248071058,
      "Quality": -0.9449299067526697,
      "Profitability": 0.9289651930052331,
      "Liquidity": 0.21419047666072735,
      "Credit": 0.18567601260461342
    },
    {
      "ticker": "ZTS",
      "r_squared": 0.16984172346717274,
      "alpha_annual": -0.8964784867378085,
      "idio_vol_annual": 0.3439720898685992,
      "Market": 1.33779192909445,
      "Size": 0.1544290106960311,
      "Value (SMID)": 0.056750829053866275,
      "Momentum": -0.27028060293180123,
      "Quality": 1.0794843397453449,
      "Profitability": 0.7452502960028882,
      "Liquidity": 0.08153999386473532,
      "Credit": -0.8115860089763645
    }
  ],
  "portfolio_factor_exposure": {
    "loadings": {
      "Market": 1.4336509918585612,
      "Size": 0.42866423769405826,
      "Value (SMID)": -0.5717595267476194,
      "Momentum": -0.20315710956458502,
      "Quality": -0.5493670925168926,
      "Profitability": 0.5854573854090834,
