{
  "generated_at": "2026-06-25T19:27:50.057820Z",
  "market_session": "OPEN",
  "fund_name": "Convex Capital",
  "tagline": "Lose small. Win big. \u2014 Paper-traded portfolio. Hypothetical performance for educational purposes only.",
  "summary": {
    "nav": 1080513.3552656746,
    "cash": 4722.310000000056,
    "equity": 1075791.0452656746,
    "deposits": 1000000.0,
    "total_return": 0.08051335526567471,
    "realized_pnl": 0.0,
    "open_positions": 16
  },
  "metrics": {
    "period_return": 0.08088395236765811,
    "calendar_days_since_inception": 24,
    "trading_days_observed": 17,
    "annualized_return": 2.263798521591058,
    "annualized_return_arithmetic": 1.196430114076994,
    "annualized_vol": 0.2961349141544656,
    "sharpe": 3.894993590781804,
    "sortino": 7.695888931809021,
    "calmar": 59.57093550431303,
    "max_drawdown": -0.038001728568240384,
    "var_95_1d": -0.01784868046815382,
    "risk_free_rate": 0.043919997215271,
    "beta_benchmark": 0.7906683181147621,
    "benchmark_annualized_return": 0.2632054533767525,
    "benchmark_annualized_return_arithmetic": 0.23376085496756194,
    "benchmark_period_return": 0.03160159935097817,
    "period_active_return": 0.049282353016679936,
    "treynor": 1.4576404422144065,
    "jensens_alpha": 1.0024089651532553,
    "information_ratio": 3.0230597549047435,
    "tracking_error": 0.23413564738473167,
    "annualized_active_return": 1.0275210386481897,
    "annualized_active_return_arithmetic": 0.7078060527973503,
    "up_capture": 1.3288794880564174,
    "down_capture": 0.8786111913519843,
    "data_basis": "realized_nav",
    "days_of_live_nav": 18,
    "benchmark_ticker": "IWM",
    "benchmark_name": "Russell 2000",
    "beta_spy": 0.7906683181147621,
    "beta_spy_stress": 1.5453490548481483
  },
  "nav_curve": [
    {
      "date": "2026-06-01",
      "value": 999882.8292976379
    },
    {
      "date": "2026-06-02",
      "value": 1005079.4966617966
    },
    {
      "date": "2026-06-03",
      "value": 995768.7768651581
    },
    {
      "date": "2026-06-04",
      "value": 1004929.1794892884
    },
    {
      "date": "2026-06-05",
      "value": 974274.0015833282
    },
    {
      "date": "2026-06-08",
      "value": 974266.9881036186
    },
    {
      "date": "2026-06-09",
      "value": 979640.5088702394
    },
    {
      "date": "2026-06-10",
      "value": 966884.7384401513
    },
    {
      "date": "2026-06-11",
      "value": 990753.0886875344
    },
    {
      "date": "2026-06-12",
      "value": 996222.4282127572
    },
    {
      "date": "2026-06-15",
      "value": 1017018.2685251809
    },
    {
      "date": "2026-06-16",
      "value": 1019223.7061524964
    },
    {
      "date": "2026-06-17",
      "value": 1004256.765778122
    },
    {
      "date": "2026-06-18",
      "value": 1005956.2144795037
    },
    {
      "date": "2026-06-22",
      "value": 1013145.2704611397
    },
    {
      "date": "2026-06-23",
      "value": 1003670.4086042023
    },
    {
      "date": "2026-06-24",
      "value": 1028642.2278996087
    },
    {
      "date": "2026-06-25",
      "value": 1080757.3044357873
    }
  ],
  "drawdown_curve": [
    {
      "date": "2026-06-01",
      "value": 0.0
    },
    {
      "date": "2026-06-02",
      "value": 0.0
    },
    {
      "date": "2026-06-03",
      "value": -0.009263665040986776
    },
    {
      "date": "2026-06-04",
      "value": -0.00014955749570802555
    },
    {
      "date": "2026-06-05",
      "value": -0.030649809473562682
    },
    {
      "date": "2026-06-08",
      "value": -0.03065678750836781
    },
    {
      "date": "2026-06-09",
      "value": -0.025310423579476604
    },
    {
      "date": "2026-06-10",
      "value": -0.038001728568240384
    },
    {
      "date": "2026-06-11",
      "value": -0.01425400480444075
    },
    {
      "date": "2026-06-12",
      "value": -0.008812306368259061
    },
    {
      "date": "2026-06-15",
      "value": 0.0
    },
    {
      "date": "2026-06-16",
      "value": 0.0
    },
    {
      "date": "2026-06-17",
      "value": -0.014684647034823809
    },
    {
      "date": "2026-06-18",
      "value": -0.01301725184854327
    },
    {
      "date": "2026-06-22",
      "value": -0.005963789553426265
    },
    {
      "date": "2026-06-23",
      "value": -0.015259944852545435
    },
    {
      "date": "2026-06-24",
      "value": 0.0
    },
    {
      "date": "2026-06-25",
      "value": 0.0
    }
  ],
  "benchmarks": {
    "SPY": [
      {
        "date": "2026-06-01",
        "value": 0.0
      },
      {
        "date": "2026-06-02",
        "value": 0.0013579397972762752
      },
      {
        "date": "2026-06-03",
        "value": -0.005668771434361286
      },
      {
        "date": "2026-06-04",
        "value": -0.0019115061781299625
      },
      {
        "date": "2026-06-05",
        "value": -0.027671542654459702
      },
      {
        "date": "2026-06-08",
        "value": -0.025470023194608782
      },
      {
        "date": "2026-06-09",
        "value": -0.02833070775180091
      },
      {
        "date": "2026-06-10",
        "value": -0.04364962071587053
      },
      {
        "date": "2026-06-11",
        "value": -0.027394678792744487
      },
      {
        "date": "2026-06-12",
        "value": -0.022134588105308994
      },
      {
        "date": "2026-06-15",
        "value": -0.0048909388718152425
      },
      {
        "date": "2026-06-16",
        "value": -0.010823344076597685
      },
      {
        "date": "2026-06-17",
        "value": -0.023176054438276084
      },
      {
        "date": "2026-06-18",
        "value": -0.013020023259145863
      },
      {
        "date": "2026-06-22",
        "value": -0.016126029204297176
      },
      {
        "date": "2026-06-23",
        "value": -0.030413801760312054
      },
      {
        "date": "2026-06-24",
        "value": -0.03086322150786902
      },
      {
        "date": "2026-06-25",
        "value": -0.03174875024040047
      }
    ],
    "IWM": [
      {
        "date": "2026-06-01",
        "value": 0.0
      },
      {
        "date": "2026-06-02",
        "value": 0.009273902616242058
      },
      {
        "date": "2026-06-03",
        "value": -0.004533265755123028
      },
      {
        "date": "2026-06-04",
        "value": 0.010485102307313143
      },
      {
        "date": "2026-06-05",
        "value": -0.025365222965751943
      },
      {
        "date": "2026-06-08",
        "value": -0.016852527916236926
      },
      {
        "date": "2026-06-09",
        "value": -0.013703535746163342
      },
      {
        "date": "2026-06-10",
        "value": -0.023981055236295123
      },
      {
        "date": "2026-06-11",
        "value": 0.00494832553389335
      },
      {
        "date": "2026-06-12",
        "value": 0.01373793881377372
      },
      {
        "date": "2026-06-15",
        "value": 0.022010765090349826
      },
      {
        "date": "2026-06-16",
        "value": 0.013130856989941098
      },
      {
        "date": "2026-06-17",
        "value": 0.005499833171586088
      },
      {
        "date": "2026-06-18",
        "value": 0.025305943833869415
      },
      {
        "date": "2026-06-22",
        "value": 0.03428980212625787
      },
      {
        "date": "2026-06-23",
        "value": 0.02436943940571834
      },
      {
        "date": "2026-06-24",
        "value": 0.0291215086708434
      },
      {
        "date": "2026-06-25",
        "value": 0.03160159935097817
      }
    ]
  },
  "holdings": [
    {
      "ticker": "GRPN",
      "company": "Groupon, Inc.",
      "sector": "Communication Services",
      "country": "United States",
      "shares": 11310.0,
      "price": 22.38249969482422,
      "cost_basis": 17.3017824933687,
      "market_value": 253146.0715484619,
      "unrealized_pnl": 57462.911548461896,
      "short_percent_of_float": 0.56310004,
      "short_ratio": 5.75
    },
    {
      "ticker": "TENB",
      "company": "Tenable Holdings, Inc.",
      "sector": "Technology",
      "country": "United States",
      "shares": 4766.0,
      "price": 27.575000762939453,
      "cost_basis": 26.224616030214015,
      "market_value": 131422.45363616943,
      "unrealized_pnl": 6435.933636169436,
      "short_percent_of_float": 0.129,
      "short_ratio": 3.05
    },
    {
      "ticker": "KSPI",
      "company": "Joint Stock Company Kaspi.kz",
      "sector": "Technology",
      "country": "Kazakhstan",
      "shares": 1515.0,
      "price": 86.28500366210938,
      "cost_basis": 82.53049504950495,
      "market_value": 130721.7805480957,
      "unrealized_pnl": 5688.080548095704,
      "short_percent_of_float": 0.0159,
      "short_ratio": 3.24
    },
    {
      "ticker": "CMI",
      "company": "Cummins Inc.",
      "sector": "Industrials",
      "country": "United States",
      "shares": 153.0,
      "price": 719.6599731445312,
      "cost_basis": 651.1282352941176,
      "market_value": 110107.97589111328,
      "unrealized_pnl": 10485.355891113282,
      "short_percent_of_float": 0.0171,
      "short_ratio": 2.07
    },
    {
      "ticker": "JAKK",
      "company": "JAKKS Pacific, Inc.",
      "sector": "Consumer Cyclical",
      "country": "United States",
      "shares": 3436.0,
      "price": 23.229999542236328,
      "cost_basis": 21.83,
      "market_value": 79818.27842712402,
      "unrealized_pnl": 4810.39842712403,
      "short_percent_of_float": 0.039100002,
      "short_ratio": 7.32
    },
    {
      "ticker": "XNET",
      "company": "Xunlei Limited",
      "sector": "Technology",
      "country": "China",
      "shares": 10526.0,
      "price": 5.010000228881836,
      "cost_basis": 4.75,
      "market_value": 52735.262409210205,
      "unrealized_pnl": 2736.762409210205,
      "short_percent_of_float": 0.0377,
      "short_ratio": 6.03
    },
    {
      "ticker": "VIA",
      "company": "Via Transportation, Inc.",
      "sector": "Technology",
      "country": "United States",
      "shares": 3280.0,
      "price": 15.489999771118164,
      "cost_basis": 15.241405487804878,
      "market_value": 50807.19924926758,
      "unrealized_pnl": 815.3892492675793,
      "short_percent_of_float": 0.13520001,
      "short_ratio": 6.88
    },
    {
      "ticker": "CRWV",
      "company": "CoreWeave, Inc.",
      "sector": "Technology",
      "country": "United States",
      "shares": 468.0,
      "price": 98.73999786376953,
      "cost_basis": 106.78134615384614,
      "market_value": 46210.31900024414,
      "unrealized_pnl": -3763.350999755855,
      "short_percent_of_float": 0.18190001,
      "short_ratio": 1.91
    },
    {
      "ticker": "ZS",
      "company": "Zscaler, Inc.",
      "sector": "Technology",
      "country": "United States",
      "shares": 365.0,
      "price": 124.04000091552734,
      "cost_basis": 136.79813698630136,
      "market_value": 45274.60033416748,
      "unrealized_pnl": -4656.719665832516,
      "short_percent_of_float": 0.114700004,
      "short_ratio": 2.09
    },
    {
      "ticker": "VST",
      "company": "Vistra Corp.",
      "sector": "Utilities",
      "country": "United States",
      "shares": 162.0,
      "price": 167.6699981689453,
      "cost_basis": 154.76,
      "market_value": 27162.53970336914,
      "unrealized_pnl": 2091.419703369142,
      "short_percent_of_float": 0.0539,
      "short_ratio": 2.73
    },
    {
      "ticker": "ESI",
      "company": "Element Solutions Inc",
      "sector": "Basic Materials",
      "country": "United States",
      "shares": 557.0,
      "price": 47.279998779296875,
      "cost_basis": 44.92,
      "market_value": 26334.95932006836,
      "unrealized_pnl": 1314.5193200683584,
      "short_percent_of_float": 0.0838,
      "short_ratio": 4.45
    },
    {
      "ticker": "GENC",
      "company": "Gencor Industries, Inc.",
      "sector": "Industrials",
      "country": "United States",
      "shares": 1746.0,
      "price": 14.800000190734863,
      "cost_basis": 14.32,
      "market_value": 25840.80033302307,
      "unrealized_pnl": 838.0803330230708,
      "short_percent_of_float": 0.0064,
      "short_ratio": 2.39
    },
    {
      "ticker": "CEG",
      "company": "Constellation Energy Corporation",
      "sector": "Utilities",
      "country": "United States",
      "shares": 94.0,
      "price": 269.2300109863281,
      "cost_basis": 265.7,
      "market_value": 25307.621032714844,
      "unrealized_pnl": 331.8210327148448,
      "short_percent_of_float": 0.036,
      "short_ratio": 3.46
    },
    {
      "ticker": "ZTS",
      "company": "Zoetis Inc.",
      "sector": "Healthcare",
      "country": "United States",
      "shares": 312.0,
      "price": 77.5999984741211,
      "cost_basis": 80.09,
      "market_value": 24211.19952392578,
      "unrealized_pnl": -776.8804760742198,
      "short_percent_of_float": 0.0363,
      "short_ratio": 1.45
    },
    {
      "ticker": "PYPL",
      "company": "PayPal Holdings, Inc.",
      "sector": "Financial Services",
      "country": "United States",
      "shares": 553.0,
      "price": 42.56999969482422,
      "cost_basis": 45.19,
      "market_value": 23541.209831237793,
      "unrealized_pnl": -1448.8601687622058,
      "short_percent_of_float": 0.0626,
      "short_ratio": 3.16
    },
    {
      "ticker": "OPEN",
      "company": "Opendoor Technologies Inc.",
      "sector": "Real Estate",
      "country": "United States",
      "shares": 5479.0,
      "price": 4.224999904632568,
      "cost_basis": 4.562927541522176,
      "market_value": 23148.774477481842,
      "unrealized_pnl": -1851.5055225181588,
      "short_percent_of_float": 0.16149999,
      "short_ratio": 3.77
    }
  ],
  "sector_exposure": [
    {
      "name": "Technology",
      "value": 457171.61517715454,
      "pct": 0.4231059365895075
    },
    {
      "name": "Communication Services",
      "value": 253146.0715484619,
      "pct": 0.2342831491298123
    },
    {
      "name": "Industrials",
      "value": 135948.77622413635,
      "pct": 0.12581869123747158
    },
    {
      "name": "Consumer Cyclical",
      "value": 79818.27842712402,
      "pct": 0.07387070047597741
    },
    {
      "name": "Utilities",
      "value": 52470.160736083984,
      "pct": 0.0485603999991122
    },
    {
      "name": "Basic Materials",
      "value": 26334.95932006836,
      "pct": 0.024372636572912297
    },
    {
      "name": "Healthcare",
      "value": 24211.19952392578,
      "pct": 0.02240712658102479
    },
    {
      "name": "Financial Services",
      "value": 23541.209831237793,
      "pct": 0.02178706048982571
    },
    {
      "name": "Real Estate",
      "value": 23148.774477481842,
      "pct": 0.021423867057885706
    },
    {
      "name": "Cash",
      "value": 4722.310000000056,
      "pct": 0.004370431866470492
    }
  ],
  "geographic_exposure": [
    {
      "name": "United States",
      "value": 892334.0023083687,
      "pct": 0.8258426404076822
    },
    {
      "name": "Kazakhstan",
      "value": 130721.7805480957,
      "pct": 0.12098117983553666
    },
    {
      "name": "China",
      "value": 52735.262409210205,
      "pct": 0.04880574789031067
    },
    {
      "name": "Cash",
      "value": 4722.310000000056,
      "pct": 0.004370431866470492
    }
  ],
  "signals": [
    {
      "ticker": "CEG",
      "label": "BUY",
      "composite": 1.0,
      "rsi": 49.0,
      "subs": {
        "rsi": 0.5,
        "macd": 0.5,
        "trend": -0.5,
        "bb": 0.5,
        "vol": 0.0,
        "range": 0.0
      }
    },
    {
      "ticker": "CMI",
      "label": "STRONG BUY",
      "composite": 2.5,
      "rsi": 59.7,
      "subs": {
        "rsi": 0.5,
        "macd": 0.5,
        "trend": 0.5,
        "bb": 0.5,
        "vol": 0.0,
        "range": 0.5
      }
    },
    {
      "ticker": "CRWV",
      "label": "SELL",
      "composite": -1.5,
      "rsi": 43.0,
      "subs": {
        "rsi": 0.0,
        "macd": -0.5,
        "trend": 0.0,
        "bb": -0.5,
        "vol": 0.0,
        "range": -0.5
      }
    },
    {
      "ticker": "ESI",
      "label": "STRONG BUY",
      "composite": 3.0,
      "rsi": 61.4,
      "subs": {
        "rsi": 0.5,
        "macd": 0.5,
        "trend": 0.5,
        "bb": 0.5,
        "vol": 0.5,
        "range": 0.5
      }
    },
    {
      "ticker": "GENC",
      "label": "STRONG BUY",
      "composite": 2.0,
      "rsi": 50.5,
      "subs": {
        "rsi": 0.5,
        "macd": 0.5,
        "trend": 0.5,
        "bb": 0.5,
        "vol": 0.0,
        "range": 0.0
      }
    },
    {
      "ticker": "GRPN",
      "label": "STRONG BUY",
      "composite": 2.0,
      "rsi": 69.8,
      "subs": {
        "rsi": 0.5,
        "macd": 0.5,
        "trend": 0.5,
        "bb": 0.0,
        "vol": 0.0,
        "range": 0.5
      }
    },
    {
      "ticker": "JAKK",
      "label": "STRONG BUY",
      "composite": 2.0,
      "rsi": 64.3,
      "subs": {
        "rsi": 0.5,
        "macd": 0.5,
        "trend": 0.5,
        "bb": 0.0,
        "vol": 0.0,
        "range": 0.5
      }
    },
    {
      "ticker": "KSPI",
      "label": "STRONG BUY",
      "composite": 2.0,
      "rsi": 54.2,
      "subs": {
        "rsi": 0.5,
        "macd": 0.5,
        "trend": 0.5,
        "bb": 0.5,
        "vol": 0.0,
        "range": 0.0
      }
    },
    {
      "ticker": "OPEN",
      "label": "STRONG SELL",
      "composite": -2.0,
      "rsi": 40.6,
      "subs": {
        "rsi": 0.0,
        "macd": -0.5,
        "trend": -0.5,
        "bb": -0.5,
        "vol": 0.0,
        "range": -0.5
      }
    },
    {
      "ticker": "PYPL",
      "label": "BUY",
      "composite": 1.0,
      "rsi": 46.4,
      "subs": {
        "rsi": 0.5,
        "macd": 0.5,
        "trend": -0.5,
        "bb": 0.5,
        "vol": 0.0,
        "range": 0.0
      }
    },
    {
      "ticker": "TENB",
      "label": "SELL",
      "composite": -1.0,
      "rsi": 57.8,
      "subs": {
        "rsi": 0.5,
        "macd": -0.5,
        "trend": 0.0,
        "bb": -0.5,
        "vol": -0.5,
        "range": 0.0
      }
    },
    {
      "ticker": "VIA",
      "label": "BUY",
      "composite": 1.5,
      "rsi": 53.4,
      "subs": {
        "rsi": 0.5,
        "macd": 0.5,
        "trend": -0.5,
        "bb": 0.5,
        "vol": 0.5,
        "range": 0.0
      }
    },
    {
      "ticker": "VST",
      "label": "STRONG BUY",
      "composite": 2.0,
      "rsi": 62.1,
      "subs": {
        "rsi": 0.5,
        "macd": 0.5,
        "trend": 0.0,
        "bb": 0.5,
        "vol": 0.0,
        "range": 0.5
      }
    },
    {
      "ticker": "XNET",
      "label": "LEAN BEAR",
      "composite": -0.5,
      "rsi": 43.4,
      "subs": {
        "rsi": 0.0,
        "macd": 0.5,
        "trend": -0.5,
        "bb": -0.5,
        "vol": 0.5,
        "range": -0.5
      }
    },
    {
      "ticker": "ZS",
      "label": "STRONG SELL",
      "composite": -2.0,
      "rsi": 40.7,
      "subs": {
        "rsi": 0.0,
        "macd": -0.5,
        "trend": -0.5,
        "bb": -0.5,
        "vol": 0.0,
        "range": -0.5
      }
    },
    {
      "ticker": "ZTS",
      "label": "LEAN BEAR",
      "composite": -0.5,
      "rsi": 39.1,
      "subs": {
        "rsi": 0.0,
        "macd": 0.5,
        "trend": -0.5,
        "bb": -0.5,
        "vol": 0.0,
        "range": 0.0
      }
    }
  ],
  "volatility": [
    {
      "ticker": "CEG",
      "hv20": 0.4364094608298199,
      "garch": 0.5225187952991025,
      "expansion": 0.19731317076753607,
      "regime": "NORMAL",
      "signal": "BASE"
    },
    {
      "ticker": "CMI",
      "hv20": 0.46060293159749566,
      "garch": 0.35757387088855586,
      "expansion": -0.2236830329142872,
      "regime": "HIGH",
      "signal": "WEAK"
    },
    {
      "ticker": "CRWV",
      "hv20": 0.8790986394657906,
      "garch": 0.9433513732041976,
      "expansion": 0.07308933361272407,
      "regime": "NORMAL",
      "signal": "WEAK"
    },
    {
      "ticker": "ESI",
      "hv20": 0.5783683929774169,
      "garch": 0.5586834692735881,
      "expansion": -0.03403526877133034,
      "regime": "EXTREME",
      "signal": "WEAK"
    },
    {
      "ticker": "GENC",
      "hv20": 0.32607965371285796,
      "garch": 0.3443122260846151,
      "expansion": 0.05591447416039188,
      "regime": "NORMAL",
      "signal": "WEAK"
    },
    {
      "ticker": "GRPN",
      "hv20": 1.0882426188307568,
      "garch": 1.1239103396922228,
      "expansion": 0.03277552288825862,
      "regime": "EXTREME",
      "signal": "WEAK"
    },
    {
      "ticker": "JAKK",
      "hv20": 0.22417246053311005,
      "garch": 0.46667224454761536,
      "expansion": 1.0817554637969828,
      "regime": "LOW",
      "signal": "SIGNAL"
    },
    {
      "ticker": "KSPI",
      "hv20": 0.36773361933656745,
      "garch": 0.3408664748045653,
      "expansion": -0.07306143120793118,
      "regime": "HIGH",
      "signal": "WEAK"
    },
    {
      "ticker": "OPEN",
      "hv20": 0.7454241131332476,
      "garch": 0.7070955328886771,
      "expansion": -0.0514184872333465,
      "regime": "NORMAL",
      "signal": "WEAK"
    },
    {
      "ticker": "PYPL",
      "hv20": 0.31845785470429716,
      "garch": 0.41253326799632295,
      "expansion": 0.2954093042527689,
      "regime": "NORMAL",
      "signal": "SIGNAL"
    },
    {
      "ticker": "TENB",
      "hv20": 0.5632055358700692,
      "garch": 0.39661312229155044,
      "expansion": -0.29579328143704786,
      "regime": "HIGH",
      "signal": "WEAK"
    },
    {
      "ticker": "VIA",
      "hv20": 0.6770744181248908,
      "garch": null,
      "expansion": null,
      "regime": "NORMAL",
      "signal": "WEAK"
    },
    {
      "ticker": "VST",
      "hv20": 0.4480637158166482,
      "garch": 0.5569213032806437,
      "expansion": 0.2429511331119278,
      "regime": "NORMAL",
      "signal": "SIGNAL"
    },
    {
      "ticker": "XNET",
      "hv20": 0.7645288606373022,
      "garch": 0.6640370093544035,
      "expansion": -0.13144284860499564,
      "regime": "HIGH",
      "signal": "WEAK"
    },
    {
      "ticker": "ZS",
      "hv20": 0.6691067524912024,
      "garch": 0.4509183863703024,
      "expansion": -0.3260890213834284,
      "regime": "HIGH",
      "signal": "WEAK"
    },
    {
      "ticker": "ZTS",
      "hv20": 0.29971457364330173,
      "garch": 0.3165346093322449,
      "expansion": 0.056120179557772064,
      "regime": "HIGH",
      "signal": "WEAK"
    }
  ],
  "correlation": {
    "tickers": [
      "CEG",
      "CMI",
      "CRWV",
      "ESI",
      "GENC",
      "GRPN",
      "JAKK",
      "KSPI",
      "OPEN",
      "PYPL",
      "TENB",
      "VIA",
      "VST",
      "XNET",
      "ZS",
      "ZTS"
    ],
    "matrix": [
      [
        1.0,
        0.331,
        0.233,
        0.302,
        0.15,
        0.087,
        0.087,
        0.059,
        0.189,
        0.14,
        0.057,
        0.006,
        0.797,
        0.252,
        0.043,
        0.119
      ],
      [
        0.331,
        1.0,
        0.37,
        0.621,
        0.341,
        0.209,
        0.134,
        0.246,
        0.182,
        0.083,
        -0.066,
        0.005,
        0.361,
        0.308,
        -0.059,
        0.176
      ],
      [
        0.233,
        0.37,
        1.0,
        0.341,
        0.118,
        0.133,
        0.049,
        0.124,
        0.246,
        0.146,
        0.11,
        0.21,
        0.315,
        0.366,
        0.178,
        0.08
      ],
      [
        0.302,
        0.621,
        0.341,
        1.0,
        0.271,
        0.306,
        0.239,
        0.306,
        0.263,
        0.288,
        0.092,
        0.051,
        0.371,
        0.346,
        0.038,
        0.167
      ],
      [
        0.15,
        0.341,
        0.118,
        0.271,
        1.0,
        0.14,
        0.317,
        0.141,
        0.129,
        0.099,
        0.162,
        0.068,
        0.169,
        0.16,
        0.054,
        0.159
      ],
      [
        0.087,
        0.209,
        0.133,
        0.306,
        0.14,
        1.0,
        0.164,
        0.339,
        0.284,
        0.264,
        0.229,
        0.174,
        0.145,
        0.24,
        0.133,
        0.152
      ],
      [
        0.087,
        0.134,
        0.049,
        0.239,
        0.317,
        0.164,
        1.0,
        0.101,
        0.14,
        0.216,
        -0.03,
        0.148,
        0.062,
        0.198,
        -0.047,
        0.147
      ],
      [
        0.059,
        0.246,
        0.124,
        0.306,
        0.141,
        0.339,
        0.101,
        1.0,
        0.245,
        0.261,
        0.259,
        0.134,
        0.112,
        0.207,
        0.152,
        0.182
      ],
      [
        0.189,
        0.182,
        0.246,
        0.263,
        0.129,
        0.284,
        0.14,
        0.245,
        1.0,
        0.249,
        0.121,
        0.152,
        0.253,
        0.347,
        0.064,
        0.172
      ],
      [
        0.14,
        0.083,
        0.146,
        0.288,
        0.099,
        0.264,
        0.216,
        0.261,
        0.249,
        1.0,
        0.351,
        0.145,
        0.088,
        0.343,
        0.205,
        0.176
      ],
      [
        0.057,
        -0.066,
        0.11,
        0.092,
        0.162,
        0.229,
        -0.03,
        0.259,
        0.121,
        0.351,
        1.0,
        0.335,
        0.065,
        0.144,
        0.56,
        0.104
      ],
      [
        0.006,
        0.005,
        0.21,
        0.051,
        0.068,
        0.174,
        0.148,
        0.134,
        0.152,
        0.145,
        0.335,
        1.0,
        0.059,
        0.165,
        0.366,
        0.022
      ],
      [
        0.797,
        0.361,
        0.315,
        0.371,
        0.169,
        0.145,
        0.062,
        0.112,
        0.253,
        0.088,
        0.065,
        0.059,
        1.0,
        0.28,
        0.068,
        0.086
      ],
      [
        0.252,
        0.308,
        0.366,
        0.346,
        0.16,
        0.24,
        0.198,
        0.207,
        0.347,
        0.343,
        0.144,
        0.165,
        0.28,
        1.0,
        0.214,
        0.044
      ],
      [
        0.043,
        -0.059,
        0.178,
        0.038,
        0.054,
        0.133,
        -0.047,
        0.152,
        0.064,
        0.205,
        0.56,
        0.366,
        0.068,
        0.214,
        1.0,
        -0.031
      ],
      [
        0.119,
        0.176,
        0.08,
        0.167,
        0.159,
        0.152,
        0.147,
        0.182,
        0.172,
        0.176,
        0.104,
        0.022,
        0.086,
        0.044,
        -0.031,
        1.0
      ]
    ]
  },
  "residual_correlation": {
    "tickers": [
      "CEG",
      "CMI",
      "CRWV",
      "ESI",
      "GENC",
      "GRPN",
      "JAKK",
      "KSPI",
      "OPEN",
      "PYPL",
      "TENB",
      "VIA",
      "VST",
      "XNET",
      "ZS",
      "ZTS"
    ],
    "matrix": [
      [
        1.0,
        0.056,
        0.002,
        -0.034,
        0.028,
        -0.062,
        -0.021,
        -0.135,
        0.035,
        0.038,
        -0.022,
        -0.102,
        0.73,
        0.094,
        0.01,
        0.075
      ],
      [
        0.056,
        1.0,
        0.125,
        0.246,
        0.074,
        -0.044,
        -0.146,
        -0.005,
        -0.068,
        -0.092,
        -0.259,
        -0.138,
        0.038,
        0.006,
        -0.141,
        0.063
      ],
      [
        0.002,
        0.125,
        1.0,
        0.038,
        0.014,
        -0.058,
        -0.043,
        -0.111,
        0.044,
        -0.038,
        -0.019,
        0.082,
        0.077,
        0.136,
        0.107,
        0.037
      ],
      [
        -0.034,
        0.246,
        0.038,
        1.0,
        -0.071,
        0.049,
        0.002,
        0.018,
        -0.01,
        0.137,
        -0.104,
        -0.124,
        0.003,
        0.03,
        -0.052,
        -0.019
      ],
      [
        0.028,
        0.074,
        0.014,
        -0.071,
        1.0,
        -0.041,
        0.063,
        -0.081,
        -0.076,
        -0.001,
        0.092,
        -0.008,
        0.024,
        -0.057,
        0.005,
        -0.035
      ],
      [
        -0.062,
        -0.044,
        -0.058,
        0.049,
        -0.041,
        1.0,
        0.042,
        0.201,
        0.114,
        0.13,
        0.105,
        0.084,
        -0.018,
        0.047,
        0.055,
        0.031
      ],
      [
        -0.021,
        -0.146,
        -0.043,
        0.002,
        0.063,
        0.042,
        1.0,
        -0.089,
        -0.03,
        0.112,
        -0.124,
        0.098,
        -0.055,
        0.028,
        -0.109,
        -0.037
      ],
      [
        -0.135,
        -0.005,
        -0.111,
        0.018,
        -0.081,
        0.201,
        -0.089,
        1.0,
        0.061,
        0.09,
        0.155,
        0.018,
        -0.097,
        -0.016,
        0.063,
        0.047
      ],
      [
        0.035,
        -0.068,
        0.044,
        -0.01,
        -0.076,
        0.114,
        -0.03,
        0.061,
        1.0,
        0.071,
        -0.018,
        0.032,
        0.108,
        0.161,
        -0.045,
        0.028
      ],
      [
        0.038,
        -0.092,
        -0.038,
        0.137,
        -0.001,
        0.13,
        0.112,
        0.09,
        0.071,
        1.0,
        0.235,
        0.018,
        -0.029,
        0.195,
        0.075,
        0.025
      ],
      [
        -0.022,
        -0.259,
        -0.019,
        -0.104,
        0.092,
        0.105,
        -0.124,
        0.155,
        -0.018,
        0.235,
        1.0,
        0.271,
        -0.027,
        0.002,
        0.517,
        -0.006
      ],
      [
        -0.102,
        -0.138,
        0.082,
        -0.124,
        -0.008,
        0.084,
        0.098,
        0.018,
        0.032,
        0.018,
        0.271,
        1.0,
        -0.051,
        0.038,
        0.314,
        -0.057
      ],
      [
        0.73,
        0.038,
        0.077,
        0.003,
        0.024,
        -0.018,
        -0.055,
        -0.097,
        0.108,
        -0.029,
        -0.027,
        -0.051,
        1.0,
        0.109,
        0.041,
        0.031
      ],
      [
        0.094,
        0.006,
        0.136,
        0.03,
        -0.057,
        0.047,
        0.028,
        -0.016,
        0.161,
        0.195,
        0.002,
        0.038,
        0.109,
        1.0,
        0.136,
        -0.107
      ],
      [
        0.01,
        -0.141,
        0.107,
        -0.052,
        0.005,
        0.055,
        -0.109,
        0.063,
        -0.045,
        0.075,
        0.517,
        0.314,
        0.041,
        0.136,
        1.0,
        -0.116
      ],
      [
        0.075,
        0.063,
        0.037,
        -0.019,
        -0.035,
        0.031,
        -0.037,
        0.047,
        0.028,
        0.025,
        -0.006,
        -0.057,
        0.031,
        -0.107,
        -0.116,
        1.0
      ]
    ]
  },
  "factor_correlation": {
    "factors": [
      "Market",
      "Size",
      "Value (SMID)",
      "Momentum",
      "Quality",
      "Profitability",
      "Liquidity",
      "Credit"
    ],
    "matrix": [
      [
        1.0,
        0.32,
        -0.5,
        0.398,
        -0.255,
        -0.538,
        0.303,
        0.188
      ],
      [
        0.32,
        1.0,
        -0.151,
        0.244,
        0.158,
        0.155,
        0.324,
        0.032
      ],
      [
        -0.5,
        -0.151,
        1.0,
        -0.548,
        0.309,
        0.601,
        -0.372,
        -0.145
      ],
      [
        0.398,
        0.244,
        -0.548,
        1.0,
        -0.211,
        -0.533,
        0.274,
        0.045
      ],
      [
        -0.255,
        0.158,
        0.309,
        -0.211,
        1.0,
        0.444,
        -0.24,
        -0.132
      ],
      [
        -0.538,
        0.155,
        0.601,
        -0.533,
        0.444,
        1.0,
        -0.275,
        -0.115
      ],
      [
        0.303,
        0.324,
        -0.372,
        0.274,
        -0.24,
        -0.275,
        1.0,
        0.168
      ],
      [
        0.188,
        0.032,
        -0.145,
        0.045,
        -0.132,
        -0.115,
        0.168,
        1.0
      ]
    ]
  },
  "factor_exposures": [
    {
      "ticker": "CEG",
      "r_squared": 0.24618354990764746,
      "alpha_annual": -0.4346029621434788,
      "idio_vol_annual": 0.40511219294488604,
      "Market": 0.6910357536958245,
      "Size": 0.3998485838669233,
      "Value (SMID)": -0.4772157125853591,
      "Momentum": 0.5294630941856842,
      "Quality": -0.8775113090098065,
      "Profitability": -0.6074209388926115,
      "Liquidity": -0.4376430755027744,
      "Credit": -0.9103386240682373
    },
    {
      "ticker": "CMI",
      "r_squared": 0.48111301599954315,
      "alpha_annual": 0.36138503755000745,
      "idio_vol_annual": 0.24568805816674594,
      "Market": 1.1439551549636788,
      "Size": 0.8078281398293258,
      "Value (SMID)": 0.4078880127558993,
      "Momentum": 0.7370331700679327,
      "Quality": -0.01672908494540867,
      "Profitability": -0.16951521784601994,
      "Liquidity": -0.33817368220277616,
      "Credit": 0.836824557230421
    },
    {
      "ticker": "CRWV",
      "r_squared": 0.27438564891751593,
      "alpha_annual": -1.0195003747605977,
      "idio_vol_annual": 0.8019676115601655,
      "Market": 1.0690732919795682,
      "Size": 0.6425431694744554,
      "Value (SMID)": -1.9821743323613,
      "Momentum": 0.5571039780767894,
      "Quality": -3.958942114553056,
      "Profitability": -0.18650232914729217,
      "Liquidity": 0.4432535988438715,
      "Credit": 1.8713309677368788
    },
    {
      "ticker": "ESI",
      "r_squared": 0.5143694017193055,
      "alpha_annual": 0.27194196703111995,
      "idio_vol_annual": 0.288481809975466,
      "Market": 1.6493524929081014,
      "Size": 0.9922523236478259,
      "Value (SMID)": -0.16993698529700246,
      "Momentum": 0.6798067154327458,
      "Quality": 0.24381487637364757,
      "Profitability": 0.2277382492990288,
      "Liquidity": -0.7250246026383704,
      "Credit": 0.23397775110210034
    },
    {
      "ticker": "GENC",
      "r_squared": 0.32750012481577073,
      "alpha_annual": -0.42908460863026027,
      "idio_vol_annual": 0.32314614540887887,
      "Market": 1.28406170544865,
      "Size": 1.244505133667569,
      "Value (SMID)": 1.141742538945907,
      "Momentum": -0.04772111861094566,
      "Quality": -0.7863982047344538,
      "Profitability": 0.08678509005121396,
      "Liquidity": -0.19042659655468822,
      "Credit": 0.6671343402945208
    },
    {
      "ticker": "GRPN",
      "r_squared": 0.1517703540100852,
      "alpha_annual": -0.8787187739385952,
      "idio_vol_annual": 0.6629629507168441,
      "Market": 1.9473249167411935,
      "Size": 0.219451398385499,
      "Value (SMID)": -0.8292716618368209,
      "Momentum": 0.3722484150807329,
      "Quality": -1.383617759145366,
      "Profitability": 1.8033560044923616,
      "Liquidity": 0.07752505718087302,
      "Credit": 1.1101712321281385
    },
    {
      "ticker": "JAKK",
      "r_squared": 0.26988197066185127,
      "alpha_annual": -0.21750046576671814,
      "idio_vol_annual": 0.3520329261004577,
      "Market": 1.2507925051441842,
      "Size": 1.0404785550218454,
      "Value (SMID)": 0.8778743643159669,
      "Momentum": -0.28617302875554007,
      "Quality": 1.3871641979543579,
      "Profitability": -0.3318967596382301,
      "Liquidity": 0.2974146914632582,
      "Credit": -0.5082283055889304
    },
    {
      "ticker": "KSPI",
      "r_squared": 0.21175498129397818,
      "alpha_annual": -0.13134437197660193,
      "idio_vol_annual": 0.32304493484175445,
      "Market": 1.1858130228185046,
      "Size": 0.45209615881571935,
      "Value (SMID)": -0.29554514113492836,
      "Momentum": -0.4305765817469988,
      "Quality": 0.08007094627057698,
      "Profitability": 0.09648228797008178,
      "Liquidity": -0.07557052541851536,
      "Credit": 0.5095923666345736
    },
    {
      "ticker": "OPEN",
      "r_squared": 0.12394764816123904,
      "alpha_annual": 1.5157345885647733,
      "idio_vol_annual": 1.3417130794432583,
      "Market": 3.066776621650125,
      "Size": 1.2691986499134162,
      "Value (SMID)": -1.5989379321338737,
      "Momentum": -1.8202924945057237,
      "Quality": 1.0484797646747004,
      "Profitability": 0.9790440453405548,
      "Liquidity": 1.7774827981241583,
      "Credit": -2.98605874482021
    },
    {
      "ticker": "PYPL",
      "r_squared": 0.2890684094228603,
      "alpha_annual": -0.659764734728542,
      "idio_vol_annual": 0.33822127939358343,
      "Market": 1.8021897275708225,
      "Size": -0.36394703228784675,
      "Value (SMID)": -0.9197738388967633,
      "Momentum": -0.8051142978369679,
      "Quality": 1.4900793920612996,
      "Profitability": 0.7226080111555072,
      "Liquidity": 0.3572601637557957,
      "Credit": -0.06548670319087044
    },
    {
      "ticker": "TENB",
      "r_squared": 0.1537129301122241,
      "alpha_annual": -0.3230610013695201,
      "idio_vol_annual": 0.4090526801526428,
      "Market": 1.4598205587636366,
      "Size": -0.12199960948496522,
      "Value (SMID)": -0.8754530107111461,
      "Momentum": -0.31766721402466,
      "Quality": -0.5525159249790025,
      "Profitability": 1.4046038823240115,
      "Liquidity": -0.09531874943182278,
      "Credit": -0.29195247095801174
    },
    {
      "ticker": "VIA",
      "r_squared": 0.10395468300450927,
      "alpha_annual": -1.4963591422612987,
      "idio_vol_annual": 0.679768532185756,
      "Market": 0.9748639974762646,
      "Size": 0.40085776018436153,
      "Value (SMID)": -1.3367913560831262,
      "Momentum": -0.82637429526985,
      "Quality": -1.5701077979008256,
      "Profitability": 0.6069402240170846,
      "Liquidity": 0.6202609833912617,
      "Credit": -0.7939972800610929
    },
    {
      "ticker": "VST",
      "r_squared": 0.2951800921564709,
      "alpha_annual": -0.39679065474877595,
      "idio_vol_annual": 0.41245164411843305,
      "Market": 0.6194125835266415,
      "Size": 0.7899909326298078,
      "Value (SMID)": -0.6717793134303283,
      "Momentum": 0.6363986251176034,
      "Quality": -1.7851041384609367,
      "Profitability": -0.49739189790607324,
      "Liquidity": -0.7749277366155173,
      "Credit": -0.8274959040844726
    },
    {
      "ticker": "XNET",
      "r_squared": 0.17001579595420546,
      "alpha_annual": -0.27048214432983825,
      "idio_vol_annual": 0.672692409702565,
      "Market": 1.7935844199679385,
      "Size": 0.1965759591449196,
      "Value (SMID)": -0.7069516879080364,
      "Momentum": -0.225769128229136,
      "Quality": 0.30399770289682704,
      "Profitability": 0.6755550102006577,
      "Liquidity": 1.098005302001427,
      "Credit": 2.492767537584599
    },
    {
      "ticker": "ZS",
      "r_squared": 0.09481029384544692,
      "alpha_annual": -0.9315091010617637,
      "idio_vol_annual": 0.5967714543349231,
      "Market": 1.3391708067923234,
      "Size": -0.3895318994977108,
      "Value (SMID)": -1.157243699605385,
      "Momentum": -0.9218726577614543,
      "Quality": -0.9141110684435788,
      "Profitability": 0.9358193547386973,
      "Liquidity": 0.22102944060810964,
      "Credit": 0.13464898890965296
    },
    {
      "ticker": "ZTS",
      "r_squared": 0.17022243752549704,
      "alpha_annual": -0.8892022245252212,
      "idio_vol_annual": 0.34398671229911787,
      "Market": 1.3426919326407192,
