{
  "generated_at": "2026-07-01T16:00:13.889465Z",
  "market_session": "OPEN",
  "fund_name": "Convex Capital",
  "tagline": "Lose small. Win big. \u2014 Paper-traded portfolio. Hypothetical performance for educational purposes only.",
  "summary": {
    "nav": 1198229.3777723885,
    "cash": 4722.310000000056,
    "equity": 1193507.0677723885,
    "deposits": 1000000.0,
    "total_return": 0.19822937777238847,
    "realized_pnl": 0.0,
    "open_positions": 16
  },
  "metrics": {
    "period_return": 0.19863783140941282,
    "calendar_days_since_inception": 30,
    "trading_days_observed": 21,
    "annualized_return": 8.065054778924905,
    "annualized_return_arithmetic": 2.2283925463690513,
    "annualized_vol": 0.30849111919056793,
    "sharpe": 7.0820358229450155,
    "sortino": 16.199062795747206,
    "calmar": 212.2286296646307,
    "max_drawdown": -0.038001728568240384,
    "var_95_1d": -0.014684647034823861,
    "risk_free_rate": 0.044609999656677245,
    "beta_benchmark": 0.8496226719411244,
    "benchmark_annualized_return": 0.27096729995081925,
    "benchmark_annualized_return_arithmetic": 0.23989237488831014,
    "benchmark_period_return": 0.047574890714686235,
    "period_active_return": 0.1510629406947266,
    "treynor": 2.5702969316050712,
    "jensens_alpha": 2.017866213285065,
    "information_ratio": 6.577442650212452,
    "tracking_error": 0.25051415666615395,
    "annualized_active_return": 4.167447495428747,
    "annualized_active_return_arithmetic": 1.6477424985379652,
    "up_capture": 1.7745269406332134,
    "down_capture": 0.5513640471593504,
    "data_basis": "realized_nav",
    "days_of_live_nav": 22,
    "benchmark_ticker": "IWM",
    "benchmark_name": "Russell 2000",
    "beta_spy": 0.8496226719411244,
    "beta_spy_stress": 1.5390966029694686
  },
  "nav_curve": [
    {
      "date": "2026-06-01",
      "value": 999882.8292976379
    },
    {
      "date": "2026-06-02",
      "value": 1005079.4966617966
    },
    {
      "date": "2026-06-03",
      "value": 995768.7768651581
    },
    {
      "date": "2026-06-04",
      "value": 1004929.1794892884
    },
    {
      "date": "2026-06-05",
      "value": 974274.0015833282
    },
    {
      "date": "2026-06-08",
      "value": 974266.9881036186
    },
    {
      "date": "2026-06-09",
      "value": 979640.5088702394
    },
    {
      "date": "2026-06-10",
      "value": 966884.7384401513
    },
    {
      "date": "2026-06-11",
      "value": 990753.0886875344
    },
    {
      "date": "2026-06-12",
      "value": 996222.4282127572
    },
    {
      "date": "2026-06-15",
      "value": 1017018.2685251809
    },
    {
      "date": "2026-06-16",
      "value": 1019223.7061524964
    },
    {
      "date": "2026-06-17",
      "value": 1004256.765778122
    },
    {
      "date": "2026-06-18",
      "value": 1005956.2144795037
    },
    {
      "date": "2026-06-22",
      "value": 1013145.2704611397
    },
    {
      "date": "2026-06-23",
      "value": 1003670.4086042023
    },
    {
      "date": "2026-06-24",
      "value": 1028642.2278996087
    },
    {
      "date": "2026-06-25",
      "value": 1087855.2699132538
    },
    {
      "date": "2026-06-26",
      "value": 1108818.5221582032
    },
    {
      "date": "2026-06-29",
      "value": 1139434.688639698
    },
    {
      "date": "2026-06-30",
      "value": 1162782.1880345917
    },
    {
      "date": "2026-07-01",
      "value": 1198497.3861728287
    }
  ],
  "drawdown_curve": [
    {
      "date": "2026-06-01",
      "value": 0.0
    },
    {
      "date": "2026-06-02",
      "value": 0.0
    },
    {
      "date": "2026-06-03",
      "value": -0.009263665040986776
    },
    {
      "date": "2026-06-04",
      "value": -0.00014955749570802555
    },
    {
      "date": "2026-06-05",
      "value": -0.030649809473562682
    },
    {
      "date": "2026-06-08",
      "value": -0.03065678750836781
    },
    {
      "date": "2026-06-09",
      "value": -0.025310423579476604
    },
    {
      "date": "2026-06-10",
      "value": -0.038001728568240384
    },
    {
      "date": "2026-06-11",
      "value": -0.01425400480444075
    },
    {
      "date": "2026-06-12",
      "value": -0.008812306368259061
    },
    {
      "date": "2026-06-15",
      "value": 0.0
    },
    {
      "date": "2026-06-16",
      "value": 0.0
    },
    {
      "date": "2026-06-17",
      "value": -0.014684647034823809
    },
    {
      "date": "2026-06-18",
      "value": -0.01301725184854327
    },
    {
      "date": "2026-06-22",
      "value": -0.005963789553426265
    },
    {
      "date": "2026-06-23",
      "value": -0.015259944852545435
    },
    {
      "date": "2026-06-24",
      "value": 0.0
    },
    {
      "date": "2026-06-25",
      "value": 0.0
    },
    {
      "date": "2026-06-26",
      "value": 0.0
    },
    {
      "date": "2026-06-29",
      "value": 0.0
    },
    {
      "date": "2026-06-30",
      "value": 0.0
    },
    {
      "date": "2026-07-01",
      "value": 0.0
    }
  ],
  "benchmarks": {
    "SPY": [
      {
        "date": "2026-06-01",
        "value": 0.0
      },
      {
        "date": "2026-06-02",
        "value": 0.0013579397972762752
      },
      {
        "date": "2026-06-03",
        "value": -0.005668771434361286
      },
      {
        "date": "2026-06-04",
        "value": -0.0019115061781299625
      },
      {
        "date": "2026-06-05",
        "value": -0.027671542654459702
      },
      {
        "date": "2026-06-08",
        "value": -0.025470023194608782
      },
      {
        "date": "2026-06-09",
        "value": -0.02833070775180091
      },
      {
        "date": "2026-06-10",
        "value": -0.04364962071587053
      },
      {
        "date": "2026-06-11",
        "value": -0.027394678792744487
      },
      {
        "date": "2026-06-12",
        "value": -0.022134588105308994
      },
      {
        "date": "2026-06-15",
        "value": -0.0048909388718152425
      },
      {
        "date": "2026-06-16",
        "value": -0.010823344076597685
      },
      {
        "date": "2026-06-17",
        "value": -0.023176054438276084
      },
      {
        "date": "2026-06-18",
        "value": -0.013020023259145863
      },
      {
        "date": "2026-06-22",
        "value": -0.016126029204297176
      },
      {
        "date": "2026-06-23",
        "value": -0.030413801760312054
      },
      {
        "date": "2026-06-24",
        "value": -0.03086322150786902
      },
      {
        "date": "2026-06-25",
        "value": -0.029462203242598517
      },
      {
        "date": "2026-06-26",
        "value": -0.03648052466024476
      },
      {
        "date": "2026-06-29",
        "value": -0.02060667390341908
      },
      {
        "date": "2026-06-30",
        "value": -0.012980332985263576
      },
      {
        "date": "2026-07-01",
        "value": -0.010270826422492996
      }
    ],
    "IWM": [
      {
        "date": "2026-06-01",
        "value": 0.0
      },
      {
        "date": "2026-06-02",
        "value": 0.009273902616242058
      },
      {
        "date": "2026-06-03",
        "value": -0.004533265755123028
      },
      {
        "date": "2026-06-04",
        "value": 0.010485102307313143
      },
      {
        "date": "2026-06-05",
        "value": -0.025365222965751943
      },
      {
        "date": "2026-06-08",
        "value": -0.016852527916236926
      },
      {
        "date": "2026-06-09",
        "value": -0.013703535746163342
      },
      {
        "date": "2026-06-10",
        "value": -0.023981055236295123
      },
      {
        "date": "2026-06-11",
        "value": 0.00494832553389335
      },
      {
        "date": "2026-06-12",
        "value": 0.01373793881377372
      },
      {
        "date": "2026-06-15",
        "value": 0.022010765090349826
      },
      {
        "date": "2026-06-16",
        "value": 0.013130856989941098
      },
      {
        "date": "2026-06-17",
        "value": 0.005499833171586088
      },
      {
        "date": "2026-06-18",
        "value": 0.025305943833869415
      },
      {
        "date": "2026-06-22",
        "value": 0.03428980212625787
      },
      {
        "date": "2026-06-23",
        "value": 0.02436943940571834
      },
      {
        "date": "2026-06-24",
        "value": 0.0291215086708434
      },
      {
        "date": "2026-06-25",
        "value": 0.036821973757975135
      },
      {
        "date": "2026-06-26",
        "value": 0.04001309645392226
      },
      {
        "date": "2026-06-29",
        "value": 0.03703008585311984
      },
      {
        "date": "2026-06-30",
        "value": 0.04216376452973858
      },
      {
        "date": "2026-07-01",
        "value": 0.047574890714686235
      }
    ]
  },
  "holdings": [
    {
      "ticker": "GRPN",
      "company": "Groupon, Inc.",
      "sector": "Communication Services",
      "country": "United States",
      "shares": 11310.0,
      "price": 25.610000610351562,
      "cost_basis": 17.3017824933687,
      "market_value": 289649.1069030762,
      "unrealized_pnl": 93965.94690307615,
      "short_percent_of_float": 0.5577,
      "short_ratio": 7.12
    },
    {
      "ticker": "TENB",
      "company": "Tenable Holdings, Inc.",
      "sector": "Technology",
      "country": "United States",
      "shares": 4766.0,
      "price": 39.095001220703125,
      "cost_basis": 26.224616030214015,
      "market_value": 186326.7758178711,
      "unrealized_pnl": 61340.2558178711,
      "short_percent_of_float": 0.1225,
      "short_ratio": 3.03
    },
    {
      "ticker": "KSPI",
      "company": "Joint Stock Company Kaspi.kz",
      "sector": "Technology",
      "country": "Kazakhstan",
      "shares": 1515.0,
      "price": 88.36499786376953,
      "cost_basis": 82.53049504950495,
      "market_value": 133872.97176361084,
      "unrealized_pnl": 8839.271763610841,
      "short_percent_of_float": 0.019199999,
      "short_ratio": 3.76
    },
    {
      "ticker": "CMI",
      "company": "Cummins Inc.",
      "sector": "Industrials",
      "country": "United States",
      "shares": 153.0,
      "price": 696.9998779296875,
      "cost_basis": 651.1282352941176,
      "market_value": 106640.98132324219,
      "unrealized_pnl": 7018.361323242188,
      "short_percent_of_float": 0.0214,
      "short_ratio": 2.63
    },
    {
      "ticker": "JAKK",
      "company": "JAKKS Pacific, Inc.",
      "sector": "Consumer Cyclical",
      "country": "United States",
      "shares": 3436.0,
      "price": 23.448999404907227,
      "cost_basis": 21.83,
      "market_value": 80570.76195526123,
      "unrealized_pnl": 5562.881955261237,
      "short_percent_of_float": 0.0436,
      "short_ratio": 10.5
    },
    {
      "ticker": "VIA",
      "company": "Via Transportation, Inc.",
      "sector": "Technology",
      "country": "United States",
      "shares": 3280.0,
      "price": 19.530000686645508,
      "cost_basis": 15.241405487804878,
      "market_value": 64058.402252197266,
      "unrealized_pnl": 14066.592252197266,
      "short_percent_of_float": 0.16370001,
      "short_ratio": 7.41
    },
    {
      "ticker": "XNET",
      "company": "Xunlei Limited",
      "sector": "Technology",
      "country": "China",
      "shares": 10526.0,
      "price": 5.920000076293945,
      "cost_basis": 4.75,
      "market_value": 62313.92080307007,
      "unrealized_pnl": 12315.420803070068,
      "short_percent_of_float": 0.0537,
      "short_ratio": 5.2
    },
    {
      "ticker": "ZS",
      "company": "Zscaler, Inc.",
      "sector": "Technology",
      "country": "United States",
      "shares": 365.0,
      "price": 148.34500122070312,
      "cost_basis": 136.79813698630136,
      "market_value": 54145.92544555664,
      "unrealized_pnl": 4214.605445556645,
      "short_percent_of_float": 0.1129,
      "short_ratio": 1.62
    },
    {
      "ticker": "CRWV",
      "company": "CoreWeave, Inc.",
      "sector": "Technology",
      "country": "United States",
      "shares": 468.0,
      "price": 86.8949966430664,
      "cost_basis": 106.78134615384614,
      "market_value": 40666.85842895508,
      "unrealized_pnl": -9306.811571044916,
      "short_percent_of_float": 0.2299,
      "short_ratio": 2.46
    },
    {
      "ticker": "OPEN",
      "company": "Opendoor Technologies Inc.",
      "sector": "Real Estate",
      "country": "United States",
      "shares": 5479.0,
      "price": 5.065000057220459,
      "cost_basis": 4.562927541522176,
      "market_value": 27751.135313510895,
      "unrealized_pnl": 2750.855313510894,
      "short_percent_of_float": 0.17889999,
      "short_ratio": 4.06
    },
    {
      "ticker": "GENC",
      "company": "Gencor Industries, Inc.",
      "sector": "Industrials",
      "country": "United States",
      "shares": 1746.0,
      "price": 15.369999885559082,
      "cost_basis": 14.32,
      "market_value": 26836.019800186157,
      "unrealized_pnl": 1833.2998001861567,
      "short_percent_of_float": 0.006,
      "short_ratio": 1.66
    },
    {
      "ticker": "ESI",
      "company": "Element Solutions Inc",
      "sector": "Basic Materials",
      "country": "United States",
      "shares": 557.0,
      "price": 46.974998474121094,
      "cost_basis": 44.92,
      "market_value": 26165.07415008545,
      "unrealized_pnl": 1144.6341500854483,
      "short_percent_of_float": 0.087,
      "short_ratio": 5.6
    },
    {
      "ticker": "PYPL",
      "company": "PayPal Holdings, Inc.",
      "sector": "Financial Services",
      "country": "United States",
      "shares": 553.0,
      "price": 44.755001068115234,
      "cost_basis": 45.19,
      "market_value": 24749.515590667725,
      "unrealized_pnl": -240.55440933227413,
      "short_percent_of_float": 0.0687,
      "short_ratio": 3.63
    },
    {
      "ticker": "VST",
      "company": "Vistra Corp.",
      "sector": "Utilities",
      "country": "United States",
      "shares": 162.0,
      "price": 152.08999633789062,
      "cost_basis": 154.76,
      "market_value": 24638.57940673828,
      "unrealized_pnl": -432.5405932617173,
      "short_percent_of_float": 0.052699998,
      "short_ratio": 3.04
    },
    {
      "ticker": "ZTS",
      "company": "Zoetis Inc.",
      "sector": "Healthcare",
      "country": "United States",
      "shares": 312.0,
      "price": 73.94999694824219,
      "cost_basis": 80.09,
      "market_value": 23072.399047851562,
      "unrealized_pnl": -1915.6809521484386,
      "short_percent_of_float": 0.0434,
      "short_ratio": 2.25
    },
    {
      "ticker": "CEG",
      "company": "Constellation Energy Corporation",
      "sector": "Utilities",
      "country": "United States",
      "shares": 94.0,
      "price": 234.55999755859375,
      "cost_basis": 265.7,
      "market_value": 22048.639770507812,
      "unrealized_pnl": -2927.1602294921863,
      "short_percent_of_float": 0.0356,
      "short_ratio": 2.75
    }
  ],
  "sector_exposure": [
    {
      "name": "Technology",
      "value": 541384.854511261,
      "pct": 0.4518207152604971
    },
    {
      "name": "Communication Services",
      "value": 289649.1069030762,
      "pct": 0.2417309342235948
    },
    {
      "name": "Industrials",
      "value": 133477.00112342834,
      "pct": 0.11139519995042482
    },
    {
      "name": "Consumer Cyclical",
      "value": 80570.76195526123,
      "pct": 0.06724151773431662
    },
    {
      "name": "Utilities",
      "value": 46687.219177246094,
      "pct": 0.03896350735786636
    },
    {
      "name": "Real Estate",
      "value": 27751.135313510895,
      "pct": 0.02316011927958455
    },
    {
      "name": "Basic Materials",
      "value": 26165.07415008545,
      "pct": 0.021836448542706048
    },
    {
      "name": "Financial Services",
      "value": 24749.515590667725,
      "pct": 0.020655073268758612
    },
    {
      "name": "Healthcare",
      "value": 23072.399047851562,
      "pct": 0.01925541092202658
    },
    {
      "name": "Cash",
      "value": 4722.310000000056,
      "pct": 0.0039410734602244825
    }
  ],
  "geographic_exposure": [
    {
      "name": "United States",
      "value": 997320.1752057076,
      "pct": 0.8323282617722255
    },
    {
      "name": "Kazakhstan",
      "value": 133872.97176361084,
      "pct": 0.11172566308839148
    },
    {
      "name": "China",
      "value": 62313.92080307007,
      "pct": 0.05200500167915847
    },
    {
      "name": "Cash",
      "value": 4722.310000000056,
      "pct": 0.0039410734602244825
    }
  ],
  "signals": [
    {
      "ticker": "CEG",
      "label": "SELL",
      "composite": -1.5,
      "rsi": 31.1,
      "subs": {
        "rsi": 0.0,
        "macd": -0.5,
        "trend": -0.5,
        "bb": 0.0,
        "vol": 0.0,
        "range": -0.5
      }
    },
    {
      "ticker": "CMI",
      "label": "BUY",
      "composite": 1.5,
      "rsi": 52.5,
      "subs": {
        "rsi": 0.5,
        "macd": -0.5,
        "trend": 0.5,
        "bb": 0.5,
        "vol": 0.5,
        "range": 0.0
      }
    },
    {
      "ticker": "CRWV",
      "label": "SELL",
      "composite": -1.5,
      "rsi": 36.4,
      "subs": {
        "rsi": 0.0,
        "macd": -0.5,
        "trend": 0.0,
        "bb": -0.5,
        "vol": 0.0,
        "range": -0.5
      }
    },
    {
      "ticker": "ESI",
      "label": "STRONG BUY",
      "composite": 3.0,
      "rsi": 57.8,
      "subs": {
        "rsi": 0.5,
        "macd": 0.5,
        "trend": 0.5,
        "bb": 0.5,
        "vol": 0.5,
        "range": 0.5
      }
    },
    {
      "ticker": "GENC",
      "label": "STRONG BUY",
      "composite": 2.0,
      "rsi": 59.3,
      "subs": {
        "rsi": 0.5,
        "macd": 0.5,
        "trend": 0.5,
        "bb": 0.0,
        "vol": 0.0,
        "range": 0.5
      }
    },
    {
      "ticker": "GRPN",
      "label": "BUY",
      "composite": 1.5,
      "rsi": 76.0,
      "subs": {
        "rsi": -0.5,
        "macd": 0.5,
        "trend": 0.5,
        "bb": 0.0,
        "vol": 0.5,
        "range": 0.5
      }
    },
    {
      "ticker": "JAKK",
      "label": "STRONG BUY",
      "composite": 3.0,
      "rsi": 61.7,
      "subs": {
        "rsi": 0.5,
        "macd": 0.5,
        "trend": 0.5,
        "bb": 0.5,
        "vol": 0.5,
        "range": 0.5
      }
    },
    {
      "ticker": "KSPI",
      "label": "STRONG BUY",
      "composite": 2.5,
      "rsi": 57.2,
      "subs": {
        "rsi": 0.5,
        "macd": 0.5,
        "trend": 0.5,
        "bb": 0.5,
        "vol": 0.0,
        "range": 0.5
      }
    },
    {
      "ticker": "OPEN",
      "label": "STRONG BUY",
      "composite": 2.0,
      "rsi": 61.9,
      "subs": {
        "rsi": 0.5,
        "macd": 0.5,
        "trend": 0.0,
        "bb": 0.0,
        "vol": 0.5,
        "range": 0.5
      }
    },
    {
      "ticker": "PYPL",
      "label": "BUY",
      "composite": 1.0,
      "rsi": 56.8,
      "subs": {
        "rsi": 0.5,
        "macd": 0.5,
        "trend": -0.5,
        "bb": 0.0,
        "vol": 0.0,
        "range": 0.5
      }
    },
    {
      "ticker": "TENB",
      "label": "BUY",
      "composite": 1.0,
      "rsi": 83.2,
      "subs": {
        "rsi": -0.5,
        "macd": 0.5,
        "trend": 0.5,
        "bb": 0.0,
        "vol": 0.0,
        "range": 0.5
      }
    },
    {
      "ticker": "VIA",
      "label": "BUY",
      "composite": 1.5,
      "rsi": 71.3,
      "subs": {
        "rsi": 0.0,
        "macd": 0.5,
        "trend": 0.0,
        "bb": 0.0,
        "vol": 0.5,
        "range": 0.5
      }
    },
    {
      "ticker": "VST",
      "label": "SELL",
      "composite": -1.0,
      "rsi": 45.4,
      "subs": {
        "rsi": 0.5,
        "macd": -0.5,
        "trend": -0.5,
        "bb": -0.5,
        "vol": 0.0,
        "range": 0.0
      }
    },
    {
      "ticker": "XNET",
      "label": "BUY",
      "composite": 1.5,
      "rsi": 61.4,
      "subs": {
        "rsi": 0.5,
        "macd": 0.5,
        "trend": 0.0,
        "bb": 0.0,
        "vol": 0.0,
        "range": 0.5
      }
    },
    {
      "ticker": "ZS",
      "label": "BUY",
      "composite": 1.0,
      "rsi": 60.1,
      "subs": {
        "rsi": 0.5,
        "macd": 0.5,
        "trend": 0.0,
        "bb": 0.0,
        "vol": -0.5,
        "range": 0.5
      }
    },
    {
      "ticker": "ZTS",
      "label": "SELL",
      "composite": -1.0,
      "rsi": 36.1,
      "subs": {
        "rsi": 0.0,
        "macd": 0.5,
        "trend": -0.5,
        "bb": -0.5,
        "vol": 0.0,
        "range": -0.5
      }
    }
  ],
  "volatility": [
    {
      "ticker": "CEG",
      "hv20": 0.40121628354795685,
      "garch": 0.5384431833220086,
      "expansion": 0.342027244160067,
      "regime": "NORMAL",
      "signal": "SIGNAL"
    },
    {
      "ticker": "CMI",
      "hv20": 0.503606750195579,
      "garch": 0.38900849643900404,
      "expansion": -0.22755503914923692,
      "regime": "EXTREME",
      "signal": "WEAK"
    },
    {
      "ticker": "CRWV",
      "hv20": 0.846094386674008,
      "garch": 1.0472238832503622,
      "expansion": 0.23771520027096857,
      "regime": "NORMAL",
      "signal": "SIGNAL"
    },
    {
      "ticker": "ESI",
      "hv20": 0.6058633604856541,
      "garch": 0.5222148470798881,
      "expansion": -0.1380649810853626,
      "regime": "EXTREME",
      "signal": "WEAK"
    },
    {
      "ticker": "GENC",
      "hv20": 0.2810822092092888,
      "garch": 0.3718186915072867,
      "expansion": 0.3228111894852696,
      "regime": "LOW",
      "signal": "SIGNAL"
    },
    {
      "ticker": "GRPN",
      "hv20": 1.1108905653727017,
      "garch": 0.8266041288831462,
      "expansion": -0.2559085884343414,
      "regime": "EXTREME",
      "signal": "WEAK"
    },
    {
      "ticker": "JAKK",
      "hv20": 0.23242824634693493,
      "garch": 0.4604341882408459,
      "expansion": 0.9809734637569697,
      "regime": "LOW",
      "signal": "SIGNAL"
    },
    {
      "ticker": "KSPI",
      "hv20": 0.38109456205706516,
      "garch": 0.38095224598704625,
      "expansion": -0.0003734403063919877,
      "regime": "HIGH",
      "signal": "WEAK"
    },
    {
      "ticker": "OPEN",
      "hv20": 0.7896115121114102,
      "garch": 0.7997009682107437,
      "expansion": 0.012777746961102886,
      "regime": "NORMAL",
      "signal": "WEAK"
    },
    {
      "ticker": "PYPL",
      "hv20": 0.3824352690554086,
      "garch": 0.4187488759263659,
      "expansion": 0.09495360341803637,
      "regime": "NORMAL",
      "signal": "WEAK"
    },
    {
      "ticker": "TENB",
      "hv20": 0.7245985921719901,
      "garch": 0.8902415604512224,
      "expansion": 0.22859962752993515,
      "regime": "EXTREME",
      "signal": "SIGNAL"
    },
    {
      "ticker": "VIA",
      "hv20": 0.6721412873631815,
      "garch": null,
      "expansion": null,
      "regime": "NORMAL",
      "signal": "WEAK"
    },
    {
      "ticker": "VST",
      "hv20": 0.4688307309324169,
      "garch": 0.548156313719778,
      "expansion": 0.16919876952092566,
      "regime": "NORMAL",
      "signal": "BASE"
    },
    {
      "ticker": "XNET",
      "hv20": 0.7033045601899081,
      "garch": 0.752753768740183,
      "expansion": 0.07030980793999474,
      "regime": "HIGH",
      "signal": "WEAK"
    },
    {
      "ticker": "ZS",
      "hv20": 0.5058130608940312,
      "garch": 0.7691882715810854,
      "expansion": 0.5206967376871112,
      "regime": "NORMAL",
      "signal": "SIGNAL"
    },
    {
      "ticker": "ZTS",
      "hv20": 0.35181526571851124,
      "garch": 0.338736621882442,
      "expansion": -0.0371747479727997,
      "regime": "HIGH",
      "signal": "WEAK"
    }
  ],
  "correlation": {
    "tickers": [
      "CEG",
      "CMI",
      "CRWV",
      "ESI",
      "GENC",
      "GRPN",
      "JAKK",
      "KSPI",
      "OPEN",
      "PYPL",
      "TENB",
      "VIA",
      "VST",
      "XNET",
      "ZS",
      "ZTS"
    ],
    "matrix": [
      [
        1.0,
        0.325,
        0.244,
        0.297,
        0.136,
        0.066,
        0.087,
        0.052,
        0.164,
        0.125,
        -0.0,
        -0.018,
        0.798,
        0.22,
        0.02,
        0.114
      ],
      [
        0.325,
        1.0,
        0.375,
        0.633,
        0.303,
        0.213,
        0.111,
        0.218,
        0.165,
        0.042,
        -0.088,
        -0.044,
        0.363,
        0.273,
        -0.081,
        0.167
      ],
      [
        0.244,
        0.375,
        1.0,
        0.345,
        0.097,
        0.113,
        0.041,
        0.107,
        0.217,
        0.118,
        0.081,
        0.171,
        0.322,
        0.337,
        0.157,
        0.064
      ],
      [
        0.297,
        0.633,
        0.345,
        1.0,
        0.248,
        0.307,
        0.222,
        0.286,
        0.252,
        0.256,
        0.072,
        0.02,
        0.372,
        0.325,
        0.023,
        0.16
      ],
      [
        0.136,
        0.303,
        0.097,
        0.248,
        1.0,
        0.14,
        0.322,
        0.153,
        0.138,
        0.117,
        0.164,
        0.09,
        0.156,
        0.173,
        0.066,
        0.163
      ],
      [
        0.066,
        0.213,
        0.113,
        0.307,
        0.14,
        1.0,
        0.157,
        0.338,
        0.299,
        0.258,
        0.231,
        0.176,
        0.134,
        0.247,
        0.139,
        0.152
      ],
      [
        0.087,
        0.111,
        0.041,
        0.222,
        0.322,
        0.157,
        1.0,
        0.111,
        0.14,
        0.225,
        -0.027,
        0.158,
        0.058,
        0.2,
        -0.04,
        0.147
      ],
      [
        0.052,
        0.218,
        0.107,
        0.286,
        0.153,
        0.338,
        0.111,
        1.0,
        0.246,
        0.272,
        0.24,
        0.147,
        0.104,
        0.216,
        0.156,
        0.187
      ],
      [
        0.164,
        0.165,
        0.217,
        0.252,
        0.138,
        0.299,
        0.14,
        0.246,
        1.0,
        0.258,
        0.147,
        0.174,
        0.237,
        0.358,
        0.081,
        0.171
      ],
      [
        0.125,
        0.042,
        0.118,
        0.256,
        0.117,
        0.258,
        0.225,
        0.272,
        0.258,
        1.0,
        0.345,
        0.178,
        0.073,
        0.353,
        0.22,
        0.176
      ],
      [
        -0.0,
        -0.088,
        0.081,
        0.072,
        0.164,
        0.231,
        -0.027,
        0.24,
        0.147,
        0.345,
        1.0,
        0.372,
        0.023,
        0.185,
        0.568,
        0.064
      ],
      [
        -0.018,
        -0.044,
        0.171,
        0.02,
        0.09,
        0.176,
        0.158,
        0.147,
        0.174,
        0.178,
        0.372,
        1.0,
        0.034,
        0.193,
        0.388,
        0.013
      ],
      [
        0.798,
        0.363,
        0.322,
        0.372,
        0.156,
        0.134,
        0.058,
        0.104,
        0.237,
        0.073,
        0.023,
        0.034,
        1.0,
        0.255,
        0.049,
        0.083
      ],
      [
        0.22,
        0.273,
        0.337,
        0.325,
        0.173,
        0.247,
        0.2,
        0.216,
        0.358,
        0.353,
        0.185,
        0.193,
        0.255,
        1.0,
        0.234,
        0.042
      ],
      [
        0.02,
        -0.081,
        0.157,
        0.023,
        0.066,
        0.139,
        -0.04,
        0.156,
        0.081,
        0.22,
        0.568,
        0.388,
        0.049,
        0.234,
        1.0,
        -0.038
      ],
      [
        0.114,
        0.167,
        0.064,
        0.16,
        0.163,
        0.152,
        0.147,
        0.187,
        0.171,
        0.176,
        0.064,
        0.013,
        0.083,
        0.042,
        -0.038,
        1.0
      ]
    ]
  },
  "residual_correlation": {
    "tickers": [
      "CEG",
      "CMI",
      "CRWV",
      "ESI",
      "GENC",
      "GRPN",
      "JAKK",
      "KSPI",
      "OPEN",
      "PYPL",
      "TENB",
      "VIA",
      "VST",
      "XNET",
      "ZS",
      "ZTS"
    ],
    "matrix": [
      [
        1.0,
        0.037,
        0.027,
        -0.048,
        0.026,
        -0.091,
        -0.01,
        -0.122,
        0.023,
        0.055,
        -0.058,
        -0.096,
        0.731,
        0.089,
        0.003,
        0.067
      ],
      [
        0.037,
        1.0,
        0.108,
        0.251,
        0.067,
        -0.033,
        -0.141,
        -0.014,
        -0.064,
        -0.103,
        -0.253,
        -0.158,
        0.021,
        -0.007,
        -0.148,
        0.08
      ],
      [
        0.027,
        0.108,
        1.0,
        0.026,
        0.006,
        -0.086,
        -0.036,
        -0.102,
        0.03,
        -0.03,
        -0.028,
        0.073,
        0.088,
        0.126,
        0.105,
        0.027
      ],
      [
        -0.048,
        0.251,
        0.026,
        1.0,
        -0.069,
        0.054,
        -0.002,
        0.009,
        -0.006,
        0.125,
        -0.084,
        -0.126,
        -0.006,
        0.021,
        -0.051,
        -0.016
      ],
      [
        0.026,
        0.067,
        0.006,
        -0.069,
        1.0,
        -0.043,
        0.055,
        -0.081,
        -0.072,
        -0.002,
        0.101,
        0.002,
        0.026,
        -0.051,
        0.011,
        -0.04
      ],
      [
        -0.091,
        -0.033,
        -0.086,
        0.054,
        -0.043,
        1.0,
        0.034,
        0.198,
        0.131,
        0.122,
        0.122,
        0.086,
        -0.037,
        0.055,
        0.059,
        0.031
      ],
      [
        -0.01,
        -0.141,
        -0.036,
        -0.002,
        0.055,
        0.034,
        1.0,
        -0.084,
        -0.032,
        0.117,
        -0.151,
        0.081,
        -0.053,
        0.02,
        -0.118,
        -0.026
      ],
      [
        -0.122,
        -0.014,
        -0.102,
        0.009,
        -0.081,
        0.198,
        -0.084,
        1.0,
        0.058,
        0.102,
        0.135,
        0.028,
        -0.09,
        -0.004,
        0.064,
        0.043
      ],
      [
        0.023,
        -0.064,
        0.03,
        -0.006,
        -0.072,
        0.131,
        -0.032,
        0.058,
        1.0,
        0.065,
        -0.001,
        0.041,
        0.104,
        0.16,
        -0.041,
        0.028
      ],
      [
        0.055,
        -0.103,
        -0.03,
        0.125,
        -0.002,
        0.122,
        0.117,
        0.102,
        0.065,
        1.0,
        0.195,
        0.027,
        -0.018,
        0.198,
        0.072,
        0.021
      ],
      [
        -0.058,
        -0.253,
        -0.028,
        -0.084,
        0.101,
        0.122,
        -0.151,
        0.135,
        -0.001,
        0.195,
        1.0,
        0.298,
        -0.03,
        0.028,
        0.518,
        -0.05
      ],
      [
        -0.096,
        -0.158,
        0.073,
        -0.126,
        0.002,
        0.086,
        0.081,
        0.028,
        0.041,
        0.027,
        0.298,
        1.0,
        -0.038,
        0.058,
        0.325,
        -0.085
      ],
      [
        0.731,
        0.021,
        0.088,
        -0.006,
        0.026,
        -0.037,
        -0.053,
        -0.09,
        0.104,
        -0.018,
        -0.03,
        -0.038,
        1.0,
        0.108,
        0.042,
        0.018
      ],
      [
        0.089,
        -0.007,
        0.126,
        0.021,
        -0.051,
        0.055,
        0.02,
        -0.004,
        0.16,
        0.198,
        0.028,
        0.058,
        0.108,
        1.0,
        0.144,
        -0.113
      ],
      [
        0.003,
        -0.148,
        0.105,
        -0.051,
        0.011,
        0.059,
        -0.118,
        0.064,
        -0.041,
        0.072,
        0.518,
        0.325,
        0.042,
        0.144,
        1.0,
        -0.131
      ],
      [
        0.067,
        0.08,
        0.027,
        -0.016,
        -0.04,
        0.031,
        -0.026,
        0.043,
        0.028,
        0.021,
        -0.05,
        -0.085,
        0.018,
        -0.113,
        -0.131,
        1.0
      ]
    ]
  },
  "factor_correlation": {
    "factors": [
      "Market",
      "Size",
      "Value (SMID)",
      "Momentum",
      "Quality",
      "Profitability",
      "Liquidity",
      "Credit"
    ],
    "matrix": [
      [
        1.0,
        0.286,
        -0.506,
        0.396,
        -0.258,
        -0.547,
        0.314,
        0.196
      ],
      [
        0.286,
        1.0,
        -0.124,
        0.183,
        0.168,
        0.186,
        0.276,
        0.027
      ],
      [
        -0.506,
        -0.124,
        1.0,
        -0.562,
        0.325,
        0.618,
        -0.351,
        -0.159
      ],
      [
        0.396,
        0.183,
        -0.562,
        1.0,
        -0.25,
        -0.577,
        0.23,
        0.067
      ],
      [
        -0.258,
        0.168,
        0.325,
        -0.25,
        1.0,
        0.441,
        -0.193,
        -0.122
      ],
      [
        -0.547,
        0.186,
        0.618,
        -0.577,
        0.441,
        1.0,
        -0.271,
        -0.136
      ],
      [
        0.314,
        0.276,
        -0.351,
        0.23,
        -0.193,
        -0.271,
        1.0,
        0.164
      ],
      [
        0.196,
        0.027,
        -0.159,
        0.067,
        -0.122,
        -0.136,
        0.164,
        1.0
      ]
    ]
  },
  "factor_exposures": [
    {
      "ticker": "CEG",
      "r_squared": 0.23396847639577567,
      "alpha_annual": -0.5236626668685025,
      "idio_vol_annual": 0.41263911053962,
      "Market": 0.6540444823850455,
      "Size": 0.4704362040861152,
      "Value (SMID)": -0.4837383247977075,
      "Momentum": 0.48627544832718095,
      "Quality": -0.9653322316126033,
      "Profitability": -0.5219941041266093,
      "Liquidity": -0.4625537203546863,
      "Credit": -1.0682326487003786
    },
    {
      "ticker": "CMI",
      "r_squared": 0.4955029481057003,
      "alpha_annual": 0.3483642260998243,
      "idio_vol_annual": 0.2481304543666829,
      "Market": 1.1256152418784098,
      "Size": 0.8075304475417704,
      "Value (SMID)": 0.39774051724274706,
      "Momentum": 0.7906731857072306,
      "Quality": -0.18043870849632687,
      "Profitability": -0.19807404916495305,
      "Liquidity": -0.4298490316878032,
      "Credit": 0.8943662692786412
    },
    {
      "ticker": "CRWV",
      "r_squared": 0.27220839158120946,
      "alpha_annual": -1.0482083459689269,
      "idio_vol_annual": 0.8093890648346582,
      "Market": 0.9185011762362338,
      "Size": 0.7542045570663823,
      "Value (SMID)": -1.9028218303708098,
      "Momentum": 0.569545665088611,
      "Quality": -3.670867208652102,
      "Profitability": -0.3368990922872256,
      "Liquidity": 0.412257881028252,
      "Credit": 2.057624582556056
    },
    {
      "ticker": "ESI",
      "r_squared": 0.5296526370961392,
      "alpha_annual": 0.27958163875915754,
      "idio_vol_annual": 0.28679011815129696,
      "Market": 1.6840870679166078,
      "Size": 0.952285173728583,
      "Value (SMID)": -0.18517936341242827,
      "Momentum": 0.7325821581274832,
      "Quality": 0.31093574294601045,
      "Profitability": 0.24632844305900498,
      "Liquidity": -0.7275133065131391,
      "Credit": 0.23753643468525326
    },
    {
      "ticker": "GENC",
      "r_squared": 0.34261911028891145,
      "alpha_annual": -0.3675369605824548,
      "idio_vol_annual": 0.3086438326728723,
      "Market": 1.321721241901491,
      "Size": 1.1756045661991439,
      "Value (SMID)": 1.134907178566846,
      "Momentum": -0.0762323285554678,
      "Quality": -0.5375189378275775,
      "Profitability": 0.07601520697758368,
      "Liquidity": -0.10429543831018584,
      "Credit": 0.5089486627701838
    },
    {
      "ticker": "GRPN",
      "r_squared": 0.15970803936993494,
      "alpha_annual": -0.6826308386335158,
      "idio_vol_annual": 0.6674968945266414,
      "Market": 2.0406969879141057,
      "Size": 0.2801199071478453,
      "Value (SMID)": -0.8053469610109926,
      "Momentum": 0.2704862907679487,
      "Quality": -1.6930350824682796,
      "Profitability": 1.7083272893055397,
      "Liquidity": 0.09739349083625704,
      "Credit": 1.0038905914226792
    },
    {
      "ticker": "JAKK",
      "r_squared": 0.27161925132801945,
      "alpha_annual": -0.25785882468689997,
      "idio_vol_annual": 0.35247583307322145,
      "Market": 1.2278527529000083,
      "Size": 1.0907966317976143,
      "Value (SMID)": 0.880536765002746,
      "Momentum": -0.27518363315602234,
      "Quality": 1.1794037948582514,
      "Profitability": -0.3141471513178461,
      "Liquidity": 0.22993514897010348,
      "Credit": -0.5469517389119188
    },
    {
      "ticker": "KSPI",
      "r_squared": 0.21257809251419457,
      "alpha_annual": -0.16533746984294517,
      "idio_vol_annual": 0.3228383892089842,
      "Market": 1.1506884569762863,
      "Size": 0.538927217723663,
      "Value (SMID)": -0.30611952254836317,
      "Momentum": -0.452557644581781,
      "Quality": -0.010714194759895705,
      "Profitability": 0.11637909068996347,
      "Liquidity": -0.13038718221058787,
      "Credit": 0.4314558635745343
    },
    {
      "ticker": "OPEN",
      "r_squared": 0.12402911574127762,
      "alpha_annual": 1.5965775209998323,
      "idio_vol_annual": 1.3407706994843938,
      "Market": 3.0796147375067964,
      "Size": 1.1487309902734633,
      "Value (SMID)": -1.5644139909117356,
      "Momentum": -1.686171012796434,
      "Quality": 0.8407927279323051,
      "Profitability": 0.8934024122518701,
      "Liquidity": 1.6858588380159714,
      "Credit": -2.986582117720223
    },
    {
      "ticker": "PYPL",
      "r_squared": 0.2980903430315639,
      "alpha_annual": -0.6725515817614701,
      "idio_vol_annual": 0.3401674032537785,
      "Market": 1.7881346647563134,
      "Size": -0.2886930228920018,
      "Value (SMID)": -0.9271869799260981,
      "Momentum": -0.855132166176853,
      "Quality": 1.3257478356610803,
      "Profitability": 0.7614982902410754,
      "Liquidity": 0.31156765506459183,
      "Credit": -0.15024948785190573
    },
    {
      "ticker": "TENB",
      "r_squared": 0.15787861397491842,
      "alpha_annual": -0.042981540353090104,
      "idio_vol_annual": 0.439303090201103,
      "Market": 1.6143879048217267,
      "Size": -0.37922219683336933,
      "Value (SMID)": -0.7769268151665356,
      "Momentum": -0.45570932483733306,
      "Quality": 0.6859478103453834,
      "Profitability": 1.2124012772120427,
      "Liquidity": 0.4843605105710999,
      "Credit": -0.00487270243336993
    },
    {
      "ticker": "VIA",
      "r_squared": 0.12649445830159178,
      "alpha_annual": -1.2875830766911482,
      "idio_vol_annual": 0.6883329215440929,
      "Market": 1.1883818010592748,
      "Size": 0.28568632652205483,
      "Value (SMID)": -1.2006806154205796,
      "Momentum": -1.1056095802923798,
      "Quality": -0.700638153888419,
      "Profitability": 0.6237418049003713,
      "Liquidity": 1.2201831084390051,
      "Credit": -1.0236400831298056
    },
    {
      "ticker": "VST",
      "r_squared": 0.29580072155505555,
      "alpha_annual": -0.46847073640822356,
      "idio_vol_annual": 0.4137555040779662,
      "Market": 0.6075418182851798,
      "Size": 0.8409774008338593,
      "Value (SMID)": -0.6657709764502213,
      "Momentum": 0.5771194606424008,
      "Quality": -1.7726687410503545,
      "Profitability": -0.4518167990882422,
      "Liquidity": -0.7122012051340326,
