{
  "generated_at": "2026-06-26T15:12:04.442141Z",
  "market_session": "OPEN",
  "fund_name": "Convex Capital",
  "tagline": "Lose small. Win big. \u2014 Paper-traded portfolio. Hypothetical performance for educational purposes only.",
  "summary": {
    "nav": 1085638.9077425576,
    "cash": 4722.310000000056,
    "equity": 1080916.5977425575,
    "deposits": 1000000.0,
    "total_return": 0.08563890774255767,
    "realized_pnl": 0.0,
    "open_positions": 16
  },
  "metrics": {
    "period_return": 0.08648677156696971,
    "calendar_days_since_inception": 25,
    "trading_days_observed": 18,
    "annualized_return": 2.357042716009387,
    "annualized_return_arithmetic": 1.2073162988760817,
    "annualized_vol": 0.3052729995727501,
    "sharpe": 3.814562976058684,
    "sortino": 7.988756613217923,
    "calmar": 62.02461847957267,
    "max_drawdown": -0.038001728568240384,
    "var_95_1d": -0.01705767210982133,
    "risk_free_rate": 0.04375999927520752,
    "beta_benchmark": 0.8581443483414726,
    "benchmark_annualized_return": 0.2665784691512427,
    "benchmark_annualized_return_arithmetic": 0.2364299876893859,
    "benchmark_period_return": 0.034324522760646126,
    "period_active_return": 0.052162248806323586,
    "treynor": 1.3558981095076468,
    "jensens_alpha": 0.99821763794823,
    "information_ratio": 3.044761198788036,
    "tracking_error": 0.23270904951808313,
    "annualized_active_return": 1.0290125554931828,
    "annualized_active_return_arithmetic": 0.7085434845795031,
    "up_capture": 1.3295884556784305,
    "down_capture": 0.8707625029393103,
    "data_basis": "realized_nav",
    "days_of_live_nav": 19,
    "benchmark_ticker": "IWM",
    "benchmark_name": "Russell 2000",
    "beta_spy": 0.8581443483414726,
    "beta_spy_stress": 1.5410367863448244
  },
  "nav_curve": [
    {
      "date": "2026-06-01",
      "value": 999882.8292976379
    },
    {
      "date": "2026-06-02",
      "value": 1005079.4966617966
    },
    {
      "date": "2026-06-03",
      "value": 995768.7768651581
    },
    {
      "date": "2026-06-04",
      "value": 1004929.1794892884
    },
    {
      "date": "2026-06-05",
      "value": 974274.0015833282
    },
    {
      "date": "2026-06-08",
      "value": 974266.9881036186
    },
    {
      "date": "2026-06-09",
      "value": 979640.5088702394
    },
    {
      "date": "2026-06-10",
      "value": 966884.7384401513
    },
    {
      "date": "2026-06-11",
      "value": 990753.0886875344
    },
    {
      "date": "2026-06-12",
      "value": 996222.4282127572
    },
    {
      "date": "2026-06-15",
      "value": 1017018.2685251809
    },
    {
      "date": "2026-06-16",
      "value": 1019223.7061524964
    },
    {
      "date": "2026-06-17",
      "value": 1004256.765778122
    },
    {
      "date": "2026-06-18",
      "value": 1005956.2144795037
    },
    {
      "date": "2026-06-22",
      "value": 1013145.2704611397
    },
    {
      "date": "2026-06-23",
      "value": 1003670.4086042023
    },
    {
      "date": "2026-06-24",
      "value": 1028642.2278996087
    },
    {
      "date": "2026-06-25",
      "value": 1087855.2699132538
    },
    {
      "date": "2026-06-26",
      "value": 1086359.467148838
    }
  ],
  "drawdown_curve": [
    {
      "date": "2026-06-01",
      "value": 0.0
    },
    {
      "date": "2026-06-02",
      "value": 0.0
    },
    {
      "date": "2026-06-03",
      "value": -0.009263665040986776
    },
    {
      "date": "2026-06-04",
      "value": -0.00014955749570802555
    },
    {
      "date": "2026-06-05",
      "value": -0.030649809473562682
    },
    {
      "date": "2026-06-08",
      "value": -0.03065678750836781
    },
    {
      "date": "2026-06-09",
      "value": -0.025310423579476604
    },
    {
      "date": "2026-06-10",
      "value": -0.038001728568240384
    },
    {
      "date": "2026-06-11",
      "value": -0.01425400480444075
    },
    {
      "date": "2026-06-12",
      "value": -0.008812306368259061
    },
    {
      "date": "2026-06-15",
      "value": 0.0
    },
    {
      "date": "2026-06-16",
      "value": 0.0
    },
    {
      "date": "2026-06-17",
      "value": -0.014684647034823809
    },
    {
      "date": "2026-06-18",
      "value": -0.01301725184854327
    },
    {
      "date": "2026-06-22",
      "value": -0.005963789553426265
    },
    {
      "date": "2026-06-23",
      "value": -0.015259944852545435
    },
    {
      "date": "2026-06-24",
      "value": 0.0
    },
    {
      "date": "2026-06-25",
      "value": 0.0
    },
    {
      "date": "2026-06-26",
      "value": -0.0013750016254781916
    }
  ],
  "benchmarks": {
    "SPY": [
      {
        "date": "2026-06-01",
        "value": 0.0
      },
      {
        "date": "2026-06-02",
        "value": 0.0013579397972762752
      },
      {
        "date": "2026-06-03",
        "value": -0.005668771434361286
      },
      {
        "date": "2026-06-04",
        "value": -0.0019115061781299625
      },
      {
        "date": "2026-06-05",
        "value": -0.027671542654459702
      },
      {
        "date": "2026-06-08",
        "value": -0.025470023194608782
      },
      {
        "date": "2026-06-09",
        "value": -0.02833070775180091
      },
      {
        "date": "2026-06-10",
        "value": -0.04364962071587053
      },
      {
        "date": "2026-06-11",
        "value": -0.027394678792744487
      },
      {
        "date": "2026-06-12",
        "value": -0.022134588105308994
      },
      {
        "date": "2026-06-15",
        "value": -0.0048909388718152425
      },
      {
        "date": "2026-06-16",
        "value": -0.010823344076597685
      },
      {
        "date": "2026-06-17",
        "value": -0.023176054438276084
      },
      {
        "date": "2026-06-18",
        "value": -0.013020023259145863
      },
      {
        "date": "2026-06-22",
        "value": -0.016126029204297176
      },
      {
        "date": "2026-06-23",
        "value": -0.030413801760312054
      },
      {
        "date": "2026-06-24",
        "value": -0.03086322150786902
      },
      {
        "date": "2026-06-25",
        "value": -0.029462203242598517
      },
      {
        "date": "2026-06-26",
        "value": -0.03188097048205285
      }
    ],
    "IWM": [
      {
        "date": "2026-06-01",
        "value": 0.0
      },
      {
        "date": "2026-06-02",
        "value": 0.009273902616242058
      },
      {
        "date": "2026-06-03",
        "value": -0.004533265755123028
      },
      {
        "date": "2026-06-04",
        "value": 0.010485102307313143
      },
      {
        "date": "2026-06-05",
        "value": -0.025365222965751943
      },
      {
        "date": "2026-06-08",
        "value": -0.016852527916236926
      },
      {
        "date": "2026-06-09",
        "value": -0.013703535746163342
      },
      {
        "date": "2026-06-10",
        "value": -0.023981055236295123
      },
      {
        "date": "2026-06-11",
        "value": 0.00494832553389335
      },
      {
        "date": "2026-06-12",
        "value": 0.01373793881377372
      },
      {
        "date": "2026-06-15",
        "value": 0.022010765090349826
      },
      {
        "date": "2026-06-16",
        "value": 0.013130856989941098
      },
      {
        "date": "2026-06-17",
        "value": 0.005499833171586088
      },
      {
        "date": "2026-06-18",
        "value": 0.025305943833869415
      },
      {
        "date": "2026-06-22",
        "value": 0.03428980212625787
      },
      {
        "date": "2026-06-23",
        "value": 0.02436943940571834
      },
      {
        "date": "2026-06-24",
        "value": 0.0291215086708434
      },
      {
        "date": "2026-06-25",
        "value": 0.036821973757975135
      },
      {
        "date": "2026-06-26",
        "value": 0.034324522760646126
      }
    ]
  },
  "holdings": [
    {
      "ticker": "GRPN",
      "company": "Groupon, Inc.",
      "sector": "Communication Services",
      "country": "United States",
      "shares": 11310.0,
      "price": 21.540000915527344,
      "cost_basis": 17.3017824933687,
      "market_value": 243617.41035461426,
      "unrealized_pnl": 47934.25035461424,
      "short_percent_of_float": 0.5577,
      "short_ratio": 7.12
    },
    {
      "ticker": "TENB",
      "company": "Tenable Holdings, Inc.",
      "sector": "Technology",
      "country": "United States",
      "shares": 4766.0,
      "price": 29.30500030517578,
      "cost_basis": 26.224616030214015,
      "market_value": 139667.63145446777,
      "unrealized_pnl": 14681.111454467777,
      "short_percent_of_float": 0.1225,
      "short_ratio": 3.03
    },
    {
      "ticker": "KSPI",
      "company": "Joint Stock Company Kaspi.kz",
      "sector": "Technology",
      "country": "Kazakhstan",
      "shares": 1515.0,
      "price": 87.08999633789062,
      "cost_basis": 82.53049504950495,
      "market_value": 131941.3444519043,
      "unrealized_pnl": 6907.644451904298,
      "short_percent_of_float": 0.019199999,
      "short_ratio": 3.76
    },
    {
      "ticker": "CMI",
      "company": "Cummins Inc.",
      "sector": "Industrials",
      "country": "United States",
      "shares": 153.0,
      "price": 691.2750244140625,
      "cost_basis": 651.1282352941176,
      "market_value": 105765.07873535156,
      "unrealized_pnl": 6142.458735351563,
      "short_percent_of_float": 0.0214,
      "short_ratio": 2.63
    },
    {
      "ticker": "JAKK",
      "company": "JAKKS Pacific, Inc.",
      "sector": "Consumer Cyclical",
      "country": "United States",
      "shares": 3436.0,
      "price": 23.53499984741211,
      "cost_basis": 21.83,
      "market_value": 80866.25947570801,
      "unrealized_pnl": 5858.379475708014,
      "short_percent_of_float": 0.0436,
      "short_ratio": 10.5
    },
    {
      "ticker": "XNET",
      "company": "Xunlei Limited",
      "sector": "Technology",
      "country": "China",
      "shares": 10526.0,
      "price": 5.429999828338623,
      "cost_basis": 4.75,
      "market_value": 57156.178193092346,
      "unrealized_pnl": 7157.678193092346,
      "short_percent_of_float": 0.0537,
      "short_ratio": 5.2
    },
    {
      "ticker": "VIA",
      "company": "Via Transportation, Inc.",
      "sector": "Technology",
      "country": "United States",
      "shares": 3280.0,
      "price": 17.139999389648438,
      "cost_basis": 15.241405487804878,
      "market_value": 56219.197998046875,
      "unrealized_pnl": 6227.387998046876,
      "short_percent_of_float": 0.16370001,
      "short_ratio": 7.41
    },
    {
      "ticker": "ZS",
      "company": "Zscaler, Inc.",
      "sector": "Technology",
      "country": "United States",
      "shares": 365.0,
      "price": 129.5749969482422,
      "cost_basis": 136.79813698630136,
      "market_value": 47294.8738861084,
      "unrealized_pnl": -2636.446113891597,
      "short_percent_of_float": 0.1129,
      "short_ratio": 1.62
    },
    {
      "ticker": "CRWV",
      "company": "CoreWeave, Inc.",
      "sector": "Technology",
      "country": "United States",
      "shares": 468.0,
      "price": 93.98500061035156,
      "cost_basis": 106.78134615384614,
      "market_value": 43984.98028564453,
      "unrealized_pnl": -5988.689714355464,
      "short_percent_of_float": 0.2299,
      "short_ratio": 2.46
    },
    {
      "ticker": "VST",
      "company": "Vistra Corp.",
      "sector": "Utilities",
      "country": "United States",
      "shares": 162.0,
      "price": 165.13499450683594,
      "cost_basis": 154.76,
      "market_value": 26751.869110107422,
      "unrealized_pnl": 1680.7491101074233,
      "short_percent_of_float": 0.052699998,
      "short_ratio": 3.04
    },
    {
      "ticker": "GENC",
      "company": "Gencor Industries, Inc.",
      "sector": "Industrials",
      "country": "United States",
      "shares": 1746.0,
      "price": 15.0,
      "cost_basis": 14.32,
      "market_value": 26190.0,
      "unrealized_pnl": 1187.2799999999995,
      "short_percent_of_float": 0.006,
      "short_ratio": 1.66
    },
    {
      "ticker": "ESI",
      "company": "Element Solutions Inc",
      "sector": "Basic Materials",
      "country": "United States",
      "shares": 557.0,
      "price": 44.845001220703125,
      "cost_basis": 44.92,
      "market_value": 24978.66567993164,
      "unrealized_pnl": -41.774320068360325,
      "short_percent_of_float": 0.087,
      "short_ratio": 5.6
    },
    {
      "ticker": "CEG",
      "company": "Constellation Energy Corporation",
      "sector": "Utilities",
      "country": "United States",
      "shares": 94.0,
      "price": 263.95001220703125,
      "cost_basis": 265.7,
      "market_value": 24811.301147460938,
      "unrealized_pnl": -164.49885253906143,
      "short_percent_of_float": 0.0356,
      "short_ratio": 2.75
    },
    {
      "ticker": "PYPL",
      "company": "PayPal Holdings, Inc.",
      "sector": "Financial Services",
      "country": "United States",
      "shares": 553.0,
      "price": 43.880001068115234,
      "cost_basis": 45.19,
      "market_value": 24265.640590667725,
      "unrealized_pnl": -724.4294093322742,
      "short_percent_of_float": 0.0687,
      "short_ratio": 3.63
    },
    {
      "ticker": "ZTS",
      "company": "Zoetis Inc.",
      "sector": "Healthcare",
      "country": "United States",
      "shares": 312.0,
      "price": 76.87000274658203,
      "cost_basis": 80.09,
      "market_value": 23983.440856933594,
      "unrealized_pnl": -1004.6391430664073,
      "short_percent_of_float": 0.0434,
      "short_ratio": 2.25
    },
    {
      "ticker": "OPEN",
      "company": "Opendoor Technologies Inc.",
      "sector": "Real Estate",
      "country": "United States",
      "shares": 5479.0,
      "price": 4.275000095367432,
      "cost_basis": 4.562927541522176,
      "market_value": 23422.725522518158,
      "unrealized_pnl": -1577.554477481843,
      "short_percent_of_float": 0.17889999,
      "short_ratio": 4.06
    }
  ],
  "sector_exposure": [
    {
      "name": "Technology",
      "value": 476264.2062692642,
      "pct": 0.4386948578138127
    },
    {
      "name": "Communication Services",
      "value": 243617.41035461426,
      "pct": 0.22440003634466676
    },
    {
      "name": "Industrials",
      "value": 131955.07873535156,
      "pct": 0.12154601110394495
    },
    {
      "name": "Consumer Cyclical",
      "value": 80866.25947570801,
      "pct": 0.07448725252842926
    },
    {
      "name": "Utilities",
      "value": 51563.17025756836,
      "pct": 0.04749569114539856
    },
    {
      "name": "Basic Materials",
      "value": 24978.66567993164,
      "pct": 0.02300826315434058
    },
    {
      "name": "Financial Services",
      "value": 24265.640590667725,
      "pct": 0.022351483921228387
    },
    {
      "name": "Healthcare",
      "value": 23983.440856933594,
      "pct": 0.022091545067046265
    },
    {
      "name": "Real Estate",
      "value": 23422.725522518158,
      "pct": 0.021575060874727322
    },
    {
      "name": "Cash",
      "value": 4722.310000000056,
      "pct": 0.004349798046405204
    }
  ],
  "geographic_exposure": [
    {
      "name": "United States",
      "value": 891819.0750975609,
      "pct": 0.8214693382277359
    },
    {
      "name": "Kazakhstan",
      "value": 131941.3444519043,
      "pct": 0.1215333602277196
    },
    {
      "name": "China",
      "value": 57156.178193092346,
      "pct": 0.05264750349813922
    },
    {
      "name": "Cash",
      "value": 4722.310000000056,
      "pct": 0.004349798046405204
    }
  ],
  "signals": [
    {
      "ticker": "CEG",
      "label": "LEAN BULL",
      "composite": 0.5,
      "rsi": 45.5,
      "subs": {
        "rsi": 0.5,
        "macd": 0.5,
        "trend": -0.5,
        "bb": 0.5,
        "vol": -0.5,
        "range": 0.0
      }
    },
    {
      "ticker": "CMI",
      "label": "STRONG BUY",
      "composite": 2.0,
      "rsi": 52.4,
      "subs": {
        "rsi": 0.5,
        "macd": 0.5,
        "trend": 0.5,
        "bb": 0.5,
        "vol": 0.0,
        "range": 0.0
      }
    },
    {
      "ticker": "CRWV",
      "label": "SELL",
      "composite": -1.5,
      "rsi": 39.9,
      "subs": {
        "rsi": 0.0,
        "macd": -0.5,
        "trend": 0.0,
        "bb": -0.5,
        "vol": 0.0,
        "range": -0.5
      }
    },
    {
      "ticker": "ESI",
      "label": "STRONG BUY",
      "composite": 2.5,
      "rsi": 53.1,
      "subs": {
        "rsi": 0.5,
        "macd": 0.5,
        "trend": 0.5,
        "bb": 0.5,
        "vol": 0.5,
        "range": 0.0
      }
    },
    {
      "ticker": "GENC",
      "label": "STRONG BUY",
      "composite": 2.0,
      "rsi": 54.3,
      "subs": {
        "rsi": 0.5,
        "macd": 0.5,
        "trend": 0.5,
        "bb": 0.5,
        "vol": 0.0,
        "range": 0.0
      }
    },
    {
      "ticker": "GRPN",
      "label": "STRONG BUY",
      "composite": 2.5,
      "rsi": 64.2,
      "subs": {
        "rsi": 0.5,
        "macd": 0.5,
        "trend": 0.5,
        "bb": 0.5,
        "vol": 0.0,
        "range": 0.5
      }
    },
    {
      "ticker": "JAKK",
      "label": "STRONG BUY",
      "composite": 2.0,
      "rsi": 66.7,
      "subs": {
        "rsi": 0.5,
        "macd": 0.5,
        "trend": 0.5,
        "bb": 0.0,
        "vol": 0.0,
        "range": 0.5
      }
    },
    {
      "ticker": "KSPI",
      "label": "STRONG BUY",
      "composite": 2.0,
      "rsi": 56.3,
      "subs": {
        "rsi": 0.5,
        "macd": 0.5,
        "trend": 0.5,
        "bb": 0.5,
        "vol": 0.0,
        "range": 0.0
      }
    },
    {
      "ticker": "OPEN",
      "label": "STRONG SELL",
      "composite": -2.0,
      "rsi": 41.6,
      "subs": {
        "rsi": 0.0,
        "macd": -0.5,
        "trend": -0.5,
        "bb": -0.5,
        "vol": 0.0,
        "range": -0.5
      }
    },
    {
      "ticker": "PYPL",
      "label": "BUY",
      "composite": 1.0,
      "rsi": 53.9,
      "subs": {
        "rsi": 0.5,
        "macd": 0.5,
        "trend": -0.5,
        "bb": 0.5,
        "vol": 0.0,
        "range": 0.0
      }
    },
    {
      "ticker": "TENB",
      "label": "LEAN BULL",
      "composite": 0.5,
      "rsi": 64.9,
      "subs": {
        "rsi": 0.5,
        "macd": -0.5,
        "trend": 0.0,
        "bb": 0.5,
        "vol": -0.5,
        "range": 0.5
      }
    },
    {
      "ticker": "VIA",
      "label": "STRONG BUY",
      "composite": 2.0,
      "rsi": 64.2,
      "subs": {
        "rsi": 0.5,
        "macd": 0.5,
        "trend": 0.5,
        "bb": 0.0,
        "vol": 0.0,
        "range": 0.5
      }
    },
    {
      "ticker": "VST",
      "label": "STRONG BUY",
      "composite": 2.0,
      "rsi": 58.9,
      "subs": {
        "rsi": 0.5,
        "macd": 0.5,
        "trend": 0.0,
        "bb": 0.5,
        "vol": 0.0,
        "range": 0.5
      }
    },
    {
      "ticker": "XNET",
      "label": "LEAN BULL",
      "composite": 0.5,
      "rsi": 52.4,
      "subs": {
        "rsi": 0.5,
        "macd": 0.5,
        "trend": -0.5,
        "bb": 0.5,
        "vol": -0.5,
        "range": 0.0
      }
    },
    {
      "ticker": "ZS",
      "label": "SELL",
      "composite": -1.0,
      "rsi": 46.1,
      "subs": {
        "rsi": 0.5,
        "macd": 0.5,
        "trend": -0.5,
        "bb": -0.5,
        "vol": -0.5,
        "range": -0.5
      }
    },
    {
      "ticker": "ZTS",
      "label": "SELL",
      "composite": -1.5,
      "rsi": 37.5,
      "subs": {
        "rsi": 0.0,
        "macd": 0.5,
        "trend": -0.5,
        "bb": -0.5,
        "vol": -0.5,
        "range": -0.5
      }
    }
  ],
  "volatility": [
    {
      "ticker": "CEG",
      "hv20": 0.43826130776382344,
      "garch": 0.5201003345057882,
      "expansion": 0.18673568780127708,
      "regime": "NORMAL",
      "signal": "BASE"
    },
    {
      "ticker": "CMI",
      "hv20": 0.5085211391058057,
      "garch": 0.4247599442895095,
      "expansion": -0.16471526623963684,
      "regime": "EXTREME",
      "signal": "WEAK"
    },
    {
      "ticker": "CRWV",
      "hv20": 0.8876125408775514,
      "garch": 0.9445528546860068,
      "expansion": 0.06414996542541022,
      "regime": "NORMAL",
      "signal": "WEAK"
    },
    {
      "ticker": "ESI",
      "hv20": 0.6240109323016788,
      "garch": 0.6117971647493375,
      "expansion": -0.01957300252303354,
      "regime": "EXTREME",
      "signal": "WEAK"
    },
    {
      "ticker": "GENC",
      "hv20": 0.3224431522389038,
      "garch": 0.34428970542448617,
      "expansion": 0.06775319318735563,
      "regime": "NORMAL",
      "signal": "WEAK"
    },
    {
      "ticker": "GRPN",
      "hv20": 1.1613689311233528,
      "garch": 0.9883377355661049,
      "expansion": -0.14898899989504685,
      "regime": "EXTREME",
      "signal": "WEAK"
    },
    {
      "ticker": "JAKK",
      "hv20": 0.22673850549133892,
      "garch": 0.46213303544444373,
      "expansion": 1.0381762437880078,
      "regime": "LOW",
      "signal": "SIGNAL"
    },
    {
      "ticker": "KSPI",
      "hv20": 0.3718831151632009,
      "garch": 0.3396110179032973,
      "expansion": -0.08678021653588922,
      "regime": "HIGH",
      "signal": "WEAK"
    },
    {
      "ticker": "OPEN",
      "hv20": 0.6984359490733447,
      "garch": 0.680467009334364,
      "expansion": -0.025727398142694625,
      "regime": "LOW",
      "signal": "WEAK"
    },
    {
      "ticker": "PYPL",
      "hv20": 0.3377244862772986,
      "garch": 0.4133549412684519,
      "expansion": 0.22394128369198163,
      "regime": "NORMAL",
      "signal": "SIGNAL"
    },
    {
      "ticker": "TENB",
      "hv20": 0.5733341531104376,
      "garch": 0.5095209173998796,
      "expansion": -0.1113019961646451,
      "regime": "HIGH",
      "signal": "WEAK"
    },
    {
      "ticker": "VIA",
      "hv20": 0.7751338486868175,
      "garch": null,
      "expansion": null,
      "regime": "NORMAL",
      "signal": "WEAK"
    },
    {
      "ticker": "VST",
      "hv20": 0.4527924166343422,
      "garch": 0.5525469364093224,
      "expansion": 0.22030960791363716,
      "regime": "NORMAL",
      "signal": "SIGNAL"
    },
    {
      "ticker": "XNET",
      "hv20": 0.7760290857992241,
      "garch": 0.826217622390721,
      "expansion": 0.06467352514217721,
      "regime": "HIGH",
      "signal": "WEAK"
    },
    {
      "ticker": "ZS",
      "hv20": 0.682765641367764,
      "garch": 0.6689466138891248,
      "expansion": -0.02023978161958461,
      "regime": "HIGH",
      "signal": "WEAK"
    },
    {
      "ticker": "ZTS",
      "hv20": 0.2977791283137736,
      "garch": 0.3180169927573015,
      "expansion": 0.06796266937218978,
      "regime": "HIGH",
      "signal": "WEAK"
    }
  ],
  "correlation": {
    "tickers": [
      "CEG",
      "CMI",
      "CRWV",
      "ESI",
      "GENC",
      "GRPN",
      "JAKK",
      "KSPI",
      "OPEN",
      "PYPL",
      "TENB",
      "VIA",
      "VST",
      "XNET",
      "ZS",
      "ZTS"
    ],
    "matrix": [
      [
        1.0,
        0.331,
        0.235,
        0.303,
        0.149,
        0.087,
        0.085,
        0.058,
        0.189,
        0.136,
        0.05,
        -0.001,
        0.797,
        0.244,
        0.04,
        0.12
      ],
      [
        0.331,
        1.0,
        0.372,
        0.632,
        0.328,
        0.232,
        0.128,
        0.242,
        0.182,
        0.065,
        -0.09,
        -0.024,
        0.362,
        0.281,
        -0.072,
        0.178
      ],
      [
        0.235,
        0.372,
        1.0,
        0.345,
        0.115,
        0.136,
        0.047,
        0.123,
        0.245,
        0.139,
        0.099,
        0.195,
        0.316,
        0.353,
        0.172,
        0.081
      ],
      [
        0.303,
        0.632,
        0.345,
        1.0,
        0.259,
        0.321,
        0.231,
        0.3,
        0.261,
        0.266,
        0.062,
        0.02,
        0.372,
        0.316,
        0.023,
        0.169
      ],
      [
        0.149,
        0.328,
        0.115,
        0.259,
        1.0,
        0.133,
        0.318,
        0.141,
        0.129,
        0.103,
        0.166,
        0.074,
        0.168,
        0.164,
        0.057,
        0.157
      ],
      [
        0.087,
        0.232,
        0.136,
        0.321,
        0.133,
        1.0,
        0.159,
        0.34,
        0.287,
        0.246,
        0.204,
        0.15,
        0.148,
        0.225,
        0.121,
        0.155
      ],
      [
        0.085,
        0.128,
        0.047,
        0.231,
        0.318,
        0.159,
        1.0,
        0.103,
        0.141,
        0.217,
        -0.025,
        0.151,
        0.06,
        0.2,
        -0.044,
        0.146
      ],
      [
        0.058,
        0.242,
        0.123,
        0.3,
        0.141,
        0.34,
        0.103,
        1.0,
        0.245,
        0.261,
        0.257,
        0.135,
        0.113,
        0.208,
        0.151,
        0.181
      ],
      [
        0.189,
        0.182,
        0.245,
        0.261,
        0.129,
        0.287,
        0.141,
        0.245,
        1.0,
        0.248,
        0.118,
        0.15,
        0.255,
        0.344,
        0.063,
        0.172
      ],
      [
        0.136,
        0.065,
        0.139,
        0.266,
        0.103,
        0.246,
        0.217,
        0.261,
        0.248,
        1.0,
        0.361,
        0.159,
        0.083,
        0.351,
        0.212,
        0.173
      ],
      [
        0.05,
        -0.09,
        0.099,
        0.062,
        0.166,
        0.204,
        -0.025,
        0.257,
        0.118,
        0.361,
        1.0,
        0.354,
        0.058,
        0.162,
        0.565,
        0.098
      ],
      [
        -0.001,
        -0.024,
        0.195,
        0.02,
        0.074,
        0.15,
        0.151,
        0.135,
        0.15,
        0.159,
        0.354,
        1.0,
        0.051,
        0.186,
        0.374,
        0.017
      ],
      [
        0.797,
        0.362,
        0.316,
        0.372,
        0.168,
        0.148,
        0.06,
        0.113,
        0.255,
        0.083,
        0.058,
        0.051,
        1.0,
        0.273,
        0.065,
        0.087
      ],
      [
        0.244,
        0.281,
        0.353,
        0.316,
        0.164,
        0.225,
        0.2,
        0.208,
        0.344,
        0.351,
        0.162,
        0.186,
        0.273,
        1.0,
        0.222,
        0.04
      ],
      [
        0.04,
        -0.072,
        0.172,
        0.023,
        0.057,
        0.121,
        -0.044,
        0.151,
        0.063,
        0.212,
        0.565,
        0.374,
        0.065,
        0.222,
        1.0,
        -0.034
      ],
      [
        0.12,
        0.178,
        0.081,
        0.169,
        0.157,
        0.155,
        0.146,
        0.181,
        0.172,
        0.173,
        0.098,
        0.017,
        0.087,
        0.04,
        -0.034,
        1.0
      ]
    ]
  },
  "residual_correlation": {
    "tickers": [
      "CEG",
      "CMI",
      "CRWV",
      "ESI",
      "GENC",
      "GRPN",
      "JAKK",
      "KSPI",
      "OPEN",
      "PYPL",
      "TENB",
      "VIA",
      "VST",
      "XNET",
      "ZS",
      "ZTS"
    ],
    "matrix": [
      [
        1.0,
        0.05,
        0.003,
        -0.039,
        0.033,
        -0.078,
        -0.025,
        -0.137,
        0.032,
        0.035,
        -0.016,
        -0.098,
        0.73,
        0.097,
        0.011,
        0.069
      ],
      [
        0.05,
        1.0,
        0.124,
        0.252,
        0.069,
        -0.03,
        -0.142,
        -0.004,
        -0.063,
        -0.091,
        -0.267,
        -0.147,
        0.03,
        -0.004,
        -0.143,
        0.071
      ],
      [
        0.003,
        0.124,
        1.0,
        0.041,
        0.015,
        -0.066,
        -0.047,
        -0.112,
        0.045,
        -0.041,
        -0.02,
        0.076,
        0.077,
        0.131,
        0.106,
        0.037
      ],
      [
        -0.039,
        0.252,
        0.041,
        1.0,
        -0.075,
        0.057,
        0.006,
        0.017,
        -0.005,
        0.136,
        -0.117,
        -0.14,
        -0.008,
        0.011,
        -0.055,
        -0.009
      ],
      [
        0.033,
        0.069,
        0.015,
        -0.075,
        1.0,
        -0.053,
        0.06,
        -0.083,
        -0.08,
        -0.002,
        0.097,
        -0.002,
        0.029,
        -0.052,
        0.007,
        -0.04
      ],
      [
        -0.078,
        -0.03,
        -0.066,
        0.057,
        -0.053,
        1.0,
        0.047,
        0.203,
        0.124,
        0.129,
        0.089,
        0.064,
        -0.038,
        0.037,
        0.051,
        0.044
      ],
      [
        -0.025,
        -0.142,
        -0.047,
        0.006,
        0.06,
        0.047,
        1.0,
        -0.088,
        -0.026,
        0.112,
        -0.128,
        0.091,
        -0.06,
        0.024,
        -0.11,
        -0.033
      ],
      [
        -0.137,
        -0.004,
        -0.112,
        0.017,
        -0.083,
        0.203,
        -0.088,
        1.0,
        0.062,
        0.091,
        0.153,
        0.018,
        -0.1,
        -0.015,
        0.063,
        0.048
      ],
      [
        0.032,
        -0.063,
        0.045,
        -0.005,
        -0.08,
        0.124,
        -0.026,
        0.062,
        1.0,
        0.071,
        -0.025,
        0.028,
        0.104,
        0.153,
        -0.046,
        0.033
      ],
      [
        0.035,
        -0.091,
        -0.041,
        0.136,
        -0.002,
        0.129,
        0.112,
        0.091,
        0.071,
        1.0,
        0.233,
        0.017,
        -0.032,
        0.194,
        0.075,
        0.025
      ],
      [
        -0.016,
        -0.267,
        -0.02,
        -0.117,
        0.097,
        0.089,
        -0.128,
        0.153,
        -0.025,
        0.233,
        1.0,
        0.284,
        -0.016,
        0.018,
        0.517,
        -0.018
      ],
      [
        -0.098,
        -0.147,
        0.076,
        -0.14,
        -0.002,
        0.064,
        0.091,
        0.018,
        0.028,
        0.017,
        0.284,
        1.0,
        -0.043,
        0.058,
        0.315,
        -0.07
      ],
      [
        0.73,
        0.03,
        0.077,
        -0.008,
        0.029,
        -0.038,
        -0.06,
        -0.1,
        0.104,
        -0.032,
        -0.016,
        -0.043,
        1.0,
        0.116,
        0.043,
        0.022
      ],
      [
        0.097,
        -0.004,
        0.131,
        0.011,
        -0.052,
        0.037,
        0.024,
        -0.015,
        0.153,
        0.194,
        0.018,
        0.058,
        0.116,
        1.0,
        0.139,
        -0.117
      ],
      [
        0.011,
        -0.143,
        0.106,
        -0.055,
        0.007,
        0.051,
        -0.11,
        0.063,
        -0.046,
        0.075,
        0.517,
        0.315,
        0.043,
        0.139,
        1.0,
        -0.119
      ],
      [
        0.069,
        0.071,
        0.037,
        -0.009,
        -0.04,
        0.044,
        -0.033,
        0.048,
        0.033,
        0.025,
        -0.018,
        -0.07,
        0.022,
        -0.117,
        -0.119,
        1.0
      ]
    ]
  },
  "factor_correlation": {
    "factors": [
      "Market",
      "Size",
      "Value (SMID)",
      "Momentum",
      "Quality",
      "Profitability",
      "Liquidity",
      "Credit"
    ],
    "matrix": [
      [
        1.0,
        0.322,
        -0.5,
        0.396,
        -0.257,
        -0.537,
        0.299,
        0.188
      ],
      [
        0.322,
        1.0,
        -0.151,
        0.238,
        0.15,
        0.146,
        0.323,
        0.035
      ],
      [
        -0.5,
        -0.151,
        1.0,
        -0.55,
        0.316,
        0.605,
        -0.363,
        -0.145
      ],
      [
        0.396,
        0.238,
        -0.55,
        1.0,
        -0.251,
        -0.556,
        0.24,
        0.049
      ],
      [
        -0.257,
        0.15,
        0.316,
        -0.251,
        1.0,
        0.453,
        -0.222,
        -0.13
      ],
      [
        -0.537,
        0.146,
        0.605,
        -0.556,
        0.453,
        1.0,
        -0.257,
        -0.113
      ],
      [
        0.299,
        0.323,
        -0.363,
        0.24,
        -0.222,
        -0.257,
        1.0,
        0.166
      ],
      [
        0.188,
        0.035,
        -0.145,
        0.049,
        -0.13,
        -0.113,
        0.166,
        1.0
      ]
    ]
  },
  "factor_exposures": [
    {
      "ticker": "CEG",
      "r_squared": 0.24295911905242273,
      "alpha_annual": -0.4084247352367206,
      "idio_vol_annual": 0.40595621319012204,
      "Market": 0.7119368879204029,
      "Size": 0.3733441140680993,
      "Value (SMID)": -0.4988799416593502,
      "Momentum": 0.4486702317021872,
      "Quality": -0.7756864901690083,
      "Profitability": -0.6113856211846169,
      "Liquidity": -0.3644269853160367,
      "Credit": -0.92586491267252
    },
    {
      "ticker": "CMI",
      "r_squared": 0.49127510922430984,
      "alpha_annual": 0.34639733470610024,
      "idio_vol_annual": 0.2465683200145536,
      "Market": 1.1258480783213713,
      "Size": 0.8234575751492176,
      "Value (SMID)": 0.4249927393655756,
      "Momentum": 0.7776286568312715,
      "Quality": -0.10781680972330687,
      "Profitability": -0.19036724811515296,
      "Liquidity": -0.38801654291058846,
      "Credit": 0.8556251205679378
    },
    {
      "ticker": "CRWV",
      "r_squared": 0.2757904184582931,
      "alpha_annual": -0.9463651213774285,
      "idio_vol_annual": 0.7995123667140551,
      "Market": 1.086677258013134,
      "Size": 0.5707237810231482,
      "Value (SMID)": -1.974661336449225,
      "Momentum": 0.44566503355734954,
      "Quality": -3.8692558414986147,
      "Profitability": -0.260408965819823,
      "Liquidity": 0.5457111180699766,
      "Credit": 1.8893799799179702
    },
    {
      "ticker": "ESI",
      "r_squared": 0.5276332400225628,
      "alpha_annual": 0.1956166162227545,
      "idio_vol_annual": 0.2883049728123934,
      "Market": 1.6225030039278834,
      "Size": 1.035845687556832,
      "Value (SMID)": -0.1629617545263429,
      "Momentum": 0.7632720564239042,
      "Quality": 0.13830559788381808,
      "Profitability": 0.23741091447809348,
      "Liquidity": -0.8104049442102621,
      "Credit": 0.24199431562690468
    },
    {
      "ticker": "GENC",
      "r_squared": 0.3250903286318182,
      "alpha_annual": -0.41044101719232157,
      "idio_vol_annual": 0.3234451393538638,
      "Market": 1.2968564194125418,
      "Size": 1.224068543910997,
      "Value (SMID)": 1.133586376966781,
      "Momentum": -0.0867397046742665,
      "Quality": -0.7200926864390504,
      "Profitability": 0.08730108872606102,
      "Liquidity": -0.1464104121126657,
      "Credit": 0.6595072706618577
    },
    {
      "ticker": "GRPN",
      "r_squared": 0.1562944418538429,
      "alpha_annual": -0.9341586787881551,
      "idio_vol_annual": 0.6689684999399502,
      "Market": 1.8564131214635335,
      "Size": 0.39304728217489804,
      "Value (SMID)": -0.8032729786631141,
      "Momentum": 0.48081535270970344,
      "Quality": -1.9828520688900744,
      "Profitability": 1.6972301820922513,
      "Liquidity": -0.2176880380370686,
      "Credit": 1.1743598367132158
    },
    {
      "ticker": "JAKK",
      "r_squared": 0.26977311562168294,
      "alpha_annual": -0.21628426253013056,
      "idio_vol_annual": 0.3519634824799915,
      "Market": 1.242928106357851,
      "Size": 1.0551407573065763,
      "Value (SMID)": 0.8790997768077791,
      "Momentum": -0.28872425465564244,
      "Quality": 1.3284034708885535,
      "Profitability": -0.35003488509831215,
      "Liquidity": 0.27476870400409614,
      "Credit": -0.5009699886698038
    },
    {
      "ticker": "KSPI",
      "r_squared": 0.21204301654315993,
      "alpha_annual": -0.14518271155036405,
      "idio_vol_annual": 0.3230885796819411,
      "Market": 1.177149522556935,
      "Size": 0.47478845501228945,
      "Value (SMID)": -0.29577451114934095,
      "Momentum": -0.4102369542989618,
      "Quality": 0.025194156529088428,
      "Profitability": 0.09846956186931391,
      "Liquidity": -0.10980828266494463,
      "Credit": 0.511273993175746
    },
    {
      "ticker": "OPEN",
      "r_squared": 0.11924964486240774,
      "alpha_annual": 1.5073356748707762,
      "idio_vol_annual": 1.3431550554109057,
      "Market": 2.9930855600773496,
      "Size": 1.299303269433416,
      "Value (SMID)": -1.5037505367777837,
      "Momentum": -1.6708612234964118,
      "Quality": 0.666335611670779,
      "Profitability": 0.8500559277639366,
      "Liquidity": 1.593921401281197,
      "Credit": -2.885334126239995
    },
    {
      "ticker": "PYPL",
      "r_squared": 0.2949305206044307,
      "alpha_annual": -0.6516411405815784,
      "idio_vol_annual": 0.3381661146519419,
      "Market": 1.7952667681674126,
      "Size": -0.3483893825979312,
      "Value (SMID)": -0.9195764069331258,
      "Momentum": -0.8140663578059665,
      "Quality": 1.4279107172287768,
      "Profitability": 0.7025644432690584,
      "Liquidity": 0.33601871810684636,
      "Credit": -0.058466910630190466
    },
    {
      "ticker": "TENB",
      "r_squared": 0.16231324997495078,
      "alpha_annual": -0.28258267440390183,
      "idio_vol_annual": 0.41158739870945166,
      "Market": 1.4963946646765345,
      "Size": -0.14496871261002908,
      "Value (SMID)": -0.913393133170277,
      "Momentum": -0.40937597750053845,
      "Quality": -0.3893167818534549,
      "Profitability": 1.4438749746833206,
      "Liquidity": -0.00015861117112486722,
      "Credit": -0.33081118637093965
    },
    {
      "ticker": "VIA",
      "r_squared": 0.11577511282542707,
      "alpha_annual": -1.3691284017256045,
      "idio_vol_annual": 0.6845431937308228,
      "Market": 1.0581392934285125,
      "Size": 0.4096215509024128,
      "Value (SMID)": -1.4069009672346877,
      "Momentum": -1.0654518852635344,
      "Quality": -1.316052367892769,
      "Profitability": 0.6359146335690649,
      "Liquidity": 0.7867716067577583,
      "Credit": -0.8632985689728
    },
    {
      "ticker": "VST",
      "r_squared": 0.2928638650348878,
      "alpha_annual": -0.38436334385637705,
      "idio_vol_annual": 0.4133355674265775,
      "Market": 0.6437516373196467,
      "Size": 0.786523985506824,
      "Value (SMID)": -0.7138387281271152,
      "Momentum": 0.5438395433145948,
      "Quality": -1.6814269150883314,
      "Profitability": -0.47903383477644224,
      "Liquidity": -0.7070448436609813,
      "Credit": -0.8600095468646699
    },
    {
      "ticker": "XNET",
      "r_squared": 0.17265582848843508,
      "alpha_annual": -0.1435259864773144,
      "idio_vol_annual": 0.6733255663306621,
      "Market": 1.8280554706798746,
      "Size": 0.15715659650455804,
      "Value (SMID)": -0.7233902899085057,
      "Momentum": -0.3663017678461262,
      "Quality": 0.38890755403529653,
      "Profitability": 0.6464574405708804,
      "Liquidity": 1.1998489455403316,
      "Credit": 2.483041350698336
    },
    {
      "ticker": "ZS",
      "r_squared": 0.09942076598851923,
      "alpha_annual": -0.921630528185888,
      "idio_vol_annual": 0.5969698258054549,
      "Market": 1.351593166551275,
      "Size": -0.38814425183737156,
      "Value (SMID)": -1.1764881697399745,
      "Momentum": -0.9579873085104054,
      "Quality": -0.8664653629117297,
      "Profitability": 0.9530295276244859,
