{
  "generated_at": "2026-06-16T18:12:52.019221Z",
  "market_session": "OPEN",
  "fund_name": "Convex Capital",
  "tagline": "Lose small. Win big. \u2014 Paper-traded portfolio. Hypothetical performance for educational purposes only.",
  "summary": {
    "nav": 1005096.4383085442,
    "cash": 359.3200000000179,
    "equity": 1004737.1183085442,
    "deposits": 1000000.0,
    "total_return": 0.005096438308544116,
    "realized_pnl": 0.0,
    "open_positions": 16
  },
  "metrics": {
    "annualized_return": -0.22927628414341472,
    "annualized_vol": 0.28625144294272387,
    "sharpe": -0.9554407154953388,
    "sortino": -1.2867525910756856,
    "max_drawdown": -0.41471938265913144,
    "var_95_1d": -0.035498075341203174,
    "risk_free_rate": 0.04421999931335449,
    "method": "Synthetic: current weights \u00d7 each holding's 252-day return history.",
    "beta_spy": 1.5129146712379729,
    "data_basis": "synthetic_252d",
    "days_of_live_nav": 12
  },
  "nav_curve": [
    {
      "date": "2026-06-01",
      "value": 999535.5476397705
    },
    {
      "date": "2026-06-02",
      "value": 1003670.4372289658
    },
    {
      "date": "2026-06-03",
      "value": 989912.289704628
    },
    {
      "date": "2026-06-04",
      "value": 1000539.2173751069
    },
    {
      "date": "2026-06-05",
      "value": 965555.7467515564
    },
    {
      "date": "2026-06-08",
      "value": 964274.7760765648
    },
    {
      "date": "2026-06-09",
      "value": 967825.7974829102
    },
    {
      "date": "2026-06-10",
      "value": 956183.703109684
    },
    {
      "date": "2026-06-11",
      "value": 978161.2303819085
    },
    {
      "date": "2026-06-12",
      "value": 984267.0327100182
    },
    {
      "date": "2026-06-15",
      "value": 993365.3049047661
    },
    {
      "date": "2026-06-16",
      "value": 1005063.7198537064
    }
  ],
  "drawdown_curve": [
    {
      "date": "2026-06-01",
      "value": 0.0
    },
    {
      "date": "2026-06-02",
      "value": 0.0
    },
    {
      "date": "2026-06-03",
      "value": -0.01370783378089986
    },
    {
      "date": "2026-06-04",
      "value": -0.0031197689378038426
    },
    {
      "date": "2026-06-05",
      "value": -0.03797530450596938
    },
    {
      "date": "2026-06-08",
      "value": -0.03925159065277294
    },
    {
      "date": "2026-06-09",
      "value": -0.03571355538279983
    },
    {
      "date": "2026-06-10",
      "value": -0.04731307444940582
    },
    {
      "date": "2026-06-11",
      "value": -0.02541591931061127
    },
    {
      "date": "2026-06-12",
      "value": -0.0193324459894609
    },
    {
      "date": "2026-06-15",
      "value": -0.010267446307027936
    },
    {
      "date": "2026-06-16",
      "value": 0.0
    }
  ],
  "benchmarks": {
    "SPY": [
      {
        "date": "2026-06-01",
        "value": 0.0
      },
      {
        "date": "2026-06-02",
        "value": 0.0013579103629497435
      },
      {
        "date": "2026-06-03",
        "value": -0.005668768842152949
      },
      {
        "date": "2026-06-04",
        "value": -0.0019115026417536596
      },
      {
        "date": "2026-06-05",
        "value": -0.027671567540792585
      },
      {
        "date": "2026-06-08",
        "value": -0.02546999220062507
      },
      {
        "date": "2026-06-09",
        "value": -0.028330728579740505
      },
      {
        "date": "2026-06-10",
        "value": -0.04364962468776956
      },
      {
        "date": "2026-06-11",
        "value": -0.02739469093739666
      },
      {
        "date": "2026-06-12",
        "value": -0.022134598720831677
      },
      {
        "date": "2026-06-15",
        "value": -0.004890923412037007
      },
      {
        "date": "2026-06-16",
        "value": -0.008476801305190351
      }
    ],
    "IWM": [
      {
        "date": "2026-06-01",
        "value": 0.0
      },
      {
        "date": "2026-06-02",
        "value": 0.009273902616242058
      },
      {
        "date": "2026-06-03",
        "value": -0.004533265755123028
      },
      {
        "date": "2026-06-04",
        "value": 0.010485102307313143
      },
      {
        "date": "2026-06-05",
        "value": -0.025365222965751943
      },
      {
        "date": "2026-06-08",
        "value": -0.016852527916236926
      },
      {
        "date": "2026-06-09",
        "value": -0.013703535746163342
      },
      {
        "date": "2026-06-10",
        "value": -0.023981055236295123
      },
      {
        "date": "2026-06-11",
        "value": 0.00494832553389335
      },
      {
        "date": "2026-06-12",
        "value": 0.01373793881377372
      },
      {
        "date": "2026-06-15",
        "value": 0.022010765090349826
      },
      {
        "date": "2026-06-16",
        "value": 0.01885425717319844
      }
    ]
  },
  "holdings": [
    {
      "ticker": "GRPN",
      "company": "Groupon, Inc.",
      "sector": "Communication Services",
      "country": "United States",
      "shares": 11310.0,
      "price": 17.219999313354492,
      "cost_basis": 17.682836427939876,
      "market_value": 194758.1922340393,
      "unrealized_pnl": -5234.687765960685,
      "short_percent_of_float": 0.56310004,
      "short_ratio": 5.75
    },
    {
      "ticker": "TENB",
      "company": "Tenable Holdings, Inc.",
      "sector": "Technology",
      "country": "United States",
      "shares": 4766.0,
      "price": 26.90999984741211,
      "cost_basis": 26.224616030214015,
      "market_value": 128253.05927276611,
      "unrealized_pnl": 3266.5392727661156,
      "short_percent_of_float": 0.129,
      "short_ratio": 3.05
    },
    {
      "ticker": "KSPI",
      "company": "Joint Stock Company Kaspi.kz",
      "sector": "Technology",
      "country": "Kazakhstan",
      "shares": 1515.0,
      "price": 84.31999969482422,
      "cost_basis": 82.53049504950495,
      "market_value": 127744.79953765869,
      "unrealized_pnl": 2711.0995376586925,
      "short_percent_of_float": 0.0159,
      "short_ratio": 3.24
    },
    {
      "ticker": "CMI",
      "company": "Cummins Inc.",
      "sector": "Industrials",
      "country": "United States",
      "shares": 114.0,
      "price": 706.030029296875,
      "cost_basis": 653.737894736842,
      "market_value": 80487.42333984375,
      "unrealized_pnl": 5961.303339843761,
      "short_percent_of_float": 0.0171,
      "short_ratio": 2.07
    },
    {
      "ticker": "JAKK",
      "company": "JAKKS Pacific, Inc.",
      "sector": "Consumer Cyclical",
      "country": "United States",
      "shares": 3436.0,
      "price": 22.200000762939453,
      "cost_basis": 21.83,
      "market_value": 76279.20262145996,
      "unrealized_pnl": 1271.3226214599667,
      "short_percent_of_float": 0.039100002,
      "short_ratio": 7.32
    },
    {
      "ticker": "VIA",
      "company": "Via Transportation, Inc.",
      "sector": "Technology",
      "country": "United States",
      "shares": 4921.0,
      "price": 14.270000457763672,
      "cost_basis": 15.241408250355619,
      "market_value": 70222.67225265503,
      "unrealized_pnl": -4780.297747344971,
      "short_percent_of_float": 0.13520001,
      "short_ratio": 6.88
    },
    {
      "ticker": "ZS",
      "company": "Zscaler, Inc.",
      "sector": "Technology",
      "country": "United States",
      "shares": 549.0,
      "price": 126.05999755859375,
      "cost_basis": 136.8013843351548,
      "market_value": 69206.93865966797,
      "unrealized_pnl": -5897.02134033202,
      "short_percent_of_float": 0.114700004,
      "short_ratio": 2.09
    },
    {
      "ticker": "XNET",
      "company": "Xunlei Limited",
      "sector": "Technology",
      "country": "China",
      "shares": 10526.0,
      "price": 5.510000228881836,
      "cost_basis": 4.75,
      "market_value": 57998.262409210205,
      "unrealized_pnl": 7999.762409210205,
      "short_percent_of_float": 0.0377,
      "short_ratio": 6.03
    },
    {
      "ticker": "CRWV",
      "company": "CoreWeave, Inc.",
      "sector": "Technology",
      "country": "United States",
      "shares": 468.0,
      "price": 119.12999725341797,
      "cost_basis": 106.78134615384614,
      "market_value": 55752.83871459961,
      "unrealized_pnl": 5779.168714599614,
      "short_percent_of_float": 0.18190001,
      "short_ratio": 1.91
    },
    {
      "ticker": "PYPL",
      "company": "PayPal Holdings, Inc.",
      "sector": "Financial Services",
      "country": "United States",
      "shares": 830.0,
      "price": 43.35499954223633,
      "cost_basis": 45.19,
      "market_value": 35984.64962005615,
      "unrealized_pnl": -1523.0503799438457,
      "short_percent_of_float": 0.0626,
      "short_ratio": 3.16
    },
    {
      "ticker": "BABA",
      "company": "Alibaba Group Holding Limited",
      "sector": "Consumer Cyclical",
      "country": "China",
      "shares": 299.0,
      "price": 110.08000183105469,
      "cost_basis": 125.39999999999999,
      "market_value": 32913.92054748535,
      "unrealized_pnl": -4580.679452514646,
      "short_percent_of_float": 0.0165,
      "short_ratio": 3.21
    },
    {
      "ticker": "ZTS",
      "company": "Zoetis Inc.",
      "sector": "Healthcare",
      "country": "United States",
      "shares": 312.0,
      "price": 78.57499694824219,
      "cost_basis": 80.09,
      "market_value": 24515.399047851562,
      "unrealized_pnl": -472.68095214843856,
      "short_percent_of_float": 0.0363,
      "short_ratio": 1.45
    },
    {
      "ticker": "GENC",
      "company": "Gencor Industries, Inc.",
      "sector": "Industrials",
      "country": "United States",
      "shares": 873.0,
      "price": 14.90999984741211,
      "cost_basis": 14.32,
      "market_value": 13016.429866790771,
      "unrealized_pnl": 515.0698667907712,
      "short_percent_of_float": 0.0064,
      "short_ratio": 2.39
    },
    {
      "ticker": "VST",
      "company": "Vistra Corp.",
      "sector": "Utilities",
      "country": "United States",
      "shares": 81.0,
      "price": 160.44000244140625,
      "cost_basis": 154.76,
      "market_value": 12995.640197753906,
      "unrealized_pnl": 460.080197753907,
      "short_percent_of_float": 0.0539,
      "short_ratio": 2.73
    },
    {
      "ticker": "CEG",
      "company": "Constellation Energy Corporation",
      "sector": "Utilities",
      "country": "United States",
      "shares": 47.0,
      "price": 270.0400085449219,
      "cost_basis": 265.7,
      "market_value": 12691.880401611328,
      "unrealized_pnl": 203.98040161132866,
      "short_percent_of_float": 0.036,
      "short_ratio": 3.46
    },
    {
      "ticker": "OPEN",
      "company": "Opendoor Technologies Inc.",
      "sector": "Real Estate",
      "country": "United States",
      "shares": 2417.0,
      "price": 4.929999828338623,
      "cost_basis": 5.171402565163425,
      "market_value": 11915.809585094452,
      "unrealized_pnl": -583.4704149055464,
      "short_percent_of_float": 0.16149999,
      "short_ratio": 3.77
    }
  ],
  "sector_exposure": [
    {
      "name": "Technology",
      "value": 509178.5708465576,
      "pct": 0.5065967318553467
    },
    {
      "name": "Communication Services",
      "value": 194758.1922340393,
      "pct": 0.1937706520598101
    },
    {
      "name": "Consumer Cyclical",
      "value": 109193.12316894531,
      "pct": 0.10863944891965206
    },
    {
      "name": "Industrials",
      "value": 93503.85320663452,
      "pct": 0.09302973291198822
    },
    {
      "name": "Financial Services",
      "value": 35984.64962005615,
      "pct": 0.03580218598785801
    },
    {
      "name": "Utilities",
      "value": 25687.520599365234,
      "pct": 0.025557269551759854
    },
    {
      "name": "Healthcare",
      "value": 24515.399047851562,
      "pct": 0.02439109135548029
    },
    {
      "name": "Real Estate",
      "value": 11915.809585094452,
      "pct": 0.011855389324776953
    },
    {
      "name": "Cash",
      "value": 359.3200000000179,
      "pct": 0.0003574980333277372
    }
  ],
  "geographic_exposure": [
    {
      "name": "United States",
      "value": 786080.1358141899,
      "pct": 0.782094240764665
    },
    {
      "name": "Kazakhstan",
      "value": 127744.79953765869,
      "pct": 0.1270970572263073
    },
    {
      "name": "China",
      "value": 90912.18295669556,
      "pct": 0.09045120397569985
    },
    {
      "name": "Cash",
      "value": 359.3200000000179,
      "pct": 0.0003574980333277372
    }
  ],
  "signals": [
    {
      "ticker": "BABA",
      "label": "STRONG SELL",
      "composite": -2.5,
      "rsi": 27.8,
      "subs": {
        "rsi": -0.5,
        "macd": -0.5,
        "trend": -0.5,
        "bb": -0.5,
        "vol": 0.0,
        "range": -0.5
      }
    },
    {
      "ticker": "CEG",
      "label": "BUY",
      "composite": 1.0,
      "rsi": 49.3,
      "subs": {
        "rsi": 0.5,
        "macd": 0.5,
        "trend": -0.5,
        "bb": 0.5,
        "vol": 0.0,
        "range": 0.0
      }
    },
    {
      "ticker": "CMI",
      "label": "STRONG BUY",
      "composite": 2.0,
      "rsi": 59.9,
      "subs": {
        "rsi": 0.5,
        "macd": 0.5,
        "trend": 0.5,
        "bb": 0.0,
        "vol": 0.0,
        "range": 0.5
      }
    },
    {
      "ticker": "CRWV",
      "label": "BUY",
      "composite": 1.5,
      "rsi": 58.6,
      "subs": {
        "rsi": 0.5,
        "macd": -0.5,
        "trend": 0.5,
        "bb": 0.5,
        "vol": 0.0,
        "range": 0.5
      }
    },
    {
      "ticker": "GENC",
      "label": "STRONG BUY",
      "composite": 2.0,
      "rsi": 52.9,
      "subs": {
        "rsi": 0.5,
        "macd": 0.5,
        "trend": 0.5,
        "bb": 0.5,
        "vol": 0.0,
        "range": 0.0
      }
    },
    {
      "ticker": "GRPN",
      "label": "SELL",
      "composite": -1.5,
      "rsi": 50.0,
      "subs": {
        "rsi": 0.5,
        "macd": -0.5,
        "trend": 0.0,
        "bb": -0.5,
        "vol": -0.5,
        "range": -0.5
      }
    },
    {
      "ticker": "JAKK",
      "label": "BUY",
      "composite": 1.5,
      "rsi": 53.9,
      "subs": {
        "rsi": 0.5,
        "macd": 0.5,
        "trend": 0.5,
        "bb": 0.5,
        "vol": -0.5,
        "range": 0.0
      }
    },
    {
      "ticker": "KSPI",
      "label": "LEAN BEAR",
      "composite": -0.5,
      "rsi": 48.9,
      "subs": {
        "rsi": 0.5,
        "macd": -0.5,
        "trend": 0.0,
        "bb": -0.5,
        "vol": 0.0,
        "range": 0.0
      }
    },
    {
      "ticker": "OPEN",
      "label": "BUY",
      "composite": 1.5,
      "rsi": 54.4,
      "subs": {
        "rsi": 0.5,
        "macd": 0.5,
        "trend": 0.0,
        "bb": 0.5,
        "vol": 0.0,
        "range": 0.0
      }
    },
    {
      "ticker": "PYPL",
      "label": "BUY",
      "composite": 1.0,
      "rsi": 48.6,
      "subs": {
        "rsi": 0.5,
        "macd": 0.5,
        "trend": -0.5,
        "bb": 0.5,
        "vol": 0.0,
        "range": 0.0
      }
    },
    {
      "ticker": "TENB",
      "label": "SELL",
      "composite": -1.0,
      "rsi": 55.9,
      "subs": {
        "rsi": 0.5,
        "macd": -0.5,
        "trend": 0.0,
        "bb": -0.5,
        "vol": -0.5,
        "range": 0.0
      }
    },
    {
      "ticker": "VIA",
      "label": "STRONG SELL",
      "composite": -2.0,
      "rsi": 43.8,
      "subs": {
        "rsi": 0.0,
        "macd": -0.5,
        "trend": -0.5,
        "bb": -0.5,
        "vol": 0.0,
        "range": -0.5
      }
    },
    {
      "ticker": "VST",
      "label": "STRONG BUY",
      "composite": 2.0,
      "rsi": 58.0,
      "subs": {
        "rsi": 0.5,
        "macd": 0.5,
        "trend": 0.0,
        "bb": 0.5,
        "vol": 0.0,
        "range": 0.5
      }
    },
    {
      "ticker": "XNET",
      "label": "BUY",
      "composite": 1.5,
      "rsi": 50.4,
      "subs": {
        "rsi": 0.5,
        "macd": 0.5,
        "trend": -0.5,
        "bb": 0.5,
        "vol": 0.5,
        "range": 0.0
      }
    },
    {
      "ticker": "ZS",
      "label": "STRONG SELL",
      "composite": -2.5,
      "rsi": 41.1,
      "subs": {
        "rsi": 0.0,
        "macd": -0.5,
        "trend": -0.5,
        "bb": -0.5,
        "vol": -0.5,
        "range": -0.5
      }
    },
    {
      "ticker": "ZTS",
      "label": "SELL",
      "composite": -1.0,
      "rsi": 35.8,
      "subs": {
        "rsi": 0.0,
        "macd": 0.5,
        "trend": -0.5,
        "bb": -0.5,
        "vol": -0.5,
        "range": 0.0
      }
    }
  ],
  "volatility": [
    {
      "ticker": "BABA",
      "hv20": 0.2925003033790517,
      "garch": 0.40989570384527085,
      "expansion": 0.40135138018672833,
      "regime": "LOW",
      "signal": "SIGNAL"
    },
    {
      "ticker": "CEG",
      "hv20": 0.5541733764328372,
      "garch": 0.5561046442209204,
      "expansion": 0.0034849523095365426,
      "regime": "HIGH",
      "signal": "WEAK"
    },
    {
      "ticker": "CMI",
      "hv20": 0.4982112444235481,
      "garch": 0.3978269293266922,
      "expansion": -0.20148946098758738,
      "regime": "EXTREME",
      "signal": "WEAK"
    },
    {
      "ticker": "CRWV",
      "hv20": 0.9783035786411122,
      "garch": 1.1358891231378492,
      "expansion": 0.1610804130100671,
      "regime": "NORMAL",
      "signal": "BASE"
    },
    {
      "ticker": "GENC",
      "hv20": 0.3557983437424894,
      "garch": 0.3779206853041285,
      "expansion": 0.06217662884246082,
      "regime": "NORMAL",
      "signal": "WEAK"
    },
    {
      "ticker": "GRPN",
      "hv20": 0.8240800826606675,
      "garch": 0.7816732936790838,
      "expansion": -0.05145954850002797,
      "regime": "HIGH",
      "signal": "WEAK"
    },
    {
      "ticker": "JAKK",
      "hv20": 0.22223219458938454,
      "garch": 0.46216621210753367,
      "expansion": 1.079654628626028,
      "regime": "LOW",
      "signal": "SIGNAL"
    },
    {
      "ticker": "KSPI",
      "hv20": 0.371444108893472,
      "garch": 0.5347568273808742,
      "expansion": 0.43966969613250556,
      "regime": "HIGH",
      "signal": "SIGNAL"
    },
    {
      "ticker": "OPEN",
      "hv20": 0.7609208686738047,
      "garch": 0.8253057693220602,
      "expansion": 0.0846144498053665,
      "regime": "NORMAL",
      "signal": "WEAK"
    },
    {
      "ticker": "PYPL",
      "hv20": 0.2751161405909346,
      "garch": 0.4134513492863374,
      "expansion": 0.5028247648366478,
      "regime": "NORMAL",
      "signal": "SIGNAL"
    },
    {
      "ticker": "TENB",
      "hv20": 0.6567499747872294,
      "garch": 0.4764564379062851,
      "expansion": -0.27452385809280755,
      "regime": "HIGH",
      "signal": "WEAK"
    },
    {
      "ticker": "VIA",
      "hv20": 0.7118896166775499,
      "garch": null,
      "expansion": null,
      "regime": "NORMAL",
      "signal": "WEAK"
    },
    {
      "ticker": "VST",
      "hv20": 0.5542271399407739,
      "garch": 0.5854350452476096,
      "expansion": 0.056308872405942914,
      "regime": "HIGH",
      "signal": "WEAK"
    },
    {
      "ticker": "XNET",
      "hv20": 0.6982462966808953,
      "garch": 0.6351336307309696,
      "expansion": -0.09038739804268342,
      "regime": "HIGH",
      "signal": "WEAK"
    },
    {
      "ticker": "ZS",
      "hv20": 1.525631566875199,
      "garch": 0.534231350258055,
      "expansion": -0.6498293809217198,
      "regime": "EXTREME",
      "signal": "WEAK"
    },
    {
      "ticker": "ZTS",
      "hv20": 0.2583685140136329,
      "garch": 0.32105522835857375,
      "expansion": 0.24262520758095601,
      "regime": "NORMAL",
      "signal": "SIGNAL"
    }
  ],
  "correlation": {
    "tickers": [
      "BABA",
      "CEG",
      "CMI",
      "CRWV",
      "GENC",
      "GRPN",
      "JAKK",
      "KSPI",
      "OPEN",
      "PYPL",
      "TENB",
      "VIA",
      "VST",
      "XNET",
      "ZS",
      "ZTS"
    ],
    "matrix": [
      [
        1.0,
        0.181,
        0.33,
        0.332,
        0.132,
        0.19,
        0.116,
        0.189,
        0.184,
        0.24,
        0.066,
        -0.033,
        0.221,
        0.462,
        0.041,
        0.078
      ],
      [
        0.181,
        1.0,
        0.328,
        0.231,
        0.153,
        0.09,
        0.088,
        0.06,
        0.19,
        0.134,
        0.056,
        0.003,
        0.796,
        0.252,
        0.041,
        0.117
      ],
      [
        0.33,
        0.328,
        1.0,
        0.378,
        0.358,
        0.2,
        0.144,
        0.249,
        0.194,
        0.083,
        -0.06,
        -0.004,
        0.353,
        0.316,
        -0.054,
        0.191
      ],
      [
        0.332,
        0.231,
        0.378,
        1.0,
        0.122,
        0.167,
        0.05,
        0.155,
        0.25,
        0.143,
        0.102,
        0.204,
        0.323,
        0.374,
        0.171,
        0.068
      ],
      [
        0.132,
        0.153,
        0.358,
        0.122,
        1.0,
        0.163,
        0.314,
        0.153,
        0.131,
        0.101,
        0.162,
        0.064,
        0.176,
        0.169,
        0.051,
        0.154
      ],
      [
        0.19,
        0.09,
        0.2,
        0.167,
        0.163,
        1.0,
        0.152,
        0.334,
        0.303,
        0.267,
        0.247,
        0.175,
        0.13,
        0.228,
        0.148,
        0.163
      ],
      [
        0.116,
        0.088,
        0.144,
        0.05,
        0.314,
        0.152,
        1.0,
        0.1,
        0.135,
        0.213,
        -0.032,
        0.146,
        0.059,
        0.196,
        -0.048,
        0.139
      ],
      [
        0.189,
        0.06,
        0.249,
        0.155,
        0.153,
        0.334,
        0.1,
        1.0,
        0.254,
        0.258,
        0.251,
        0.133,
        0.11,
        0.203,
        0.145,
        0.185
      ],
      [
        0.184,
        0.19,
        0.194,
        0.25,
        0.131,
        0.303,
        0.135,
        0.254,
        1.0,
        0.241,
        0.112,
        0.155,
        0.26,
        0.345,
        0.058,
        0.159
      ],
      [
        0.24,
        0.134,
        0.083,
        0.143,
        0.101,
        0.267,
        0.213,
        0.258,
        0.241,
        1.0,
        0.354,
        0.153,
        0.079,
        0.331,
        0.203,
        0.167
      ],
      [
        0.066,
        0.056,
        -0.06,
        0.102,
        0.162,
        0.247,
        -0.032,
        0.251,
        0.112,
        0.354,
        1.0,
        0.339,
        0.067,
        0.155,
        0.561,
        0.094
      ],
      [
        -0.033,
        0.003,
        -0.004,
        0.204,
        0.064,
        0.175,
        0.146,
        0.133,
        0.155,
        0.153,
        0.339,
        1.0,
        0.052,
        0.184,
        0.373,
        0.023
      ],
      [
        0.221,
        0.796,
        0.353,
        0.323,
        0.176,
        0.13,
        0.059,
        0.11,
        0.26,
        0.079,
        0.067,
        0.052,
        1.0,
        0.278,
        0.069,
        0.086
      ],
      [
        0.462,
        0.252,
        0.316,
        0.374,
        0.169,
        0.228,
        0.196,
        0.203,
        0.345,
        0.331,
        0.155,
        0.184,
        0.278,
        1.0,
        0.217,
        0.04
      ],
      [
        0.041,
        0.041,
        -0.054,
        0.171,
        0.051,
        0.148,
        -0.048,
        0.145,
        0.058,
        0.203,
        0.561,
        0.373,
        0.069,
        0.217,
        1.0,
        -0.037
      ],
      [
        0.078,
        0.117,
        0.191,
        0.068,
        0.154,
        0.163,
        0.139,
        0.185,
        0.159,
        0.167,
        0.094,
        0.023,
        0.086,
        0.04,
        -0.037,
        1.0
      ]
    ]
  },
  "residual_correlation": {
    "tickers": [
      "BABA",
      "CEG",
      "CMI",
      "CRWV",
      "GENC",
      "GRPN",
      "JAKK",
      "KSPI",
      "OPEN",
      "PYPL",
      "TENB",
      "VIA",
      "VST",
      "XNET",
      "ZS",
      "ZTS"
    ],
    "matrix": [
      [
        1.0,
        0.014,
        0.098,
        0.172,
        -0.073,
        0.02,
        -0.044,
        0.012,
        0.035,
        0.112,
        -0.051,
        -0.159,
        0.05,
        0.329,
        -0.052,
        -0.017
      ],
      [
        0.014,
        1.0,
        0.051,
        -0.004,
        0.035,
        -0.058,
        -0.014,
        -0.119,
        0.035,
        0.048,
        -0.023,
        -0.096,
        0.729,
        0.09,
        0.013,
        0.076
      ],
      [
        0.098,
        0.051,
        1.0,
        0.133,
        0.079,
        -0.057,
        -0.144,
        0.009,
        -0.06,
        -0.088,
        -0.277,
        -0.148,
        0.032,
        0.017,
        -0.141,
        0.065
      ],
      [
        0.172,
        -0.004,
        0.133,
        1.0,
        0.027,
        -0.031,
        -0.037,
        -0.051,
        0.056,
        -0.013,
        -0.02,
        0.085,
        0.083,
        0.139,
        0.111,
        0.03
      ],
      [
        -0.073,
        0.035,
        0.079,
        0.027,
        1.0,
        -0.026,
        0.064,
        -0.073,
        -0.069,
        0.004,
        0.085,
        -0.017,
        0.034,
        -0.035,
        0.002,
        -0.041
      ],
      [
        0.02,
        -0.058,
        -0.057,
        -0.031,
        -0.026,
        1.0,
        0.009,
        0.171,
        0.118,
        0.098,
        0.111,
        0.051,
        -0.034,
        0.006,
        0.045,
        0.036
      ],
      [
        -0.044,
        -0.014,
        -0.144,
        -0.037,
        0.064,
        0.009,
        1.0,
        -0.099,
        -0.035,
        0.098,
        -0.132,
        0.083,
        -0.053,
        0.026,
        -0.118,
        -0.046
      ],
      [
        0.012,
        -0.119,
        0.009,
        -0.051,
        -0.073,
        0.171,
        -0.099,
        1.0,
        0.08,
        0.087,
        0.146,
        0.004,
        -0.088,
        -0.008,
        0.051,
        0.054
      ],
      [
        0.035,
        0.035,
        -0.06,
        0.056,
        -0.069,
        0.118,
        -0.035,
        0.08,
        1.0,
        0.07,
        -0.021,
        0.029,
        0.108,
        0.168,
        -0.046,
        0.02
      ],
      [
        0.112,
        0.048,
        -0.088,
        -0.013,
        0.004,
        0.098,
        0.098,
        0.087,
        0.07,
        1.0,
        0.239,
        -0.001,
        -0.029,
        0.194,
        0.067,
        0.017
      ],
      [
        -0.051,
        -0.023,
        -0.277,
        -0.02,
        0.085,
        0.111,
        -0.132,
        0.146,
        -0.021,
        0.239,
        1.0,
        0.271,
        -0.028,
        0.02,
        0.521,
        -0.014
      ],
      [
        -0.159,
        -0.096,
        -0.148,
        0.085,
        -0.017,
        0.051,
        0.083,
        0.004,
        0.029,
        -0.001,
        0.271,
        1.0,
        -0.051,
        0.051,
        0.311,
        -0.065
      ],
      [
        0.05,
        0.729,
        0.032,
        0.083,
        0.034,
        -0.034,
        -0.053,
        -0.088,
        0.108,
        -0.029,
        -0.028,
        -0.051,
        1.0,
        0.098,
        0.041,
        0.032
      ],
      [
        0.329,
        0.09,
        0.017,
        0.139,
        -0.035,
        0.006,
        0.026,
        -0.008,
        0.168,
        0.194,
        0.02,
        0.051,
        0.098,
        1.0,
        0.14,
        -0.1
      ],
      [
        -0.052,
        0.013,
        -0.141,
        0.111,
        0.002,
        0.045,
        -0.118,
        0.051,
        -0.046,
        0.067,
        0.521,
        0.311,
        0.041,
        0.14,
        1.0,
        -0.117
      ],
      [
        -0.017,
        0.076,
        0.065,
        0.03,
        -0.041,
        0.036,
        -0.046,
        0.054,
        0.02,
        0.017,
        -0.014,
        -0.065,
        0.032,
        -0.1,
        -0.117,
        1.0
      ]
    ]
  },
  "factor_correlation": {
    "factors": [
      "Market",
      "Size",
      "Value (SMID)",
      "Momentum",
      "Quality",
      "Profitability",
      "Liquidity",
      "Credit"
    ],
    "matrix": [
      [
        1.0,
        0.335,
        -0.502,
        0.417,
        -0.238,
        -0.543,
        0.325,
        0.187
      ],
      [
        0.335,
        1.0,
        -0.144,
        0.238,
        0.15,
        0.165,
        0.328,
        0.037
      ],
      [
        -0.502,
        -0.144,
        1.0,
        -0.533,
        0.298,
        0.581,
        -0.377,
        -0.133
      ],
      [
        0.417,
        0.238,
        -0.533,
        1.0,
        -0.215,
        -0.516,
        0.29,
        0.023
      ],
      [
        -0.238,
        0.15,
        0.298,
        -0.215,
        1.0,
        0.424,
        -0.227,
        -0.13
      ],
      [
        -0.543,
        0.165,
        0.581,
        -0.516,
        0.424,
        1.0,
        -0.276,
        -0.089
      ],
      [
        0.325,
        0.328,
        -0.377,
        0.29,
        -0.227,
        -0.276,
        1.0,
        0.165
      ],
      [
        0.187,
        0.037,
        -0.133,
        0.023,
        -0.13,
        -0.089,
        0.165,
        1.0
      ]
    ]
  },
  "factor_exposures": [
    {
      "ticker": "BABA",
      "r_squared": 0.14915318069420824,
      "alpha_annual": -0.3592418879335131,
      "idio_vol_annual": 0.39793666557014373,
      "Market": 1.1874834072453495,
      "Size": 0.13827627276630194,
      "Value (SMID)": 0.24292986497872537,
      "Momentum": -0.15279216597566536,
      "Quality": -0.27075217757787434,
      "Profitability": -0.19365521027221155,
      "Liquidity": 0.21615863982048558,
      "Credit": 1.072399187211831
    },
    {
      "ticker": "CEG",
      "r_squared": 0.2546593826560911,
      "alpha_annual": -0.391335375034926,
      "idio_vol_annual": 0.40476896615485725,
      "Market": 0.6832146353426997,
      "Size": 0.4110716342691483,
      "Value (SMID)": -0.45722969844115646,
      "Momentum": 0.657660723534719,
      "Quality": -0.7752035380083824,
      "Profitability": -0.6658111467270973,
      "Liquidity": -0.46742077273921384,
      "Credit": -0.8015790116154071
    },
    {
      "ticker": "CMI",
      "r_squared": 0.4890698557862314,
      "alpha_annual": 0.3426425529940098,
      "idio_vol_annual": 0.24224928272452287,
      "Market": 1.1862568021235138,
      "Size": 0.8286252880644702,
      "Value (SMID)": 0.3655213011873437,
      "Momentum": 0.7415205786268371,
      "Quality": -0.011962630040232763,
      "Profitability": -0.15809393701012475,
      "Liquidity": -0.37726151688465953,
      "Credit": 0.8129002264964128
    },
    {
      "ticker": "CRWV",
      "r_squared": 0.27049725596272656,
      "alpha_annual": -0.6328922434903542,
      "idio_vol_annual": 0.8189959827274633,
      "Market": 0.6986966142467004,
      "Size": 0.8112050718689574,
      "Value (SMID)": -2.164444546339996,
      "Momentum": 0.9327965530769444,
      "Quality": -4.283696446457296,
      "Profitability": -0.2080188174681113,
      "Liquidity": 0.23525177810086237,
      "Credit": 1.8559068669480188
    },
    {
      "ticker": "GENC",
      "r_squared": 0.3314105726432399,
      "alpha_annual": -0.42444413915355167,
      "idio_vol_annual": 0.3263645581696839,
      "Market": 1.3561306921354042,
      "Size": 1.2305510449109098,
      "Value (SMID)": 1.1566904065303234,
      "Momentum": -0.07090399761499733,
      "Quality": -0.6969946250526561,
      "Profitability": 0.09857688937992942,
      "Liquidity": -0.19063280074722888,
      "Credit": 0.6480892225152279
    },
    {
      "ticker": "GRPN",
      "r_squared": 0.1645524533292061,
      "alpha_annual": -1.0864293382408652,
      "idio_vol_annual": 0.6265063192908497,
      "Market": 1.861580899604028,
      "Size": 0.373355783444839,
      "Value (SMID)": -0.8950354638106799,
      "Momentum": -0.20061245337026734,
      "Quality": -1.8278513650490054,
      "Profitability": 1.3337750023698118,
      "Liquidity": 0.20768421082873983,
      "Credit": 1.2431867912431052
    },
    {
      "ticker": "JAKK",
      "r_squared": 0.27227773077905704,
      "alpha_annual": -0.3019385625139689,
      "idio_vol_annual": 0.3567553252505039,
      "Market": 1.3221450654463325,
      "Size": 0.9971728751233949,
      "Value (SMID)": 0.8232500595603256,
      "Momentum": -0.3830396400128293,
      "Quality": 1.4010264932759617,
      "Profitability": -0.2945120240566224,
      "Liquidity": 0.35408935273540176,
      "Credit": -0.20731878782801536
    },
    {
      "ticker": "KSPI",
      "r_squared": 0.21580078833845096,
      "alpha_annual": -0.2432949917764689,
      "idio_vol_annual": 0.3240061434470871,
      "Market": 1.2340959719534021,
      "Size": 0.4398886521214539,
      "Value (SMID)": -0.3104914410624018,
      "Momentum": -0.589806006309624,
      "Quality": 0.044942469494098664,
      "Profitability": 0.08856350781098263,
      "Liquidity": -0.02581008723851158,
      "Credit": 0.3647369210860014
    },
    {
      "ticker": "OPEN",
      "r_squared": 0.12133949204819938,
      "alpha_annual": 1.533671266016144,
      "idio_vol_annual": 1.3452383245163102,
      "Market": 2.844771056026823,
      "Size": 1.443309947524982,
      "Value (SMID)": -1.6603257725239102,
      "Momentum": -1.9761662174443386,
      "Quality": 0.7747306212529194,
      "Profitability": 0.8749695118565576,
      "Liquidity": 1.8045698052136854,
      "Credit": -3.4882445919009943
    },
    {
      "ticker": "PYPL",
      "r_squared": 0.298914115801756,
      "alpha_annual": -0.6929116124070785,
      "idio_vol_annual": 0.33729354279286045,
      "Market": 1.873867489977441,
      "Size": -0.4112978909152636,
      "Value (SMID)": -0.9115909626031478,
      "Momentum": -0.920749368252916,
      "Quality": 1.4688666756999047,
      "Profitability": 0.7554607969119533,
      "Liquidity": 0.428433544643349,
      "Credit": -0.06280899755899558
    },
    {
      "ticker": "TENB",
      "r_squared": 0.14937057443184598,
      "alpha_annual": -0.36737228259868016,
      "idio_vol_annual": 0.40977640874066057,
      "Market": 1.5472014241413634,
      "Size": -0.16846290687180349,
      "Value (SMID)": -0.7803321744098799,
      "Momentum": -0.27061538824153475,
      "Quality": -0.3588916433670388,
      "Profitability": 1.3387395728849423,
      "Liquidity": -0.15694510625557717,
      "Credit": -0.2514143091625276
    },
    {
      "ticker": "VIA",
      "r_squared": 0.11776882448436776,
      "alpha_annual": -1.6695981826579256,
      "idio_vol_annual": 0.682409145941067,
      "Market": 1.2610759334489863,
      "Size": 0.26204356570633097,
      "Value (SMID)": -1.413305701995525,
      "Momentum": -1.152379530053066,
      "Quality": -1.3552460316832853,
      "Profitability": 0.6778591257799251,
      "Liquidity": 0.6721567174104077,
      "Credit": -0.7185707118298318
    },
    {
      "ticker": "VST",
      "r_squared": 0.2946295473862115,
      "alpha_annual": -0.38560026563689265,
      "idio_vol_annual": 0.4117855312183165,
      "Market": 0.560743437294757,
      "Size": 0.8265110488684773,
      "Value (SMID)": -0.6858048740828819,
      "Momentum": 0.7014222057474506,
      "Quality": -1.9477153360787378,
      "Profitability": -0.5348841376806537,
      "Liquidity": -0.8035561102271525,
      "Credit": -0.720648089244507
    },
    {
      "ticker": "XNET",
      "r_squared": 0.17654726292027167,
      "alpha_annual": -0.3813284544373952,
      "idio_vol_annual": 0.6742370671212815,
      "Market": 1.662791987207639,
      "Size": 0.29753385028307167,
      "Value (SMID)": -0.7519865189953463,
      "Momentum": -0.3539925319371554,
      "Quality": 0.2850291744630766,
      "Profitability": 0.4794251291301611,
      "Liquidity": 1.285191817189501,
      "Credit": 2.440388842496007
    },
    {
      "ticker": "ZS",
      "r_squared": 0.09162704938332489,
      "alpha_annual": -0.9981734557685074,
      "idio_vol_annual": 0.5979011365527147,
      "Market": 1.4151052895113452,
      "Size": -0.44516986291693145,
      "Value (SMID)": -1.0760196877690364,
      "Momentum": -0.9722495232162192,
      "Quality": -0.8484747108300328,
      "Profitability": 0.9018603991762535,
      "Liquidity": 0.2289188861135884,
      "Credit": 0.08253528536459907
    },
    {
      "ticker": "ZTS",
      "r_squared": 0.1689466181940178,
      "alpha_annual": -0.9410395848385128,
      "idio_vol_annual": 0.34355321306468534,
      "Market": 1.3707960109978443,
      "Size": 0.07591972236628508,
      "Value (SMID)": 0.030615530442307776,
      "Momentum": -0.21462574276338198,
      "Quality": 1.308435426369347,
      "Profitability": 0.8445890972050081,
      "Liquidity": 0.097130966069576,
      "Credit": -0.6894160249721641
    }
  ],
  "portfolio_factor_exposure": {
    "loadings": {
      "Market": 1.4376749098726986,
      "Size": 0.33931369303654213,
      "Value (SMID)": -0.6005004272449166,
      "Momentum": -0.2844762032813209,
      "Quality": -0.6225771072669757,
      "Profitability": 0.5689380110455492,
      "Liquidity": 0.1910198729752303,
      "Credit": 0.4675980300835688
    },
    "alpha_annual": -0.5832595701927489,
    "r_squared_weighted": 0.21046835685216103
  },
  "stress_tests": [
    {
      "scenario": "COVID Crash (Feb-Mar 2020)",
      "market_move": -0.339,
      "portfolio_impact": -0.5128780735496729,
      "stressed_nav": 489604.51329722046,
      "pnl": -515491.92501132376,
      "description": "Rapid 33.9% selloff in SPY over 23 trading days as COVID-19 spread."
    },
    {
      "scenario": "2022 Rate Shock (Jan-Oct)",
      "market_move": -0.252,
      "portfolio_impact": -0.3812544971519692,
      "stressed_nav": 621898.901131985,
      "pnl": -383197.5371765592,
      "description": "Grinding 9-month decline as the Fed hiked rates aggressively."
    },
    {
      "scenario": "GFC 2008-09",
      "market_move": -0.565,
      "portfolio_impact": -0.8547967892494546,
      "stressed_nav": 145943.22995633812,
      "pnl": -859153.208352206,
      "description": "Credit crisis bear market; SPY drew down 56.5% from Oct 2007 peak."
    },
    {
      "scenario": "Dot-Com Bust (2000-02)",
      "market_move": -0.491,
      "portfolio_impact": -0.7428411035778446,
      "stressed_nav": 258469.4908732642,
      "pnl": -746626.9474352801,
      "description": "Tech bubble burst; SPY -49.1% peak-to-trough over 30 months."
    },
    {
      "scenario": "Black Monday (Oct 1987)",
      "market_move": -0.204,
      "portfolio_impact": -0.3086345929325464,
      "stressed_nav": 694888.9082132344,
      "pnl": -310207.53009530983,
      "description": "Flash crash; -20.4% on a single trading day."
    },
    {
      "scenario": "Aug 2024 Yen Carry Unwind",
      "market_move": -0.084,
      "portfolio_impact": -0.12708483238398974,
      "stressed_nav": 877363.9259163578,
      "pnl": -127732.51239218644,
      "description": "Yen carry unwind shock; SPY -8.4% in one week."
    }
  ],
  "monte_carlo": {
    "horizon_days": 21,
    "n_paths": 10000,
    "current_nav": 1005096.4383085442,
    "terminal_return": {
      "p5": -0.15111029801666628,
      "p25": -0.07764046669935387,
      "p50": -0.023153399666666075,
      "p75": 0.03086329277759553,
      "p95": 0.11294674000135643,
      "prob_negative": 0.6165
    },
    "terminal_nav": {
