{
  "generated_at": "2026-06-19T12:33:23.397573Z",
  "market_session": "PRE",
  "fund_name": "Convex Capital",
  "tagline": "Lose small. Win big. \u2014 Paper-traded portfolio. Hypothetical performance for educational purposes only.",
  "summary": {
    "nav": 987002.235,
    "cash": 359.3200000000179,
    "equity": 986642.9149999999,
    "deposits": 1000000.0,
    "total_return": -0.01299776500000005,
    "realized_pnl": 0.0,
    "open_positions": 16
  },
  "metrics": {
    "annualized_return": -0.2469522909328642,
    "annualized_vol": 0.28390871487386793,
    "sharpe": -1.0278736633641947,
    "sortino": -1.305805043528672,
    "calmar": -0.5944434640510785,
    "max_drawdown": -0.4154344456071678,
    "var_95_1d": -0.03573228384942997,
    "risk_free_rate": 0.044869999885559085,
    "method": "Synthetic: current weights \u00d7 each holding's 252-day return history. Sortino uses Frank Sortino downside deviation (RMS of shortfalls vs MAR=RF).",
    "beta_spy": 1.506177344753292,
    "benchmark_annualized_return": 0.2314175531155307,
    "treynor": -0.19375028567185293,
    "jensens_alpha": -0.5727959892125654,
    "information_ratio": -1.7554622347996423,
    "tracking_error": 0.22143432445615502,
    "annualized_active_return": -0.388719594071151,
    "up_capture": 1.2238545037330921,
    "down_capture": 1.5315635056943369,
    "data_basis": "synthetic_252d",
    "days_of_live_nav": 14
  },
  "nav_curve": [
    {
      "date": "2026-06-01",
      "value": 999535.5476397705
    },
    {
      "date": "2026-06-02",
      "value": 1003670.4372289658
    },
    {
      "date": "2026-06-03",
      "value": 989912.289704628
    },
    {
      "date": "2026-06-04",
      "value": 1000539.2173751069
    },
    {
      "date": "2026-06-05",
      "value": 965555.7467515564
    },
    {
      "date": "2026-06-08",
      "value": 964274.7760765648
    },
    {
      "date": "2026-06-09",
      "value": 967825.7974829102
    },
    {
      "date": "2026-06-10",
      "value": 956183.703109684
    },
    {
      "date": "2026-06-11",
      "value": 978161.2303819085
    },
    {
      "date": "2026-06-12",
      "value": 984267.0327100182
    },
    {
      "date": "2026-06-15",
      "value": 1003568.5058687401
    },
    {
      "date": "2026-06-16",
      "value": 1002557.4686825944
    },
    {
      "date": "2026-06-17",
      "value": 985672.0383361054
    },
    {
      "date": "2026-06-18",
      "value": 987002.235
    }
  ],
  "drawdown_curve": [
    {
      "date": "2026-06-01",
      "value": 0.0
    },
    {
      "date": "2026-06-02",
      "value": 0.0
    },
    {
      "date": "2026-06-03",
      "value": -0.01370783378089986
    },
    {
      "date": "2026-06-04",
      "value": -0.0031197689378038426
    },
    {
      "date": "2026-06-05",
      "value": -0.03797530450596938
    },
    {
      "date": "2026-06-08",
      "value": -0.03925159065277294
    },
    {
      "date": "2026-06-09",
      "value": -0.03571355538279983
    },
    {
      "date": "2026-06-10",
      "value": -0.04731307444940582
    },
    {
      "date": "2026-06-11",
      "value": -0.02541591931061127
    },
    {
      "date": "2026-06-12",
      "value": -0.0193324459894609
    },
    {
      "date": "2026-06-15",
      "value": -0.00010155859577480553
    },
    {
      "date": "2026-06-16",
      "value": -0.0011088984043848464
    },
    {
      "date": "2026-06-17",
      "value": -0.01793257848916242
    },
    {
      "date": "2026-06-18",
      "value": -0.01660724637360553
    }
  ],
  "benchmarks": {
    "SPY": [
      {
        "date": "2026-06-01",
        "value": 0.0
      },
      {
        "date": "2026-06-02",
        "value": 0.0013579397972762752
      },
      {
        "date": "2026-06-03",
        "value": -0.005668771434361286
      },
      {
        "date": "2026-06-04",
        "value": -0.0019115061781299625
      },
      {
        "date": "2026-06-05",
        "value": -0.027671542654459702
      },
      {
        "date": "2026-06-08",
        "value": -0.025470023194608782
      },
      {
        "date": "2026-06-09",
        "value": -0.02833070775180091
      },
      {
        "date": "2026-06-10",
        "value": -0.04364962071587053
      },
      {
        "date": "2026-06-11",
        "value": -0.027394678792744487
      },
      {
        "date": "2026-06-12",
        "value": -0.022134588105308994
      },
      {
        "date": "2026-06-15",
        "value": -0.0048909388718152425
      },
      {
        "date": "2026-06-16",
        "value": -0.010823344076597685
      },
      {
        "date": "2026-06-17",
        "value": -0.023176054438276084
      },
      {
        "date": "2026-06-18",
        "value": -0.01302001035173972
      }
    ],
    "IWM": [
      {
        "date": "2026-06-01",
        "value": 0.0
      },
      {
        "date": "2026-06-02",
        "value": 0.009273902616242058
      },
      {
        "date": "2026-06-03",
        "value": -0.004533265755123028
      },
      {
        "date": "2026-06-04",
        "value": 0.010485102307313143
      },
      {
        "date": "2026-06-05",
        "value": -0.025365222965751943
      },
      {
        "date": "2026-06-08",
        "value": -0.016852527916236926
      },
      {
        "date": "2026-06-09",
        "value": -0.013703535746163342
      },
      {
        "date": "2026-06-10",
        "value": -0.023981055236295123
      },
      {
        "date": "2026-06-11",
        "value": 0.00494832553389335
      },
      {
        "date": "2026-06-12",
        "value": 0.01373793881377372
      },
      {
        "date": "2026-06-15",
        "value": 0.022010765090349826
      },
      {
        "date": "2026-06-16",
        "value": 0.013130856989941098
      },
      {
        "date": "2026-06-17",
        "value": 0.005499833171586088
      },
      {
        "date": "2026-06-18",
        "value": 0.02530595653654033
      }
    ]
  },
  "holdings": [
    {
      "ticker": "GRPN",
      "company": "Groupon, Inc.",
      "sector": "Communication Services",
      "country": "United States",
      "shares": 11310.0,
      "price": 16.19,
      "cost_basis": 17.682836427939876,
      "market_value": 183108.90000000002,
      "unrealized_pnl": -16883.979999999978,
      "short_percent_of_float": 0.56310004,
      "short_ratio": 5.75
    },
    {
      "ticker": "TENB",
      "company": "Tenable Holdings, Inc.",
      "sector": "Technology",
      "country": "United States",
      "shares": 4766.0,
      "price": 26.87,
      "cost_basis": 26.224616030214015,
      "market_value": 128062.42,
      "unrealized_pnl": 3075.9000000000074,
      "short_percent_of_float": 0.129,
      "short_ratio": 3.05
    },
    {
      "ticker": "KSPI",
      "company": "Joint Stock Company Kaspi.kz",
      "sector": "Technology",
      "country": "Kazakhstan",
      "shares": 1515.0,
      "price": 82.205,
      "cost_basis": 82.53049504950495,
      "market_value": 124540.575,
      "unrealized_pnl": -493.12500000000125,
      "short_percent_of_float": 0.0159,
      "short_ratio": 3.24
    },
    {
      "ticker": "CMI",
      "company": "Cummins Inc.",
      "sector": "Industrials",
      "country": "United States",
      "shares": 114.0,
      "price": 716.86,
      "cost_basis": 653.737894736842,
      "market_value": 81722.04000000001,
      "unrealized_pnl": 7195.920000000013,
      "short_percent_of_float": 0.0171,
      "short_ratio": 2.07
    },
    {
      "ticker": "JAKK",
      "company": "JAKKS Pacific, Inc.",
      "sector": "Consumer Cyclical",
      "country": "United States",
      "shares": 3436.0,
      "price": 22.15,
      "cost_basis": 21.83,
      "market_value": 76107.4,
      "unrealized_pnl": 1099.520000000001,
      "short_percent_of_float": 0.039100002,
      "short_ratio": 7.32
    },
    {
      "ticker": "VIA",
      "company": "Via Transportation, Inc.",
      "sector": "Technology",
      "country": "United States",
      "shares": 4921.0,
      "price": 15.29,
      "cost_basis": 15.241408250355619,
      "market_value": 75242.09,
      "unrealized_pnl": 239.11999999999594,
      "short_percent_of_float": 0.13520001,
      "short_ratio": 6.88
    },
    {
      "ticker": "ZS",
      "company": "Zscaler, Inc.",
      "sector": "Technology",
      "country": "United States",
      "shares": 549.0,
      "price": 124.85,
      "cost_basis": 136.8013843351548,
      "market_value": 68542.65,
      "unrealized_pnl": -6561.309999999992,
      "short_percent_of_float": 0.114700004,
      "short_ratio": 2.09
    },
    {
      "ticker": "CRWV",
      "company": "CoreWeave, Inc.",
      "sector": "Technology",
      "country": "United States",
      "shares": 468.0,
      "price": 117.95,
      "cost_basis": 106.78134615384614,
      "market_value": 55200.6,
      "unrealized_pnl": 5226.930000000006,
      "short_percent_of_float": 0.18190001,
      "short_ratio": 1.91
    },
    {
      "ticker": "XNET",
      "company": "Xunlei Limited",
      "sector": "Technology",
      "country": "China",
      "shares": 10526.0,
      "price": 4.96,
      "cost_basis": 4.75,
      "market_value": 52208.96,
      "unrealized_pnl": 2210.4599999999996,
      "short_percent_of_float": 0.0377,
      "short_ratio": 6.03
    },
    {
      "ticker": "PYPL",
      "company": "PayPal Holdings, Inc.",
      "sector": "Financial Services",
      "country": "United States",
      "shares": 830.0,
      "price": 42.51,
      "cost_basis": 45.19,
      "market_value": 35283.299999999996,
      "unrealized_pnl": -2224.3999999999996,
      "short_percent_of_float": 0.0626,
      "short_ratio": 3.16
    },
    {
      "ticker": "BABA",
      "company": "Alibaba Group Holding Limited",
      "sector": "Consumer Cyclical",
      "country": "China",
      "shares": 299.0,
      "price": 107.1,
      "cost_basis": 125.39999999999999,
      "market_value": 32022.899999999998,
      "unrealized_pnl": -5471.699999999999,
      "short_percent_of_float": 0.0165,
      "short_ratio": 3.21
    },
    {
      "ticker": "ZTS",
      "company": "Zoetis Inc.",
      "sector": "Healthcare",
      "country": "United States",
      "shares": 312.0,
      "price": 78.71,
      "cost_basis": 80.09,
      "market_value": 24557.519999999997,
      "unrealized_pnl": -430.560000000003,
      "short_percent_of_float": 0.0363,
      "short_ratio": 1.45
    },
    {
      "ticker": "VST",
      "company": "Vistra Corp.",
      "sector": "Utilities",
      "country": "United States",
      "shares": 81.0,
      "price": 163.75,
      "cost_basis": 154.76,
      "market_value": 13263.75,
      "unrealized_pnl": 728.1900000000007,
      "short_percent_of_float": 0.0539,
      "short_ratio": 2.73
    },
    {
      "ticker": "GENC",
      "company": "Gencor Industries, Inc.",
      "sector": "Industrials",
      "country": "United States",
      "shares": 873.0,
      "price": 15.0,
      "cost_basis": 14.32,
      "market_value": 13095.0,
      "unrealized_pnl": 593.6399999999998,
      "short_percent_of_float": 0.0064,
      "short_ratio": 2.39
    },
    {
      "ticker": "CEG",
      "company": "Constellation Energy Corporation",
      "sector": "Utilities",
      "country": "United States",
      "shares": 47.0,
      "price": 274.06,
      "cost_basis": 265.7,
      "market_value": 12880.82,
      "unrealized_pnl": 392.92000000000064,
      "short_percent_of_float": 0.036,
      "short_ratio": 3.46
    },
    {
      "ticker": "OPEN",
      "company": "Opendoor Technologies Inc.",
      "sector": "Real Estate",
      "country": "United States",
      "shares": 2417.0,
      "price": 4.47,
      "cost_basis": 5.171402565163425,
      "market_value": 10803.99,
      "unrealized_pnl": -1695.2899999999988,
      "short_percent_of_float": 0.16149999,
      "short_ratio": 3.77
    }
  ],
  "sector_exposure": [
    {
      "name": "Technology",
      "value": 503797.295,
      "pct": 0.5104317671580552
    },
    {
      "name": "Communication Services",
      "value": 183108.90000000002,
      "pct": 0.185520248593966
    },
    {
      "name": "Consumer Cyclical",
      "value": 108130.29999999999,
      "pct": 0.10955426053315877
    },
    {
      "name": "Industrials",
      "value": 94817.04000000001,
      "pct": 0.09606567912179045
    },
    {
      "name": "Financial Services",
      "value": 35283.299999999996,
      "pct": 0.03574794336711912
    },
    {
      "name": "Utilities",
      "value": 26144.57,
      "pct": 0.026488866056113846
    },
    {
      "name": "Healthcare",
      "value": 24557.519999999997,
      "pct": 0.02488091630309226
    },
    {
      "name": "Real Estate",
      "value": 10803.99,
      "pct": 0.010946267006173497
    },
    {
      "name": "Cash",
      "value": 359.3200000000179,
      "pct": 0.00036405186053101277
    }
  ],
  "geographic_exposure": [
    {
      "name": "United States",
      "value": 777870.48,
      "pct": 0.7881142032064395
    },
    {
      "name": "Kazakhstan",
      "value": 124540.575,
      "pct": 0.1261806413234718
    },
    {
      "name": "China",
      "value": 84231.86,
      "pct": 0.08534110360955768
    },
    {
      "name": "Cash",
      "value": 359.3200000000179,
      "pct": 0.00036405186053101277
    }
  ],
  "signals": [
    {
      "ticker": "BABA",
      "label": "STRONG SELL",
      "composite": -2.5,
      "rsi": 25.2,
      "subs": {
        "rsi": -0.5,
        "macd": -0.5,
        "trend": -0.5,
        "bb": -0.5,
        "vol": 0.0,
        "range": -0.5
      }
    },
    {
      "ticker": "CEG",
      "label": "BUY",
      "composite": 1.0,
      "rsi": 51.7,
      "subs": {
        "rsi": 0.5,
        "macd": 0.5,
        "trend": -0.5,
        "bb": 0.5,
        "vol": 0.0,
        "range": 0.0
      }
    },
    {
      "ticker": "CMI",
      "label": "STRONG BUY",
      "composite": 2.0,
      "rsi": 61.8,
      "subs": {
        "rsi": 0.5,
        "macd": 0.5,
        "trend": 0.5,
        "bb": 0.0,
        "vol": 0.0,
        "range": 0.5
      }
    },
    {
      "ticker": "CRWV",
      "label": "STRONG BUY",
      "composite": 2.0,
      "rsi": 58.1,
      "subs": {
        "rsi": 0.5,
        "macd": 0.5,
        "trend": 0.5,
        "bb": 0.5,
        "vol": 0.0,
        "range": 0.0
      }
    },
    {
      "ticker": "GENC",
      "label": "BUY",
      "composite": 1.5,
      "rsi": 54.5,
      "subs": {
        "rsi": 0.5,
        "macd": 0.5,
        "trend": 0.5,
        "bb": 0.5,
        "vol": -0.5,
        "range": 0.0
      }
    },
    {
      "ticker": "GRPN",
      "label": "STRONG SELL",
      "composite": -2.5,
      "rsi": 44.7,
      "subs": {
        "rsi": 0.0,
        "macd": -0.5,
        "trend": -0.5,
        "bb": -0.5,
        "vol": -0.5,
        "range": -0.5
      }
    },
    {
      "ticker": "JAKK",
      "label": "BUY",
      "composite": 1.0,
      "rsi": 53.0,
      "subs": {
        "rsi": 0.5,
        "macd": -0.5,
        "trend": 0.5,
        "bb": 0.5,
        "vol": 0.0,
        "range": 0.0
      }
    },
    {
      "ticker": "KSPI",
      "label": "STRONG SELL",
      "composite": -2.0,
      "rsi": 44.3,
      "subs": {
        "rsi": 0.0,
        "macd": -0.5,
        "trend": 0.0,
        "bb": -0.5,
        "vol": -0.5,
        "range": -0.5
      }
    },
    {
      "ticker": "OPEN",
      "label": "STRONG SELL",
      "composite": -2.0,
      "rsi": 44.7,
      "subs": {
        "rsi": 0.0,
        "macd": -0.5,
        "trend": -0.5,
        "bb": -0.5,
        "vol": 0.0,
        "range": -0.5
      }
    },
    {
      "ticker": "PYPL",
      "label": "LEAN BEAR",
      "composite": -0.5,
      "rsi": 44.8,
      "subs": {
        "rsi": 0.0,
        "macd": 0.5,
        "trend": -0.5,
        "bb": -0.5,
        "vol": 0.0,
        "range": 0.0
      }
    },
    {
      "ticker": "TENB",
      "label": "SELL",
      "composite": -1.0,
      "rsi": 55.7,
      "subs": {
        "rsi": 0.5,
        "macd": -0.5,
        "trend": 0.0,
        "bb": -0.5,
        "vol": -0.5,
        "range": 0.0
      }
    },
    {
      "ticker": "VIA",
      "label": "BUY",
      "composite": 1.0,
      "rsi": 51.5,
      "subs": {
        "rsi": 0.5,
        "macd": 0.5,
        "trend": -0.5,
        "bb": 0.5,
        "vol": 0.0,
        "range": 0.0
      }
    },
    {
      "ticker": "VST",
      "label": "STRONG BUY",
      "composite": 2.0,
      "rsi": 60.7,
      "subs": {
        "rsi": 0.5,
        "macd": 0.5,
        "trend": 0.0,
        "bb": 0.5,
        "vol": 0.0,
        "range": 0.5
      }
    },
    {
      "ticker": "XNET",
      "label": "LEAN BEAR",
      "composite": -0.5,
      "rsi": 40.5,
      "subs": {
        "rsi": 0.0,
        "macd": 0.5,
        "trend": -0.5,
        "bb": -0.5,
        "vol": 0.5,
        "range": -0.5
      }
    },
    {
      "ticker": "ZS",
      "label": "STRONG SELL",
      "composite": -2.5,
      "rsi": 40.5,
      "subs": {
        "rsi": 0.0,
        "macd": -0.5,
        "trend": -0.5,
        "bb": -0.5,
        "vol": -0.5,
        "range": -0.5
      }
    },
    {
      "ticker": "ZTS",
      "label": "SELL",
      "composite": -1.0,
      "rsi": 38.2,
      "subs": {
        "rsi": 0.0,
        "macd": 0.5,
        "trend": -0.5,
        "bb": -0.5,
        "vol": -0.5,
        "range": 0.0
      }
    }
  ],
  "volatility": [
    {
      "ticker": "BABA",
      "hv20": 0.2837647702573996,
      "garch": 0.40501686823107746,
      "expansion": 0.42729792660199345,
      "regime": "LOW",
      "signal": "SIGNAL"
    },
    {
      "ticker": "CEG",
      "hv20": 0.4840370330597951,
      "garch": 0.5450606059612452,
      "expansion": 0.12607211583728462,
      "regime": "NORMAL",
      "signal": "BASE"
    },
    {
      "ticker": "CMI",
      "hv20": 0.48325619835123157,
      "garch": 0.3443095897333465,
      "expansion": -0.2875216274347678,
      "regime": "HIGH",
      "signal": "WEAK"
    },
    {
      "ticker": "CRWV",
      "hv20": 0.8370949986253533,
      "garch": 0.9589987181166362,
      "expansion": 0.14562710288732902,
      "regime": "NORMAL",
      "signal": "BASE"
    },
    {
      "ticker": "GENC",
      "hv20": 0.3609283845098785,
      "garch": 0.3700345281637216,
      "expansion": 0.025229779769770002,
      "regime": "NORMAL",
      "signal": "WEAK"
    },
    {
      "ticker": "GRPN",
      "hv20": 0.8310476454059749,
      "garch": 0.7842955253726078,
      "expansion": -0.05625684675459031,
      "regime": "HIGH",
      "signal": "WEAK"
    },
    {
      "ticker": "JAKK",
      "hv20": 0.21961545269211458,
      "garch": 0.4704997532536673,
      "expansion": 1.142379998702891,
      "regime": "LOW",
      "signal": "SIGNAL"
    },
    {
      "ticker": "KSPI",
      "hv20": 0.3302630017823004,
      "garch": 0.3552005722939001,
      "expansion": 0.07550821732080615,
      "regime": "HIGH",
      "signal": "WEAK"
    },
    {
      "ticker": "OPEN",
      "hv20": 0.7715249381690683,
      "garch": 0.7786726987024278,
      "expansion": 0.00926445819149037,
      "regime": "NORMAL",
      "signal": "WEAK"
    },
    {
      "ticker": "PYPL",
      "hv20": 0.306728201147743,
      "garch": 0.4147495658883903,
      "expansion": 0.3521729150969597,
      "regime": "NORMAL",
      "signal": "SIGNAL"
    },
    {
      "ticker": "TENB",
      "hv20": 0.5832922655435604,
      "garch": 0.4113630649681493,
      "expansion": -0.29475652384177103,
      "regime": "HIGH",
      "signal": "WEAK"
    },
    {
      "ticker": "VIA",
      "hv20": 0.689490544976812,
      "garch": null,
      "expansion": null,
      "regime": "NORMAL",
      "signal": "WEAK"
    },
    {
      "ticker": "VST",
      "hv20": 0.5018513114061199,
      "garch": 0.5722766191273592,
      "expansion": 0.14033102259694605,
      "regime": "NORMAL",
      "signal": "BASE"
    },
    {
      "ticker": "XNET",
      "hv20": 0.7737622203412905,
      "garch": 0.8230417422624704,
      "expansion": 0.06368819855206129,
      "regime": "HIGH",
      "signal": "WEAK"
    },
    {
      "ticker": "ZS",
      "hv20": 1.5242830705467754,
      "garch": 0.38597153493061204,
      "expansion": -0.746784870613199,
      "regime": "EXTREME",
      "signal": "WEAK"
    },
    {
      "ticker": "ZTS",
      "hv20": 0.26984412755791587,
      "garch": 0.3255096738200504,
      "expansion": 0.20628778089746352,
      "regime": "NORMAL",
      "signal": "SIGNAL"
    }
  ],
  "correlation": {
    "tickers": [
      "BABA",
      "CEG",
      "CMI",
      "CRWV",
      "GENC",
      "GRPN",
      "JAKK",
      "KSPI",
      "OPEN",
      "PYPL",
      "TENB",
      "VIA",
      "VST",
      "XNET",
      "ZS",
      "ZTS"
    ],
    "matrix": [
      [
        1.0,
        0.183,
        0.326,
        0.346,
        0.133,
        0.196,
        0.118,
        0.2,
        0.193,
        0.246,
        0.064,
        -0.042,
        0.222,
        0.47,
        0.042,
        0.081
      ],
      [
        0.183,
        1.0,
        0.328,
        0.232,
        0.152,
        0.089,
        0.089,
        0.057,
        0.19,
        0.14,
        0.063,
        0.007,
        0.798,
        0.249,
        0.045,
        0.124
      ],
      [
        0.326,
        0.328,
        1.0,
        0.372,
        0.349,
        0.194,
        0.137,
        0.243,
        0.186,
        0.081,
        -0.051,
        0.003,
        0.352,
        0.298,
        -0.052,
        0.189
      ],
      [
        0.346,
        0.232,
        0.372,
        1.0,
        0.117,
        0.166,
        0.055,
        0.136,
        0.245,
        0.148,
        0.116,
        0.213,
        0.321,
        0.371,
        0.182,
        0.08
      ],
      [
        0.133,
        0.152,
        0.349,
        0.117,
        1.0,
        0.159,
        0.319,
        0.145,
        0.128,
        0.099,
        0.16,
        0.068,
        0.173,
        0.164,
        0.053,
        0.157
      ],
      [
        0.196,
        0.089,
        0.194,
        0.166,
        0.159,
        1.0,
        0.151,
        0.338,
        0.306,
        0.27,
        0.252,
        0.169,
        0.127,
        0.234,
        0.151,
        0.166
      ],
      [
        0.118,
        0.089,
        0.137,
        0.055,
        0.319,
        0.151,
        1.0,
        0.1,
        0.139,
        0.213,
        -0.035,
        0.145,
        0.061,
        0.2,
        -0.047,
        0.142
      ],
      [
        0.2,
        0.057,
        0.243,
        0.136,
        0.145,
        0.338,
        0.1,
        1.0,
        0.25,
        0.258,
        0.268,
        0.137,
        0.103,
        0.201,
        0.154,
        0.192
      ],
      [
        0.193,
        0.19,
        0.186,
        0.245,
        0.128,
        0.306,
        0.139,
        0.25,
        1.0,
        0.248,
        0.119,
        0.152,
        0.257,
        0.352,
        0.064,
        0.168
      ],
      [
        0.246,
        0.14,
        0.081,
        0.148,
        0.099,
        0.27,
        0.213,
        0.258,
        0.248,
        1.0,
        0.354,
        0.145,
        0.085,
        0.343,
        0.206,
        0.176
      ],
      [
        0.064,
        0.063,
        -0.051,
        0.116,
        0.16,
        0.252,
        -0.035,
        0.268,
        0.119,
        0.354,
        1.0,
        0.336,
        0.075,
        0.156,
        0.56,
        0.094
      ],
      [
        -0.042,
        0.007,
        0.003,
        0.213,
        0.068,
        0.169,
        0.145,
        0.137,
        0.152,
        0.145,
        0.336,
        1.0,
        0.058,
        0.166,
        0.368,
        0.019
      ],
      [
        0.222,
        0.798,
        0.352,
        0.321,
        0.173,
        0.127,
        0.061,
        0.103,
        0.257,
        0.085,
        0.075,
        0.058,
        1.0,
        0.272,
        0.073,
        0.095
      ],
      [
        0.47,
        0.249,
        0.298,
        0.371,
        0.164,
        0.234,
        0.2,
        0.201,
        0.352,
        0.343,
        0.156,
        0.166,
        0.272,
        1.0,
        0.221,
        0.053
      ],
      [
        0.042,
        0.045,
        -0.052,
        0.182,
        0.053,
        0.151,
        -0.047,
        0.154,
        0.064,
        0.206,
        0.56,
        0.368,
        0.073,
        0.221,
        1.0,
        -0.035
      ],
      [
        0.081,
        0.124,
        0.189,
        0.08,
        0.157,
        0.166,
        0.142,
        0.192,
        0.168,
        0.176,
        0.094,
        0.019,
        0.095,
        0.053,
        -0.035,
        1.0
      ]
    ]
  },
  "residual_correlation": {
    "tickers": [
      "BABA",
      "CEG",
      "CMI",
      "CRWV",
      "GENC",
      "GRPN",
      "JAKK",
      "KSPI",
      "OPEN",
      "PYPL",
      "TENB",
      "VIA",
      "VST",
      "XNET",
      "ZS",
      "ZTS"
    ],
    "matrix": [
      [
        1.0,
        0.018,
        0.096,
        0.191,
        -0.075,
        0.023,
        -0.044,
        0.012,
        0.038,
        0.112,
        -0.059,
        -0.161,
        0.055,
        0.336,
        -0.054,
        -0.022
      ],
      [
        0.018,
        1.0,
        0.05,
        -0.005,
        0.028,
        -0.06,
        -0.016,
        -0.132,
        0.034,
        0.048,
        -0.026,
        -0.1,
        0.73,
        0.097,
        0.012,
        0.077
      ],
      [
        0.096,
        0.05,
        1.0,
        0.109,
        0.079,
        -0.063,
        -0.141,
        -0.01,
        -0.068,
        -0.081,
        -0.262,
        -0.135,
        0.031,
        0.001,
        -0.136,
        0.075
      ],
      [
        0.191,
        -0.005,
        0.109,
        1.0,
        0.012,
        -0.04,
        -0.036,
        -0.1,
        0.04,
        -0.022,
        -0.021,
        0.088,
        0.078,
        0.145,
        0.118,
        0.034
      ],
      [
        -0.075,
        0.028,
        0.079,
        0.012,
        1.0,
        -0.028,
        0.066,
        -0.076,
        -0.074,
        0.003,
        0.092,
        -0.004,
        0.027,
        -0.053,
        0.007,
        -0.038
      ],
      [
        0.023,
        -0.06,
        -0.063,
        -0.04,
        -0.028,
        1.0,
        0.01,
        0.166,
        0.114,
        0.094,
        0.112,
        0.053,
        -0.038,
        0.003,
        0.047,
        0.037
      ],
      [
        -0.044,
        -0.016,
        -0.141,
        -0.036,
        0.066,
        0.01,
        1.0,
        -0.097,
        -0.034,
        0.098,
        -0.13,
        0.087,
        -0.055,
        0.021,
        -0.116,
        -0.046
      ],
      [
        0.012,
        -0.132,
        -0.01,
        -0.1,
        -0.076,
        0.166,
        -0.097,
        1.0,
        0.067,
        0.078,
        0.162,
        0.017,
        -0.105,
        -0.033,
        0.058,
        0.064
      ],
      [
        0.038,
        0.034,
        -0.068,
        0.04,
        -0.074,
        0.114,
        -0.034,
        0.067,
        1.0,
        0.067,
        -0.017,
        0.03,
        0.105,
        0.164,
        -0.045,
        0.024
      ],
      [
        0.112,
        0.048,
        -0.081,
        -0.022,
        0.003,
        0.094,
        0.098,
        0.078,
        0.067,
        1.0,
        0.242,
        0.002,
        -0.029,
        0.186,
        0.068,
        0.021
      ],
      [
        -0.059,
        -0.026,
        -0.262,
        -0.021,
        0.092,
        0.112,
        -0.13,
        0.162,
        -0.017,
        0.242,
        1.0,
        0.273,
        -0.03,
        0.005,
        0.519,
        -0.012
      ],
      [
        -0.161,
        -0.1,
        -0.135,
        0.088,
        -0.004,
        0.053,
        0.087,
        0.017,
        0.03,
        0.002,
        0.273,
        1.0,
        -0.055,
        0.031,
        0.313,
        -0.065
      ],
      [
        0.055,
        0.73,
        0.031,
        0.078,
        0.027,
        -0.038,
        -0.055,
        -0.105,
        0.105,
        -0.029,
        -0.03,
        -0.055,
        1.0,
        0.105,
        0.04,
        0.034
      ],
      [
        0.336,
        0.097,
        0.001,
        0.145,
        -0.053,
        0.003,
        0.021,
        -0.033,
        0.164,
        0.186,
        0.005,
        0.031,
        0.105,
        1.0,
        0.133,
        -0.101
      ],
      [
        -0.054,
        0.012,
        -0.136,
        0.118,
        0.007,
        0.047,
        -0.116,
        0.058,
        -0.045,
        0.068,
        0.519,
        0.313,
        0.04,
        0.133,
        1.0,
        -0.118
      ],
      [
        -0.022,
        0.077,
        0.075,
        0.034,
        -0.038,
        0.037,
        -0.046,
        0.064,
        0.024,
        0.021,
        -0.012,
        -0.065,
        0.034,
        -0.101,
        -0.118,
        1.0
      ]
    ]
  },
  "factor_correlation": {
    "factors": [
      "Market",
      "Size",
      "Value (SMID)",
      "Momentum",
      "Quality",
      "Profitability",
      "Liquidity",
      "Credit"
    ],
    "matrix": [
      [
        1.0,
        0.33,
        -0.489,
        0.398,
        -0.23,
        -0.528,
        0.311,
        0.182
      ],
      [
        0.33,
        1.0,
        -0.148,
        0.243,
        0.148,
        0.16,
        0.332,
        0.036
      ],
      [
        -0.489,
        -0.148,
        1.0,
        -0.54,
        0.302,
        0.584,
        -0.383,
        -0.129
      ],
      [
        0.398,
        0.243,
        -0.54,
        1.0,
        -0.222,
        -0.52,
        0.306,
        0.023
      ],
      [
        -0.23,
        0.148,
        0.302,
        -0.222,
        1.0,
        0.427,
        -0.233,
        -0.131
      ],
      [
        -0.528,
        0.16,
        0.584,
        -0.52,
        0.427,
        1.0,
        -0.283,
        -0.087
      ],
      [
        0.311,
        0.332,
        -0.383,
        0.306,
        -0.233,
        -0.283,
        1.0,
        0.159
      ],
      [
        0.182,
        0.036,
        -0.129,
        0.023,
        -0.131,
        -0.087,
        0.159,
        1.0
      ]
    ]
  },
  "factor_exposures": [
    {
      "ticker": "BABA",
      "r_squared": 0.14977001691049097,
      "alpha_annual": -0.3779216333414384,
      "idio_vol_annual": 0.3977573500990461,
      "Market": 1.218625292607538,
      "Size": 0.12900837446278124,
      "Value (SMID)": 0.24660483850819886,
      "Momentum": -0.16519452612286323,
      "Quality": -0.2853492249890246,
      "Profitability": -0.17151373796782168,
      "Liquidity": 0.1948002294760102,
      "Credit": 1.020174562564144
    },
    {
      "ticker": "CEG",
      "r_squared": 0.25069245582494115,
      "alpha_annual": -0.4312436000045748,
      "idio_vol_annual": 0.4042372640562219,
      "Market": 0.7060360028918069,
      "Size": 0.40193309239444724,
      "Value (SMID)": -0.4380745842619883,
      "Momentum": 0.6246886439722559,
      "Quality": -0.7558332412554003,
      "Profitability": -0.6674933443602342,
      "Liquidity": -0.4958324477856845,
      "Credit": -0.8624716491135043
    },
    {
      "ticker": "CMI",
      "r_squared": 0.48291188282384945,
      "alpha_annual": 0.38042826555040166,
      "idio_vol_annual": 0.2436251935578481,
      "Market": 1.120659763840999,
      "Size": 0.859618031191099,
      "Value (SMID)": 0.36910321964166715,
      "Momentum": 0.7301171346907491,
      "Quality": -0.003761030739460075,
      "Profitability": -0.22566105406767395,
      "Liquidity": -0.3656867599179567,
      "Credit": 0.8633603035592283
    },
    {
      "ticker": "CRWV",
      "r_squared": 0.2694310759156381,
      "alpha_annual": -0.8094322648095109,
      "idio_vol_annual": 0.8080256106559188,
      "Market": 0.8320029868448513,
      "Size": 0.7342871075195404,
      "Value (SMID)": -2.086636465266799,
      "Momentum": 0.8479690785323133,
      "Quality": -4.014601825490162,
      "Profitability": -0.14795865425738397,
      "Liquidity": 0.2200827858013319,
      "Credit": 1.903751478518226
    },
    {
      "ticker": "GENC",
      "r_squared": 0.3276915676277554,
      "alpha_annual": -0.4349244512233791,
      "idio_vol_annual": 0.3257786433929684,
      "Market": 1.2863519763495168,
      "Size": 1.2537168966808596,
      "Value (SMID)": 1.161911022172727,
      "Momentum": -0.03554395590562809,
      "Quality": -0.7148015377542327,
      "Profitability": 0.061381793666472395,
      "Liquidity": -0.1772896744235104,
      "Credit": 0.5990652157344231
    },
    {
      "ticker": "GRPN",
      "r_squared": 0.16640500851591367,
      "alpha_annual": -1.1356045936027803,
      "idio_vol_annual": 0.6245491931903538,
      "Market": 1.8878116768439615,
      "Size": 0.34923525024764895,
      "Value (SMID)": -0.8855471009846911,
      "Momentum": -0.19581495685517591,
      "Quality": -1.7893305269036701,
      "Profitability": 1.3550641233201708,
      "Liquidity": 0.2075436583185018,
      "Credit": 1.217802963788577
    },
    {
      "ticker": "JAKK",
      "r_squared": 0.2720387133515053,
      "alpha_annual": -0.33611980190090485,
      "idio_vol_annual": 0.35391304301659354,
      "Market": 1.2710584978874957,
      "Size": 1.0207904734862379,
      "Value (SMID)": 0.8394182292528625,
      "Momentum": -0.35581485459429674,
      "Quality": 1.3744038905972074,
      "Profitability": -0.31084474953181146,
      "Liquidity": 0.34932753557394397,
      "Credit": -0.31068277218352863
    },
    {
      "ticker": "KSPI",
      "r_squared": 0.22358360893595386,
      "alpha_annual": -0.23773286574021024,
      "idio_vol_annual": 0.3206495900113412,
      "Market": 1.2264171226010623,
      "Size": 0.4106369446153372,
      "Value (SMID)": -0.3303775647655417,
      "Momentum": -0.5599424820483718,
      "Quality": 0.09547451778175456,
      "Profitability": 0.07446371597658785,
      "Liquidity": 0.016386582034752517,
      "Credit": 0.4610108769870052
    },
    {
      "ticker": "OPEN",
      "r_squared": 0.12531387154347673,
      "alpha_annual": 1.5398266118429291,
      "idio_vol_annual": 1.342450270929477,
      "Market": 2.9651210654726734,
      "Size": 1.3791481658273574,
      "Value (SMID)": -1.6677199941549123,
      "Momentum": -2.0203454714951032,
      "Quality": 0.9219941163319751,
      "Profitability": 0.9360291289400424,
      "Liquidity": 1.8346448192414244,
      "Credit": -3.2495407278048316
    },
    {
      "ticker": "PYPL",
      "r_squared": 0.3017399546622487,
      "alpha_annual": -0.6780208335391148,
      "idio_vol_annual": 0.3377027047756996,
      "Market": 1.8437900771599662,
      "Size": -0.39587231386956284,
      "Value (SMID)": -0.9062720622796723,
      "Momentum": -0.9352350515417897,
      "Quality": 1.4756013715333154,
      "Profitability": 0.7183503853635755,
      "Liquidity": 0.4281627790696659,
      "Credit": -0.04607472222981228
    },
    {
      "ticker": "TENB",
      "r_squared": 0.14393726675920793,
      "alpha_annual": -0.3329301658482223,
      "idio_vol_annual": 0.41079591345459326,
      "Market": 1.4554254026342799,
      "Size": -0.12725710164271659,
      "Value (SMID)": -0.7890134773289044,
      "Momentum": -0.2271407501427649,
      "Quality": -0.41761981973940127,
      "Profitability": 1.290688357490789,
      "Liquidity": -0.13775364570954884,
      "Credit": -0.2765856841098381
    },
    {
      "ticker": "VIA",
      "r_squared": 0.11048944987399001,
      "alpha_annual": -1.598763061050421,
      "idio_vol_annual": 0.6835650968241977,
      "Market": 1.0001679582383405,
      "Size": 0.3816510022460582,
      "Value (SMID)": -1.4280457698157025,
      "Momentum": -1.0396848759579789,
      "Quality": -1.5048891861104057,
      "Profitability": 0.5798585489311361,
      "Liquidity": 0.7135124663027163,
      "Credit": -0.7768327691256994
    },
    {
      "ticker": "VST",
      "r_squared": 0.28919289478867694,
      "alpha_annual": -0.41130997815626685,
      "idio_vol_annual": 0.4122624948266959,
      "Market": 0.595825992099456,
      "Size": 0.8129059103103954,
      "Value (SMID)": -0.6691427696626651,
      "Momentum": 0.655522577039377,
      "Quality": -1.9081993421295569,
      "Profitability": -0.536678619701477,
      "Liquidity": -0.8272689864393408,
      "Credit": -0.7297533987710065
    },
    {
      "ticker": "XNET",
      "r_squared": 0.17835717130476159,
      "alpha_annual": -0.46287534924271356,
      "idio_vol_annual": 0.6789039848131027,
      "Market": 1.88197499929756,
      "Size": 0.20392018394114741,
      "Value (SMID)": -0.7292335030646544,
      "Momentum": -0.46647300988714835,
      "Quality": 0.40777149299763965,
      "Profitability": 0.5907614887446633,
      "Liquidity": 1.227190209358541,
      "Credit": 2.4714632864996764
    },
    {
      "ticker": "ZS",
      "r_squared": 0.0912533342167926,
      "alpha_annual": -0.9719093980818175,
      "idio_vol_annual": 0.5978110007671301,
      "Market": 1.370541715154954,
      "Size": -0.42194744828156583,
      "Value (SMID)": -1.084571195496797,
      "Momentum": -0.948402755930128,
      "Quality": -0.8945303448898912,
      "Profitability": 0.8820742504432793,
      "Liquidity": 0.2364468320141182,
      "Credit": 0.06516551263906296
    },
    {
      "ticker": "ZTS",
      "r_squared": 0.17125913495719958,
      "alpha_annual": -0.9163686481703661,
      "idio_vol_annual": 0.34349693560590744,
      "Market": 1.343878936890408,
      "Size": 0.09359069803707287,
      "Value (SMID)": 0.02680876998544933,
      "Momentum": -0.21419868977532963,
      "Quality": 1.2808192697475547,
      "Profitability": 0.823544052607405,
      "Liquidity": 0.09607250101832582,
      "Credit": -0.6921320753658347
    }
  ],
  "portfolio_factor_exposure": {
    "loadings": {
      "Market": 1.408265681845984,
      "Size": 0.34201334349209067,
      "Value (SMID)": -0.5940108466052743,
      "Momentum": -0.2756548371178916,
      "Quality": -0.6079875038978102,
      "Profitability": 0.5499768779942942,
      "Liquidity": 0.1916207703856964,
      "Credit": 0.44395638393352943
    },
    "alpha_annual": -0.5970055789748847,
    "r_squared_weighted": 0.21084426285909624
  },
  "stress_tests": [
    {
      "scenario": "COVID Crash (Feb-Mar 2020)",
      "market_move": -0.339,
      "portfolio_impact": -0.510594119871366,
      "stressed_nav": 483044.6975091038,
      "pnl": -503957.5374908962,
      "description": "Rapid 33.9% selloff in SPY over 23 trading days as COVID-19 spread."
    },
    {
      "scenario": "2022 Rate Shock (Jan-Oct)",
      "market_move": -0.252,
      "portfolio_impact": -0.3795566908778296,
      "stressed_nav": 612378.932794378,
      "pnl": -374623.30220562196,
      "description": "Grinding 9-month decline as the Fed hiked rates aggressively."
    },
    {
      "scenario": "GFC 2008-09",
      "market_move": -0.565,
      "portfolio_impact": -0.8509901997856099,
      "stressed_nav": 147073.00584850655,
      "pnl": -839929.2291514934,
      "description": "Credit crisis bear market; SPY drew down 56.5% from Oct 2007 peak."
    },
    {
      "scenario": "Dot-Com Bust (2000-02)",
      "market_move": -0.491,
      "portfolio_impact": -0.7395330762738663,
      "stressed_nav": 257081.43586126846,
      "pnl": -729920.7991387316,
      "description": "Tech bubble burst; SPY -49.1% peak-to-trough over 30 months."
    },
    {
      "scenario": "Black Monday (Oct 1987)",
      "market_move": -0.204,
      "portfolio_impact": -0.30726017832967156,
