{
  "generated_at": "2026-06-20T07:21:37.039181Z",
  "market_session": "CLOSED",
  "fund_name": "Convex Capital",
  "tagline": "Lose small. Win big. \u2014 Paper-traded portfolio. Hypothetical performance for educational purposes only.",
  "summary": {
    "nav": 995070.4550000001,
    "cash": 17225.670000000096,
    "equity": 977844.785,
    "deposits": 1000000.0,
    "total_return": -0.00492954499999998,
    "realized_pnl": 0.0,
    "open_positions": 16
  },
  "metrics": {
    "annualized_return": -0.22603318407468598,
    "annualized_vol": 0.28929163819703546,
    "sharpe": -0.9364362746486778,
    "sortino": -1.200597473203582,
    "calmar": -0.5558759755892655,
    "max_drawdown": -0.4066252077814224,
    "var_95_1d": -0.03595082237399126,
    "risk_free_rate": 0.044869999885559085,
    "method": "Synthetic: current weights \u00d7 each holding's 252-day return history. Sortino uses Frank Sortino downside deviation (RMS of shortfalls vs MAR=RF).",
    "beta_spy": 1.5305679983090439,
    "benchmark_annualized_return": 0.2256596315565953,
    "treynor": -0.17699519672405026,
    "jensens_alpha": -0.5476140086220123,
    "information_ratio": -1.6268482010522938,
    "tracking_error": 0.22667452716334666,
    "annualized_active_return": -0.3687650467400698,
    "up_capture": 1.2885864225892254,
    "down_capture": 1.5326319220726896,
    "data_basis": "synthetic_252d",
    "days_of_live_nav": 15
  },
  "nav_curve": [
    {
      "date": "2026-06-01",
      "value": 999690.7947810364
    },
    {
      "date": "2026-06-02",
      "value": 1003718.4961797715
    },
    {
      "date": "2026-06-03",
      "value": 993378.4952275468
    },
    {
      "date": "2026-06-04",
      "value": 1002401.8764350129
    },
    {
      "date": "2026-06-05",
      "value": 971674.3971940614
    },
    {
      "date": "2026-06-08",
      "value": 970838.7543408014
    },
    {
      "date": "2026-06-09",
      "value": 975080.2198171997
    },
    {
      "date": "2026-06-10",
      "value": 964116.4734836007
    },
    {
      "date": "2026-06-11",
      "value": 986105.579613247
    },
    {
      "date": "2026-06-12",
      "value": 992109.5330949211
    },
    {
      "date": "2026-06-15",
      "value": 1011220.3651365471
    },
    {
      "date": "2026-06-16",
      "value": 1010085.7681378556
    },
    {
      "date": "2026-06-17",
      "value": 993903.0275305939
    },
    {
      "date": "2026-06-18",
      "value": 995070.459999485
    },
    {
      "date": "2026-06-19",
      "value": 995070.4550000001
    }
  ],
  "drawdown_curve": [
    {
      "date": "2026-06-01",
      "value": 0.0
    },
    {
      "date": "2026-06-02",
      "value": 0.0
    },
    {
      "date": "2026-06-03",
      "value": -0.010301694141912836
    },
    {
      "date": "2026-06-04",
      "value": -0.001311742037005138
    },
    {
      "date": "2026-06-05",
      "value": -0.031925384565166755
    },
    {
      "date": "2026-06-08",
      "value": -0.03275793159547512
    },
    {
      "date": "2026-06-09",
      "value": -0.02853217956187038
    },
    {
      "date": "2026-06-10",
      "value": -0.039455308283048614
    },
    {
      "date": "2026-06-11",
      "value": -0.017547665638882447
    },
    {
      "date": "2026-06-12",
      "value": -0.011565955124902983
    },
    {
      "date": "2026-06-15",
      "value": 0.0
    },
    {
      "date": "2026-06-16",
      "value": -0.0011220076630263987
    },
    {
      "date": "2026-06-17",
      "value": -0.017125186757502478
    },
    {
      "date": "2026-06-18",
      "value": -0.015970707962236617
    },
    {
      "date": "2026-06-19",
      "value": -0.015970712906247988
    }
  ],
  "benchmarks": {
    "SPY": [
      {
        "date": "2026-06-01",
        "value": 0.0
      },
      {
        "date": "2026-06-02",
        "value": 0.0013579397972762752
      },
      {
        "date": "2026-06-03",
        "value": -0.005668771434361286
      },
      {
        "date": "2026-06-04",
        "value": -0.0019115061781299625
      },
      {
        "date": "2026-06-05",
        "value": -0.027671542654459702
      },
      {
        "date": "2026-06-08",
        "value": -0.025470023194608782
      },
      {
        "date": "2026-06-09",
        "value": -0.02833070775180091
      },
      {
        "date": "2026-06-10",
        "value": -0.04364962071587053
      },
      {
        "date": "2026-06-11",
        "value": -0.027394678792744487
      },
      {
        "date": "2026-06-12",
        "value": -0.022134588105308994
      },
      {
        "date": "2026-06-15",
        "value": -0.0048909388718152425
      },
      {
        "date": "2026-06-16",
        "value": -0.010823344076597685
      },
      {
        "date": "2026-06-17",
        "value": -0.023176054438276084
      },
      {
        "date": "2026-06-18",
        "value": -0.013020023259145863
      },
      {
        "date": "2026-06-19",
        "value": -0.01302001035173972
      }
    ],
    "IWM": [
      {
        "date": "2026-06-01",
        "value": 0.0
      },
      {
        "date": "2026-06-02",
        "value": 0.009273902616242058
      },
      {
        "date": "2026-06-03",
        "value": -0.004533265755123028
      },
      {
        "date": "2026-06-04",
        "value": 0.010485102307313143
      },
      {
        "date": "2026-06-05",
        "value": -0.025365222965751943
      },
      {
        "date": "2026-06-08",
        "value": -0.016852527916236926
      },
      {
        "date": "2026-06-09",
        "value": -0.013703535746163342
      },
      {
        "date": "2026-06-10",
        "value": -0.023981055236295123
      },
      {
        "date": "2026-06-11",
        "value": 0.00494832553389335
      },
      {
        "date": "2026-06-12",
        "value": 0.01373793881377372
      },
      {
        "date": "2026-06-15",
        "value": 0.022010765090349826
      },
      {
        "date": "2026-06-16",
        "value": 0.013130856989941098
      },
      {
        "date": "2026-06-17",
        "value": 0.005499833171586088
      },
      {
        "date": "2026-06-18",
        "value": 0.025305943833869415
      },
      {
        "date": "2026-06-19",
        "value": 0.02530595653654033
      }
    ]
  },
  "holdings": [
    {
      "ticker": "GRPN",
      "company": "Groupon, Inc.",
      "sector": "Communication Services",
      "country": "United States",
      "shares": 11310.0,
      "price": 16.19,
      "cost_basis": 17.3017824933687,
      "market_value": 183108.90000000002,
      "unrealized_pnl": -12574.260000000002,
      "short_percent_of_float": 0.56310004,
      "short_ratio": 5.75
    },
    {
      "ticker": "TENB",
      "company": "Tenable Holdings, Inc.",
      "sector": "Technology",
      "country": "United States",
      "shares": 4766.0,
      "price": 26.87,
      "cost_basis": 26.224616030214015,
      "market_value": 128062.42,
      "unrealized_pnl": 3075.9000000000074,
      "short_percent_of_float": 0.129,
      "short_ratio": 3.05
    },
    {
      "ticker": "KSPI",
      "company": "Joint Stock Company Kaspi.kz",
      "sector": "Technology",
      "country": "Kazakhstan",
      "shares": 1515.0,
      "price": 82.205,
      "cost_basis": 82.53049504950495,
      "market_value": 124540.575,
      "unrealized_pnl": -493.12500000000125,
      "short_percent_of_float": 0.0159,
      "short_ratio": 3.24
    },
    {
      "ticker": "CMI",
      "company": "Cummins Inc.",
      "sector": "Industrials",
      "country": "United States",
      "shares": 114.0,
      "price": 716.86,
      "cost_basis": 653.737894736842,
      "market_value": 81722.04000000001,
      "unrealized_pnl": 7195.920000000013,
      "short_percent_of_float": 0.0171,
      "short_ratio": 2.07
    },
    {
      "ticker": "JAKK",
      "company": "JAKKS Pacific, Inc.",
      "sector": "Consumer Cyclical",
      "country": "United States",
      "shares": 3436.0,
      "price": 22.15,
      "cost_basis": 21.83,
      "market_value": 76107.4,
      "unrealized_pnl": 1099.520000000001,
      "short_percent_of_float": 0.039100002,
      "short_ratio": 7.32
    },
    {
      "ticker": "VIA",
      "company": "Via Transportation, Inc.",
      "sector": "Technology",
      "country": "United States",
      "shares": 4921.0,
      "price": 15.29,
      "cost_basis": 15.241408250355619,
      "market_value": 75242.09,
      "unrealized_pnl": 239.11999999999594,
      "short_percent_of_float": 0.13520001,
      "short_ratio": 6.88
    },
    {
      "ticker": "ZS",
      "company": "Zscaler, Inc.",
      "sector": "Technology",
      "country": "United States",
      "shares": 549.0,
      "price": 124.85,
      "cost_basis": 136.8013843351548,
      "market_value": 68542.65,
      "unrealized_pnl": -6561.309999999992,
      "short_percent_of_float": 0.114700004,
      "short_ratio": 2.09
    },
    {
      "ticker": "CRWV",
      "company": "CoreWeave, Inc.",
      "sector": "Technology",
      "country": "United States",
      "shares": 468.0,
      "price": 117.95,
      "cost_basis": 106.78134615384614,
      "market_value": 55200.6,
      "unrealized_pnl": 5226.930000000006,
      "short_percent_of_float": 0.18190001,
      "short_ratio": 1.91
    },
    {
      "ticker": "XNET",
      "company": "Xunlei Limited",
      "sector": "Technology",
      "country": "China",
      "shares": 10526.0,
      "price": 4.96,
      "cost_basis": 4.75,
      "market_value": 52208.96,
      "unrealized_pnl": 2210.4599999999996,
      "short_percent_of_float": 0.0377,
      "short_ratio": 6.03
    },
    {
      "ticker": "ZTS",
      "company": "Zoetis Inc.",
      "sector": "Healthcare",
      "country": "United States",
      "shares": 312.0,
      "price": 78.71,
      "cost_basis": 80.09,
      "market_value": 24557.519999999997,
      "unrealized_pnl": -430.560000000003,
      "short_percent_of_float": 0.0363,
      "short_ratio": 1.45
    },
    {
      "ticker": "OPEN",
      "company": "Opendoor Technologies Inc.",
      "sector": "Real Estate",
      "country": "United States",
      "shares": 5479.0,
      "price": 4.47,
      "cost_basis": 4.562927541522176,
      "market_value": 24491.129999999997,
      "unrealized_pnl": -509.15000000000214,
      "short_percent_of_float": 0.16149999,
      "short_ratio": 3.77
    },
    {
      "ticker": "PYPL",
      "company": "PayPal Holdings, Inc.",
      "sector": "Financial Services",
      "country": "United States",
      "shares": 553.0,
      "price": 42.51,
      "cost_basis": 45.19,
      "market_value": 23508.03,
      "unrealized_pnl": -1482.0399999999997,
      "short_percent_of_float": 0.0626,
      "short_ratio": 3.16
    },
    {
      "ticker": "BABA",
      "company": "Alibaba Group Holding Limited",
      "sector": "Consumer Cyclical",
      "country": "China",
      "shares": 199.0,
      "price": 107.1,
      "cost_basis": 125.4,
      "market_value": 21312.899999999998,
      "unrealized_pnl": -3641.700000000002,
      "short_percent_of_float": 0.0165,
      "short_ratio": 3.21
    },
    {
      "ticker": "VST",
      "company": "Vistra Corp.",
      "sector": "Utilities",
      "country": "United States",
      "shares": 81.0,
      "price": 163.75,
      "cost_basis": 154.76,
      "market_value": 13263.75,
      "unrealized_pnl": 728.1900000000007,
      "short_percent_of_float": 0.0539,
      "short_ratio": 2.73
    },
    {
      "ticker": "GENC",
      "company": "Gencor Industries, Inc.",
      "sector": "Industrials",
      "country": "United States",
      "shares": 873.0,
      "price": 15.0,
      "cost_basis": 14.32,
      "market_value": 13095.0,
      "unrealized_pnl": 593.6399999999998,
      "short_percent_of_float": 0.0064,
      "short_ratio": 2.39
    },
    {
      "ticker": "CEG",
      "company": "Constellation Energy Corporation",
      "sector": "Utilities",
      "country": "United States",
      "shares": 47.0,
      "price": 274.06,
      "cost_basis": 265.7,
      "market_value": 12880.82,
      "unrealized_pnl": 392.92000000000064,
      "short_percent_of_float": 0.036,
      "short_ratio": 3.46
    }
  ],
  "sector_exposure": [
    {
      "name": "Technology",
      "value": 503797.295,
      "pct": 0.5062930895682155
    },
    {
      "name": "Communication Services",
      "value": 183108.90000000002,
      "pct": 0.18401601522778607
    },
    {
      "name": "Consumer Cyclical",
      "value": 97420.29999999999,
      "pct": 0.09790291683416526
    },
    {
      "name": "Industrials",
      "value": 94817.04000000001,
      "pct": 0.09528676037316373
    },
    {
      "name": "Utilities",
      "value": 26144.57,
      "pct": 0.026274089305565802
    },
    {
      "name": "Healthcare",
      "value": 24557.519999999997,
      "pct": 0.024679177114147154
    },
    {
      "name": "Real Estate",
      "value": 24491.129999999997,
      "pct": 0.02461245822035787
    },
    {
      "name": "Financial Services",
      "value": 23508.03,
      "pct": 0.02362448797658252
    },
    {
      "name": "Cash",
      "value": 17225.670000000096,
      "pct": 0.017311005380016127
    }
  ],
  "geographic_exposure": [
    {
      "name": "United States",
      "value": 779782.3500000001,
      "pct": 0.7836453650912588
    },
    {
      "name": "Kazakhstan",
      "value": 124540.575,
      "pct": 0.12515754474892934
    },
    {
      "name": "China",
      "value": 73521.86,
      "pct": 0.07388608477979582
    },
    {
      "name": "Cash",
      "value": 17225.670000000096,
      "pct": 0.017311005380016127
    }
  ],
  "signals": [
    {
      "ticker": "BABA",
      "label": "STRONG SELL",
      "composite": -2.5,
      "rsi": 25.2,
      "subs": {
        "rsi": -0.5,
        "macd": -0.5,
        "trend": -0.5,
        "bb": -0.5,
        "vol": 0.0,
        "range": -0.5
      }
    },
    {
      "ticker": "CEG",
      "label": "BUY",
      "composite": 1.0,
      "rsi": 51.7,
      "subs": {
        "rsi": 0.5,
        "macd": 0.5,
        "trend": -0.5,
        "bb": 0.5,
        "vol": 0.0,
        "range": 0.0
      }
    },
    {
      "ticker": "CMI",
      "label": "STRONG BUY",
      "composite": 3.0,
      "rsi": 61.8,
      "subs": {
        "rsi": 0.5,
        "macd": 0.5,
        "trend": 0.5,
        "bb": 0.5,
        "vol": 0.5,
        "range": 0.5
      }
    },
    {
      "ticker": "CRWV",
      "label": "STRONG BUY",
      "composite": 2.0,
      "rsi": 58.1,
      "subs": {
        "rsi": 0.5,
        "macd": 0.5,
        "trend": 0.5,
        "bb": 0.5,
        "vol": 0.0,
        "range": 0.0
      }
    },
    {
      "ticker": "GENC",
      "label": "STRONG BUY",
      "composite": 2.0,
      "rsi": 54.5,
      "subs": {
        "rsi": 0.5,
        "macd": 0.5,
        "trend": 0.5,
        "bb": 0.5,
        "vol": 0.0,
        "range": 0.0
      }
    },
    {
      "ticker": "GRPN",
      "label": "STRONG SELL",
      "composite": -2.5,
      "rsi": 44.7,
      "subs": {
        "rsi": 0.0,
        "macd": -0.5,
        "trend": -0.5,
        "bb": -0.5,
        "vol": -0.5,
        "range": -0.5
      }
    },
    {
      "ticker": "JAKK",
      "label": "STRONG BUY",
      "composite": 2.0,
      "rsi": 53.0,
      "subs": {
        "rsi": 0.5,
        "macd": 0.5,
        "trend": 0.5,
        "bb": 0.5,
        "vol": 0.0,
        "range": 0.0
      }
    },
    {
      "ticker": "KSPI",
      "label": "STRONG SELL",
      "composite": -2.0,
      "rsi": 44.3,
      "subs": {
        "rsi": 0.0,
        "macd": -0.5,
        "trend": 0.0,
        "bb": -0.5,
        "vol": -0.5,
        "range": -0.5
      }
    },
    {
      "ticker": "OPEN",
      "label": "STRONG SELL",
      "composite": -2.0,
      "rsi": 44.7,
      "subs": {
        "rsi": 0.0,
        "macd": -0.5,
        "trend": -0.5,
        "bb": -0.5,
        "vol": 0.0,
        "range": -0.5
      }
    },
    {
      "ticker": "PYPL",
      "label": "LEAN BEAR",
      "composite": -0.5,
      "rsi": 44.8,
      "subs": {
        "rsi": 0.0,
        "macd": 0.5,
        "trend": -0.5,
        "bb": -0.5,
        "vol": 0.0,
        "range": 0.0
      }
    },
    {
      "ticker": "TENB",
      "label": "SELL",
      "composite": -1.0,
      "rsi": 55.7,
      "subs": {
        "rsi": 0.5,
        "macd": -0.5,
        "trend": 0.0,
        "bb": -0.5,
        "vol": -0.5,
        "range": 0.0
      }
    },
    {
      "ticker": "VIA",
      "label": "BUY",
      "composite": 1.5,
      "rsi": 51.5,
      "subs": {
        "rsi": 0.5,
        "macd": 0.5,
        "trend": -0.5,
        "bb": 0.5,
        "vol": 0.5,
        "range": 0.0
      }
    },
    {
      "ticker": "VST",
      "label": "STRONG BUY",
      "composite": 2.0,
      "rsi": 60.7,
      "subs": {
        "rsi": 0.5,
        "macd": 0.5,
        "trend": 0.0,
        "bb": 0.5,
        "vol": 0.0,
        "range": 0.5
      }
    },
    {
      "ticker": "XNET",
      "label": "LEAN BEAR",
      "composite": -0.5,
      "rsi": 40.5,
      "subs": {
        "rsi": 0.0,
        "macd": 0.5,
        "trend": -0.5,
        "bb": -0.5,
        "vol": 0.5,
        "range": -0.5
      }
    },
    {
      "ticker": "ZS",
      "label": "STRONG SELL",
      "composite": -2.0,
      "rsi": 40.5,
      "subs": {
        "rsi": 0.0,
        "macd": -0.5,
        "trend": -0.5,
        "bb": -0.5,
        "vol": 0.0,
        "range": -0.5
      }
    },
    {
      "ticker": "ZTS",
      "label": "LEAN BEAR",
      "composite": -0.5,
      "rsi": 38.2,
      "subs": {
        "rsi": 0.0,
        "macd": 0.5,
        "trend": -0.5,
        "bb": -0.5,
        "vol": 0.0,
        "range": 0.0
      }
    }
  ],
  "volatility": [
    {
      "ticker": "BABA",
      "hv20": 0.2827892173865999,
      "garch": 0.396580154346084,
      "expansion": 0.40238782090450437,
      "regime": "LOW",
      "signal": "SIGNAL"
    },
    {
      "ticker": "CEG",
      "hv20": 0.47970796165633384,
      "garch": 0.538864607262653,
      "expansion": 0.12331804000513827,
      "regime": "NORMAL",
      "signal": "BASE"
    },
    {
      "ticker": "CMI",
      "hv20": 0.44453711149034286,
      "garch": 0.32410878955729455,
      "expansion": -0.2709072399586699,
      "regime": "HIGH",
      "signal": "WEAK"
    },
    {
      "ticker": "CRWV",
      "hv20": 0.8137623531442026,
      "garch": 0.9376835138359165,
      "expansion": 0.1522817567228432,
      "regime": "LOW",
      "signal": "BASE"
    },
    {
      "ticker": "GENC",
      "hv20": 0.3491665415269923,
      "garch": 0.36158663687135556,
      "expansion": 0.035570691538906074,
      "regime": "NORMAL",
      "signal": "WEAK"
    },
    {
      "ticker": "GRPN",
      "hv20": 0.8064545638747043,
      "garch": 0.7793919958613101,
      "expansion": -0.03355746154298996,
      "regime": "HIGH",
      "signal": "WEAK"
    },
    {
      "ticker": "JAKK",
      "hv20": 0.21466368803407385,
      "garch": 0.4594159021840305,
      "expansion": 1.1401658864218658,
      "regime": "LOW",
      "signal": "SIGNAL"
    },
    {
      "ticker": "KSPI",
      "hv20": 0.33049493343814323,
      "garch": 0.3351903950885208,
      "expansion": 0.014207363488240473,
      "regime": "HIGH",
      "signal": "WEAK"
    },
    {
      "ticker": "OPEN",
      "hv20": 0.758967229749226,
      "garch": 0.7493082343739078,
      "expansion": -0.01272649858480675,
      "regime": "NORMAL",
      "signal": "WEAK"
    },
    {
      "ticker": "PYPL",
      "hv20": 0.3068082097662908,
      "garch": 0.4135594999478221,
      "expansion": 0.34794143958158225,
      "regime": "NORMAL",
      "signal": "SIGNAL"
    },
    {
      "ticker": "TENB",
      "hv20": 0.580485084558584,
      "garch": 0.38199363981287626,
      "expansion": -0.34194064589384904,
      "regime": "HIGH",
      "signal": "WEAK"
    },
    {
      "ticker": "VIA",
      "hv20": 0.6894510214288931,
      "garch": null,
      "expansion": null,
      "regime": "NORMAL",
      "signal": "WEAK"
    },
    {
      "ticker": "VST",
      "hv20": 0.4909434623135735,
      "garch": 0.5659660517244138,
      "expansion": 0.15281309390962455,
      "regime": "NORMAL",
      "signal": "BASE"
    },
    {
      "ticker": "XNET",
      "hv20": 0.7694005118120386,
      "garch": 0.7466291687604197,
      "expansion": -0.02959621510777188,
      "regime": "HIGH",
      "signal": "WEAK"
    },
    {
      "ticker": "ZS",
      "hv20": 1.5253692926816054,
      "garch": 0.34232046100161484,
      "expansion": -0.775581911446628,
      "regime": "EXTREME",
      "signal": "WEAK"
    },
    {
      "ticker": "ZTS",
      "hv20": 0.26917950558269915,
      "garch": 0.31508355209619254,
      "expansion": 0.17053321505336683,
      "regime": "NORMAL",
      "signal": "BASE"
    }
  ],
  "correlation": {
    "tickers": [
      "BABA",
      "CEG",
      "CMI",
      "CRWV",
      "GENC",
      "GRPN",
      "JAKK",
      "KSPI",
      "OPEN",
      "PYPL",
      "TENB",
      "VIA",
      "VST",
      "XNET",
      "ZS",
      "ZTS"
    ],
    "matrix": [
      [
        1.0,
        0.183,
        0.326,
        0.346,
        0.133,
        0.196,
        0.118,
        0.2,
        0.193,
        0.246,
        0.064,
        -0.042,
        0.222,
        0.47,
        0.042,
        0.081
      ],
      [
        0.183,
        1.0,
        0.328,
        0.232,
        0.152,
        0.089,
        0.089,
        0.057,
        0.19,
        0.14,
        0.063,
        0.007,
        0.798,
        0.249,
        0.045,
        0.124
      ],
      [
        0.326,
        0.328,
        1.0,
        0.372,
        0.349,
        0.194,
        0.137,
        0.243,
        0.186,
        0.081,
        -0.051,
        0.003,
        0.352,
        0.298,
        -0.052,
        0.189
      ],
      [
        0.346,
        0.232,
        0.372,
        1.0,
        0.117,
        0.166,
        0.055,
        0.136,
        0.245,
        0.148,
        0.116,
        0.213,
        0.321,
        0.371,
        0.182,
        0.08
      ],
      [
        0.133,
        0.152,
        0.349,
        0.117,
        1.0,
        0.159,
        0.319,
        0.145,
        0.128,
        0.099,
        0.16,
        0.068,
        0.173,
        0.164,
        0.053,
        0.157
      ],
      [
        0.196,
        0.089,
        0.194,
        0.166,
        0.159,
        1.0,
        0.151,
        0.338,
        0.306,
        0.27,
        0.252,
        0.169,
        0.127,
        0.234,
        0.151,
        0.166
      ],
      [
        0.118,
        0.089,
        0.137,
        0.055,
        0.319,
        0.151,
        1.0,
        0.1,
        0.138,
        0.213,
        -0.035,
        0.145,
        0.061,
        0.2,
        -0.047,
        0.142
      ],
      [
        0.2,
        0.057,
        0.243,
        0.136,
        0.145,
        0.338,
        0.1,
        1.0,
        0.25,
        0.258,
        0.268,
        0.137,
        0.103,
        0.201,
        0.154,
        0.192
      ],
      [
        0.193,
        0.19,
        0.186,
        0.245,
        0.128,
        0.306,
        0.138,
        0.25,
        1.0,
        0.248,
        0.119,
        0.152,
        0.257,
        0.352,
        0.064,
        0.168
      ],
      [
        0.246,
        0.14,
        0.081,
        0.148,
        0.099,
        0.27,
        0.213,
        0.258,
        0.248,
        1.0,
        0.354,
        0.145,
        0.085,
        0.343,
        0.206,
        0.176
      ],
      [
        0.064,
        0.063,
        -0.051,
        0.116,
        0.16,
        0.252,
        -0.035,
        0.268,
        0.119,
        0.354,
        1.0,
        0.336,
        0.075,
        0.156,
        0.56,
        0.094
      ],
      [
        -0.042,
        0.007,
        0.003,
        0.213,
        0.068,
        0.169,
        0.145,
        0.137,
        0.152,
        0.145,
        0.336,
        1.0,
        0.058,
        0.166,
        0.368,
        0.019
      ],
      [
        0.222,
        0.798,
        0.352,
        0.321,
        0.173,
        0.127,
        0.061,
        0.103,
        0.257,
        0.085,
        0.075,
        0.058,
        1.0,
        0.272,
        0.073,
        0.095
      ],
      [
        0.47,
        0.249,
        0.298,
        0.371,
        0.164,
        0.234,
        0.2,
        0.201,
        0.352,
        0.343,
        0.156,
        0.166,
        0.272,
        1.0,
        0.221,
        0.053
      ],
      [
        0.042,
        0.045,
        -0.052,
        0.182,
        0.053,
        0.151,
        -0.047,
        0.154,
        0.064,
        0.206,
        0.56,
        0.368,
        0.073,
        0.221,
        1.0,
        -0.035
      ],
      [
        0.081,
        0.124,
        0.189,
        0.08,
        0.157,
        0.166,
        0.142,
        0.192,
        0.168,
        0.176,
        0.094,
        0.019,
        0.095,
        0.053,
        -0.035,
        1.0
      ]
    ]
  },
  "residual_correlation": {
    "tickers": [
      "BABA",
      "CEG",
      "CMI",
      "CRWV",
      "GENC",
      "GRPN",
      "JAKK",
      "KSPI",
      "OPEN",
      "PYPL",
      "TENB",
      "VIA",
      "VST",
      "XNET",
      "ZS",
      "ZTS"
    ],
    "matrix": [
      [
        1.0,
        0.02,
        0.104,
        0.193,
        -0.075,
        0.025,
        -0.047,
        0.016,
        0.037,
        0.107,
        -0.06,
        -0.164,
        0.057,
        0.337,
        -0.056,
        -0.026
      ],
      [
        0.02,
        1.0,
        0.054,
        -0.003,
        0.027,
        -0.058,
        -0.019,
        -0.129,
        0.034,
        0.046,
        -0.026,
        -0.102,
        0.731,
        0.097,
        0.011,
        0.074
      ],
      [
        0.104,
        0.054,
        1.0,
        0.117,
        0.076,
        -0.054,
        -0.149,
        0.003,
        -0.066,
        -0.093,
        -0.261,
        -0.143,
        0.037,
        0.007,
        -0.14,
        0.059
      ],
      [
        0.193,
        -0.003,
        0.117,
        1.0,
        0.012,
        -0.038,
        -0.04,
        -0.094,
        0.038,
        -0.026,
        -0.022,
        0.084,
        0.081,
        0.147,
        0.115,
        0.029
      ],
      [
        -0.075,
        0.027,
        0.076,
        0.012,
        1.0,
        -0.028,
        0.067,
        -0.076,
        -0.073,
        0.004,
        0.093,
        -0.004,
        0.026,
        -0.053,
        0.007,
        -0.036
      ],
      [
        0.025,
        -0.058,
        -0.054,
        -0.038,
        -0.028,
        1.0,
        0.007,
        0.17,
        0.113,
        0.09,
        0.111,
        0.05,
        -0.035,
        0.006,
        0.044,
        0.033
      ],
      [
        -0.047,
        -0.019,
        -0.149,
        -0.04,
        0.067,
        0.007,
        1.0,
        -0.102,
        -0.033,
        0.102,
        -0.129,
        0.09,
        -0.058,
        0.019,
        -0.113,
        -0.04
      ],
      [
        0.016,
        -0.129,
        0.003,
        -0.094,
        -0.076,
        0.17,
        -0.102,
        1.0,
        0.067,
        0.071,
        0.161,
        0.012,
        -0.102,
        -0.032,
        0.056,
        0.056
      ],
      [
        0.037,
        0.034,
        -0.066,
        0.038,
        -0.073,
        0.113,
        -0.033,
        0.067,
        1.0,
        0.067,
        -0.018,
        0.03,
        0.105,
        0.166,
        -0.045,
        0.024
      ],
      [
        0.107,
        0.046,
        -0.093,
        -0.026,
        0.004,
        0.09,
        0.102,
        0.071,
        0.067,
        1.0,
        0.242,
        0.007,
        -0.032,
        0.182,
        0.071,
        0.028
      ],
      [
        -0.06,
        -0.026,
        -0.261,
        -0.022,
        0.093,
        0.111,
        -0.129,
        0.161,
        -0.018,
        0.242,
        1.0,
        0.274,
        -0.031,
        0.005,
        0.519,
        -0.01
      ],
      [
        -0.164,
        -0.102,
        -0.143,
        0.084,
        -0.004,
        0.05,
        0.09,
        0.012,
        0.03,
        0.007,
        0.274,
        1.0,
        -0.057,
        0.029,
        0.314,
        -0.059
      ],
      [
        0.057,
        0.731,
        0.037,
        0.081,
        0.026,
        -0.035,
        -0.058,
        -0.102,
        0.105,
        -0.032,
        -0.031,
        -0.057,
        1.0,
        0.106,
        0.039,
        0.03
      ],
      [
        0.337,
        0.097,
        0.007,
        0.147,
        -0.053,
        0.006,
        0.019,
        -0.032,
        0.166,
        0.182,
        0.005,
        0.029,
        0.106,
        1.0,
        0.132,
        -0.104
      ],
      [
        -0.056,
        0.011,
        -0.14,
        0.115,
        0.007,
        0.044,
        -0.113,
        0.056,
        -0.045,
        0.071,
        0.519,
        0.314,
        0.039,
        0.132,
        1.0,
        -0.114
      ],
      [
        -0.026,
        0.074,
        0.059,
        0.029,
        -0.036,
        0.033,
        -0.04,
        0.056,
        0.024,
        0.028,
        -0.01,
        -0.059,
        0.03,
        -0.104,
        -0.114,
        1.0
      ]
    ]
  },
  "factor_correlation": {
    "factors": [
      "Market",
      "Size",
      "Value (SMID)",
      "Momentum",
      "Quality",
      "Profitability",
      "Liquidity",
      "Credit"
    ],
    "matrix": [
      [
        1.0,
        0.333,
        -0.493,
        0.405,
        -0.238,
        -0.534,
        0.309,
        0.175
      ],
      [
        0.333,
        1.0,
        -0.153,
        0.251,
        0.14,
        0.146,
        0.331,
        0.035
      ],
      [
        -0.493,
        -0.153,
        1.0,
        -0.545,
        0.307,
        0.588,
        -0.382,
        -0.13
      ],
      [
        0.405,
        0.251,
        -0.545,
        1.0,
        -0.232,
        -0.531,
        0.303,
        0.026
      ],
      [
        -0.238,
        0.14,
        0.307,
        -0.232,
        1.0,
        0.434,
        -0.233,
        -0.136
      ],
      [
        -0.534,
        0.146,
        0.588,
        -0.531,
        0.434,
        1.0,
        -0.281,
        -0.09
      ],
      [
        0.309,
        0.331,
        -0.382,
        0.303,
        -0.233,
        -0.281,
        1.0,
        0.157
      ],
      [
        0.175,
        0.035,
        -0.13,
        0.026,
        -0.136,
        -0.09,
        0.157,
        1.0
      ]
    ]
  },
  "factor_exposures": [
    {
      "ticker": "BABA",
      "r_squared": 0.14883662438439382,
      "alpha_annual": -0.3994027698721071,
      "idio_vol_annual": 0.3979197061621115,
      "Market": 1.2366047631469252,
      "Size": 0.10518998011514841,
      "Value (SMID)": 0.24149530248027573,
      "Momentum": -0.17346723470733397,
      "Quality": -0.25269561730211326,
      "Profitability": -0.13825246732281388,
      "Liquidity": 0.21494426592143845,
      "Credit": 1.0397007144535717
    },
    {
      "ticker": "CEG",
      "r_squared": 0.25216713385974066,
      "alpha_annual": -0.435622742163794,
      "idio_vol_annual": 0.4044158191774786,
      "Market": 0.7104085290281864,
      "Size": 0.3847575444035515,
      "Value (SMID)": -0.4448755174150314,
      "Momentum": 0.6167058648390508,
      "Quality": -0.7418018232275954,
      "Profitability": -0.6442625791990253,
      "Liquidity": -0.48028010751295186,
      "Credit": -0.888571539817582
    },
    {
      "ticker": "CMI",
      "r_squared": 0.46881736799133444,
      "alpha_annual": 0.36417396625929377,
      "idio_vol_annual": 0.2461683838805846,
      "Market": 1.1360821977521036,
      "Size": 0.8099134171008465,
      "Value (SMID)": 0.35041753396186376,
      "Momentum": 0.7076625745672457,
      "Quality": 0.03989443859949049,
      "Profitability": -0.15819527716348333,
      "Liquidity": -0.32101478912804127,
      "Credit": 0.8008772491514644
    },
    {
      "ticker": "CRWV",
      "r_squared": 0.27383891205754785,
      "alpha_annual": -0.9566401885965905,
      "idio_vol_annual": 0.8027750456060575,
      "Market": 0.9512771094335212,
      "Size": 0.6402195780978096,
      "Value (SMID)": -2.0892996178196275,
      "Momentum": 0.8266293409527178,
      "Quality": -3.832678025544645,
      "Profitability": -0.012272130602435476,
      "Liquidity": 0.2938092580513609,
      "Credit": 2.206871384519196
    },
    {
      "ticker": "GENC",
      "r_squared": 0.32769442988608577,
      "alpha_annual": -0.4301188762812265,
      "idio_vol_annual": 0.325798438188422,
      "Market": 1.2822770685932607,
      "Size": 1.2599082803242487,
      "Value (SMID)": 1.1634592484388864,
      "Momentum": -0.03326914546398591,
      "Quality": -0.72271979018964,
      "Profitability": 0.05279192888958306,
      "Liquidity": -0.18260022358200928,
      "Credit": 0.5968138712943566
    },
    {
      "ticker": "GRPN",
      "r_squared": 0.1692044055044315,
      "alpha_annual": -1.210217160263186,
      "idio_vol_annual": 0.6234665723164324,
      "Market": 1.9487482897653656,
      "Size": 0.2930710509323837,
      "Value (SMID)": -0.8908670445620254,
      "Momentum": -0.2109794149800555,
      "Quality": -1.692054528576862,
      "Profitability": 1.43514882475254,
      "Liquidity": 0.252805301025338,
      "Credit": 1.3508042597356327
    },
    {
      "ticker": "JAKK",
      "r_squared": 0.2698947204370562,
      "alpha_annual": -0.274461264067858,
      "idio_vol_annual": 0.35190215811293807,
      "Market": 1.2210602826250105,
      "Size": 1.0610191261495021,
      "Value (SMID)": 0.8409229522524551,
      "Momentum": -0.34646528275915134,
      "Quality": 1.2976252068033638,
      "Profitability": -0.3687849116930787,
      "Liquidity": 0.3176761600007147,
      "Credit": -0.43570792335313396
    },
    {
      "ticker": "KSPI",
      "r_squared": 0.22046308186314145,
      "alpha_annual": -0.250684152693913,
      "idio_vol_annual": 0.3211544936446724,
      "Market": 1.2379076739644057,
      "Size": 0.38497864800092235,
      "Value (SMID)": -0.3387376854608091,
      "Momentum": -0.5707147917658011,
      "Quality": 0.12187126383992929,
      "Profitability": 0.1095887625622786,
      "Liquidity": 0.039025955006051424,
      "Credit": 0.44527449036269234
    },
    {
      "ticker": "OPEN",
      "r_squared": 0.12589144616069747,
      "alpha_annual": 1.5007321891681635,
      "idio_vol_annual": 1.3419694432596665,
      "Market": 2.995873979873448,
      "Size": 1.3700811300899216,
      "Value (SMID)": -1.6610306558112917,
      "Momentum": -2.0178355734055957,
      "Quality": 0.9609284495340183,
      "Profitability": 0.9508403341977336,
      "Liquidity": 1.8394039149538235,
      "Credit": -3.129897586273219
    },
    {
      "ticker": "PYPL",
      "r_squared": 0.29671199285335326,
      "alpha_annual": -0.6577623815338156,
      "idio_vol_annual": 0.33864758541538986,
      "Market": 1.826014966328807,
      "Size": -0.3592890685102864,
      "Value (SMID)": -0.8948596015903058,
      "Momentum": -0.9202219898672165,
      "Quality": 1.436399878990855,
      "Profitability": 0.6681280079345181,
      "Liquidity": 0.3960518715185602,
      "Credit": -0.030113498940966783
    },
    {
      "ticker": "TENB",
      "r_squared": 0.1469509842307466,
      "alpha_annual": -0.3611556448955286,
      "idio_vol_annual": 0.40982257964300517,
      "Market": 1.4773538278470175,
      "Size": -0.12891317785493014,
      "Value (SMID)": -0.7818747958200717,
      "Momentum": -0.22285898684374963,
      "Quality": -0.39252036023994646,
      "Profitability": 1.2948400018691324,
      "Liquidity": -0.13884158873754363,
      "Credit": -0.17847136847520934
    },
    {
      "ticker": "VIA",
      "r_squared": 0.11041575388532765,
      "alpha_annual": -1.557406996373614,
      "idio_vol_annual": 0.6830099894864102,
      "Market": 0.9682262936619621,
      "Size": 0.4469123610631783,
      "Value (SMID)": -1.4127445409696218,
      "Momentum": -1.0217355414818892,
      "Quality": -1.5996444793373588,
      "Profitability": 0.49261147801743405,
      "Liquidity": 0.6513530601104154,
      "Credit": -0.7540077417457565
    },
    {
      "ticker": "VST",
      "r_squared": 0.29109992479105307,
      "alpha_annual": -0.42828053304930175,
      "idio_vol_annual": 0.4125182625486847,
      "Market": 0.6102943141984774,
      "Size": 0.7895171186352277,
      "Value (SMID)": -0.6753065579941628,
      "Momentum": 0.6466527567287434,
      "Quality": -1.8797004164260664,
      "Profitability": -0.5042955963695935,
      "Liquidity": -0.8071092047706714,
      "Credit": -0.7254139033699061
    },
    {
      "ticker": "XNET",
      "r_squared": 0.17135470352724724,
      "alpha_annual": -0.3965540132595039,
      "idio_vol_annual": 0.6757437088770614,
      "Market": 1.8303107709901898,
      "Size": 0.21004015456719774,
      "Value (SMID)": -0.7450021987083972,
      "Momentum": -0.47540240431475106,
      "Quality": 0.34747765460339497,
      "Profitability": 0.5780399772682843,
      "Liquidity": 1.2276668747465165,
      "Credit": 2.246252969734533
    },
    {
      "ticker": "ZS",
      "r_squared": 0.09182533226266354,
      "alpha_annual": -0.9856993772728602,
      "idio_vol_annual": 0.5975710267957575,
      "Market": 1.3801757630786227,
      "Size": -0.4039049515775452,
      "Value (SMID)": -1.0722725104381594,
      "Momentum": -0.9366727450620876,
      "Quality": -0.8935630280561939,
      "Profitability": 0.8589349447033011,
      "Liquidity": 0.21839389533113734,
      "Credit": 0.15912423016311086
    },
    {
      "ticker": "ZTS",
      "r_squared": 0.16638480101409603,
      "alpha_annual": -0.8897071827014849,
      "idio_vol_annual": 0.3448335653570443,
      "Market": 1.3206935242236622,
      "Size": 0.138283822271443,
      "Value (SMID)": 0.04022119948658436,
      "Momentum": -0.19619546436329108,
      "Quality": 1.231279581809601,
      "Profitability": 0.7620628741033609,
      "Liquidity": 0.057024561252710694,
      "Credit": -0.6795577222750929
    }
  ],
  "portfolio_factor_exposure": {
    "loadings": {
      "Market": 1.4425774493750867,
      "Size": 0.3548220945648745,
      "Value (SMID)": -0.6154949771814957,
      "Momentum": -0.29712008437514914,
      "Quality": -0.59286608101069,
      "Profitability": 0.580017629580135,
      "Liquidity": 0.2215735799139691,
      "Credit": 0.42988140850411555
    },
    "alpha_annual": -0.5874647330560953,
    "r_squared_weighted": 0.20810362576189512
  },
  "stress_tests": [
    {
      "scenario": "COVID Crash (Feb-Mar 2020)",
      "market_move": -0.339,
      "portfolio_impact": -0.518862551426766,
      "stressed_nav": 478765.6598693071,
      "pnl": -516304.79513069295,
      "description": "Rapid 33.9% selloff in SPY over 23 trading days as COVID-19 spread."
    },
    {
      "scenario": "2022 Rate Shock (Jan-Oct)",
      "market_move": -0.252,
      "portfolio_impact": -0.3857031355738791,
      "stressed_nav": 611268.6603895734,
      "pnl": -383801.79461042664,
      "description": "Grinding 9-month decline as the Fed hiked rates aggressively."
    },
    {
      "scenario": "GFC 2008-09",
      "market_move": -0.565,
      "portfolio_impact": -0.8647709190446097,
      "stressed_nav": 134562.4631155121,
      "pnl": -860507.9918844879,
      "description": "Credit crisis bear market; SPY drew down 56.5% from Oct 2007 peak."
    },
    {
      "scenario": "Dot-Com Bust (2000-02)",
      "market_move": -0.491,
