{
  "generated_at": "2026-06-29T20:02:14.505126Z",
  "market_session": "AFTER",
  "fund_name": "Convex Capital",
  "tagline": "Lose small. Win big. \u2014 Paper-traded portfolio. Hypothetical performance for educational purposes only.",
  "summary": {
    "nav": 1139414.1400000001,
    "cash": 4722.310000000056,
    "equity": 1134691.83,
    "deposits": 1000000.0,
    "total_return": 0.1394141400000002,
    "realized_pnl": 0.0,
    "open_positions": 16
  },
  "metrics": {
    "period_return": 0.13954768002552465,
    "calendar_days_since_inception": 28,
    "trading_days_observed": 19,
    "annualized_return": 4.489700830468651,
    "annualized_return_arithmetic": 1.7835650773227025,
    "annualized_vol": 0.3103309610430801,
    "sharpe": 5.609337263352749,
    "sortino": 12.279104642842002,
    "calmar": 118.14464761534242,
    "max_drawdown": -0.038001728568240384,
    "var_95_1d": -0.01626666375148884,
    "risk_free_rate": 0.04374000072479248,
    "beta_benchmark": 0.8259323166322525,
    "benchmark_annualized_return": 0.2657592085935052,
    "benchmark_annualized_return_arithmetic": 0.23578234248571273,
    "benchmark_period_return": 0.03713414190069231,
    "period_active_return": 0.10241353812483234,
    "treynor": 2.106498367435318,
    "jensens_alpha": 1.5812111003758305,
    "information_ratio": 5.084159553848628,
    "tracking_error": 0.25077683847180193,
    "annualized_active_return": 2.5671783466909495,
    "annualized_active_return_arithmetic": 1.2749894592003659,
    "up_capture": 1.4640383411488174,
    "down_capture": 0.5521593556933012,
    "data_basis": "realized_nav",
    "days_of_live_nav": 20,
    "benchmark_ticker": "IWM",
    "benchmark_name": "Russell 2000",
    "beta_spy": 0.8259323166322525,
    "beta_spy_stress": 1.5331113586530847
  },
  "nav_curve": [
    {
      "date": "2026-06-01",
      "value": 999882.8292976379
    },
    {
      "date": "2026-06-02",
      "value": 1005079.4966617966
    },
    {
      "date": "2026-06-03",
      "value": 995768.7768651581
    },
    {
      "date": "2026-06-04",
      "value": 1004929.1794892884
    },
    {
      "date": "2026-06-05",
      "value": 974274.0015833282
    },
    {
      "date": "2026-06-08",
      "value": 974266.9881036186
    },
    {
      "date": "2026-06-09",
      "value": 979640.5088702394
    },
    {
      "date": "2026-06-10",
      "value": 966884.7384401513
    },
    {
      "date": "2026-06-11",
      "value": 990753.0886875344
    },
    {
      "date": "2026-06-12",
      "value": 996222.4282127572
    },
    {
      "date": "2026-06-15",
      "value": 1017018.2685251809
    },
    {
      "date": "2026-06-16",
      "value": 1019223.7061524964
    },
    {
      "date": "2026-06-17",
      "value": 1004256.765778122
    },
    {
      "date": "2026-06-18",
      "value": 1005956.2144795037
    },
    {
      "date": "2026-06-22",
      "value": 1013145.2704611397
    },
    {
      "date": "2026-06-23",
      "value": 1003670.4086042023
    },
    {
      "date": "2026-06-24",
      "value": 1028642.2278996087
    },
    {
      "date": "2026-06-25",
      "value": 1087855.2699132538
    },
    {
      "date": "2026-06-26",
      "value": 1108818.5221582032
    },
    {
      "date": "2026-06-29",
      "value": 1139414.158423481
    }
  ],
  "drawdown_curve": [
    {
      "date": "2026-06-01",
      "value": 0.0
    },
    {
      "date": "2026-06-02",
      "value": 0.0
    },
    {
      "date": "2026-06-03",
      "value": -0.009263665040986776
    },
    {
      "date": "2026-06-04",
      "value": -0.00014955749570802555
    },
    {
      "date": "2026-06-05",
      "value": -0.030649809473562682
    },
    {
      "date": "2026-06-08",
      "value": -0.03065678750836781
    },
    {
      "date": "2026-06-09",
      "value": -0.025310423579476604
    },
    {
      "date": "2026-06-10",
      "value": -0.038001728568240384
    },
    {
      "date": "2026-06-11",
      "value": -0.01425400480444075
    },
    {
      "date": "2026-06-12",
      "value": -0.008812306368259061
    },
    {
      "date": "2026-06-15",
      "value": 0.0
    },
    {
      "date": "2026-06-16",
      "value": 0.0
    },
    {
      "date": "2026-06-17",
      "value": -0.014684647034823809
    },
    {
      "date": "2026-06-18",
      "value": -0.01301725184854327
    },
    {
      "date": "2026-06-22",
      "value": -0.005963789553426265
    },
    {
      "date": "2026-06-23",
      "value": -0.015259944852545435
    },
    {
      "date": "2026-06-24",
      "value": 0.0
    },
    {
      "date": "2026-06-25",
      "value": 0.0
    },
    {
      "date": "2026-06-26",
      "value": 0.0
    },
    {
      "date": "2026-06-29",
      "value": 0.0
    }
  ],
  "benchmarks": {
    "SPY": [
      {
        "date": "2026-06-01",
        "value": 0.0
      },
      {
        "date": "2026-06-02",
        "value": 0.0013579397972762752
      },
      {
        "date": "2026-06-03",
        "value": -0.005668771434361286
      },
      {
        "date": "2026-06-04",
        "value": -0.0019115061781299625
      },
      {
        "date": "2026-06-05",
        "value": -0.027671542654459702
      },
      {
        "date": "2026-06-08",
        "value": -0.025470023194608782
      },
      {
        "date": "2026-06-09",
        "value": -0.02833070775180091
      },
      {
        "date": "2026-06-10",
        "value": -0.04364962071587053
      },
      {
        "date": "2026-06-11",
        "value": -0.027394678792744487
      },
      {
        "date": "2026-06-12",
        "value": -0.022134588105308994
      },
      {
        "date": "2026-06-15",
        "value": -0.0048909388718152425
      },
      {
        "date": "2026-06-16",
        "value": -0.010823344076597685
      },
      {
        "date": "2026-06-17",
        "value": -0.023176054438276084
      },
      {
        "date": "2026-06-18",
        "value": -0.013020023259145863
      },
      {
        "date": "2026-06-22",
        "value": -0.016126029204297176
      },
      {
        "date": "2026-06-23",
        "value": -0.030413801760312054
      },
      {
        "date": "2026-06-24",
        "value": -0.03086322150786902
      },
      {
        "date": "2026-06-25",
        "value": -0.029462203242598517
      },
      {
        "date": "2026-06-26",
        "value": -0.03648052466024476
      },
      {
        "date": "2026-06-29",
        "value": -0.020685973779895117
      }
    ],
    "IWM": [
      {
        "date": "2026-06-01",
        "value": 0.0
      },
      {
        "date": "2026-06-02",
        "value": 0.009273902616242058
      },
      {
        "date": "2026-06-03",
        "value": -0.004533265755123028
      },
      {
        "date": "2026-06-04",
        "value": 0.010485102307313143
      },
      {
        "date": "2026-06-05",
        "value": -0.025365222965751943
      },
      {
        "date": "2026-06-08",
        "value": -0.016852527916236926
      },
      {
        "date": "2026-06-09",
        "value": -0.013703535746163342
      },
      {
        "date": "2026-06-10",
        "value": -0.023981055236295123
      },
      {
        "date": "2026-06-11",
        "value": 0.00494832553389335
      },
      {
        "date": "2026-06-12",
        "value": 0.01373793881377372
      },
      {
        "date": "2026-06-15",
        "value": 0.022010765090349826
      },
      {
        "date": "2026-06-16",
        "value": 0.013130856989941098
      },
      {
        "date": "2026-06-17",
        "value": 0.005499833171586088
      },
      {
        "date": "2026-06-18",
        "value": 0.025305943833869415
      },
      {
        "date": "2026-06-22",
        "value": 0.03428980212625787
      },
      {
        "date": "2026-06-23",
        "value": 0.02436943940571834
      },
      {
        "date": "2026-06-24",
        "value": 0.0291215086708434
      },
      {
        "date": "2026-06-25",
        "value": 0.036821973757975135
      },
      {
        "date": "2026-06-26",
        "value": 0.04001309645392226
      },
      {
        "date": "2026-06-29",
        "value": 0.03713414190069231
      }
    ]
  },
  "holdings": [
    {
      "ticker": "GRPN",
      "company": "Groupon, Inc.",
      "sector": "Communication Services",
      "country": "United States",
      "shares": 11310.0,
      "price": 23.6,
      "cost_basis": 17.3017824933687,
      "market_value": 266916.0,
      "unrealized_pnl": 71232.84,
      "short_percent_of_float": 0.5577,
      "short_ratio": 7.12
    },
    {
      "ticker": "TENB",
      "company": "Tenable Holdings, Inc.",
      "sector": "Technology",
      "country": "United States",
      "shares": 4766.0,
      "price": 33.49,
      "cost_basis": 26.224616030214015,
      "market_value": 159613.34,
      "unrealized_pnl": 34626.820000000014,
      "short_percent_of_float": 0.1225,
      "short_ratio": 3.03
    },
    {
      "ticker": "KSPI",
      "company": "Joint Stock Company Kaspi.kz",
      "sector": "Technology",
      "country": "Kazakhstan",
      "shares": 1515.0,
      "price": 87.43,
      "cost_basis": 82.53049504950495,
      "market_value": 132456.45,
      "unrealized_pnl": 7422.750000000012,
      "short_percent_of_float": 0.019199999,
      "short_ratio": 3.76
    },
    {
      "ticker": "CMI",
      "company": "Cummins Inc.",
      "sector": "Industrials",
      "country": "United States",
      "shares": 153.0,
      "price": 691.06,
      "cost_basis": 651.1282352941176,
      "market_value": 105732.18,
      "unrealized_pnl": 6109.559999999992,
      "short_percent_of_float": 0.0214,
      "short_ratio": 2.63
    },
    {
      "ticker": "JAKK",
      "company": "JAKKS Pacific, Inc.",
      "sector": "Consumer Cyclical",
      "country": "United States",
      "shares": 3436.0,
      "price": 23.73,
      "cost_basis": 21.83,
      "market_value": 81536.28,
      "unrealized_pnl": 6528.400000000007,
      "short_percent_of_float": 0.0436,
      "short_ratio": 10.5
    },
    {
      "ticker": "VIA",
      "company": "Via Transportation, Inc.",
      "sector": "Technology",
      "country": "United States",
      "shares": 3280.0,
      "price": 18.665,
      "cost_basis": 15.241405487804878,
      "market_value": 61221.2,
      "unrealized_pnl": 11229.389999999998,
      "short_percent_of_float": 0.16370001,
      "short_ratio": 7.41
    },
    {
      "ticker": "XNET",
      "company": "Xunlei Limited",
      "sector": "Technology",
      "country": "China",
      "shares": 10526.0,
      "price": 5.41,
      "cost_basis": 4.75,
      "market_value": 56945.66,
      "unrealized_pnl": 6947.160000000002,
      "short_percent_of_float": 0.0537,
      "short_ratio": 5.2
    },
    {
      "ticker": "ZS",
      "company": "Zscaler, Inc.",
      "sector": "Technology",
      "country": "United States",
      "shares": 365.0,
      "price": 137.6,
      "cost_basis": 136.79813698630136,
      "market_value": 50224.0,
      "unrealized_pnl": 292.6800000000021,
      "short_percent_of_float": 0.1129,
      "short_ratio": 1.62
    },
    {
      "ticker": "CRWV",
      "company": "CoreWeave, Inc.",
      "sector": "Technology",
      "country": "United States",
      "shares": 468.0,
      "price": 95.51,
      "cost_basis": 106.78134615384614,
      "market_value": 44698.68,
      "unrealized_pnl": -5274.9899999999925,
      "short_percent_of_float": 0.2299,
      "short_ratio": 2.46
    },
    {
      "ticker": "VST",
      "company": "Vistra Corp.",
      "sector": "Utilities",
      "country": "United States",
      "shares": 162.0,
      "price": 162.475,
      "cost_basis": 154.76,
      "market_value": 26320.95,
      "unrealized_pnl": 1249.8300000000006,
      "short_percent_of_float": 0.052699998,
      "short_ratio": 3.04
    },
    {
      "ticker": "GENC",
      "company": "Gencor Industries, Inc.",
      "sector": "Industrials",
      "country": "United States",
      "shares": 1746.0,
      "price": 15.05,
      "cost_basis": 14.32,
      "market_value": 26277.300000000003,
      "unrealized_pnl": 1274.5800000000008,
      "short_percent_of_float": 0.006,
      "short_ratio": 1.66
    },
    {
      "ticker": "ESI",
      "company": "Element Solutions Inc",
      "sector": "Basic Materials",
      "country": "United States",
      "shares": 557.0,
      "price": 46.29,
      "cost_basis": 44.92,
      "market_value": 25783.53,
      "unrealized_pnl": 763.0899999999986,
      "short_percent_of_float": 0.087,
      "short_ratio": 5.6
    },
    {
      "ticker": "OPEN",
      "company": "Opendoor Technologies Inc.",
      "sector": "Real Estate",
      "country": "United States",
      "shares": 5479.0,
      "price": 4.6,
      "cost_basis": 4.562927541522176,
      "market_value": 25203.399999999998,
      "unrealized_pnl": 203.11999999999728,
      "short_percent_of_float": 0.17889999,
      "short_ratio": 4.06
    },
    {
      "ticker": "PYPL",
      "company": "PayPal Holdings, Inc.",
      "sector": "Financial Services",
      "country": "United States",
      "shares": 553.0,
      "price": 44.38,
      "cost_basis": 45.19,
      "market_value": 24542.140000000003,
      "unrealized_pnl": -447.92999999999734,
      "short_percent_of_float": 0.0687,
      "short_ratio": 3.63
    },
    {
      "ticker": "CEG",
      "company": "Constellation Energy Corporation",
      "sector": "Utilities",
      "country": "United States",
      "shares": 94.0,
      "price": 259.32,
      "cost_basis": 265.7,
      "market_value": 24376.079999999998,
      "unrealized_pnl": -599.7199999999996,
      "short_percent_of_float": 0.0356,
      "short_ratio": 2.75
    },
    {
      "ticker": "ZTS",
      "company": "Zoetis Inc.",
      "sector": "Healthcare",
      "country": "United States",
      "shares": 312.0,
      "price": 73.22,
      "cost_basis": 80.09,
      "market_value": 22844.64,
      "unrealized_pnl": -2143.4400000000014,
      "short_percent_of_float": 0.0434,
      "short_ratio": 2.25
    }
  ],
  "sector_exposure": [
    {
      "name": "Technology",
      "value": 505159.32999999996,
      "pct": 0.4433500623399319
    },
    {
      "name": "Communication Services",
      "value": 266916.0,
      "pct": 0.2342572297724864
    },
    {
      "name": "Industrials",
      "value": 132009.47999999998,
      "pct": 0.11585732997836938
    },
    {
      "name": "Consumer Cyclical",
      "value": 81536.28,
      "pct": 0.07155982810604754
    },
    {
      "name": "Utilities",
      "value": 50697.03,
      "pct": 0.04449394493208588
    },
    {
      "name": "Basic Materials",
      "value": 25783.53,
      "pct": 0.02262876077700773
    },
    {
      "name": "Real Estate",
      "value": 25203.399999999998,
      "pct": 0.022119613154879748
    },
    {
      "name": "Financial Services",
      "value": 24542.140000000003,
      "pct": 0.02153926227385593
    },
    {
      "name": "Healthcare",
      "value": 22844.64,
      "pct": 0.020049461559253596
    },
    {
      "name": "Cash",
      "value": 4722.310000000056,
      "pct": 0.004144507106081776
    }
  ],
  "geographic_exposure": [
    {
      "name": "United States",
      "value": 945289.72,
      "pct": 0.8296278647200217
    },
    {
      "name": "Kazakhstan",
      "value": 132456.45,
      "pct": 0.11624961052352746
    },
    {
      "name": "China",
      "value": 56945.66,
      "pct": 0.04997801765036899
    },
    {
      "name": "Cash",
      "value": 4722.310000000056,
      "pct": 0.004144507106081776
    }
  ],
  "signals": [
    {
      "ticker": "CEG",
      "label": "LEAN BEAR",
      "composite": -0.5,
      "rsi": 42.7,
      "subs": {
        "rsi": 0.0,
        "macd": 0.5,
        "trend": -0.5,
        "bb": -0.5,
        "vol": 0.0,
        "range": 0.0
      }
    },
    {
      "ticker": "CMI",
      "label": "STRONG BUY",
      "composite": 2.5,
      "rsi": 52.0,
      "subs": {
        "rsi": 0.5,
        "macd": 0.5,
        "trend": 0.5,
        "bb": 0.5,
        "vol": 0.5,
        "range": 0.0
      }
    },
    {
      "ticker": "CRWV",
      "label": "SELL",
      "composite": -1.5,
      "rsi": 40.8,
      "subs": {
        "rsi": 0.0,
        "macd": -0.5,
        "trend": 0.0,
        "bb": -0.5,
        "vol": 0.0,
        "range": -0.5
      }
    },
    {
      "ticker": "ESI",
      "label": "STRONG BUY",
      "composite": 3.0,
      "rsi": 57.0,
      "subs": {
        "rsi": 0.5,
        "macd": 0.5,
        "trend": 0.5,
        "bb": 0.5,
        "vol": 0.5,
        "range": 0.5
      }
    },
    {
      "ticker": "GENC",
      "label": "STRONG BUY",
      "composite": 3.0,
      "rsi": 54.6,
      "subs": {
        "rsi": 0.5,
        "macd": 0.5,
        "trend": 0.5,
        "bb": 0.5,
        "vol": 0.5,
        "range": 0.5
      }
    },
    {
      "ticker": "GRPN",
      "label": "STRONG BUY",
      "composite": 2.0,
      "rsi": 71.7,
      "subs": {
        "rsi": 0.0,
        "macd": 0.5,
        "trend": 0.5,
        "bb": 0.0,
        "vol": 0.5,
        "range": 0.5
      }
    },
    {
      "ticker": "JAKK",
      "label": "STRONG BUY",
      "composite": 2.5,
      "rsi": 66.7,
      "subs": {
        "rsi": 0.5,
        "macd": 0.5,
        "trend": 0.5,
        "bb": 0.0,
        "vol": 0.5,
        "range": 0.5
      }
    },
    {
      "ticker": "KSPI",
      "label": "STRONG BUY",
      "composite": 2.5,
      "rsi": 55.5,
      "subs": {
        "rsi": 0.5,
        "macd": 0.5,
        "trend": 0.5,
        "bb": 0.5,
        "vol": 0.0,
        "range": 0.5
      }
    },
    {
      "ticker": "OPEN",
      "label": "BUY",
      "composite": 1.5,
      "rsi": 51.0,
      "subs": {
        "rsi": 0.5,
        "macd": 0.5,
        "trend": -0.5,
        "bb": 0.5,
        "vol": 0.5,
        "range": 0.0
      }
    },
    {
      "ticker": "PYPL",
      "label": "BUY",
      "composite": 1.5,
      "rsi": 56.3,
      "subs": {
        "rsi": 0.5,
        "macd": 0.5,
        "trend": -0.5,
        "bb": 0.5,
        "vol": 0.0,
        "range": 0.5
      }
    },
    {
      "ticker": "TENB",
      "label": "BUY",
      "composite": 1.0,
      "rsi": 75.6,
      "subs": {
        "rsi": -0.5,
        "macd": 0.5,
        "trend": 0.5,
        "bb": 0.0,
        "vol": 0.0,
        "range": 0.5
      }
    },
    {
      "ticker": "VIA",
      "label": "STRONG BUY",
      "composite": 2.0,
      "rsi": 70.6,
      "subs": {
        "rsi": 0.0,
        "macd": 0.5,
        "trend": 0.5,
        "bb": 0.0,
        "vol": 0.5,
        "range": 0.5
      }
    },
    {
      "ticker": "VST",
      "label": "STRONG BUY",
      "composite": 2.0,
      "rsi": 56.0,
      "subs": {
        "rsi": 0.5,
        "macd": 0.5,
        "trend": 0.0,
        "bb": 0.5,
        "vol": 0.0,
        "range": 0.5
      }
    },
    {
      "ticker": "XNET",
      "label": "BUY",
      "composite": 1.0,
      "rsi": 52.2,
      "subs": {
        "rsi": 0.5,
        "macd": 0.5,
        "trend": -0.5,
        "bb": 0.5,
        "vol": 0.0,
        "range": 0.0
      }
    },
    {
      "ticker": "ZS",
      "label": "LEAN BULL",
      "composite": 0.5,
      "rsi": 52.6,
      "subs": {
        "rsi": 0.5,
        "macd": 0.5,
        "trend": -0.5,
        "bb": 0.5,
        "vol": -0.5,
        "range": 0.0
      }
    },
    {
      "ticker": "ZTS",
      "label": "LEAN BEAR",
      "composite": -0.5,
      "rsi": 31.4,
      "subs": {
        "rsi": 0.0,
        "macd": 0.5,
        "trend": -0.5,
        "bb": 0.0,
        "vol": 0.0,
        "range": -0.5
      }
    }
  ],
  "volatility": [
    {
      "ticker": "CEG",
      "hv20": 0.4395274484096649,
      "garch": 0.5150732506250784,
      "expansion": 0.17187960044079073,
      "regime": "NORMAL",
      "signal": "BASE"
    },
    {
      "ticker": "CMI",
      "hv20": 0.5070452774453227,
      "garch": 0.41116137667966174,
      "expansion": -0.18910323205998225,
      "regime": "EXTREME",
      "signal": "WEAK"
    },
    {
      "ticker": "CRWV",
      "hv20": 0.8683370303231023,
      "garch": 0.9109260183882821,
      "expansion": 0.049046610449554114,
      "regime": "NORMAL",
      "signal": "WEAK"
    },
    {
      "ticker": "ESI",
      "hv20": 0.601591956099574,
      "garch": 0.5508004527930142,
      "expansion": -0.08442849474894411,
      "regime": "EXTREME",
      "signal": "WEAK"
    },
    {
      "ticker": "GENC",
      "hv20": 0.31820667164519517,
      "garch": 0.3541315129149268,
      "expansion": 0.11289782544153663,
      "regime": "LOW",
      "signal": "BASE"
    },
    {
      "ticker": "GRPN",
      "hv20": 1.132883610842699,
      "garch": 0.8495675238919667,
      "expansion": -0.25008401943425307,
      "regime": "EXTREME",
      "signal": "WEAK"
    },
    {
      "ticker": "JAKK",
      "hv20": 0.22496801636192174,
      "garch": 0.46334683703867735,
      "expansion": 1.0596120485556444,
      "regime": "LOW",
      "signal": "SIGNAL"
    },
    {
      "ticker": "KSPI",
      "hv20": 0.37700471032162997,
      "garch": 0.37094239276257607,
      "expansion": -0.01608021701872642,
      "regime": "HIGH",
      "signal": "WEAK"
    },
    {
      "ticker": "OPEN",
      "hv20": 0.7341700117837255,
      "garch": 0.70317660418467,
      "expansion": -0.042215572825910666,
      "regime": "NORMAL",
      "signal": "WEAK"
    },
    {
      "ticker": "PYPL",
      "hv20": 0.3517831558681584,
      "garch": 0.4172056696237988,
      "expansion": 0.18597398046016594,
      "regime": "NORMAL",
      "signal": "BASE"
    },
    {
      "ticker": "TENB",
      "hv20": 0.6569198725623827,
      "garch": 0.7802408560611682,
      "expansion": 0.1877260662213787,
      "regime": "HIGH",
      "signal": "BASE"
    },
    {
      "ticker": "VIA",
      "hv20": 0.8206092240075534,
      "garch": null,
      "expansion": null,
      "regime": "NORMAL",
      "signal": "WEAK"
    },
    {
      "ticker": "VST",
      "hv20": 0.45994814041138077,
      "garch": 0.5452685175391555,
      "expansion": 0.1854999936546403,
      "regime": "NORMAL",
      "signal": "BASE"
    },
    {
      "ticker": "XNET",
      "hv20": 0.754739818423236,
      "garch": 0.7019204569785575,
      "expansion": -0.06998353625362709,
      "regime": "HIGH",
      "signal": "WEAK"
    },
    {
      "ticker": "ZS",
      "hv20": 0.6698675769594549,
      "garch": 0.782623883901603,
      "expansion": 0.16832626450432445,
      "regime": "HIGH",
      "signal": "BASE"
    },
    {
      "ticker": "ZTS",
      "hv20": 0.331499034149635,
      "garch": 0.3536614984450135,
      "expansion": 0.06685529070161514,
      "regime": "HIGH",
      "signal": "WEAK"
    }
  ],
  "correlation": {
    "tickers": [
      "CEG",
      "CMI",
      "CRWV",
      "ESI",
      "GENC",
      "GRPN",
      "JAKK",
      "KSPI",
      "OPEN",
      "PYPL",
      "TENB",
      "VIA",
      "VST",
      "XNET",
      "ZS",
      "ZTS"
    ],
    "matrix": [
      [
        1.0,
        0.329,
        0.234,
        0.302,
        0.148,
        0.082,
        0.085,
        0.058,
        0.185,
        0.134,
        0.037,
        -0.006,
        0.796,
        0.244,
        0.035,
        0.124
      ],
      [
        0.329,
        1.0,
        0.366,
        0.629,
        0.317,
        0.221,
        0.118,
        0.227,
        0.177,
        0.057,
        -0.101,
        -0.032,
        0.365,
        0.28,
        -0.079,
        0.18
      ],
      [
        0.234,
        0.366,
        1.0,
        0.34,
        0.116,
        0.131,
        0.048,
        0.122,
        0.243,
        0.141,
        0.095,
        0.197,
        0.316,
        0.36,
        0.173,
        0.082
      ],
      [
        0.302,
        0.629,
        0.34,
        1.0,
        0.257,
        0.312,
        0.228,
        0.293,
        0.26,
        0.269,
        0.065,
        0.028,
        0.374,
        0.329,
        0.024,
        0.169
      ],
      [
        0.148,
        0.317,
        0.116,
        0.257,
        1.0,
        0.134,
        0.321,
        0.147,
        0.128,
        0.108,
        0.164,
        0.079,
        0.164,
        0.167,
        0.06,
        0.156
      ],
      [
        0.082,
        0.221,
        0.131,
        0.312,
        0.134,
        1.0,
        0.159,
        0.336,
        0.29,
        0.253,
        0.221,
        0.168,
        0.145,
        0.238,
        0.13,
        0.147
      ],
      [
        0.085,
        0.118,
        0.048,
        0.228,
        0.321,
        0.159,
        1.0,
        0.108,
        0.14,
        0.222,
        -0.018,
        0.156,
        0.057,
        0.204,
        -0.039,
        0.144
      ],
      [
        0.058,
        0.227,
        0.122,
        0.293,
        0.147,
        0.336,
        0.108,
        1.0,
        0.241,
        0.266,
        0.247,
        0.14,
        0.109,
        0.213,
        0.153,
        0.182
      ],
      [
        0.185,
        0.177,
        0.243,
        0.26,
        0.128,
        0.29,
        0.14,
        0.241,
        1.0,
        0.25,
        0.135,
        0.162,
        0.252,
        0.349,
        0.071,
        0.162
      ],
      [
        0.134,
        0.057,
        0.141,
        0.269,
        0.108,
        0.253,
        0.222,
        0.266,
        0.25,
        1.0,
        0.36,
        0.166,
        0.079,
        0.352,
        0.217,
        0.167
      ],
      [
        0.037,
        -0.101,
        0.095,
        0.065,
        0.164,
        0.221,
        -0.018,
        0.247,
        0.135,
        0.36,
        1.0,
        0.379,
        0.046,
        0.165,
        0.568,
        0.064
      ],
      [
        -0.006,
        -0.032,
        0.197,
        0.028,
        0.079,
        0.168,
        0.156,
        0.14,
        0.162,
        0.166,
        0.379,
        1.0,
        0.044,
        0.186,
        0.384,
        0.001
      ],
      [
        0.796,
        0.365,
        0.316,
        0.374,
        0.164,
        0.145,
        0.057,
        0.109,
        0.252,
        0.079,
        0.046,
        0.044,
        1.0,
        0.271,
        0.06,
        0.089
      ],
      [
        0.244,
        0.28,
        0.36,
        0.329,
        0.167,
        0.238,
        0.204,
        0.213,
        0.349,
        0.352,
        0.165,
        0.186,
        0.271,
        1.0,
        0.225,
        0.036
      ],
      [
        0.035,
        -0.079,
        0.173,
        0.024,
        0.06,
        0.13,
        -0.039,
        0.153,
        0.071,
        0.217,
        0.568,
        0.384,
        0.06,
        0.225,
        1.0,
        -0.044
      ],
      [
        0.124,
        0.18,
        0.082,
        0.169,
        0.156,
        0.147,
        0.144,
        0.182,
        0.162,
        0.167,
        0.064,
        0.001,
        0.089,
        0.036,
        -0.044,
        1.0
      ]
    ]
  },
  "residual_correlation": {
    "tickers": [
      "CEG",
      "CMI",
      "CRWV",
      "ESI",
      "GENC",
      "GRPN",
      "JAKK",
      "KSPI",
      "OPEN",
      "PYPL",
      "TENB",
      "VIA",
      "VST",
      "XNET",
      "ZS",
      "ZTS"
    ],
    "matrix": [
      [
        1.0,
        0.045,
        0.011,
        -0.041,
        0.032,
        -0.079,
        -0.022,
        -0.129,
        0.031,
        0.042,
        -0.02,
        -0.096,
        0.729,
        0.101,
        0.012,
        0.068
      ],
      [
        0.045,
        1.0,
        0.114,
        0.25,
        0.067,
        -0.037,
        -0.138,
        -0.013,
        -0.065,
        -0.099,
        -0.273,
        -0.158,
        0.026,
        -0.01,
        -0.151,
        0.08
      ],
      [
        0.011,
        0.114,
        1.0,
        0.032,
        0.016,
        -0.071,
        -0.045,
        -0.104,
        0.042,
        -0.033,
        -0.017,
        0.083,
        0.082,
        0.144,
        0.108,
        0.032
      ],
      [
        -0.041,
        0.25,
        0.032,
        1.0,
        -0.07,
        0.051,
        0.001,
        0.01,
        -0.007,
        0.13,
        -0.097,
        -0.126,
        -0.002,
        0.019,
        -0.053,
        -0.017
      ],
      [
        0.032,
        0.067,
        0.016,
        -0.07,
        1.0,
        -0.047,
        0.058,
        -0.081,
        -0.077,
        -0.001,
        0.101,
        -0.0,
        0.029,
        -0.055,
        0.01,
        -0.042
      ],
      [
        -0.079,
        -0.037,
        -0.071,
        0.051,
        -0.047,
        1.0,
        0.04,
        0.2,
        0.125,
        0.128,
        0.112,
        0.084,
        -0.03,
        0.047,
        0.057,
        0.029
      ],
      [
        -0.022,
        -0.138,
        -0.045,
        0.001,
        0.058,
        0.04,
        1.0,
        -0.086,
        -0.029,
        0.112,
        -0.14,
        0.081,
        -0.061,
        0.027,
        -0.115,
        -0.025
      ],
      [
        -0.129,
        -0.013,
        -0.104,
        0.01,
        -0.081,
        0.2,
        -0.086,
        1.0,
        0.059,
        0.098,
        0.15,
        0.027,
        -0.095,
        -0.004,
        0.066,
        0.042
      ],
      [
        0.031,
        -0.065,
        0.042,
        -0.007,
        -0.077,
        0.125,
        -0.029,
        0.059,
        1.0,
        0.068,
        -0.008,
        0.038,
        0.108,
        0.156,
        -0.042,
        0.026
      ],
      [
        0.042,
        -0.099,
        -0.033,
        0.13,
        -0.001,
        0.128,
        0.112,
        0.098,
        0.068,
        1.0,
        0.227,
        0.025,
        -0.027,
        0.204,
        0.078,
        0.02
      ],
      [
        -0.02,
        -0.273,
        -0.017,
        -0.097,
        0.101,
        0.112,
        -0.14,
        0.15,
        -0.008,
        0.227,
        1.0,
        0.312,
        -0.005,
        0.016,
        0.521,
        -0.05
      ],
      [
        -0.096,
        -0.158,
        0.083,
        -0.126,
        -0.0,
        0.084,
        0.081,
        0.027,
        0.038,
        0.025,
        0.312,
        1.0,
        -0.038,
        0.056,
        0.328,
        -0.086
      ],
      [
        0.729,
        0.026,
        0.082,
        -0.002,
        0.029,
        -0.03,
        -0.061,
        -0.095,
        0.108,
        -0.027,
        -0.005,
        -0.038,
        1.0,
        0.114,
        0.048,
        0.018
      ],
      [
        0.101,
        -0.01,
        0.144,
        0.019,
        -0.055,
        0.047,
        0.027,
        -0.004,
        0.156,
        0.204,
        0.016,
        0.056,
        0.114,
        1.0,
        0.142,
        -0.116
      ],
      [
        0.012,
        -0.151,
        0.108,
        -0.053,
        0.01,
        0.057,
        -0.115,
        0.066,
        -0.042,
        0.078,
        0.521,
        0.328,
        0.048,
        0.142,
        1.0,
        -0.131
      ],
      [
        0.068,
        0.08,
        0.032,
        -0.017,
        -0.042,
        0.029,
        -0.025,
        0.042,
        0.026,
        0.02,
        -0.05,
        -0.086,
        0.018,
        -0.116,
        -0.131,
        1.0
      ]
    ]
  },
  "factor_correlation": {
    "factors": [
      "Market",
      "Size",
      "Value (SMID)",
      "Momentum",
      "Quality",
      "Profitability",
      "Liquidity",
      "Credit"
    ],
    "matrix": [
      [
        1.0,
        0.285,
        -0.505,
        0.412,
        -0.256,
        -0.55,
        0.313,
        0.19
      ],
      [
        0.285,
        1.0,
        -0.128,
        0.195,
        0.164,
        0.184,
        0.272,
        0.032
      ],
      [
        -0.505,
        -0.128,
        1.0,
        -0.564,
        0.33,
        0.611,
        -0.35,
        -0.146
      ],
      [
        0.412,
        0.195,
        -0.564,
        1.0,
        -0.267,
        -0.569,
        0.251,
        0.051
      ],
      [
        -0.256,
        0.164,
        0.33,
        -0.267,
        1.0,
        0.455,
        -0.19,
        -0.132
      ],
      [
        -0.55,
        0.184,
        0.611,
        -0.569,
        0.455,
        1.0,
        -0.279,
        -0.114
      ],
      [
        0.313,
        0.272,
        -0.35,
        0.251,
        -0.19,
        -0.279,
        1.0,
        0.162
      ],
      [
        0.19,
        0.032,
        -0.146,
        0.051,
        -0.132,
        -0.114,
        0.162,
        1.0
      ]
    ]
  },
  "factor_exposures": [
    {
      "ticker": "CEG",
      "r_squared": 0.2366165010352338,
      "alpha_annual": -0.42925418079578626,
      "idio_vol_annual": 0.40739497196293495,
      "Market": 0.650842661033988,
      "Size": 0.48175376350127125,
      "Value (SMID)": -0.520584812659718,
      "Momentum": 0.40727183740338047,
      "Quality": -0.7977191738727154,
      "Profitability": -0.6300216697701964,
      "Liquidity": -0.459597069004663,
      "Credit": -0.878874870979834
    },
    {
      "ticker": "CMI",
      "r_squared": 0.49013028871232944,
      "alpha_annual": 0.3351875036579246,
      "idio_vol_annual": 0.24787986870667508,
      "Market": 1.1307809234529242,
      "Size": 0.8045489781595495,
      "Value (SMID)": 0.40072473156429517,
      "Momentum": 0.7965814116149625,
      "Quality": -0.21951353352310626,
      "Profitability": -0.17415639243126843,
      "Liquidity": -0.42871417730826566,
      "Credit": 0.8561531841885865
    },
    {
      "ticker": "CRWV",
      "r_squared": 0.2688307075873625,
      "alpha_annual": -0.8921609119380189,
      "idio_vol_annual": 0.8025226166972524,
      "Market": 1.043256897842395,
      "Size": 0.7493983557985977,
      "Value (SMID)": -2.0023802835750852,
      "Momentum": 0.30119671521739455,
      "Quality": -3.828983720609639,
      "Profitability": -0.26695731944933687,
      "Liquidity": 0.4866368463887101,
      "Credit": 1.8858792050483246
    },
    {
      "ticker": "ESI",
      "r_squared": 0.5256841647476093,
      "alpha_annual": 0.23070326700857213,
      "idio_vol_annual": 0.2871987534229923,
      "Market": 1.6705534914904652,
      "Size": 0.9667635956321714,
      "Value (SMID)": -0.16707420955639785,
      "Momentum": 0.7444632746421793,
      "Quality": 0.21905258056902233,
      "Profitability": 0.26345758536265074,
      "Liquidity": -0.7193347110494474,
      "Credit": 0.20261933120831818
    },
    {
      "ticker": "GENC",
      "r_squared": 0.3229538809128233,
      "alpha_annual": -0.42773724090243703,
      "idio_vol_annual": 0.3227342872383303,
      "Market": 1.2909728169046468,
      "Size": 1.1979065566714917,
      "Value (SMID)": 1.147734875696814,
      "Momentum": -0.07204636282632015,
      "Quality": -0.6193695220482556,
      "Profitability": 0.07611520668791116,
      "Liquidity": -0.10982555237441816,
      "Credit": 0.6787764164282174
    },
    {
      "ticker": "GRPN",
      "r_squared": 0.15916240807671378,
      "alpha_annual": -0.786509359311584,
      "idio_vol_annual": 0.6654159323259898,
      "Market": 2.000428862220499,
      "Size": 0.26510193980607777,
      "Value (SMID)": -0.7460991325462822,
      "Momentum": 0.4090459102701768,
      "Quality": -1.6971657928039743,
      "Profitability": 1.7371687681143486,
      "Liquidity": 0.08391738524461456,
      "Credit": 1.0186770544401984
    },
    {
      "ticker": "JAKK",
      "r_squared": 0.2721384015753645,
      "alpha_annual": -0.21622052990898666,
      "idio_vol_annual": 0.3520556828230536,
      "Market": 1.2301823754565389,
      "Size": 1.0937357207256349,
      "Value (SMID)": 0.8630133344489116,
      "Momentum": -0.3009791186710996,
      "Quality": 1.2471980571512065,
      "Profitability": -0.3472421607349202,
      "Liquidity": 0.22195806212260805,
      "Credit": -0.4978110775605484
    },
    {
      "ticker": "KSPI",
      "r_squared": 0.2115232934246174,
      "alpha_annual": -0.1382814158469909,
      "idio_vol_annual": 0.3238511011233406,
      "Market": 1.155477106763176,
      "Size": 0.5274942898582957,
      "Value (SMID)": -0.31773447177667896,
      "Momentum": -0.4613641396354352,
      "Quality": 0.05620441715366113,
      "Profitability": 0.09955366947306579,
      "Liquidity": -0.13435696511311834,
      "Credit": 0.5249222479370225
    },
    {
      "ticker": "OPEN",
      "r_squared": 0.12065686801395237,
      "alpha_annual": 1.5432828073265041,
      "idio_vol_annual": 1.3420822964009607,
      "Market": 3.0628996035790594,
      "Size": 1.1741662950110285,
      "Value (SMID)": -1.554858288572807,
      "Momentum": -1.700131344267308,
      "Quality": 0.7146078807779228,
      "Profitability": 0.9128673122824287,
      "Liquidity": 1.6903272008948766,
      "Credit": -2.9294771411694223
    },
    {
      "ticker": "PYPL",
      "r_squared": 0.29466159992276975,
      "alpha_annual": -0.6399439616392391,
      "idio_vol_annual": 0.33907231811312194,
      "Market": 1.7741583893443293,
      "Size": -0.2834416473371858,
      "Value (SMID)": -0.936128355235133,
      "Momentum": -0.8630771078177643,
      "Quality": 1.4289293945639467,
      "Profitability": 0.7011074931764014,
      "Liquidity": 0.3014650796626789,
      "Credit": -0.05171337865769467
    },
    {
      "ticker": "TENB",
      "r_squared": 0.15917831518543524,
      "alpha_annual": -0.18346480981152352,
      "idio_vol_annual": 0.42794976792683015,
      "Market": 1.6432576170789803,
      "Size": -0.3950218437684029,
      "Value (SMID)": -0.7164938363057769,
      "Momentum": -0.3732293887192878,
      "Quality": 0.35441818410033893,
      "Profitability": 1.4065485470108217,
      "Liquidity": 0.5237125956541668,
      "Credit": -0.4485968336001624
    },
    {
      "ticker": "VIA",
      "r_squared": 0.11510268096733889,
      "alpha_annual": -1.3137051734678633,
      "idio_vol_annual": 0.6907794494669363,
      "Market": 1.1454240512449505,
      "Size": 0.2572923922095955,
      "Value (SMID)": -1.1777369055440505,
      "Momentum": -1.0218524552868358,
      "Quality": -0.5416732328530312,
      "Profitability": 0.5761925595439766,
      "Liquidity": 1.2197887077317562,
      "Credit": -0.899471613985063
    },
    {
      "ticker": "VST",
      "r_squared": 0.29270650977254054,
      "alpha_annual": -0.39589662305659334,
      "idio_vol_annual": 0.4133351495740098,
      "Market": 0.6198831188379396,
      "Size": 0.8184405240406964,
      "Value (SMID)": -0.6869486208996586,
      "Momentum": 0.5458035737910313,
      "Quality": -1.6023626183190856,
      "Profitability": -0.5060827087296108,
      "Liquidity": -0.7010608816291715,
      "Credit": -0.839564501217339
    },
    {
      "ticker": "XNET",
      "r_squared": 0.1694438062027528,
      "alpha_annual": -0.18261483973387305,
      "idio_vol_annual": 0.6732521164108479,
      "Market": 1.747478038227262,
      "Size": 0.2916282677336991,
      "Value (SMID)": -0.7110175793680822,
      "Momentum": -0.3733285417885305,
      "Quality": 0.3536162567594603,
      "Profitability": 0.5993837908605746,
      "Liquidity": 1.0841025588775794,
      "Credit": 2.5434142041132435
    },
    {
      "ticker": "ZS",
      "r_squared": 0.09993479886494339,
      "alpha_annual": -0.87179260519444,
      "idio_vol_annual": 0.5999517003592458,
      "Market": 1.4015274144760244,
      "Size": -0.46575689963463496,
      "Value (SMID)": -1.1017713324770388,
      "Momentum": -0.9830578760537867,
      "Quality": -0.47464803404782463,
      "Profitability": 0.9355329835849671,
      "Liquidity": 0.47996430895982345,
      "Credit": 0.0766757410192786
    },
    {
      "ticker": "ZTS",
