{
  "generated_at": "2026-06-30T14:46:03.743766Z",
  "market_session": "OPEN",
  "fund_name": "Convex Capital",
  "tagline": "Lose small. Win big. \u2014 Paper-traded portfolio. Hypothetical performance for educational purposes only.",
  "summary": {
    "nav": 1159340.4873672104,
    "cash": 4722.310000000056,
    "equity": 1154618.1773672104,
    "deposits": 1000000.0,
    "total_return": 0.1593404873672104,
    "realized_pnl": 0.0,
    "open_positions": 16
  },
  "metrics": {
    "period_return": 0.1597602135859042,
    "calendar_days_since_inception": 29,
    "trading_days_observed": 20,
    "annualized_return": 5.4587958384541055,
    "annualized_return_arithmetic": 1.9178794265667014,
    "annualized_vol": 0.3044227784511829,
    "sharpe": 6.158593869725566,
    "sortino": 13.567658121552407,
    "calmar": 143.645987804256,
    "max_drawdown": -0.038001728568240384,
    "var_95_1d": -0.01547565539315635,
    "risk_free_rate": 0.04400000095367432,
    "beta_benchmark": 0.8246565179659505,
    "benchmark_annualized_return": 0.26620771300416957,
    "benchmark_annualized_return_arithmetic": 0.2361369477277299,
    "benchmark_period_return": 0.038833759296238224,
    "period_active_return": 0.12092645428966597,
    "treynor": 2.272315060620667,
    "jensens_alpha": 1.7154324401137253,
    "information_ratio": 5.717957141276251,
    "tracking_error": 0.2473048395340868,
    "annualized_active_return": 3.096470533195693,
    "annualized_active_return_arithmetic": 1.414078473286109,
    "up_capture": 1.598885186564342,
    "down_capture": 0.5513640471593504,
    "data_basis": "realized_nav",
    "days_of_live_nav": 21,
    "benchmark_ticker": "IWM",
    "benchmark_name": "Russell 2000",
    "beta_spy": 0.8246565179659505,
    "beta_spy_stress": 1.5370072116476101
  },
  "nav_curve": [
    {
      "date": "2026-06-01",
      "value": 999882.8292976379
    },
    {
      "date": "2026-06-02",
      "value": 1005079.4966617966
    },
    {
      "date": "2026-06-03",
      "value": 995768.7768651581
    },
    {
      "date": "2026-06-04",
      "value": 1004929.1794892884
    },
    {
      "date": "2026-06-05",
      "value": 974274.0015833282
    },
    {
      "date": "2026-06-08",
      "value": 974266.9881036186
    },
    {
      "date": "2026-06-09",
      "value": 979640.5088702394
    },
    {
      "date": "2026-06-10",
      "value": 966884.7384401513
    },
    {
      "date": "2026-06-11",
      "value": 990753.0886875344
    },
    {
      "date": "2026-06-12",
      "value": 996222.4282127572
    },
    {
      "date": "2026-06-15",
      "value": 1017018.2685251809
    },
    {
      "date": "2026-06-16",
      "value": 1019223.7061524964
    },
    {
      "date": "2026-06-17",
      "value": 1004256.765778122
    },
    {
      "date": "2026-06-18",
      "value": 1005956.2144795037
    },
    {
      "date": "2026-06-22",
      "value": 1013145.2704611397
    },
    {
      "date": "2026-06-23",
      "value": 1003670.4086042023
    },
    {
      "date": "2026-06-24",
      "value": 1028642.2278996087
    },
    {
      "date": "2026-06-25",
      "value": 1087855.2699132538
    },
    {
      "date": "2026-06-26",
      "value": 1108818.5221582032
    },
    {
      "date": "2026-06-29",
      "value": 1139434.688639698
    },
    {
      "date": "2026-06-30",
      "value": 1159624.3236671067
    }
  ],
  "drawdown_curve": [
    {
      "date": "2026-06-01",
      "value": 0.0
    },
    {
      "date": "2026-06-02",
      "value": 0.0
    },
    {
      "date": "2026-06-03",
      "value": -0.009263665040986776
    },
    {
      "date": "2026-06-04",
      "value": -0.00014955749570802555
    },
    {
      "date": "2026-06-05",
      "value": -0.030649809473562682
    },
    {
      "date": "2026-06-08",
      "value": -0.03065678750836781
    },
    {
      "date": "2026-06-09",
      "value": -0.025310423579476604
    },
    {
      "date": "2026-06-10",
      "value": -0.038001728568240384
    },
    {
      "date": "2026-06-11",
      "value": -0.01425400480444075
    },
    {
      "date": "2026-06-12",
      "value": -0.008812306368259061
    },
    {
      "date": "2026-06-15",
      "value": 0.0
    },
    {
      "date": "2026-06-16",
      "value": 0.0
    },
    {
      "date": "2026-06-17",
      "value": -0.014684647034823809
    },
    {
      "date": "2026-06-18",
      "value": -0.01301725184854327
    },
    {
      "date": "2026-06-22",
      "value": -0.005963789553426265
    },
    {
      "date": "2026-06-23",
      "value": -0.015259944852545435
    },
    {
      "date": "2026-06-24",
      "value": 0.0
    },
    {
      "date": "2026-06-25",
      "value": 0.0
    },
    {
      "date": "2026-06-26",
      "value": 0.0
    },
    {
      "date": "2026-06-29",
      "value": 0.0
    },
    {
      "date": "2026-06-30",
      "value": 0.0
    }
  ],
  "benchmarks": {
    "SPY": [
      {
        "date": "2026-06-01",
        "value": 0.0
      },
      {
        "date": "2026-06-02",
        "value": 0.0013579397972762752
      },
      {
        "date": "2026-06-03",
        "value": -0.005668771434361286
      },
      {
        "date": "2026-06-04",
        "value": -0.0019115061781299625
      },
      {
        "date": "2026-06-05",
        "value": -0.027671542654459702
      },
      {
        "date": "2026-06-08",
        "value": -0.025470023194608782
      },
      {
        "date": "2026-06-09",
        "value": -0.02833070775180091
      },
      {
        "date": "2026-06-10",
        "value": -0.04364962071587053
      },
      {
        "date": "2026-06-11",
        "value": -0.027394678792744487
      },
      {
        "date": "2026-06-12",
        "value": -0.022134588105308994
      },
      {
        "date": "2026-06-15",
        "value": -0.0048909388718152425
      },
      {
        "date": "2026-06-16",
        "value": -0.010823344076597685
      },
      {
        "date": "2026-06-17",
        "value": -0.023176054438276084
      },
      {
        "date": "2026-06-18",
        "value": -0.013020023259145863
      },
      {
        "date": "2026-06-22",
        "value": -0.016126029204297176
      },
      {
        "date": "2026-06-23",
        "value": -0.030413801760312054
      },
      {
        "date": "2026-06-24",
        "value": -0.03086322150786902
      },
      {
        "date": "2026-06-25",
        "value": -0.029462203242598517
      },
      {
        "date": "2026-06-26",
        "value": -0.03648052466024476
      },
      {
        "date": "2026-06-29",
        "value": -0.02060667390341908
      },
      {
        "date": "2026-06-30",
        "value": -0.01582205978968676
      }
    ],
    "IWM": [
      {
        "date": "2026-06-01",
        "value": 0.0
      },
      {
        "date": "2026-06-02",
        "value": 0.009273902616242058
      },
      {
        "date": "2026-06-03",
        "value": -0.004533265755123028
      },
      {
        "date": "2026-06-04",
        "value": 0.010485102307313143
      },
      {
        "date": "2026-06-05",
        "value": -0.025365222965751943
      },
      {
        "date": "2026-06-08",
        "value": -0.016852527916236926
      },
      {
        "date": "2026-06-09",
        "value": -0.013703535746163342
      },
      {
        "date": "2026-06-10",
        "value": -0.023981055236295123
      },
      {
        "date": "2026-06-11",
        "value": 0.00494832553389335
      },
      {
        "date": "2026-06-12",
        "value": 0.01373793881377372
      },
      {
        "date": "2026-06-15",
        "value": 0.022010765090349826
      },
      {
        "date": "2026-06-16",
        "value": 0.013130856989941098
      },
      {
        "date": "2026-06-17",
        "value": 0.005499833171586088
      },
      {
        "date": "2026-06-18",
        "value": 0.025305943833869415
      },
      {
        "date": "2026-06-22",
        "value": 0.03428980212625787
      },
      {
        "date": "2026-06-23",
        "value": 0.02436943940571834
      },
      {
        "date": "2026-06-24",
        "value": 0.0291215086708434
      },
      {
        "date": "2026-06-25",
        "value": 0.036821973757975135
      },
      {
        "date": "2026-06-26",
        "value": 0.04001309645392226
      },
      {
        "date": "2026-06-29",
        "value": 0.03703008585311984
      },
      {
        "date": "2026-06-30",
        "value": 0.038833759296238224
      }
    ]
  },
  "holdings": [
    {
      "ticker": "GRPN",
      "company": "Groupon, Inc.",
      "sector": "Communication Services",
      "country": "United States",
      "shares": 11310.0,
      "price": 23.920000076293945,
      "cost_basis": 17.3017824933687,
      "market_value": 270535.2008628845,
      "unrealized_pnl": 74852.0408628845,
      "short_percent_of_float": 0.5577,
      "short_ratio": 7.12
    },
    {
      "ticker": "TENB",
      "company": "Tenable Holdings, Inc.",
      "sector": "Technology",
      "country": "United States",
      "shares": 4766.0,
      "price": 35.939998626708984,
      "cost_basis": 26.224616030214015,
      "market_value": 171290.03345489502,
      "unrealized_pnl": 46303.51345489502,
      "short_percent_of_float": 0.1225,
      "short_ratio": 3.03
    },
    {
      "ticker": "KSPI",
      "company": "Joint Stock Company Kaspi.kz",
      "sector": "Technology",
      "country": "Kazakhstan",
      "shares": 1515.0,
      "price": 86.4000015258789,
      "cost_basis": 82.53049504950495,
      "market_value": 130896.00231170654,
      "unrealized_pnl": 5862.302311706544,
      "short_percent_of_float": 0.019199999,
      "short_ratio": 3.76
    },
    {
      "ticker": "CMI",
      "company": "Cummins Inc.",
      "sector": "Industrials",
      "country": "United States",
      "shares": 153.0,
      "price": 707.3499755859375,
      "cost_basis": 651.1282352941176,
      "market_value": 108224.54626464844,
      "unrealized_pnl": 8601.926264648439,
      "short_percent_of_float": 0.0214,
      "short_ratio": 2.63
    },
    {
      "ticker": "JAKK",
      "company": "JAKKS Pacific, Inc.",
      "sector": "Consumer Cyclical",
      "country": "United States",
      "shares": 3436.0,
      "price": 23.670000076293945,
      "cost_basis": 21.83,
      "market_value": 81330.120262146,
      "unrealized_pnl": 6322.240262146002,
      "short_percent_of_float": 0.0436,
      "short_ratio": 10.5
    },
    {
      "ticker": "VIA",
      "company": "Via Transportation, Inc.",
      "sector": "Technology",
      "country": "United States",
      "shares": 3280.0,
      "price": 18.399999618530273,
      "cost_basis": 15.241405487804878,
      "market_value": 60351.9987487793,
      "unrealized_pnl": 10360.188748779297,
      "short_percent_of_float": 0.16370001,
      "short_ratio": 7.41
    },
    {
      "ticker": "XNET",
      "company": "Xunlei Limited",
      "sector": "Technology",
      "country": "China",
      "shares": 10526.0,
      "price": 5.659999847412109,
      "cost_basis": 4.75,
      "market_value": 59577.15839385986,
      "unrealized_pnl": 9578.658393859863,
      "short_percent_of_float": 0.0537,
      "short_ratio": 5.2
    },
    {
      "ticker": "ZS",
      "company": "Zscaler, Inc.",
      "sector": "Technology",
      "country": "United States",
      "shares": 365.0,
      "price": 140.27000427246094,
      "cost_basis": 136.79813698630136,
      "market_value": 51198.55155944824,
      "unrealized_pnl": 1267.2315594482463,
      "short_percent_of_float": 0.1129,
      "short_ratio": 1.62
    },
    {
      "ticker": "CRWV",
      "company": "CoreWeave, Inc.",
      "sector": "Technology",
      "country": "United States",
      "shares": 468.0,
      "price": 98.79000091552734,
      "cost_basis": 106.78134615384614,
      "market_value": 46233.7204284668,
      "unrealized_pnl": -3739.9495715331987,
      "short_percent_of_float": 0.2299,
      "short_ratio": 2.46
    },
    {
      "ticker": "VST",
      "company": "Vistra Corp.",
      "sector": "Utilities",
      "country": "United States",
      "shares": 162.0,
      "price": 164.72999572753906,
      "cost_basis": 154.76,
      "market_value": 26686.259307861328,
      "unrealized_pnl": 1615.1393078613296,
      "short_percent_of_float": 0.052699998,
      "short_ratio": 3.04
    },
    {
      "ticker": "ESI",
      "company": "Element Solutions Inc",
      "sector": "Basic Materials",
      "country": "United States",
      "shares": 557.0,
      "price": 47.77000045776367,
      "cost_basis": 44.92,
      "market_value": 26607.890254974365,
      "unrealized_pnl": 1587.4502549743643,
      "short_percent_of_float": 0.087,
      "short_ratio": 5.6
    },
    {
      "ticker": "GENC",
      "company": "Gencor Industries, Inc.",
      "sector": "Industrials",
      "country": "United States",
      "shares": 1746.0,
      "price": 15.15999984741211,
      "cost_basis": 14.32,
      "market_value": 26469.359733581543,
      "unrealized_pnl": 1466.6397335815425,
      "short_percent_of_float": 0.006,
      "short_ratio": 1.66
    },
    {
      "ticker": "OPEN",
      "company": "Opendoor Technologies Inc.",
      "sector": "Real Estate",
      "country": "United States",
      "shares": 5479.0,
      "price": 4.585000038146973,
      "cost_basis": 4.562927541522176,
      "market_value": 25121.215209007263,
      "unrealized_pnl": 120.9352090072624,
      "short_percent_of_float": 0.17889999,
      "short_ratio": 4.06
    },
    {
      "ticker": "CEG",
      "company": "Constellation Energy Corporation",
      "sector": "Utilities",
      "country": "United States",
      "shares": 94.0,
      "price": 256.29998779296875,
      "cost_basis": 265.7,
      "market_value": 24092.198852539062,
      "unrealized_pnl": -883.6011474609364,
      "short_percent_of_float": 0.0356,
      "short_ratio": 2.75
    },
    {
      "ticker": "PYPL",
      "company": "PayPal Holdings, Inc.",
      "sector": "Financial Services",
      "country": "United States",
      "shares": 553.0,
      "price": 42.720001220703125,
      "cost_basis": 45.19,
      "market_value": 23624.160675048828,
      "unrealized_pnl": -1365.9093249511707,
      "short_percent_of_float": 0.0687,
      "short_ratio": 3.63
    },
    {
      "ticker": "ZTS",
      "company": "Zoetis Inc.",
      "sector": "Healthcare",
      "country": "United States",
      "shares": 312.0,
      "price": 71.7300033569336,
      "cost_basis": 80.09,
      "market_value": 22379.76104736328,
      "unrealized_pnl": -2608.3189526367196,
      "short_percent_of_float": 0.0434,
      "short_ratio": 2.25
    }
  ],
  "sector_exposure": [
    {
      "name": "Technology",
      "value": 519547.46489715576,
      "pct": 0.44814053382800034
    },
    {
      "name": "Communication Services",
      "value": 270535.2008628845,
      "pct": 0.23335267232601614
    },
    {
      "name": "Industrials",
      "value": 134693.90599822998,
      "pct": 0.1161814906543214
    },
    {
      "name": "Consumer Cyclical",
      "value": 81330.120262146,
      "pct": 0.07015205726735343
    },
    {
      "name": "Utilities",
      "value": 50778.45816040039,
      "pct": 0.04379943486293236
    },
    {
      "name": "Basic Materials",
      "value": 26607.890254974365,
      "pct": 0.02295088504620348
    },
    {
      "name": "Real Estate",
      "value": 25121.215209007263,
      "pct": 0.02166853955567097
    },
    {
      "name": "Financial Services",
      "value": 23624.160675048828,
      "pct": 0.02037724114051931
    },
    {
      "name": "Healthcare",
      "value": 22379.76104736328,
      "pct": 0.019303872582062856
    },
    {
      "name": "Cash",
      "value": 4722.310000000056,
      "pct": 0.0040732727369197
    }
  ],
  "geographic_exposure": [
    {
      "name": "United States",
      "value": 964145.016661644,
      "pct": 0.8316323178285241
    },
    {
      "name": "Kazakhstan",
      "value": 130896.00231170654,
      "pct": 0.11290557324446
    },
    {
      "name": "China",
      "value": 59577.15839385986,
      "pct": 0.051388836190096196
    },
    {
      "name": "Cash",
      "value": 4722.310000000056,
      "pct": 0.0040732727369197
    }
  ],
  "signals": [
    {
      "ticker": "CEG",
      "label": "LEAN BEAR",
      "composite": -0.5,
      "rsi": 41.0,
      "subs": {
        "rsi": 0.0,
        "macd": 0.5,
        "trend": -0.5,
        "bb": -0.5,
        "vol": 0.0,
        "range": 0.0
      }
    },
    {
      "ticker": "CMI",
      "label": "STRONG BUY",
      "composite": 3.0,
      "rsi": 55.3,
      "subs": {
        "rsi": 0.5,
        "macd": 0.5,
        "trend": 0.5,
        "bb": 0.5,
        "vol": 0.5,
        "range": 0.5
      }
    },
    {
      "ticker": "CRWV",
      "label": "SELL",
      "composite": -1.5,
      "rsi": 44.5,
      "subs": {
        "rsi": 0.0,
        "macd": -0.5,
        "trend": 0.0,
        "bb": -0.5,
        "vol": 0.0,
        "range": -0.5
      }
    },
    {
      "ticker": "ESI",
      "label": "STRONG BUY",
      "composite": 3.0,
      "rsi": 60.7,
      "subs": {
        "rsi": 0.5,
        "macd": 0.5,
        "trend": 0.5,
        "bb": 0.5,
        "vol": 0.5,
        "range": 0.5
      }
    },
    {
      "ticker": "GENC",
      "label": "STRONG BUY",
      "composite": 3.0,
      "rsi": 56.5,
      "subs": {
        "rsi": 0.5,
        "macd": 0.5,
        "trend": 0.5,
        "bb": 0.5,
        "vol": 0.5,
        "range": 0.5
      }
    },
    {
      "ticker": "GRPN",
      "label": "STRONG BUY",
      "composite": 2.0,
      "rsi": 72.4,
      "subs": {
        "rsi": 0.0,
        "macd": 0.5,
        "trend": 0.5,
        "bb": 0.0,
        "vol": 0.5,
        "range": 0.5
      }
    },
    {
      "ticker": "JAKK",
      "label": "STRONG BUY",
      "composite": 3.0,
      "rsi": 65.7,
      "subs": {
        "rsi": 0.5,
        "macd": 0.5,
        "trend": 0.5,
        "bb": 0.5,
        "vol": 0.5,
        "range": 0.5
      }
    },
    {
      "ticker": "KSPI",
      "label": "STRONG BUY",
      "composite": 2.0,
      "rsi": 52.9,
      "subs": {
        "rsi": 0.5,
        "macd": 0.5,
        "trend": 0.0,
        "bb": 0.5,
        "vol": 0.0,
        "range": 0.5
      }
    },
    {
      "ticker": "OPEN",
      "label": "BUY",
      "composite": 1.0,
      "rsi": 50.5,
      "subs": {
        "rsi": 0.5,
        "macd": 0.5,
        "trend": -0.5,
        "bb": 0.5,
        "vol": 0.5,
        "range": -0.5
      }
    },
    {
      "ticker": "PYPL",
      "label": "BUY",
      "composite": 1.0,
      "rsi": 47.1,
      "subs": {
        "rsi": 0.5,
        "macd": 0.5,
        "trend": -0.5,
        "bb": 0.5,
        "vol": 0.0,
        "range": 0.0
      }
    },
    {
      "ticker": "TENB",
      "label": "BUY",
      "composite": 1.0,
      "rsi": 79.6,
      "subs": {
        "rsi": -0.5,
        "macd": 0.5,
        "trend": 0.5,
        "bb": 0.0,
        "vol": 0.0,
        "range": 0.5
      }
    },
    {
      "ticker": "VIA",
      "label": "STRONG BUY",
      "composite": 2.0,
      "rsi": 68.2,
      "subs": {
        "rsi": 0.5,
        "macd": 0.5,
        "trend": 0.0,
        "bb": 0.0,
        "vol": 0.5,
        "range": 0.5
      }
    },
    {
      "ticker": "VST",
      "label": "BUY",
      "composite": 1.5,
      "rsi": 58.0,
      "subs": {
        "rsi": 0.5,
        "macd": 0.5,
        "trend": 0.0,
        "bb": 0.5,
        "vol": -0.5,
        "range": 0.5
      }
    },
    {
      "ticker": "XNET",
      "label": "LEAN BULL",
      "composite": 0.5,
      "rsi": 57.0,
      "subs": {
        "rsi": 0.5,
        "macd": 0.5,
        "trend": -0.5,
        "bb": 0.0,
        "vol": -0.5,
        "range": 0.5
      }
    },
    {
      "ticker": "ZS",
      "label": "LEAN BULL",
      "composite": 0.5,
      "rsi": 54.6,
      "subs": {
        "rsi": 0.5,
        "macd": 0.5,
        "trend": -0.5,
        "bb": 0.5,
        "vol": -0.5,
        "range": 0.0
      }
    },
    {
      "ticker": "ZTS",
      "label": "SELL",
      "composite": -1.0,
      "rsi": 29.2,
      "subs": {
        "rsi": -0.5,
        "macd": 0.5,
        "trend": -0.5,
        "bb": 0.0,
        "vol": 0.0,
        "range": -0.5
      }
    }
  ],
  "volatility": [
    {
      "ticker": "CEG",
      "hv20": 0.3418930014195462,
      "garch": 0.510270233272889,
      "expansion": 0.49248516686284116,
      "regime": "LOW",
      "signal": "SIGNAL"
    },
    {
      "ticker": "CMI",
      "hv20": 0.5108366812614212,
      "garch": 0.391956011733994,
      "expansion": -0.23271756686280307,
      "regime": "EXTREME",
      "signal": "WEAK"
    },
    {
      "ticker": "CRWV",
      "hv20": 0.7236742734209453,
      "garch": 0.9081612046813033,
      "expansion": 0.2549308964491075,
      "regime": "LOW",
      "signal": "SIGNAL"
    },
    {
      "ticker": "ESI",
      "hv20": 0.6044810993992534,
      "garch": 0.5445369375989181,
      "expansion": -0.09916631282584215,
      "regime": "EXTREME",
      "signal": "WEAK"
    },
    {
      "ticker": "GENC",
      "hv20": 0.31570192996468777,
      "garch": 0.3480155498009425,
      "expansion": 0.10235483780497992,
      "regime": "LOW",
      "signal": "BASE"
    },
    {
      "ticker": "GRPN",
      "hv20": 1.0975234300601264,
      "garch": 0.8104256749395804,
      "expansion": -0.2615869030739669,
      "regime": "EXTREME",
      "signal": "WEAK"
    },
    {
      "ticker": "JAKK",
      "hv20": 0.2188487195323561,
      "garch": 0.4591174121716809,
      "expansion": 1.0978757068021219,
      "regime": "LOW",
      "signal": "SIGNAL"
    },
    {
      "ticker": "KSPI",
      "hv20": 0.37873417365257234,
      "garch": 0.35349287306012694,
      "expansion": -0.0666464828061706,
      "regime": "HIGH",
      "signal": "WEAK"
    },
    {
      "ticker": "OPEN",
      "hv20": 0.7030428197189057,
      "garch": 0.6786538683321163,
      "expansion": -0.03469056322421548,
      "regime": "LOW",
      "signal": "WEAK"
    },
    {
      "ticker": "PYPL",
      "hv20": 0.3749447129965033,
      "garch": 0.41915373281998614,
      "expansion": 0.11790810295782234,
      "regime": "NORMAL",
      "signal": "BASE"
    },
    {
      "ticker": "TENB",
      "hv20": 0.6864182316114371,
      "garch": 0.8212978838711965,
      "expansion": 0.19649777067126495,
      "regime": "HIGH",
      "signal": "BASE"
    },
    {
      "ticker": "VIA",
      "hv20": 0.730032304632736,
      "garch": null,
      "expansion": null,
      "regime": "NORMAL",
      "signal": "WEAK"
    },
    {
      "ticker": "VST",
      "hv20": 0.44262377159320504,
      "garch": 0.5409557360834515,
      "expansion": 0.2221569893011051,
      "regime": "NORMAL",
      "signal": "SIGNAL"
    },
    {
      "ticker": "XNET",
      "hv20": 0.7751697067971332,
      "garch": 0.7215938746078715,
      "expansion": -0.06911497149524548,
      "regime": "HIGH",
      "signal": "WEAK"
    },
    {
      "ticker": "ZS",
      "hv20": 0.5394734758649536,
      "garch": 0.6077067677201914,
      "expansion": 0.12648127277404567,
      "regime": "NORMAL",
      "signal": "BASE"
    },
    {
      "ticker": "ZTS",
      "hv20": 0.33697086278174615,
      "garch": 0.3335238392282709,
      "expansion": -0.010229440981987437,
      "regime": "HIGH",
      "signal": "WEAK"
    }
  ],
  "correlation": {
    "tickers": [
      "CEG",
      "CMI",
      "CRWV",
      "ESI",
      "GENC",
      "GRPN",
      "JAKK",
      "KSPI",
      "OPEN",
      "PYPL",
      "TENB",
      "VIA",
      "VST",
      "XNET",
      "ZS",
      "ZTS"
    ],
    "matrix": [
      [
        1.0,
        0.327,
        0.233,
        0.299,
        0.147,
        0.082,
        0.085,
        0.059,
        0.185,
        0.135,
        0.033,
        -0.006,
        0.795,
        0.241,
        0.035,
        0.124
      ],
      [
        0.327,
        1.0,
        0.368,
        0.631,
        0.317,
        0.222,
        0.117,
        0.224,
        0.176,
        0.051,
        -0.089,
        -0.033,
        0.366,
        0.284,
        -0.077,
        0.176
      ],
      [
        0.233,
        0.368,
        1.0,
        0.342,
        0.117,
        0.131,
        0.047,
        0.12,
        0.243,
        0.136,
        0.101,
        0.196,
        0.317,
        0.362,
        0.174,
        0.08
      ],
      [
        0.299,
        0.631,
        0.342,
        1.0,
        0.258,
        0.313,
        0.227,
        0.289,
        0.259,
        0.26,
        0.076,
        0.027,
        0.376,
        0.333,
        0.027,
        0.165
      ],
      [
        0.147,
        0.317,
        0.117,
        0.258,
        1.0,
        0.134,
        0.321,
        0.146,
        0.128,
        0.105,
        0.165,
        0.079,
        0.165,
        0.168,
        0.061,
        0.154
      ],
      [
        0.082,
        0.222,
        0.131,
        0.313,
        0.134,
        1.0,
        0.158,
        0.334,
        0.29,
        0.25,
        0.221,
        0.168,
        0.146,
        0.239,
        0.131,
        0.146
      ],
      [
        0.085,
        0.117,
        0.047,
        0.227,
        0.321,
        0.158,
        1.0,
        0.109,
        0.14,
        0.222,
        -0.019,
        0.156,
        0.057,
        0.202,
        -0.04,
        0.145
      ],
      [
        0.059,
        0.224,
        0.12,
        0.289,
        0.146,
        0.334,
        0.109,
        1.0,
        0.241,
        0.269,
        0.238,
        0.141,
        0.108,
        0.209,
        0.152,
        0.183
      ],
      [
        0.185,
        0.176,
        0.243,
        0.259,
        0.128,
        0.29,
        0.14,
        0.241,
        1.0,
        0.249,
        0.133,
        0.162,
        0.251,
        0.348,
        0.071,
        0.162
      ],
      [
        0.135,
        0.051,
        0.136,
        0.26,
        0.105,
        0.25,
        0.222,
        0.269,
        0.249,
        1.0,
        0.339,
        0.167,
        0.076,
        0.341,
        0.212,
        0.17
      ],
      [
        0.033,
        -0.089,
        0.101,
        0.076,
        0.165,
        0.221,
        -0.019,
        0.238,
        0.133,
        0.339,
        1.0,
        0.372,
        0.051,
        0.176,
        0.566,
        0.056
      ],
      [
        -0.006,
        -0.033,
        0.196,
        0.027,
        0.079,
        0.168,
        0.156,
        0.141,
        0.162,
        0.167,
        0.372,
        1.0,
        0.043,
        0.184,
        0.384,
        0.002
      ],
      [
        0.795,
        0.366,
        0.317,
        0.376,
        0.165,
        0.146,
        0.057,
        0.108,
        0.251,
        0.076,
        0.051,
        0.043,
        1.0,
        0.273,
        0.061,
        0.088
      ],
      [
        0.241,
        0.284,
        0.362,
        0.333,
        0.168,
        0.239,
        0.202,
        0.209,
        0.348,
        0.341,
        0.176,
        0.184,
        0.273,
        1.0,
        0.227,
        0.032
      ],
      [
        0.035,
        -0.077,
        0.174,
        0.027,
        0.061,
        0.131,
        -0.04,
        0.152,
        0.071,
        0.212,
        0.566,
        0.384,
        0.061,
        0.227,
        1.0,
        -0.045
      ],
      [
        0.124,
        0.176,
        0.08,
        0.165,
        0.154,
        0.146,
        0.145,
        0.183,
        0.162,
        0.17,
        0.056,
        0.002,
        0.088,
        0.032,
        -0.045,
        1.0
      ]
    ]
  },
  "residual_correlation": {
    "tickers": [
      "CEG",
      "CMI",
      "CRWV",
      "ESI",
      "GENC",
      "GRPN",
      "JAKK",
      "KSPI",
      "OPEN",
      "PYPL",
      "TENB",
      "VIA",
      "VST",
      "XNET",
      "ZS",
      "ZTS"
    ],
    "matrix": [
      [
        1.0,
        0.043,
        0.009,
        -0.044,
        0.028,
        -0.08,
        -0.022,
        -0.127,
        0.03,
        0.047,
        -0.029,
        -0.096,
        0.727,
        0.098,
        0.009,
        0.069
      ],
      [
        0.043,
        1.0,
        0.115,
        0.251,
        0.069,
        -0.036,
        -0.138,
        -0.014,
        -0.065,
        -0.102,
        -0.263,
        -0.158,
        0.027,
        -0.007,
        -0.149,
        0.08
      ],
      [
        0.009,
        0.115,
        1.0,
        0.034,
        0.018,
        -0.07,
        -0.046,
        -0.104,
        0.042,
        -0.036,
        -0.012,
        0.083,
        0.083,
        0.145,
        0.11,
        0.031
      ],
      [
        -0.044,
        0.251,
        0.034,
        1.0,
        -0.065,
        0.053,
        0.001,
        0.008,
        -0.007,
        0.121,
        -0.084,
        -0.126,
        -0.0,
        0.023,
        -0.049,
        -0.018
      ],
      [
        0.028,
        0.069,
        0.018,
        -0.065,
        1.0,
        -0.045,
        0.057,
        -0.084,
        -0.076,
        -0.008,
        0.111,
        0.0,
        0.03,
        -0.05,
        0.014,
        -0.044
      ],
      [
        -0.08,
        -0.036,
        -0.07,
        0.053,
        -0.045,
        1.0,
        0.04,
        0.198,
        0.125,
        0.123,
        0.115,
        0.084,
        -0.029,
        0.049,
        0.059,
        0.029
      ],
      [
        -0.022,
        -0.138,
        -0.046,
        0.001,
        0.057,
        0.04,
        1.0,
        -0.086,
        -0.029,
        0.113,
        -0.14,
        0.081,
        -0.06,
        0.024,
        -0.116,
        -0.025
      ],
      [
        -0.127,
        -0.014,
        -0.104,
        0.008,
        -0.084,
        0.198,
        -0.086,
        1.0,
        0.058,
        0.102,
        0.141,
        0.027,
        -0.095,
        -0.006,
        0.064,
        0.043
      ],
      [
        0.03,
        -0.065,
        0.042,
        -0.007,
        -0.076,
        0.125,
        -0.029,
        0.058,
        1.0,
        0.066,
        -0.006,
        0.038,
        0.108,
        0.157,
        -0.042,
        0.026
      ],
      [
        0.047,
        -0.102,
        -0.036,
        0.121,
        -0.008,
        0.123,
        0.113,
        0.102,
        0.066,
        1.0,
        0.2,
        0.025,
        -0.029,
        0.193,
        0.07,
        0.023
      ],
      [
        -0.029,
        -0.263,
        -0.012,
        -0.084,
        0.111,
        0.115,
        -0.14,
        0.141,
        -0.006,
        0.2,
        1.0,
        0.307,
        -0.002,
        0.03,
        0.522,
        -0.054
      ],
      [
        -0.096,
        -0.158,
        0.083,
        -0.126,
        0.0,
        0.084,
        0.081,
        0.027,
        0.038,
        0.025,
        0.307,
        1.0,
        -0.039,
        0.056,
        0.327,
        -0.087
      ],
      [
        0.727,
        0.027,
        0.083,
        -0.0,
        0.03,
        -0.029,
        -0.06,
        -0.095,
        0.108,
        -0.029,
        -0.002,
        -0.039,
        1.0,
        0.116,
        0.049,
        0.018
      ],
      [
        0.098,
        -0.007,
        0.145,
        0.023,
        -0.05,
        0.049,
        0.024,
        -0.006,
        0.157,
        0.193,
        0.03,
        0.056,
        0.116,
        1.0,
        0.147,
        -0.117
      ],
      [
        0.009,
        -0.149,
        0.11,
        -0.049,
        0.014,
        0.059,
        -0.116,
        0.064,
        -0.042,
        0.07,
        0.522,
        0.327,
        0.049,
        0.147,
        1.0,
        -0.132
      ],
      [
        0.069,
        0.08,
        0.031,
        -0.018,
        -0.044,
        0.029,
        -0.025,
        0.043,
        0.026,
        0.023,
        -0.054,
        -0.087,
        0.018,
        -0.117,
        -0.132,
        1.0
      ]
    ]
  },
  "factor_correlation": {
    "factors": [
      "Market",
      "Size",
      "Value (SMID)",
      "Momentum",
      "Quality",
      "Profitability",
      "Liquidity",
      "Credit"
    ],
    "matrix": [
      [
        1.0,
        0.285,
        -0.506,
        0.414,
        -0.255,
        -0.551,
        0.313,
        0.191
      ],
      [
        0.285,
        1.0,
        -0.125,
        0.192,
        0.165,
        0.187,
        0.276,
        0.032
      ],
      [
        -0.506,
        -0.125,
        1.0,
        -0.567,
        0.326,
        0.613,
        -0.354,
        -0.148
      ],
      [
        0.414,
        0.192,
        -0.567,
        1.0,
        -0.258,
        -0.573,
        0.25,
        0.057
      ],
      [
        -0.255,
        0.165,
        0.326,
        -0.258,
        1.0,
        0.444,
        -0.191,
        -0.128
      ],
      [
        -0.551,
        0.187,
        0.613,
        -0.573,
        0.444,
        1.0,
        -0.279,
        -0.12
      ],
      [
        0.313,
        0.276,
        -0.354,
        0.25,
        -0.191,
        -0.279,
        1.0,
        0.165
      ],
      [
        0.191,
        0.032,
        -0.148,
        0.057,
        -0.128,
        -0.12,
        0.165,
        1.0
      ]
    ]
  },
  "factor_exposures": [
    {
      "ticker": "CEG",
      "r_squared": 0.23442697657253775,
      "alpha_annual": -0.4477950313131468,
      "idio_vol_annual": 0.4080406162580816,
      "Market": 0.6585923070495288,
      "Size": 0.4874049813158645,
      "Value (SMID)": -0.5225763317905956,
      "Momentum": 0.39826744331689035,
      "Quality": -0.8824476896262958,
      "Profitability": -0.5965431244505686,
      "Liquidity": -0.46034365531337235,
      "Credit": -0.9153690472307734
    },
    {
      "ticker": "CMI",
      "r_squared": 0.49137293631133205,
      "alpha_annual": 0.33943138651224813,
      "idio_vol_annual": 0.24799197579174564,
      "Market": 1.1259094657334354,
      "Size": 0.8046732851736424,
      "Value (SMID)": 0.4039181199523467,
      "Momentum": 0.8008637444461638,
      "Quality": -0.18944613841241015,
      "Profitability": -0.18745788760685042,
      "Liquidity": -0.4266371732155624,
      "Credit": 0.8683397703508463
    },
    {
      "ticker": "CRWV",
      "r_squared": 0.2692910145586557,
      "alpha_annual": -0.8889640789080095,
      "idio_vol_annual": 0.8028953669790518,
      "Market": 1.0199811980047742,
      "Size": 0.7587249777947594,
      "Value (SMID)": -1.9836093850706,
      "Momentum": 0.3179335077748731,
      "Quality": -3.74112996862162,
      "Profitability": -0.31271117579696295,
      "Liquidity": 0.4987612319999942,
      "Credit": 1.9193062432195593
    },
    {
      "ticker": "ESI",
      "r_squared": 0.5265031781274647,
      "alpha_annual": 0.26105765237398915,
      "idio_vol_annual": 0.28758392871704686,
      "Market": 1.671363496825285,
      "Size": 0.9548841317287331,
      "Value (SMID)": -0.17090075224391932,
      "Momentum": 0.7507622138677597,
      "Quality": 0.31765432141692224,
      "Profitability": 0.2411706835189552,
      "Liquidity": -0.7222463324096311,
      "Credit": 0.24846220773014202
    },
    {
      "ticker": "GENC",
      "r_squared": 0.3257224953280028,
      "alpha_annual": -0.4530322244549876,
      "idio_vol_annual": 0.3206810750771906,
      "Market": 1.2582409279266575,
      "Size": 1.2240004963246678,
      "Value (SMID)": 1.1657849264317677,
      "Momentum": -0.06114047828419544,
      "Quality": -0.6213974197297399,
      "Profitability": 0.0325898222806289,
      "Liquidity": -0.10681930311623278,
      "Credit": 0.6765074465109996
    },
    {
      "ticker": "GRPN",
      "r_squared": 0.1584384814370845,
      "alpha_annual": -0.7751600107088068,
      "idio_vol_annual": 0.6656549454123798,
      "Market": 1.9820051205517104,
      "Size": 0.2745333361824691,
      "Value (SMID)": -0.746811324025618,
      "Momentum": 0.41574928593458316,
      "Quality": -1.635267829502876,
      "Profitability": 1.6959985224819492,
      "Liquidity": 0.06953738586821634,
      "Credit": 1.0557775697031482
    },
    {
      "ticker": "JAKK",
      "r_squared": 0.27229911526384887,
      "alpha_annual": -0.21872964393263014,
      "idio_vol_annual": 0.3520280418916806,
      "Market": 1.234506728328401,
      "Size": 1.0883097575886367,
      "Value (SMID)": 0.8661674783428684,
      "Momentum": -0.30015773607849083,
      "Quality": 1.2430294996553768,
      "Profitability": -0.34139820840375296,
      "Liquidity": 0.23144797094684044,
      "Credit": -0.5064144175980925
    },
    {
      "ticker": "KSPI",
      "r_squared": 0.2109628756470927,
      "alpha_annual": -0.1748200828109941,
      "idio_vol_annual": 0.32304666044594593,
      "Market": 1.1391290322651142,
      "Size": 0.5527059145615993,
      "Value (SMID)": -0.3080688897229528,
      "Momentum": -0.46311941447580807,
      "Quality": -0.03191134383221901,
      "Profitability": 0.10071897746181041,
      "Liquidity": -0.13544733022482353,
      "Credit": 0.48749795823700115
    },
    {
      "ticker": "OPEN",
      "r_squared": 0.12048978770028285,
      "alpha_annual": 1.531274861102886,
      "idio_vol_annual": 1.3419966118958637,
      "Market": 3.0506303092589007,
      "Size": 1.1842532887741628,
      "Value (SMID)": -1.549130950570855,
      "Momentum": -1.697039208322716,
      "Quality": 0.7033213448418382,
      "Profitability": 0.8969458705695385,
      "Liquidity": 1.6902926400548834,
      "Credit": -2.93425311042278
    },
    {
      "ticker": "PYPL",
      "r_squared": 0.2929950879251897,
      "alpha_annual": -0.6666881295733136,
      "idio_vol_annual": 0.34080482638861437,
      "Market": 1.7897673580013231,
      "Size": -0.27840776780476806,
      "Value (SMID)": -0.9437179835276605,
      "Momentum": -0.8792948211864469,
      "Quality": 1.2909329733606345,
      "Profitability": 0.7553271848164286,
      "Liquidity": 0.29729894138434104,
      "Credit": -0.11052347054926266
    },
    {
      "ticker": "TENB",
      "r_squared": 0.15267850111467873,
      "alpha_annual": -0.07866810248178703,
      "idio_vol_annual": 0.43431660711328834,
      "Market": 1.6358907718398137,
      "Size": -0.433316247462035,
      "Value (SMID)": -0.7274025661221636,
      "Momentum": -0.34678050887709155,
      "Quality": 0.7177819668944055,
      "Profitability": 1.304905581604747,
      "Liquidity": 0.5122029408466401,
      "Credit": -0.2806696147269252
    },
    {
      "ticker": "VIA",
      "r_squared": 0.11516695197601157,
      "alpha_annual": -1.3081728858432644,
      "idio_vol_annual": 0.6891225847526841,
      "Market": 1.1432639438961818,
      "Size": 0.2611522698517034,
      "Value (SMID)": -1.1921088179526589,
      "Momentum": -1.0285344371794687,
      "Quality": -0.5562214031064906,
      "Profitability": 0.5710719669820153,
      "Liquidity": 1.1992391527297996,
      "Credit": -0.8943965203394268
    },
    {
      "ticker": "VST",
      "r_squared": 0.29524626742195814,
      "alpha_annual": -0.42224881992748203,
      "idio_vol_annual": 0.4122752602900459,
      "Market": 0.5907737919712094,
      "Size": 0.8501669716237014,
      "Value (SMID)": -0.6764187116118107,
      "Momentum": 0.5497201745491844,
      "Quality": -1.637417184395742,
      "Profitability": -0.5331313406976991,
      "Liquidity": -0.7107262770276009,
      "Credit": -0.8469278755955668
    },
    {
      "ticker": "XNET",
      "r_squared": 0.17263318452955412,
      "alpha_annual": -0.09608991827494177,
      "idio_vol_annual": 0.6720812453257333,
      "Market": 1.7775837409171409,
      "Size": 0.23006156155898683,
      "Value (SMID)": -0.714942793977433,
