{
  "generated_at": "2026-07-01T06:26:17.664556Z",
  "market_session": "CLOSED",
  "fund_name": "Convex Capital",
  "tagline": "Lose small. Win big. \u2014 Paper-traded portfolio. Hypothetical performance for educational purposes only.",
  "summary": {
    "nav": 1162782.19,
    "cash": 4722.310000000056,
    "equity": 1158059.88,
    "deposits": 1000000.0,
    "total_return": 0.16278218999999994,
    "realized_pnl": 0.0,
    "open_positions": 16
  },
  "metrics": {
    "period_return": 0.162918449971573,
    "calendar_days_since_inception": 30,
    "trading_days_observed": 21,
    "annualized_return": 5.273588167953654,
    "annualized_return_arithmetic": 1.8598090244642642,
    "annualized_vol": 0.29926255405923874,
    "sharpe": 6.0716388006315425,
    "sortino": 13.474689238092681,
    "calmar": 138.7723234348084,
    "max_drawdown": -0.038001728568240384,
    "var_95_1d": -0.014684647034823861,
    "risk_free_rate": 0.043720002174377444,
    "beta_benchmark": 0.8366764819498735,
    "benchmark_annualized_return": 0.26765541875620524,
    "benchmark_annualized_return_arithmetic": 0.23728070782399904,
    "benchmark_period_return": 0.04216372218750153,
    "period_active_return": 0.12075472778407148,
    "treynor": 2.170598865235812,
    "jensens_alpha": 1.6541413320432263,
    "information_ratio": 5.552735569616176,
    "tracking_error": 0.2415864914712807,
    "annualized_active_return": 2.8110625225080303,
    "annualized_active_return_arithmetic": 1.341465904331355,
    "up_capture": 1.5808979325786108,
    "down_capture": 0.5513637880908793,
    "data_basis": "realized_nav",
    "days_of_live_nav": 22,
    "benchmark_ticker": "IWM",
    "benchmark_name": "Russell 2000",
    "beta_spy": 0.8366764819498735,
    "beta_spy_stress": 1.540439845668739
  },
  "nav_curve": [
    {
      "date": "2026-06-01",
      "value": 999882.8292976379
    },
    {
      "date": "2026-06-02",
      "value": 1005079.4966617966
    },
    {
      "date": "2026-06-03",
      "value": 995768.7768651581
    },
    {
      "date": "2026-06-04",
      "value": 1004929.1794892884
    },
    {
      "date": "2026-06-05",
      "value": 974274.0015833282
    },
    {
      "date": "2026-06-08",
      "value": 974266.9881036186
    },
    {
      "date": "2026-06-09",
      "value": 979640.5088702394
    },
    {
      "date": "2026-06-10",
      "value": 966884.7384401513
    },
    {
      "date": "2026-06-11",
      "value": 990753.0886875344
    },
    {
      "date": "2026-06-12",
      "value": 996222.4282127572
    },
    {
      "date": "2026-06-15",
      "value": 1017018.2685251809
    },
    {
      "date": "2026-06-16",
      "value": 1019223.7061524964
    },
    {
      "date": "2026-06-17",
      "value": 1004256.765778122
    },
    {
      "date": "2026-06-18",
      "value": 1005956.2144795037
    },
    {
      "date": "2026-06-22",
      "value": 1013145.2704611397
    },
    {
      "date": "2026-06-23",
      "value": 1003670.4086042023
    },
    {
      "date": "2026-06-24",
      "value": 1028642.2278996087
    },
    {
      "date": "2026-06-25",
      "value": 1087855.2699132538
    },
    {
      "date": "2026-06-26",
      "value": 1108818.5221582032
    },
    {
      "date": "2026-06-29",
      "value": 1139434.688639698
    },
    {
      "date": "2026-06-30",
      "value": 1162782.1880345917
    },
    {
      "date": "2026-07-01",
      "value": 1162782.19
    }
  ],
  "drawdown_curve": [
    {
      "date": "2026-06-01",
      "value": 0.0
    },
    {
      "date": "2026-06-02",
      "value": 0.0
    },
    {
      "date": "2026-06-03",
      "value": -0.009263665040986776
    },
    {
      "date": "2026-06-04",
      "value": -0.00014955749570802555
    },
    {
      "date": "2026-06-05",
      "value": -0.030649809473562682
    },
    {
      "date": "2026-06-08",
      "value": -0.03065678750836781
    },
    {
      "date": "2026-06-09",
      "value": -0.025310423579476604
    },
    {
      "date": "2026-06-10",
      "value": -0.038001728568240384
    },
    {
      "date": "2026-06-11",
      "value": -0.01425400480444075
    },
    {
      "date": "2026-06-12",
      "value": -0.008812306368259061
    },
    {
      "date": "2026-06-15",
      "value": 0.0
    },
    {
      "date": "2026-06-16",
      "value": 0.0
    },
    {
      "date": "2026-06-17",
      "value": -0.014684647034823809
    },
    {
      "date": "2026-06-18",
      "value": -0.01301725184854327
    },
    {
      "date": "2026-06-22",
      "value": -0.005963789553426265
    },
    {
      "date": "2026-06-23",
      "value": -0.015259944852545435
    },
    {
      "date": "2026-06-24",
      "value": 0.0
    },
    {
      "date": "2026-06-25",
      "value": 0.0
    },
    {
      "date": "2026-06-26",
      "value": 0.0
    },
    {
      "date": "2026-06-29",
      "value": 0.0
    },
    {
      "date": "2026-06-30",
      "value": 0.0
    },
    {
      "date": "2026-07-01",
      "value": 0.0
    }
  ],
  "benchmarks": {
    "SPY": [
      {
        "date": "2026-06-01",
        "value": 0.0
      },
      {
        "date": "2026-06-02",
        "value": 0.0013579397972762752
      },
      {
        "date": "2026-06-03",
        "value": -0.005668771434361286
      },
      {
        "date": "2026-06-04",
        "value": -0.0019115061781299625
      },
      {
        "date": "2026-06-05",
        "value": -0.027671542654459702
      },
      {
        "date": "2026-06-08",
        "value": -0.025470023194608782
      },
      {
        "date": "2026-06-09",
        "value": -0.02833070775180091
      },
      {
        "date": "2026-06-10",
        "value": -0.04364962071587053
      },
      {
        "date": "2026-06-11",
        "value": -0.027394678792744487
      },
      {
        "date": "2026-06-12",
        "value": -0.022134588105308994
      },
      {
        "date": "2026-06-15",
        "value": -0.0048909388718152425
      },
      {
        "date": "2026-06-16",
        "value": -0.010823344076597685
      },
      {
        "date": "2026-06-17",
        "value": -0.023176054438276084
      },
      {
        "date": "2026-06-18",
        "value": -0.013020023259145863
      },
      {
        "date": "2026-06-22",
        "value": -0.016126029204297176
      },
      {
        "date": "2026-06-23",
        "value": -0.030413801760312054
      },
      {
        "date": "2026-06-24",
        "value": -0.03086322150786902
      },
      {
        "date": "2026-06-25",
        "value": -0.029462203242598517
      },
      {
        "date": "2026-06-26",
        "value": -0.03648052466024476
      },
      {
        "date": "2026-06-29",
        "value": -0.02060667390341908
      },
      {
        "date": "2026-06-30",
        "value": -0.012980332985263576
      },
      {
        "date": "2026-07-01",
        "value": -0.012980358800075975
      }
    ],
    "IWM": [
      {
        "date": "2026-06-01",
        "value": 0.0
      },
      {
        "date": "2026-06-02",
        "value": 0.009273902616242058
      },
      {
        "date": "2026-06-03",
        "value": -0.004533265755123028
      },
      {
        "date": "2026-06-04",
        "value": 0.010485102307313143
      },
      {
        "date": "2026-06-05",
        "value": -0.025365222965751943
      },
      {
        "date": "2026-06-08",
        "value": -0.016852527916236926
      },
      {
        "date": "2026-06-09",
        "value": -0.013703535746163342
      },
      {
        "date": "2026-06-10",
        "value": -0.023981055236295123
      },
      {
        "date": "2026-06-11",
        "value": 0.00494832553389335
      },
      {
        "date": "2026-06-12",
        "value": 0.01373793881377372
      },
      {
        "date": "2026-06-15",
        "value": 0.022010765090349826
      },
      {
        "date": "2026-06-16",
        "value": 0.013130856989941098
      },
      {
        "date": "2026-06-17",
        "value": 0.005499833171586088
      },
      {
        "date": "2026-06-18",
        "value": 0.025305943833869415
      },
      {
        "date": "2026-06-22",
        "value": 0.03428980212625787
      },
      {
        "date": "2026-06-23",
        "value": 0.02436943940571834
      },
      {
        "date": "2026-06-24",
        "value": 0.0291215086708434
      },
      {
        "date": "2026-06-25",
        "value": 0.036821973757975135
      },
      {
        "date": "2026-06-26",
        "value": 0.04001309645392226
      },
      {
        "date": "2026-06-29",
        "value": 0.03703008585311984
      },
      {
        "date": "2026-06-30",
        "value": 0.04216376452973858
      },
      {
        "date": "2026-07-01",
        "value": 0.04216372218750153
      }
    ]
  },
  "holdings": [
    {
      "ticker": "GRPN",
      "company": "Groupon, Inc.",
      "sector": "Communication Services",
      "country": "United States",
      "shares": 11310.0,
      "price": 24.06,
      "cost_basis": 17.3017824933687,
      "market_value": 272118.6,
      "unrealized_pnl": 76435.43999999997,
      "short_percent_of_float": 0.5577,
      "short_ratio": 7.12
    },
    {
      "ticker": "TENB",
      "company": "Tenable Holdings, Inc.",
      "sector": "Technology",
      "country": "United States",
      "shares": 4766.0,
      "price": 36.88,
      "cost_basis": 26.224616030214015,
      "market_value": 175770.08000000002,
      "unrealized_pnl": 50783.56000000001,
      "short_percent_of_float": 0.1225,
      "short_ratio": 3.03
    },
    {
      "ticker": "KSPI",
      "company": "Joint Stock Company Kaspi.kz",
      "sector": "Technology",
      "country": "Kazakhstan",
      "shares": 1515.0,
      "price": 86.64,
      "cost_basis": 82.53049504950495,
      "market_value": 131259.6,
      "unrealized_pnl": 6225.900000000002,
      "short_percent_of_float": 0.019199999,
      "short_ratio": 3.76
    },
    {
      "ticker": "CMI",
      "company": "Cummins Inc.",
      "sector": "Industrials",
      "country": "United States",
      "shares": 153.0,
      "price": 713.21,
      "cost_basis": 651.1282352941176,
      "market_value": 109121.13,
      "unrealized_pnl": 9498.510000000006,
      "short_percent_of_float": 0.0214,
      "short_ratio": 2.63
    },
    {
      "ticker": "JAKK",
      "company": "JAKKS Pacific, Inc.",
      "sector": "Consumer Cyclical",
      "country": "United States",
      "shares": 3436.0,
      "price": 23.28,
      "cost_basis": 21.83,
      "market_value": 79990.08,
      "unrealized_pnl": 4982.20000000001,
      "short_percent_of_float": 0.0436,
      "short_ratio": 10.5
    },
    {
      "ticker": "VIA",
      "company": "Via Transportation, Inc.",
      "sector": "Technology",
      "country": "United States",
      "shares": 3280.0,
      "price": 18.14,
      "cost_basis": 15.241405487804878,
      "market_value": 59499.200000000004,
      "unrealized_pnl": 9507.390000000003,
      "short_percent_of_float": 0.16370001,
      "short_ratio": 7.41
    },
    {
      "ticker": "XNET",
      "company": "Xunlei Limited",
      "sector": "Technology",
      "country": "China",
      "shares": 10526.0,
      "price": 5.595,
      "cost_basis": 4.75,
      "market_value": 58892.969999999994,
      "unrealized_pnl": 8894.469999999998,
      "short_percent_of_float": 0.0537,
      "short_ratio": 5.2
    },
    {
      "ticker": "ZS",
      "company": "Zscaler, Inc.",
      "sector": "Technology",
      "country": "United States",
      "shares": 365.0,
      "price": 141.15,
      "cost_basis": 136.79813698630136,
      "market_value": 51519.75,
      "unrealized_pnl": 1588.4300000000062,
      "short_percent_of_float": 0.1129,
      "short_ratio": 1.62
    },
    {
      "ticker": "CRWV",
      "company": "CoreWeave, Inc.",
      "sector": "Technology",
      "country": "United States",
      "shares": 468.0,
      "price": 99.54,
      "cost_basis": 106.78134615384614,
      "market_value": 46584.72,
      "unrealized_pnl": -3388.9499999999925,
      "short_percent_of_float": 0.2299,
      "short_ratio": 2.46
    },
    {
      "ticker": "ESI",
      "company": "Element Solutions Inc",
      "sector": "Basic Materials",
      "country": "United States",
      "shares": 557.0,
      "price": 47.75,
      "cost_basis": 44.92,
      "market_value": 26596.75,
      "unrealized_pnl": 1576.309999999999,
      "short_percent_of_float": 0.087,
      "short_ratio": 5.6
    },
    {
      "ticker": "GENC",
      "company": "Gencor Industries, Inc.",
      "sector": "Industrials",
      "country": "United States",
      "shares": 1746.0,
      "price": 14.92,
      "cost_basis": 14.32,
      "market_value": 26050.32,
      "unrealized_pnl": 1047.5999999999995,
      "short_percent_of_float": 0.006,
      "short_ratio": 1.66
    },
    {
      "ticker": "VST",
      "company": "Vistra Corp.",
      "sector": "Utilities",
      "country": "United States",
      "shares": 162.0,
      "price": 158.63,
      "cost_basis": 154.76,
      "market_value": 25698.059999999998,
      "unrealized_pnl": 626.9400000000007,
      "short_percent_of_float": 0.052699998,
      "short_ratio": 3.04
    },
    {
      "ticker": "OPEN",
      "company": "Opendoor Technologies Inc.",
      "sector": "Real Estate",
      "country": "United States",
      "shares": 5479.0,
      "price": 4.62,
      "cost_basis": 4.562927541522176,
      "market_value": 25312.98,
      "unrealized_pnl": 312.6999999999998,
      "short_percent_of_float": 0.17889999,
      "short_ratio": 4.06
    },
    {
      "ticker": "PYPL",
      "company": "PayPal Holdings, Inc.",
      "sector": "Financial Services",
      "country": "United States",
      "shares": 553.0,
      "price": 43.18,
      "cost_basis": 45.19,
      "market_value": 23878.54,
      "unrealized_pnl": -1111.5299999999988,
      "short_percent_of_float": 0.0687,
      "short_ratio": 3.63
    },
    {
      "ticker": "CEG",
      "company": "Constellation Energy Corporation",
      "sector": "Utilities",
      "country": "United States",
      "shares": 94.0,
      "price": 248.37,
      "cost_basis": 265.7,
      "market_value": 23346.78,
      "unrealized_pnl": -1629.0199999999986,
      "short_percent_of_float": 0.0356,
      "short_ratio": 2.75
    },
    {
      "ticker": "ZTS",
      "company": "Zoetis Inc.",
      "sector": "Healthcare",
      "country": "United States",
      "shares": 312.0,
      "price": 71.86,
      "cost_basis": 80.09,
      "market_value": 22420.32,
      "unrealized_pnl": -2567.760000000001,
      "short_percent_of_float": 0.0434,
      "short_ratio": 2.25
    }
  ],
  "sector_exposure": [
    {
      "name": "Technology",
      "value": 523526.32,
      "pct": 0.45023592939620105
    },
    {
      "name": "Communication Services",
      "value": 272118.6,
      "pct": 0.23402370825786384
    },
    {
      "name": "Industrials",
      "value": 135171.45,
      "pct": 0.11624829754229381
    },
    {
      "name": "Consumer Cyclical",
      "value": 79990.08,
      "pct": 0.06879197212334325
    },
    {
      "name": "Utilities",
      "value": 49044.84,
      "pct": 0.0421788710059276
    },
    {
      "name": "Basic Materials",
      "value": 26596.75,
      "pct": 0.022873372355316175
    },
    {
      "name": "Real Estate",
      "value": 25312.98,
      "pct": 0.021769322077421913
    },
    {
      "name": "Financial Services",
      "value": 23878.54,
      "pct": 0.020535694651463487
    },
    {
      "name": "Healthcare",
      "value": 22420.32,
      "pct": 0.019281616275873645
    },
    {
      "name": "Cash",
      "value": 4722.310000000056,
      "pct": 0.004061216314295333
    }
  ],
  "geographic_exposure": [
    {
      "name": "United States",
      "value": 967907.3099999998,
      "pct": 0.8324063769844977
    },
    {
      "name": "Kazakhstan",
      "value": 131259.6,
      "pct": 0.11288408192767384
    },
    {
      "name": "China",
      "value": 58892.969999999994,
      "pct": 0.05064832477353304
    },
    {
      "name": "Cash",
      "value": 4722.310000000056,
      "pct": 0.004061216314295333
    }
  ],
  "signals": [
    {
      "ticker": "CEG",
      "label": "STRONG SELL",
      "composite": -2.0,
      "rsi": 36.9,
      "subs": {
        "rsi": 0.0,
        "macd": -0.5,
        "trend": -0.5,
        "bb": -0.5,
        "vol": 0.0,
        "range": -0.5
      }
    },
    {
      "ticker": "CMI",
      "label": "STRONG BUY",
      "composite": 3.0,
      "rsi": 56.4,
      "subs": {
        "rsi": 0.5,
        "macd": 0.5,
        "trend": 0.5,
        "bb": 0.5,
        "vol": 0.5,
        "range": 0.5
      }
    },
    {
      "ticker": "CRWV",
      "label": "SELL",
      "composite": -1.5,
      "rsi": 44.9,
      "subs": {
        "rsi": 0.0,
        "macd": -0.5,
        "trend": 0.0,
        "bb": -0.5,
        "vol": 0.0,
        "range": -0.5
      }
    },
    {
      "ticker": "ESI",
      "label": "STRONG BUY",
      "composite": 3.0,
      "rsi": 60.5,
      "subs": {
        "rsi": 0.5,
        "macd": 0.5,
        "trend": 0.5,
        "bb": 0.5,
        "vol": 0.5,
        "range": 0.5
      }
    },
    {
      "ticker": "GENC",
      "label": "STRONG BUY",
      "composite": 2.0,
      "rsi": 51.9,
      "subs": {
        "rsi": 0.5,
        "macd": 0.5,
        "trend": 0.5,
        "bb": 0.5,
        "vol": 0.0,
        "range": 0.0
      }
    },
    {
      "ticker": "GRPN",
      "label": "STRONG BUY",
      "composite": 2.5,
      "rsi": 72.7,
      "subs": {
        "rsi": 0.0,
        "macd": 0.5,
        "trend": 0.5,
        "bb": 0.5,
        "vol": 0.5,
        "range": 0.5
      }
    },
    {
      "ticker": "JAKK",
      "label": "STRONG BUY",
      "composite": 3.0,
      "rsi": 60.2,
      "subs": {
        "rsi": 0.5,
        "macd": 0.5,
        "trend": 0.5,
        "bb": 0.5,
        "vol": 0.5,
        "range": 0.5
      }
    },
    {
      "ticker": "KSPI",
      "label": "STRONG BUY",
      "composite": 2.0,
      "rsi": 53.5,
      "subs": {
        "rsi": 0.5,
        "macd": 0.5,
        "trend": 0.5,
        "bb": 0.5,
        "vol": -0.5,
        "range": 0.5
      }
    },
    {
      "ticker": "OPEN",
      "label": "BUY",
      "composite": 1.5,
      "rsi": 51.5,
      "subs": {
        "rsi": 0.5,
        "macd": 0.5,
        "trend": -0.5,
        "bb": 0.5,
        "vol": 0.5,
        "range": 0.0
      }
    },
    {
      "ticker": "PYPL",
      "label": "BUY",
      "composite": 1.0,
      "rsi": 49.4,
      "subs": {
        "rsi": 0.5,
        "macd": 0.5,
        "trend": -0.5,
        "bb": 0.5,
        "vol": 0.0,
        "range": 0.0
      }
    },
    {
      "ticker": "TENB",
      "label": "BUY",
      "composite": 1.0,
      "rsi": 80.8,
      "subs": {
        "rsi": -0.5,
        "macd": 0.5,
        "trend": 0.5,
        "bb": 0.0,
        "vol": 0.0,
        "range": 0.5
      }
    },
    {
      "ticker": "VIA",
      "label": "STRONG BUY",
      "composite": 2.5,
      "rsi": 66.0,
      "subs": {
        "rsi": 0.5,
        "macd": 0.5,
        "trend": 0.0,
        "bb": 0.5,
        "vol": 0.5,
        "range": 0.5
      }
    },
    {
      "ticker": "VST",
      "label": "BUY",
      "composite": 1.0,
      "rsi": 51.7,
      "subs": {
        "rsi": 0.5,
        "macd": 0.5,
        "trend": 0.0,
        "bb": 0.5,
        "vol": -0.5,
        "range": 0.0
      }
    },
    {
      "ticker": "XNET",
      "label": "BUY",
      "composite": 1.0,
      "rsi": 55.8,
      "subs": {
        "rsi": 0.5,
        "macd": 0.5,
        "trend": -0.5,
        "bb": 0.5,
        "vol": -0.5,
        "range": 0.5
      }
    },
    {
      "ticker": "ZS",
      "label": "LEAN BULL",
      "composite": 0.5,
      "rsi": 55.2,
      "subs": {
        "rsi": 0.5,
        "macd": 0.5,
        "trend": -0.5,
        "bb": 0.0,
        "vol": -0.5,
        "range": 0.5
      }
    },
    {
      "ticker": "ZTS",
      "label": "SELL",
      "composite": -1.0,
      "rsi": 29.4,
      "subs": {
        "rsi": -0.5,
        "macd": 0.5,
        "trend": -0.5,
        "bb": 0.0,
        "vol": 0.0,
        "range": -0.5
      }
    }
  ],
  "volatility": [
    {
      "ticker": "CEG",
      "hv20": 0.35515743124842275,
      "garch": 0.5165375430453351,
      "expansion": 0.454390356495262,
      "regime": "LOW",
      "signal": "SIGNAL"
    },
    {
      "ticker": "CMI",
      "hv20": 0.4945164682382426,
      "garch": 0.37100934796619495,
      "expansion": -0.24975330085983255,
      "regime": "EXTREME",
      "signal": "WEAK"
    },
    {
      "ticker": "CRWV",
      "hv20": 0.7165915807142402,
      "garch": 0.8942489018913711,
      "expansion": 0.24791991136716465,
      "regime": "LOW",
      "signal": "SIGNAL"
    },
    {
      "ticker": "ESI",
      "hv20": 0.6010367227410808,
      "garch": 0.5170392743355183,
      "expansion": -0.13975426995955373,
      "regime": "EXTREME",
      "signal": "WEAK"
    },
    {
      "ticker": "GENC",
      "hv20": 0.2597834373682131,
      "garch": 0.34114541528871134,
      "expansion": 0.3131915519509315,
      "regime": "LOW",
      "signal": "SIGNAL"
    },
    {
      "ticker": "GRPN",
      "hv20": 1.0967747503924938,
      "garch": 0.7968295392281824,
      "expansion": -0.27347931838964423,
      "regime": "EXTREME",
      "signal": "WEAK"
    },
    {
      "ticker": "JAKK",
      "hv20": 0.23238464840767525,
      "garch": 0.45938663945432634,
      "expansion": 0.9768372936942835,
      "regime": "LOW",
      "signal": "SIGNAL"
    },
    {
      "ticker": "KSPI",
      "hv20": 0.37369701467339067,
      "garch": 0.33675383699002337,
      "expansion": -0.09885863743293602,
      "regime": "HIGH",
      "signal": "WEAK"
    },
    {
      "ticker": "OPEN",
      "hv20": 0.6982317107345205,
      "garch": 0.6549997680692353,
      "expansion": -0.061916326630032846,
      "regime": "LOW",
      "signal": "WEAK"
    },
    {
      "ticker": "PYPL",
      "hv20": 0.359293485717944,
      "garch": 0.4158939869939956,
      "expansion": 0.1575327789841552,
      "regime": "NORMAL",
      "signal": "BASE"
    },
    {
      "ticker": "TENB",
      "hv20": 0.7056104949013248,
      "garch": 0.8328965079071066,
      "expansion": 0.18039132627070967,
      "regime": "EXTREME",
      "signal": "BASE"
    },
    {
      "ticker": "VIA",
      "hv20": 0.6315615091676193,
      "garch": null,
      "expansion": null,
      "regime": "NORMAL",
      "signal": "WEAK"
    },
    {
      "ticker": "VST",
      "hv20": 0.4443387005763082,
      "garch": 0.5373264966788353,
      "expansion": 0.2092723320789337,
      "regime": "NORMAL",
      "signal": "SIGNAL"
    },
    {
      "ticker": "XNET",
      "hv20": 0.6760069845997312,
      "garch": 0.6321695587822329,
      "expansion": -0.06484759302221521,
      "regime": "HIGH",
      "signal": "WEAK"
    },
    {
      "ticker": "ZS",
      "hv20": 0.47196547761235663,
      "garch": 0.4782651091501925,
      "expansion": 0.013347653242998397,
      "regime": "NORMAL",
      "signal": "WEAK"
    },
    {
      "ticker": "ZTS",
      "hv20": 0.3333063384429416,
      "garch": 0.31746057798723,
      "expansion": -0.04754113147003426,
      "regime": "HIGH",
      "signal": "WEAK"
    }
  ],
  "correlation": {
    "tickers": [
      "CEG",
      "CMI",
      "CRWV",
      "ESI",
      "GENC",
      "GRPN",
      "JAKK",
      "KSPI",
      "OPEN",
      "PYPL",
      "TENB",
      "VIA",
      "VST",
      "XNET",
      "ZS",
      "ZTS"
    ],
    "matrix": [
      [
        1.0,
        0.318,
        0.228,
        0.293,
        0.15,
        0.079,
        0.089,
        0.061,
        0.183,
        0.139,
        0.016,
        -0.003,
        0.797,
        0.237,
        0.031,
        0.127
      ],
      [
        0.318,
        1.0,
        0.368,
        0.632,
        0.313,
        0.223,
        0.113,
        0.224,
        0.177,
        0.051,
        -0.08,
        -0.035,
        0.359,
        0.284,
        -0.075,
        0.175
      ],
      [
        0.228,
        0.368,
        1.0,
        0.342,
        0.114,
        0.132,
        0.045,
        0.12,
        0.243,
        0.137,
        0.104,
        0.195,
        0.312,
        0.362,
        0.175,
        0.08
      ],
      [
        0.293,
        0.632,
        0.342,
        1.0,
        0.254,
        0.314,
        0.223,
        0.29,
        0.26,
        0.263,
        0.078,
        0.026,
        0.37,
        0.332,
        0.028,
        0.165
      ],
      [
        0.15,
        0.313,
        0.114,
        0.254,
        1.0,
        0.133,
        0.322,
        0.148,
        0.128,
        0.109,
        0.155,
        0.08,
        0.165,
        0.165,
        0.059,
        0.156
      ],
      [
        0.079,
        0.223,
        0.132,
        0.314,
        0.133,
        1.0,
        0.157,
        0.334,
        0.29,
        0.25,
        0.222,
        0.167,
        0.144,
        0.24,
        0.131,
        0.145
      ],
      [
        0.089,
        0.113,
        0.045,
        0.223,
        0.322,
        0.157,
        1.0,
        0.11,
        0.139,
        0.225,
        -0.029,
        0.157,
        0.06,
        0.2,
        -0.042,
        0.146
      ],
      [
        0.061,
        0.224,
        0.12,
        0.29,
        0.148,
        0.334,
        0.11,
        1.0,
        0.241,
        0.268,
        0.235,
        0.141,
        0.111,
        0.211,
        0.152,
        0.183
      ],
      [
        0.183,
        0.177,
        0.243,
        0.26,
        0.128,
        0.29,
        0.139,
        0.241,
        1.0,
        0.249,
        0.134,
        0.161,
        0.251,
        0.349,
        0.071,
        0.162
      ],
      [
        0.139,
        0.051,
        0.137,
        0.263,
        0.109,
        0.25,
        0.225,
        0.268,
        0.249,
        1.0,
        0.337,
        0.168,
        0.082,
        0.346,
        0.213,
        0.169
      ],
      [
        0.016,
        -0.08,
        0.104,
        0.078,
        0.155,
        0.222,
        -0.029,
        0.235,
        0.134,
        0.337,
        1.0,
        0.363,
        0.034,
        0.175,
        0.564,
        0.054
      ],
      [
        -0.003,
        -0.035,
        0.195,
        0.026,
        0.08,
        0.167,
        0.157,
        0.141,
        0.161,
        0.168,
        0.363,
        1.0,
        0.045,
        0.183,
        0.382,
        0.002
      ],
      [
        0.797,
        0.359,
        0.312,
        0.37,
        0.165,
        0.144,
        0.06,
        0.111,
        0.251,
        0.082,
        0.034,
        0.045,
        1.0,
        0.267,
        0.057,
        0.091
      ],
      [
        0.237,
        0.284,
        0.362,
        0.332,
        0.165,
        0.24,
        0.2,
        0.211,
        0.349,
        0.346,
        0.175,
        0.183,
        0.267,
        1.0,
        0.228,
        0.033
      ],
      [
        0.031,
        -0.075,
        0.175,
        0.028,
        0.059,
        0.131,
        -0.042,
        0.152,
        0.071,
        0.213,
        0.564,
        0.382,
        0.057,
        0.228,
        1.0,
        -0.046
      ],
      [
        0.127,
        0.175,
        0.08,
        0.165,
        0.156,
        0.145,
        0.146,
        0.183,
        0.162,
        0.169,
        0.054,
        0.002,
        0.091,
        0.033,
        -0.046,
        1.0
      ]
    ]
  },
  "residual_correlation": {
    "tickers": [
      "CEG",
      "CMI",
      "CRWV",
      "ESI",
      "GENC",
      "GRPN",
      "JAKK",
      "KSPI",
      "OPEN",
      "PYPL",
      "TENB",
      "VIA",
      "VST",
      "XNET",
      "ZS",
      "ZTS"
    ],
    "matrix": [
      [
        1.0,
        0.039,
        0.011,
        -0.045,
        0.031,
        -0.083,
        -0.015,
        -0.121,
        0.029,
        0.054,
        -0.053,
        -0.092,
        0.731,
        0.097,
        0.004,
        0.069
      ],
      [
        0.039,
        1.0,
        0.114,
        0.251,
        0.067,
        -0.035,
        -0.14,
        -0.014,
        -0.065,
        -0.103,
        -0.255,
        -0.159,
        0.022,
        -0.008,
        -0.149,
        0.08
      ],
      [
        0.011,
        0.114,
        1.0,
        0.031,
        0.016,
        -0.071,
        -0.045,
        -0.102,
        0.042,
        -0.032,
        -0.018,
        0.083,
        0.082,
        0.143,
        0.108,
        0.032
      ],
      [
        -0.045,
        0.251,
        0.031,
        1.0,
        -0.069,
        0.052,
        -0.001,
        0.009,
        -0.007,
        0.126,
        -0.086,
        -0.127,
        -0.005,
        0.019,
        -0.051,
        -0.017
      ],
      [
        0.031,
        0.067,
        0.016,
        -0.069,
        1.0,
        -0.047,
        0.058,
        -0.082,
        -0.076,
        -0.001,
        0.098,
        0.0,
        0.029,
        -0.055,
        0.01,
        -0.043
      ],
      [
        -0.083,
        -0.035,
        -0.071,
        0.052,
        -0.047,
        1.0,
        0.039,
        0.198,
        0.125,
        0.124,
        0.116,
        0.083,
        -0.033,
        0.047,
        0.059,
        0.029
      ],
      [
        -0.015,
        -0.14,
        -0.045,
        -0.001,
        0.058,
        0.039,
        1.0,
        -0.083,
        -0.03,
        0.117,
        -0.149,
        0.083,
        -0.054,
        0.024,
        -0.118,
        -0.025
      ],
      [
        -0.121,
        -0.014,
        -0.102,
        0.009,
        -0.082,
        0.198,
        -0.083,
        1.0,
        0.058,
        0.102,
        0.135,
        0.028,
        -0.09,
        -0.004,
        0.063,
        0.042
      ],
      [
        0.029,
        -0.065,
        0.042,
        -0.007,
        -0.076,
        0.125,
        -0.03,
        0.058,
        1.0,
        0.066,
        -0.005,
        0.038,
        0.106,
        0.157,
        -0.042,
        0.026
      ],
      [
        0.054,
        -0.103,
        -0.032,
        0.126,
        -0.001,
        0.124,
        0.117,
        0.102,
        0.066,
        1.0,
        0.196,
        0.028,
        -0.018,
        0.2,
        0.072,
        0.022
      ],
      [
        -0.053,
        -0.255,
        -0.018,
        -0.086,
        0.098,
        0.116,
        -0.149,
        0.135,
        -0.005,
        0.196,
        1.0,
        0.296,
        -0.028,
        0.023,
        0.519,
        -0.052
      ],
      [
        -0.092,
        -0.159,
        0.083,
        -0.127,
        0.0,
        0.083,
        0.083,
        0.028,
        0.038,
        0.028,
        0.296,
        1.0,
        -0.037,
        0.055,
        0.325,
        -0.086
      ],
      [
        0.731,
        0.022,
        0.082,
        -0.005,
        0.029,
        -0.033,
        -0.054,
        -0.09,
        0.106,
        -0.018,
        -0.028,
        -0.037,
        1.0,
        0.111,
        0.042,
        0.019
      ],
      [
        0.097,
        -0.008,
        0.143,
        0.019,
        -0.055,
        0.047,
        0.024,
        -0.004,
        0.157,
        0.2,
        0.023,
        0.055,
        0.111,
        1.0,
        0.144,
        -0.116
      ],
      [
        0.004,
        -0.149,
        0.108,
        -0.051,
        0.01,
        0.059,
        -0.118,
        0.063,
        -0.042,
        0.072,
        0.519,
        0.325,
        0.042,
        0.144,
        1.0,
        -0.131
      ],
      [
        0.069,
        0.08,
        0.032,
        -0.017,
        -0.043,
        0.029,
        -0.025,
        0.042,
        0.026,
        0.022,
        -0.052,
        -0.086,
        0.019,
        -0.116,
        -0.131,
        1.0
      ]
    ]
  },
  "factor_correlation": {
    "factors": [
      "Market",
      "Size",
      "Value (SMID)",
      "Momentum",
      "Quality",
      "Profitability",
      "Liquidity",
      "Credit"
    ],
    "matrix": [
      [
        1.0,
        0.285,
        -0.508,
        0.415,
        -0.255,
        -0.552,
        0.313,
        0.195
      ],
      [
        0.285,
        1.0,
        -0.124,
        0.192,
        0.167,
        0.187,
        0.276,
        0.029
      ],
      [
        -0.508,
        -0.124,
        1.0,
        -0.569,
        0.325,
        0.617,
        -0.354,
        -0.157
      ],
      [
        0.415,
        0.192,
        -0.569,
        1.0,
        -0.262,
        -0.573,
        0.249,
        0.063
      ],
      [
        -0.255,
        0.167,
        0.325,
        -0.262,
        1.0,
        0.444,
        -0.193,
        -0.124
      ],
      [
        -0.552,
        0.187,
        0.617,
        -0.573,
        0.444,
        1.0,
        -0.277,
        -0.134
      ],
      [
        0.313,
        0.276,
        -0.354,
        0.249,
        -0.193,
        -0.277,
        1.0,
        0.165
      ],
      [
        0.195,
        0.029,
        -0.157,
        0.063,
        -0.124,
        -0.134,
        0.165,
        1.0
      ]
    ]
  },
  "factor_exposures": [
    {
      "ticker": "CEG",
      "r_squared": 0.22753547386318806,
      "alpha_annual": -0.48660492889526563,
      "idio_vol_annual": 0.41145006318360755,
      "Market": 0.6824747142124061,
      "Size": 0.4772590268798612,
      "Value (SMID)": -0.5085886425659313,
      "Momentum": 0.4078147730293939,
      "Quality": -1.0203887825107922,
      "Profitability": -0.5090542480877674,
      "Liquidity": -0.4398014481345003,
      "Credit": -1.1076112402893974
    },
    {
      "ticker": "CMI",
      "r_squared": 0.49252093521099694,
      "alpha_annual": 0.3435772788045586,
      "idio_vol_annual": 0.24812135014034045,
      "Market": 1.1223053568407582,
      "Size": 0.807952963441039,
      "Value (SMID)": 0.4002090333471846,
      "Momentum": 0.7970523277058355,
      "Quality": -0.17892721201177772,
      "Profitability": -0.19942809257039565,
      "Liquidity": -0.43177355320650657,
      "Credit": 0.899843525226546
    },
    {
      "ticker": "CRWV",
      "r_squared": 0.2702713737616469,
      "alpha_annual": -0.9060006187592345,
      "idio_vol_annual": 0.802494722686994,
      "Market": 1.0240330705475595,
      "Size": 0.7677330019217354,
      "Value (SMID)": -1.991038917275565,
      "Momentum": 0.3050094754478462,
      "Quality": -3.8277503568089606,
      "Profitability": -0.29035493353086034,
      "Liquidity": 0.4896979600006444,
      "Credit": 1.902052748792706
    },
    {
      "ticker": "ESI",
      "r_squared": 0.5274165015598087,
      "alpha_annual": 0.2564667951455635,
      "idio_vol_annual": 0.28723251361770613,
      "Market": 1.6702527079242544,
      "Size": 0.9619229889274319,
      "Value (SMID)": -0.1775436576000971,
      "Momentum": 0.7414173677456785,
      "Quality": 0.2854050498720625,
      "Profitability": 0.24168827339014506,
      "Liquidity": -0.7308758966728989,
      "Credit": 0.26679588795435744
    },
    {
      "ticker": "GENC",
      "r_squared": 0.3273985608962814,
      "alpha_annual": -0.4693419696443595,
      "idio_vol_annual": 0.32030288881561453,
      "Market": 1.26385904942104,
      "Size": 1.2289794192559358,
      "Value (SMID)": 1.1623438403258959,
      "Momentum": -0.06887389196508907,
      "Quality": -0.6972312915674173,
      "Profitability": 0.05834441474238876,
      "Liquidity": -0.1105982031619658,
      "Credit": 0.6418433394282784
    },
    {
      "ticker": "GRPN",
      "r_squared": 0.15878560525423968,
      "alpha_annual": -0.7731792185483896,
      "idio_vol_annual": 0.6656490978373275,
      "Market": 1.976812872300179,
      "Size": 0.2833597699527769,
      "Value (SMID)": -0.7559015530414522,
      "Momentum": 0.40470352066400817,
      "Quality": -1.6442999503796498,
      "Profitability": 1.6816319048127464,
      "Liquidity": 0.057327376525364286,
      "Credit": 1.107079357319739
    },
    {
      "ticker": "JAKK",
      "r_squared": 0.271997547202513,
      "alpha_annual": -0.2344296216959362,
      "idio_vol_annual": 0.35249844801269475,
      "Market": 1.2432844363716258,
      "Size": 1.0860591818154124,
      "Value (SMID)": 0.869937800401186,
      "Momentum": -0.2986617180629699,
      "Quality": 1.1836188340418166,
      "Profitability": -0.30820907209351367,
      "Liquidity": 0.2372621954366224,
      "Credit": -0.574992669648346
    },
    {
      "ticker": "KSPI",
      "r_squared": 0.20996865051830427,
      "alpha_annual": -0.17952527014248554,
      "idio_vol_annual": 0.32317848440345026,
      "Market": 1.1433066480323553,
      "Size": 0.5487974992418623,
      "Value (SMID)": -0.30367760660145193,
      "Momentum": -0.45855890446295594,
      "Quality": -0.043484071577705674,
      "Profitability": 0.11452438435692433,
      "Liquidity": -0.12936359059925737,
      "Credit": 0.45079442224120153
    },
    {
      "ticker": "OPEN",
      "r_squared": 0.12041032500256965,
      "alpha_annual": 1.5365236841203198,
      "idio_vol_annual": 1.3420181744665944,
      "Market": 3.047159746941947,
      "Size": 1.1861747395626436,
      "Value (SMID)": -1.5516415624814823,
      "Momentum": -1.6990493289018493,
      "Quality": 0.7207534199292511,
      "Profitability": 0.8845058828906732,
      "Liquidity": 1.6867808554696546,
      "Credit": -2.9060987306014803
    },
    {
      "ticker": "PYPL",
      "r_squared": 0.2924900977838416,
      "alpha_annual": -0.6630897709766815,
      "idio_vol_annual": 0.34019126201866395,
      "Market": 1.7941662775509373,
      "Size": -0.2913071481878319,
      "Value (SMID)": -0.9310637244132449,
      "Momentum": -0.8625841461825695,
      "Quality": 1.330488630801543,
      "Profitability": 0.7637160291574613,
      "Liquidity": 0.3139783458537984,
      "Credit": -0.16178683852089384
    },
    {
      "ticker": "TENB",
      "r_squared": 0.14940897493977812,
      "alpha_annual": -0.04663647295698646,
      "idio_vol_annual": 0.43927058854323275,
      "Market": 1.605325204696466,
      "Size": -0.40221446064702465,
      "Value (SMID)": -0.7618364372726397,
      "Momentum": -0.38355823736797073,
      "Quality": 0.7876094047738309,
      "Profitability": 1.2055896495189047,
      "Liquidity": 0.46473332346336577,
      "Credit": -0.00862558104240505
    },
    {
      "ticker": "VIA",
      "r_squared": 0.11546250770182531,
      "alpha_annual": -1.3291391852355847,
      "idio_vol_annual": 0.6893931209326565,
      "Market": 1.1572926326453334,
      "Size": 0.2653231025325669,
      "Value (SMID)": -1.183446802457845,
      "Momentum": -1.0270079081199237,
      "Quality": -0.6410979069950142,
      "Profitability": 0.615459438277141,
      "Liquidity": 1.2024787625432434,
      "Credit": -0.9870169272823464
    },
    {
      "ticker": "VST",
      "r_squared": 0.291089922240639,
      "alpha_annual": -0.46599374009409195,
      "idio_vol_annual": 0.4137270090532711,
      "Market": 0.6120155584232155,
      "Size": 0.8506126028597221,
      "Value (SMID)": -0.6726275327484171,
      "Momentum": 0.5453801007966138,
      "Quality": -1.8158930528331416,
      "Profitability": -0.44867856114850097,
      "Liquidity": -0.7035233552843362,
      "Credit": -1.0043711050701218
    },
    {
      "ticker": "XNET",
      "r_squared": 0.1733569623397233,
      "alpha_annual": -0.11731691340394934,
      "idio_vol_annual": 0.6712448649277307,
      "Market": 1.7821773321008065,
      "Size": 0.2422425288908789,
      "Value (SMID)": -0.7251773230038284,
      "Momentum": -0.37323436655526077,
      "Quality": 0.512725081714389,
