{
  "generated_at": "2026-06-23T04:35:44.133058Z",
  "market_session": "CLOSED",
  "fund_name": "Convex Capital",
  "tagline": "Lose small. Win big. \u2014 Paper-traded portfolio. Hypothetical performance for educational purposes only.",
  "summary": {
    "nav": 1013145.2799999999,
    "cash": 4722.310000000056,
    "equity": 1008422.9699999999,
    "deposits": 1000000.0,
    "total_return": 0.013145279999999815,
    "realized_pnl": 0.0,
    "open_positions": 16
  },
  "metrics": {
    "annualized_return": -0.15549669902610974,
    "annualized_vol": 0.28084950077080323,
    "sharpe": -0.7142141848955772,
    "sortino": -0.9330452284299379,
    "calmar": -0.43165278064534957,
    "max_drawdown": -0.3602356013869107,
    "var_95_1d": -0.031948994662102444,
    "risk_free_rate": 0.04508999824523926,
    "method": "Synthetic: current weights \u00d7 each holding's 252-day return history. Sortino uses Frank Sortino downside deviation (RMS of shortfalls vs MAR=RF).",
    "beta_benchmark": 0.9883238266243597,
    "benchmark_annualized_return": 0.3653854022739811,
    "treynor": -0.20295645199251847,
    "jensens_alpha": -0.5171422766312305,
    "information_ratio": -1.8950993233173206,
    "tracking_error": 0.20149794101062543,
    "annualized_active_return": -0.38185861165906965,
    "up_capture": 0.6487770646681316,
    "down_capture": 1.0887057707969416,
    "data_basis": "synthetic_252d",
    "days_of_live_nav": 16,
    "benchmark_ticker": "IWM",
    "benchmark_name": "Russell 2000",
    "beta_spy": 0.9883238266243597,
    "beta_spy_stress": 1.554317037427316
  },
  "nav_curve": [
    {
      "date": "2026-06-01",
      "value": 999882.8292976379
    },
    {
      "date": "2026-06-02",
      "value": 1005079.4966617966
    },
    {
      "date": "2026-06-03",
      "value": 995768.7768651581
    },
    {
      "date": "2026-06-04",
      "value": 1004929.1794892884
    },
    {
      "date": "2026-06-05",
      "value": 974274.0015833282
    },
    {
      "date": "2026-06-08",
      "value": 974266.9881036186
    },
    {
      "date": "2026-06-09",
      "value": 979640.5088702394
    },
    {
      "date": "2026-06-10",
      "value": 966884.7384401513
    },
    {
      "date": "2026-06-11",
      "value": 990753.0886875344
    },
    {
      "date": "2026-06-12",
      "value": 996222.4282127572
    },
    {
      "date": "2026-06-15",
      "value": 1017018.2685251809
    },
    {
      "date": "2026-06-16",
      "value": 1019223.7061524964
    },
    {
      "date": "2026-06-17",
      "value": 1004256.765778122
    },
    {
      "date": "2026-06-18",
      "value": 1005956.2144795037
    },
    {
      "date": "2026-06-22",
      "value": 1013145.2704611397
    },
    {
      "date": "2026-06-23",
      "value": 1013145.2799999999
    }
  ],
  "drawdown_curve": [
    {
      "date": "2026-06-01",
      "value": 0.0
    },
    {
      "date": "2026-06-02",
      "value": 0.0
    },
    {
      "date": "2026-06-03",
      "value": -0.009263665040986776
    },
    {
      "date": "2026-06-04",
      "value": -0.00014955749570802555
    },
    {
      "date": "2026-06-05",
      "value": -0.030649809473562682
    },
    {
      "date": "2026-06-08",
      "value": -0.03065678750836781
    },
    {
      "date": "2026-06-09",
      "value": -0.025310423579476604
    },
    {
      "date": "2026-06-10",
      "value": -0.038001728568240384
    },
    {
      "date": "2026-06-11",
      "value": -0.01425400480444075
    },
    {
      "date": "2026-06-12",
      "value": -0.008812306368259061
    },
    {
      "date": "2026-06-15",
      "value": 0.0
    },
    {
      "date": "2026-06-16",
      "value": 0.0
    },
    {
      "date": "2026-06-17",
      "value": -0.014684647034823809
    },
    {
      "date": "2026-06-18",
      "value": -0.01301725184854327
    },
    {
      "date": "2026-06-22",
      "value": -0.005963789553426265
    },
    {
      "date": "2026-06-23",
      "value": -0.005963780194479726
    }
  ],
  "benchmarks": {
    "SPY": [
      {
        "date": "2026-06-01",
        "value": 0.0
      },
      {
        "date": "2026-06-02",
        "value": 0.0013579397972762752
      },
      {
        "date": "2026-06-03",
        "value": -0.005668771434361286
      },
      {
        "date": "2026-06-04",
        "value": -0.0019115061781299625
      },
      {
        "date": "2026-06-05",
        "value": -0.027671542654459702
      },
      {
        "date": "2026-06-08",
        "value": -0.025470023194608782
      },
      {
        "date": "2026-06-09",
        "value": -0.02833070775180091
      },
      {
        "date": "2026-06-10",
        "value": -0.04364962071587053
      },
      {
        "date": "2026-06-11",
        "value": -0.027394678792744487
      },
      {
        "date": "2026-06-12",
        "value": -0.022134588105308994
      },
      {
        "date": "2026-06-15",
        "value": -0.0048909388718152425
      },
      {
        "date": "2026-06-16",
        "value": -0.010823344076597685
      },
      {
        "date": "2026-06-17",
        "value": -0.023176054438276084
      },
      {
        "date": "2026-06-18",
        "value": -0.013020023259145863
      },
      {
        "date": "2026-06-22",
        "value": -0.016126029204297176
      },
      {
        "date": "2026-06-23",
        "value": -0.016126048565406337
      }
    ],
    "IWM": [
      {
        "date": "2026-06-01",
        "value": 0.0
      },
      {
        "date": "2026-06-02",
        "value": 0.009273902616242058
      },
      {
        "date": "2026-06-03",
        "value": -0.004533265755123028
      },
      {
        "date": "2026-06-04",
        "value": 0.010485102307313143
      },
      {
        "date": "2026-06-05",
        "value": -0.025365222965751943
      },
      {
        "date": "2026-06-08",
        "value": -0.016852527916236926
      },
      {
        "date": "2026-06-09",
        "value": -0.013703535746163342
      },
      {
        "date": "2026-06-10",
        "value": -0.023981055236295123
      },
      {
        "date": "2026-06-11",
        "value": 0.00494832553389335
      },
      {
        "date": "2026-06-12",
        "value": 0.01373793881377372
      },
      {
        "date": "2026-06-15",
        "value": 0.022010765090349826
      },
      {
        "date": "2026-06-16",
        "value": 0.013130856989941098
      },
      {
        "date": "2026-06-17",
        "value": 0.005499833171586088
      },
      {
        "date": "2026-06-18",
        "value": 0.025305943833869415
      },
      {
        "date": "2026-06-22",
        "value": 0.03428980212625787
      },
      {
        "date": "2026-06-23",
        "value": 0.034289827531599926
      }
    ]
  },
  "holdings": [
    {
      "ticker": "GRPN",
      "company": "Groupon, Inc.",
      "sector": "Communication Services",
      "country": "United States",
      "shares": 11310.0,
      "price": 16.9,
      "cost_basis": 17.3017824933687,
      "market_value": 191138.99999999997,
      "unrealized_pnl": -4544.160000000032,
      "short_percent_of_float": 0.56310004,
      "short_ratio": 5.75
    },
    {
      "ticker": "KSPI",
      "company": "Joint Stock Company Kaspi.kz",
      "sector": "Technology",
      "country": "Kazakhstan",
      "shares": 1515.0,
      "price": 84.81,
      "cost_basis": 82.53049504950495,
      "market_value": 128487.15000000001,
      "unrealized_pnl": 3453.450000000005,
      "short_percent_of_float": 0.0159,
      "short_ratio": 3.24
    },
    {
      "ticker": "TENB",
      "company": "Tenable Holdings, Inc.",
      "sector": "Technology",
      "country": "United States",
      "shares": 4766.0,
      "price": 26.34,
      "cost_basis": 26.224616030214015,
      "market_value": 125536.44,
      "unrealized_pnl": 549.9200000000018,
      "short_percent_of_float": 0.129,
      "short_ratio": 3.05
    },
    {
      "ticker": "CMI",
      "company": "Cummins Inc.",
      "sector": "Industrials",
      "country": "United States",
      "shares": 153.0,
      "price": 724.93,
      "cost_basis": 651.1282352941176,
      "market_value": 110914.29,
      "unrealized_pnl": 11291.669999999993,
      "short_percent_of_float": 0.0171,
      "short_ratio": 2.07
    },
    {
      "ticker": "JAKK",
      "company": "JAKKS Pacific, Inc.",
      "sector": "Consumer Cyclical",
      "country": "United States",
      "shares": 3436.0,
      "price": 22.01,
      "cost_basis": 21.83,
      "market_value": 75626.36,
      "unrealized_pnl": 618.4800000000113,
      "short_percent_of_float": 0.039100002,
      "short_ratio": 7.32
    },
    {
      "ticker": "XNET",
      "company": "Xunlei Limited",
      "sector": "Technology",
      "country": "China",
      "shares": 10526.0,
      "price": 5.08,
      "cost_basis": 4.75,
      "market_value": 53472.08,
      "unrealized_pnl": 3473.580000000001,
      "short_percent_of_float": 0.0377,
      "short_ratio": 6.03
    },
    {
      "ticker": "CRWV",
      "company": "CoreWeave, Inc.",
      "sector": "Technology",
      "country": "United States",
      "shares": 468.0,
      "price": 111.29,
      "cost_basis": 106.78134615384614,
      "market_value": 52083.72,
      "unrealized_pnl": 2110.0500000000075,
      "short_percent_of_float": 0.18190001,
      "short_ratio": 1.91
    },
    {
      "ticker": "VIA",
      "company": "Via Transportation, Inc.",
      "sector": "Technology",
      "country": "United States",
      "shares": 3280.0,
      "price": 14.94,
      "cost_basis": 15.241405487804878,
      "market_value": 49003.2,
      "unrealized_pnl": -988.6100000000005,
      "short_percent_of_float": 0.13520001,
      "short_ratio": 6.88
    },
    {
      "ticker": "ZS",
      "company": "Zscaler, Inc.",
      "sector": "Technology",
      "country": "United States",
      "shares": 365.0,
      "price": 124.06,
      "cost_basis": 136.79813698630136,
      "market_value": 45281.9,
      "unrealized_pnl": -4649.419999999995,
      "short_percent_of_float": 0.114700004,
      "short_ratio": 2.09
    },
    {
      "ticker": "ESI",
      "company": "Element Solutions Inc",
      "sector": "Basic Materials",
      "country": "United States",
      "shares": 557.0,
      "price": 49.09,
      "cost_basis": 44.92,
      "market_value": 27343.13,
      "unrealized_pnl": 2322.690000000001,
      "short_percent_of_float": 0.0838,
      "short_ratio": 4.45
    },
    {
      "ticker": "VST",
      "company": "Vistra Corp.",
      "sector": "Utilities",
      "country": "United States",
      "shares": 162.0,
      "price": 167.26,
      "cost_basis": 154.76,
      "market_value": 27096.12,
      "unrealized_pnl": 2025.0,
      "short_percent_of_float": 0.0539,
      "short_ratio": 2.73
    },
    {
      "ticker": "GENC",
      "company": "Gencor Industries, Inc.",
      "sector": "Industrials",
      "country": "United States",
      "shares": 1746.0,
      "price": 14.89,
      "cost_basis": 14.32,
      "market_value": 25997.940000000002,
      "unrealized_pnl": 995.2200000000005,
      "short_percent_of_float": 0.0064,
      "short_ratio": 2.39
    },
    {
      "ticker": "CEG",
      "company": "Constellation Energy Corporation",
      "sector": "Utilities",
      "country": "United States",
      "shares": 94.0,
      "price": 275.53,
      "cost_basis": 265.7,
      "market_value": 25899.819999999996,
      "unrealized_pnl": 924.0199999999985,
      "short_percent_of_float": 0.036,
      "short_ratio": 3.46
    },
    {
      "ticker": "ZTS",
      "company": "Zoetis Inc.",
      "sector": "Healthcare",
      "country": "United States",
      "shares": 312.0,
      "price": 75.89,
      "cost_basis": 80.09,
      "market_value": 23677.68,
      "unrealized_pnl": -1310.400000000001,
      "short_percent_of_float": 0.0363,
      "short_ratio": 1.45
    },
    {
      "ticker": "OPEN",
      "company": "Opendoor Technologies Inc.",
      "sector": "Real Estate",
      "country": "United States",
      "shares": 5479.0,
      "price": 4.28,
      "cost_basis": 4.562927541522176,
      "market_value": 23450.120000000003,
      "unrealized_pnl": -1550.1599999999994,
      "short_percent_of_float": 0.16149999,
      "short_ratio": 3.77
    },
    {
      "ticker": "PYPL",
      "company": "PayPal Holdings, Inc.",
      "sector": "Financial Services",
      "country": "United States",
      "shares": 553.0,
      "price": 42.34,
      "cost_basis": 45.19,
      "market_value": 23414.02,
      "unrealized_pnl": -1576.0499999999968,
      "short_percent_of_float": 0.0626,
      "short_ratio": 3.16
    }
  ],
  "sector_exposure": [
    {
      "name": "Technology",
      "value": 453864.49000000005,
      "pct": 0.44797572367903654
    },
    {
      "name": "Communication Services",
      "value": 191138.99999999997,
      "pct": 0.18865902430103607
    },
    {
      "name": "Industrials",
      "value": 136912.22999999998,
      "pct": 0.13513583165486395
    },
    {
      "name": "Consumer Cyclical",
      "value": 75626.36,
      "pct": 0.07464512888023325
    },
    {
      "name": "Utilities",
      "value": 52995.939999999995,
      "pct": 0.05230833232525152
    },
    {
      "name": "Basic Materials",
      "value": 27343.13,
      "pct": 0.026988360445206836
    },
    {
      "name": "Healthcare",
      "value": 23677.68,
      "pct": 0.023370468645918185
    },
    {
      "name": "Real Estate",
      "value": 23450.120000000003,
      "pct": 0.0231458611740263
    },
    {
      "name": "Financial Services",
      "value": 23414.02,
      "pct": 0.02311022956154916
    },
    {
      "name": "Cash",
      "value": 4722.310000000056,
      "pct": 0.004661039332878357
    }
  ],
  "geographic_exposure": [
    {
      "name": "United States",
      "value": 826463.7399999999,
      "pct": 0.8157406013873942
    },
    {
      "name": "Kazakhstan",
      "value": 128487.15000000001,
      "pct": 0.1268200647393827
    },
    {
      "name": "China",
      "value": 53472.08,
      "pct": 0.0527782945403447
    },
    {
      "name": "Cash",
      "value": 4722.310000000056,
      "pct": 0.004661039332878357
    }
  ],
  "signals": [
    {
      "ticker": "CEG",
      "label": "BUY",
      "composite": 1.0,
      "rsi": 52.5,
      "subs": {
        "rsi": 0.5,
        "macd": 0.5,
        "trend": -0.5,
        "bb": 0.5,
        "vol": 0.0,
        "range": 0.0
      }
    },
    {
      "ticker": "CMI",
      "label": "STRONG BUY",
      "composite": 3.0,
      "rsi": 63.3,
      "subs": {
        "rsi": 0.5,
        "macd": 0.5,
        "trend": 0.5,
        "bb": 0.5,
        "vol": 0.5,
        "range": 0.5
      }
    },
    {
      "ticker": "CRWV",
      "label": "BUY",
      "composite": 1.5,
      "rsi": 52.3,
      "subs": {
        "rsi": 0.5,
        "macd": 0.5,
        "trend": 0.0,
        "bb": 0.5,
        "vol": 0.0,
        "range": 0.0
      }
    },
    {
      "ticker": "ESI",
      "label": "BUY",
      "composite": 1.5,
      "rsi": 70.2,
      "subs": {
        "rsi": 0.0,
        "macd": 0.5,
        "trend": 0.5,
        "bb": 0.0,
        "vol": 0.0,
        "range": 0.5
      }
    },
    {
      "ticker": "GENC",
      "label": "STRONG BUY",
      "composite": 2.0,
      "rsi": 52.5,
      "subs": {
        "rsi": 0.5,
        "macd": 0.5,
        "trend": 0.5,
        "bb": 0.5,
        "vol": 0.0,
        "range": 0.0
      }
    },
    {
      "ticker": "GRPN",
      "label": "SELL",
      "composite": -1.5,
      "rsi": 48.8,
      "subs": {
        "rsi": 0.5,
        "macd": -0.5,
        "trend": 0.0,
        "bb": -0.5,
        "vol": -0.5,
        "range": -0.5
      }
    },
    {
      "ticker": "JAKK",
      "label": "BUY",
      "composite": 1.0,
      "rsi": 51.1,
      "subs": {
        "rsi": 0.5,
        "macd": -0.5,
        "trend": 0.5,
        "bb": 0.5,
        "vol": 0.0,
        "range": 0.0
      }
    },
    {
      "ticker": "KSPI",
      "label": "NEUTRAL",
      "composite": 0.0,
      "rsi": 50.9,
      "subs": {
        "rsi": 0.5,
        "macd": 0.5,
        "trend": 0.0,
        "bb": -0.5,
        "vol": -0.5,
        "range": 0.0
      }
    },
    {
      "ticker": "OPEN",
      "label": "STRONG SELL",
      "composite": -2.0,
      "rsi": 40.8,
      "subs": {
        "rsi": 0.0,
        "macd": -0.5,
        "trend": -0.5,
        "bb": -0.5,
        "vol": 0.0,
        "range": -0.5
      }
    },
    {
      "ticker": "PYPL",
      "label": "LEAN BEAR",
      "composite": -0.5,
      "rsi": 44.0,
      "subs": {
        "rsi": 0.0,
        "macd": 0.5,
        "trend": -0.5,
        "bb": -0.5,
        "vol": 0.0,
        "range": 0.0
      }
    },
    {
      "ticker": "TENB",
      "label": "SELL",
      "composite": -1.5,
      "rsi": 52.3,
      "subs": {
        "rsi": 0.5,
        "macd": -0.5,
        "trend": 0.0,
        "bb": -0.5,
        "vol": -0.5,
        "range": -0.5
      }
    },
    {
      "ticker": "VIA",
      "label": "NEUTRAL",
      "composite": 0.0,
      "rsi": 48.9,
      "subs": {
        "rsi": 0.5,
        "macd": 0.5,
        "trend": -0.5,
        "bb": -0.5,
        "vol": 0.5,
        "range": -0.5
      }
    },
    {
      "ticker": "VST",
      "label": "STRONG BUY",
      "composite": 2.0,
      "rsi": 63.5,
      "subs": {
        "rsi": 0.5,
        "macd": 0.5,
        "trend": 0.0,
        "bb": 0.5,
        "vol": 0.0,
        "range": 0.5
      }
    },
    {
      "ticker": "XNET",
      "label": "NEUTRAL",
      "composite": 0.0,
      "rsi": 43.3,
      "subs": {
        "rsi": 0.0,
        "macd": 0.5,
        "trend": -0.5,
        "bb": -0.5,
        "vol": 0.5,
        "range": 0.0
      }
    },
    {
      "ticker": "ZS",
      "label": "STRONG SELL",
      "composite": -2.0,
      "rsi": 40.0,
      "subs": {
        "rsi": 0.0,
        "macd": -0.5,
        "trend": -0.5,
        "bb": -0.5,
        "vol": 0.0,
        "range": -0.5
      }
    },
    {
      "ticker": "ZTS",
      "label": "SELL",
      "composite": -1.0,
      "rsi": 33.3,
      "subs": {
        "rsi": 0.0,
        "macd": 0.5,
        "trend": -0.5,
        "bb": -0.5,
        "vol": 0.0,
        "range": -0.5
      }
    }
  ],
  "volatility": [
    {
      "ticker": "CEG",
      "hv20": 0.4670615077437673,
      "garch": 0.5314995373130234,
      "expansion": 0.13796476160182122,
      "regime": "NORMAL",
      "signal": "BASE"
    },
    {
      "ticker": "CMI",
      "hv20": 0.4448791781515196,
      "garch": 0.3129273628023147,
      "expansion": -0.2966014635647074,
      "regime": "HIGH",
      "signal": "WEAK"
    },
    {
      "ticker": "CRWV",
      "hv20": 0.8400147930681781,
      "garch": 0.9434826600032219,
      "expansion": 0.12317386287582448,
      "regime": "NORMAL",
      "signal": "BASE"
    },
    {
      "ticker": "ESI",
      "hv20": 0.5406259539165432,
      "garch": 0.5195262141502056,
      "expansion": -0.03902835151268892,
      "regime": "HIGH",
      "signal": "WEAK"
    },
    {
      "ticker": "GENC",
      "hv20": 0.3505004138471062,
      "garch": 0.3554943563608783,
      "expansion": 0.014248035997899124,
      "regime": "NORMAL",
      "signal": "WEAK"
    },
    {
      "ticker": "GRPN",
      "hv20": 0.8100240565455926,
      "garch": 0.7833055240185866,
      "expansion": -0.032984862994006894,
      "regime": "HIGH",
      "signal": "WEAK"
    },
    {
      "ticker": "JAKK",
      "hv20": 0.21603087480093633,
      "garch": 0.45676103538420504,
      "expansion": 1.114332202770052,
      "regime": "LOW",
      "signal": "SIGNAL"
    },
    {
      "ticker": "KSPI",
      "hv20": 0.3530659365552645,
      "garch": 0.33699296343065116,
      "expansion": -0.0455239983823744,
      "regime": "HIGH",
      "signal": "WEAK"
    },
    {
      "ticker": "OPEN",
      "hv20": 0.7734444134667939,
      "garch": 0.7475252181638752,
      "expansion": -0.033511387310617036,
      "regime": "NORMAL",
      "signal": "WEAK"
    },
    {
      "ticker": "PYPL",
      "hv20": 0.30689584067084585,
      "garch": 0.4006493024098542,
      "expansion": 0.30548951570693156,
      "regime": "NORMAL",
      "signal": "SIGNAL"
    },
    {
      "ticker": "TENB",
      "hv20": 0.5853654722415914,
      "garch": 0.37253419589274706,
      "expansion": -0.3635870006712744,
      "regime": "HIGH",
      "signal": "WEAK"
    },
    {
      "ticker": "VIA",
      "hv20": 0.6861649082079218,
      "garch": null,
      "expansion": null,
      "regime": "NORMAL",
      "signal": "WEAK"
    },
    {
      "ticker": "VST",
      "hv20": 0.4701383940050243,
      "garch": 0.5597473215834498,
      "expansion": 0.1906011691899127,
      "regime": "NORMAL",
      "signal": "BASE"
    },
    {
      "ticker": "XNET",
      "hv20": 0.7759221847002562,
      "garch": 0.6962608336922751,
      "expansion": -0.10266667531713222,
      "regime": "HIGH",
      "signal": "WEAK"
    },
    {
      "ticker": "ZS",
      "hv20": 1.496537969521329,
      "garch": 0.3258377101780888,
      "expansion": -0.7822723400180026,
      "regime": "EXTREME",
      "signal": "WEAK"
    },
    {
      "ticker": "ZTS",
      "hv20": 0.2897551662111204,
      "garch": 0.32098293429834485,
      "expansion": 0.10777294671071153,
      "regime": "HIGH",
      "signal": "BASE"
    }
  ],
  "correlation": {
    "tickers": [
      "CEG",
      "CMI",
      "CRWV",
      "ESI",
      "GENC",
      "GRPN",
      "JAKK",
      "KSPI",
      "OPEN",
      "PYPL",
      "TENB",
      "VIA",
      "VST",
      "XNET",
      "ZS",
      "ZTS"
    ],
    "matrix": [
      [
        1.0,
        0.328,
        0.231,
        0.299,
        0.151,
        0.09,
        0.089,
        0.058,
        0.189,
        0.14,
        0.062,
        0.007,
        0.798,
        0.25,
        0.045,
        0.122
      ],
      [
        0.328,
        1.0,
        0.369,
        0.613,
        0.348,
        0.195,
        0.136,
        0.244,
        0.184,
        0.081,
        -0.052,
        0.003,
        0.353,
        0.299,
        -0.052,
        0.186
      ],
      [
        0.231,
        0.369,
        1.0,
        0.339,
        0.118,
        0.159,
        0.056,
        0.128,
        0.247,
        0.148,
        0.119,
        0.215,
        0.316,
        0.366,
        0.182,
        0.086
      ],
      [
        0.299,
        0.613,
        0.339,
        1.0,
        0.277,
        0.309,
        0.246,
        0.302,
        0.264,
        0.287,
        0.11,
        0.053,
        0.363,
        0.338,
        0.046,
        0.179
      ],
      [
        0.151,
        0.348,
        0.118,
        0.277,
        1.0,
        0.157,
        0.319,
        0.142,
        0.129,
        0.099,
        0.161,
        0.069,
        0.172,
        0.162,
        0.053,
        0.158
      ],
      [
        0.09,
        0.195,
        0.159,
        0.309,
        0.157,
        1.0,
        0.149,
        0.343,
        0.301,
        0.269,
        0.247,
        0.167,
        0.13,
        0.237,
        0.15,
        0.158
      ],
      [
        0.089,
        0.136,
        0.056,
        0.246,
        0.319,
        0.149,
        1.0,
        0.097,
        0.139,
        0.213,
        -0.034,
        0.145,
        0.06,
        0.198,
        -0.047,
        0.144
      ],
      [
        0.058,
        0.244,
        0.128,
        0.302,
        0.142,
        0.343,
        0.097,
        1.0,
        0.243,
        0.256,
        0.262,
        0.134,
        0.108,
        0.205,
        0.153,
        0.181
      ],
      [
        0.189,
        0.184,
        0.247,
        0.264,
        0.129,
        0.301,
        0.139,
        0.243,
        1.0,
        0.248,
        0.121,
        0.153,
        0.254,
        0.348,
        0.064,
        0.171
      ],
      [
        0.14,
        0.081,
        0.148,
        0.287,
        0.099,
        0.269,
        0.213,
        0.256,
        0.248,
        1.0,
        0.354,
        0.145,
        0.085,
        0.342,
        0.206,
        0.176
      ],
      [
        0.062,
        -0.052,
        0.119,
        0.11,
        0.161,
        0.247,
        -0.034,
        0.262,
        0.121,
        0.354,
        1.0,
        0.336,
        0.072,
        0.153,
        0.559,
        0.098
      ],
      [
        0.007,
        0.003,
        0.215,
        0.053,
        0.069,
        0.167,
        0.145,
        0.134,
        0.153,
        0.145,
        0.336,
        1.0,
        0.057,
        0.165,
        0.368,
        0.021
      ],
      [
        0.798,
        0.353,
        0.316,
        0.363,
        0.172,
        0.13,
        0.06,
        0.108,
        0.254,
        0.085,
        0.072,
        0.057,
        1.0,
        0.274,
        0.073,
        0.089
      ],
      [
        0.25,
        0.299,
        0.366,
        0.338,
        0.162,
        0.237,
        0.198,
        0.205,
        0.348,
        0.342,
        0.153,
        0.165,
        0.274,
        1.0,
        0.22,
        0.049
      ],
      [
        0.045,
        -0.052,
        0.182,
        0.046,
        0.053,
        0.15,
        -0.047,
        0.153,
        0.064,
        0.206,
        0.559,
        0.368,
        0.073,
        0.22,
        1.0,
        -0.035
      ],
      [
        0.122,
        0.186,
        0.086,
        0.179,
        0.158,
        0.158,
        0.144,
        0.181,
        0.171,
        0.176,
        0.098,
        0.021,
        0.089,
        0.049,
        -0.035,
        1.0
      ]
    ]
  },
  "residual_correlation": {
    "tickers": [
      "CEG",
      "CMI",
      "CRWV",
      "ESI",
      "GENC",
      "GRPN",
      "JAKK",
      "KSPI",
      "OPEN",
      "PYPL",
      "TENB",
      "VIA",
      "VST",
      "XNET",
      "ZS",
      "ZTS"
    ],
    "matrix": [
      [
        1.0,
        0.055,
        0.0,
        -0.029,
        0.028,
        -0.059,
        -0.019,
        -0.131,
        0.035,
        0.044,
        -0.026,
        -0.102,
        0.73,
        0.096,
        0.01,
        0.075
      ],
      [
        0.055,
        1.0,
        0.124,
        0.248,
        0.076,
        -0.059,
        -0.149,
        -0.005,
        -0.065,
        -0.096,
        -0.259,
        -0.143,
        0.036,
        0.003,
        -0.142,
        0.064
      ],
      [
        0.0,
        0.124,
        1.0,
        0.04,
        0.013,
        -0.05,
        -0.039,
        -0.108,
        0.04,
        -0.033,
        -0.02,
        0.083,
        0.079,
        0.138,
        0.108,
        0.039
      ],
      [
        -0.029,
        0.248,
        0.04,
        1.0,
        -0.073,
        0.056,
        0.003,
        0.015,
        -0.011,
        0.135,
        -0.096,
        -0.125,
        0.007,
        0.028,
        -0.051,
        -0.017
      ],
      [
        0.028,
        0.076,
        0.013,
        -0.073,
        1.0,
        -0.03,
        0.066,
        -0.079,
        -0.072,
        0.003,
        0.094,
        -0.004,
        0.026,
        -0.054,
        0.007,
        -0.035
      ],
      [
        -0.059,
        -0.059,
        -0.05,
        0.056,
        -0.03,
        1.0,
        0.006,
        0.182,
        0.11,
        0.096,
        0.109,
        0.05,
        -0.035,
        0.012,
        0.049,
        0.026
      ],
      [
        -0.019,
        -0.149,
        -0.039,
        0.003,
        0.066,
        0.006,
        1.0,
        -0.101,
        -0.033,
        0.102,
        -0.129,
        0.09,
        -0.058,
        0.019,
        -0.113,
        -0.039
      ],
      [
        -0.131,
        -0.005,
        -0.108,
        0.015,
        -0.079,
        0.182,
        -0.101,
        1.0,
        0.061,
        0.079,
        0.156,
        0.012,
        -0.099,
        -0.023,
        0.061,
        0.045
      ],
      [
        0.035,
        -0.065,
        0.04,
        -0.011,
        -0.072,
        0.11,
        -0.033,
        0.061,
        1.0,
        0.064,
        -0.017,
        0.03,
        0.104,
        0.164,
        -0.047,
        0.025
      ],
      [
        0.044,
        -0.096,
        -0.033,
        0.135,
        0.003,
        0.096,
        0.102,
        0.079,
        0.064,
        1.0,
        0.24,
        0.007,
        -0.031,
        0.185,
        0.073,
        0.023
      ],
      [
        -0.026,
        -0.259,
        -0.02,
        -0.096,
        0.094,
        0.109,
        -0.129,
        0.156,
        -0.017,
        0.24,
        1.0,
        0.274,
        -0.031,
        0.004,
        0.518,
        -0.009
      ],
      [
        -0.102,
        -0.143,
        0.083,
        -0.125,
        -0.004,
        0.05,
        0.09,
        0.012,
        0.03,
        0.007,
        0.274,
        1.0,
        -0.057,
        0.029,
        0.314,
        -0.059
      ],
      [
        0.73,
        0.036,
        0.079,
        0.007,
        0.026,
        -0.035,
        -0.058,
        -0.099,
        0.104,
        -0.031,
        -0.031,
        -0.057,
        1.0,
        0.106,
        0.039,
        0.03
      ],
      [
        0.096,
        0.003,
        0.138,
        0.028,
        -0.054,
        0.012,
        0.019,
        -0.023,
        0.164,
        0.185,
        0.004,
        0.029,
        0.106,
        1.0,
        0.135,
        -0.108
      ],
      [
        0.01,
        -0.142,
        0.108,
        -0.051,
        0.007,
        0.049,
        -0.113,
        0.061,
        -0.047,
        0.073,
        0.518,
        0.314,
        0.039,
        0.135,
        1.0,
        -0.118
      ],
      [
        0.075,
        0.064,
        0.039,
        -0.017,
        -0.035,
        0.026,
        -0.039,
        0.045,
        0.025,
        0.023,
        -0.009,
        -0.059,
        0.03,
        -0.108,
        -0.118,
        1.0
      ]
    ]
  },
  "factor_correlation": {
    "factors": [
      "Market",
      "Size",
      "Value (SMID)",
      "Momentum",
      "Quality",
      "Profitability",
      "Liquidity",
      "Credit"
    ],
    "matrix": [
      [
        1.0,
        0.329,
        -0.49,
        0.394,
        -0.244,
        -0.534,
        0.31,
        0.173
      ],
      [
        0.329,
        1.0,
        -0.158,
        0.262,
        0.155,
        0.145,
        0.328,
        0.039
      ],
      [
        -0.49,
        -0.158,
        1.0,
        -0.547,
        0.305,
        0.588,
        -0.381,
        -0.133
      ],
      [
        0.394,
        0.262,
        -0.547,
        1.0,
        -0.218,
        -0.527,
        0.297,
        0.034
      ],
      [
        -0.244,
        0.155,
        0.305,
        -0.218,
        1.0,
        0.434,
        -0.235,
        -0.131
      ],
      [
        -0.534,
        0.145,
        0.588,
        -0.527,
        0.434,
        1.0,
        -0.28,
        -0.09
      ],
      [
        0.31,
        0.328,
        -0.381,
        0.297,
        -0.235,
        -0.28,
        1.0,
        0.156
      ],
      [
        0.173,
        0.039,
        -0.133,
        0.034,
        -0.131,
        -0.09,
        0.156,
        1.0
      ]
    ]
  },
  "factor_exposures": [
    {
      "ticker": "CEG",
      "r_squared": 0.25190307872357387,
      "alpha_annual": -0.4416220291586372,
      "idio_vol_annual": 0.4045106915430636,
      "Market": 0.7194961028348865,
      "Size": 0.38178298153782786,
      "Value (SMID)": -0.4389844022073946,
      "Momentum": 0.5999732698140096,
      "Quality": -0.7911733209424044,
      "Profitability": -0.6437322848150239,
      "Liquidity": -0.4743287859469349,
      "Credit": -0.9093903742256236
    },
    {
      "ticker": "CMI",
      "r_squared": 0.4683014338832724,
      "alpha_annual": 0.3583641608301106,
      "idio_vol_annual": 0.24634618698794283,
      "Market": 1.1456548814560306,
      "Size": 0.8080319088245934,
      "Value (SMID)": 0.3576937764236089,
      "Momentum": 0.6879520878093038,
      "Quality": -0.024092605730242342,
      "Profitability": -0.15826846033793046,
      "Liquidity": -0.314895618816946,
      "Credit": 0.7772196900291921
    },
    {
      "ticker": "CRWV",
      "r_squared": 0.2706127818459333,
      "alpha_annual": -1.0046838397959044,
      "idio_vol_annual": 0.8059611357815578,
      "Market": 1.0251763829190523,
      "Size": 0.6179365654419553,
      "Value (SMID)": -2.0397231028174994,
      "Momentum": 0.6874550349765047,
      "Quality": -4.251962305887223,
      "Profitability": -0.008915048136692028,
      "Liquidity": 0.3419360740830978,
      "Credit": 2.0351061695496155
    },
    {
      "ticker": "ESI",
      "r_squared": 0.5053073587907435,
      "alpha_annual": 0.3151078044675168,
      "idio_vol_annual": 0.28683058945864215,
      "Market": 1.6330275198262503,
      "Size": 1.01804805842139,
      "Value (SMID)": -0.17766990146025788,
      "Momentum": 0.6222181990291109,
      "Quality": 0.1882458983541886,
      "Profitability": 0.24856941860956394,
      "Liquidity": -0.6986828273705809,
      "Credit": 0.1886128949724932
    },
    {
      "ticker": "GENC",
      "r_squared": 0.32661304282281833,
      "alpha_annual": -0.45089895583184364,
      "idio_vol_annual": 0.3254844196923377,
      "Market": 1.3020760648061225,
      "Size": 1.2347092254336594,
      "Value (SMID)": 1.1604776638427954,
      "Momentum": -0.038358616983927285,
      "Quality": -0.6503815336099146,
      "Profitability": 0.06342203750092601,
      "Liquidity": -0.16754958022569244,
      "Credit": 0.5780424431964872
    },
    {
      "ticker": "GRPN",
      "r_squared": 0.16665530619969615,
      "alpha_annual": -1.177627166270762,
      "idio_vol_annual": 0.6252161344303462,
      "Market": 1.900063299847492,
      "Size": 0.3100337775889467,
      "Value (SMID)": -0.9215979720814215,
      "Momentum": -0.12311740366185286,
      "Quality": -1.4376940065440142,
      "Profitability": 1.4317963270094696,
      "Liquidity": 0.22084129446250333,
      "Credit": 1.4607948505277497
    },
    {
      "ticker": "JAKK",
      "r_squared": 0.2711167198644272,
      "alpha_annual": -0.294453147805781,
      "idio_vol_annual": 0.3514655984267416,
      "Market": 1.2390629507818367,
      "Size": 1.035455703439606,
      "Value (SMID)": 0.8359686603010079,
      "Momentum": -0.3466651265485081,
      "Quality": 1.3888692614900904,
      "Profitability": -0.35778533584276917,
      "Liquidity": 0.3316626012793708,
      "Credit": -0.44899494118179406
    },
    {
      "ticker": "KSPI",
      "r_squared": 0.21507407166757964,
      "alpha_annual": -0.1876907112105929,
      "idio_vol_annual": 0.3227373846975435,
      "Market": 1.1693150648485837,
      "Size": 0.45036187749493223,
      "Value (SMID)": -0.34693268010569295,
      "Momentum": -0.5163778803907051,
      "Quality": 0.08166822455611852,
      "Profitability": 0.08387168629322611,
      "Liquidity": -0.010635407951615994,
      "Credit": 0.5412377702419111
    },
    {
      "ticker": "OPEN",
      "r_squared": 0.12705171437447782,
      "alpha_annual": 1.4635404559224954,
      "idio_vol_annual": 1.3418719674134663,
      "Market": 3.0332028522582,
      "Size": 1.3274505136926678,
      "Value (SMID)": -1.6624823390034167,
      "Momentum": -2.035604577709001,
      "Quality": 1.0504903715903473,
      "Profitability": 0.9683864198292023,
      "Liquidity": 1.8672472846421098,
      "Credit": -3.171932594240887
    },
    {
      "ticker": "PYPL",
      "r_squared": 0.2918545918271799,
      "alpha_annual": -0.6251815134086699,
      "idio_vol_annual": 0.3389878909781264,
      "Market": 1.790791316800554,
      "Size": -0.32514978276741546,
      "Value (SMID)": -0.8985937907051018,
      "Momentum": -0.8932567174836238,
      "Quality": 1.410383947118936,
      "Profitability": 0.6546370988736107,
      "Liquidity": 0.37048152367191983,
      "Credit": 0.018381423594726044
    },
    {
      "ticker": "TENB",
      "r_squared": 0.14817437278115642,
      "alpha_annual": -0.3720056871790795,
      "idio_vol_annual": 0.40990482548181373,
      "Market": 1.489846884464092,
      "Size": -0.1393043941715557,
      "Value (SMID)": -0.7790948446170778,
      "Momentum": -0.23529371148107736,
      "Quality": -0.39973570999411134,
      "Profitability": 1.298757776908886,
      "Liquidity": -0.12996257765571595,
      "Credit": -0.19808193440088312
    },
    {
      "ticker": "VIA",
      "r_squared": 0.11105515085944972,
      "alpha_annual": -1.5561163341118376,
      "idio_vol_annual": 0.6812394091889801,
      "Market": 0.966397217269733,
      "Size": 0.44795371583710414,
      "Value (SMID)": -1.413612999777567,
      "Momentum": -1.019693696007693,
      "Quality": -1.5967550213218078,
      "Profitability": 0.4923353705564879,
      "Liquidity": 0.6501523876769442,
      "Credit": -0.7509796714219649
    },
    {
      "ticker": "VST",
      "r_squared": 0.29146489883322935,
      "alpha_annual": -0.4294533122915146,
      "idio_vol_annual": 0.4125052368349166,
      "Market": 0.6102419859245172,
      "Size": 0.7865941306082213,
      "Value (SMID)": -0.6778410576645569,
      "Momentum": 0.6516567283075534,
      "Quality": -1.8512192585405791,
      "Profitability": -0.5028125934694119,
      "Liquidity": -0.8068127947207433,
      "Credit": -0.721127895996447
    },
    {
      "ticker": "XNET",
      "r_squared": 0.17070068051708953,
      "alpha_annual": -0.37654891971821025,
      "idio_vol_annual": 0.676300068840015,
      "Market": 1.8013312484497137,
      "Size": 0.22161866397421054,
      "Value (SMID)": -0.7620212365242376,
      "Momentum": -0.425591268441352,
      "Quality": 0.4846367584696428,
      "Profitability": 0.575281291843697,
      "Liquidity": 1.2084691142688664,
      "Credit": 2.3097748514048027
    },
    {
      "ticker": "ZS",
      "r_squared": 0.09041014988629437,
      "alpha_annual": -0.9592106312162505,
      "idio_vol_annual": 0.5980370333749041,
      "Market": 1.3484522864462447,
      "Size": -0.3800842030020027,
      "Value (SMID)": -1.0814864382620295,
      "Momentum": -0.9008012827495977,
      "Quality": -0.8504832979078419,
      "Profitability": 0.8502803908555109,
      "Liquidity": 0.1961532385501602,
      "Credit": 0.2126360200206958
    },
    {
      "ticker": "ZTS",
      "r_squared": 0.16506949087464695,
      "alpha_annual": -0.8906111901221379,
      "idio_vol_annual": 0.3446427727611838,
      "Market": 1.332001863959098,
      "Size": 0.15053411644439452,
      "Value (SMID)": 0.06105409188990014,
      "Momentum": -0.24369839042611152,
      "Quality": 1.0167048833355077,
      "Profitability": 0.754656265616573,
      "Liquidity": 0.06263219847603263,
      "Credit": -0.7281287372907105
    }
  ],
  "portfolio_factor_exposure": {
    "loadings": {
      "Market": 1.425619266740524,
      "Size": 0.4309312546514372,
      "Value (SMID)": -0.5393276754234569,
      "Momentum": -0.17081064644062272,
      "Quality": -0.5207229704822072,
      "Profitability": 0.5254311918088185,
      "Liquidity": 0.13307334288996608,
      "Credit": 0.46049333013081756
    },
    "alpha_annual": -0.494004685160312,
    "r_squared_weighted": 0.23179171843182858
  },
  "stress_tests": [
    {
      "scenario": "COVID Crash (Feb-Mar 2020)",
      "market_move": -0.339,
      "portfolio_impact": -0.5269134756878602,
      "stressed_nav": 479305.3791384497,
      "pnl": -533839.9008615502,
      "description": "Rapid 33.9% selloff in SPY over 23 trading days as COVID-19 spread."
    },
    {
      "scenario": "2022 Rate Shock (Jan-Oct)",
      "market_move": -0.252,
      "portfolio_impact": -0.39168789343168364,
