{
  "generated_at": "2026-06-27T05:36:36.369154Z",
  "market_session": "CLOSED",
  "fund_name": "Convex Capital",
  "tagline": "Lose small. Win big. \u2014 Paper-traded portfolio. Hypothetical performance for educational purposes only.",
  "summary": {
    "nav": 1108818.5300000003,
    "cash": 4722.310000000056,
    "equity": 1104096.2200000002,
    "deposits": 1000000.0,
    "total_return": 0.10881853000000019,
    "realized_pnl": 0.0,
    "open_positions": 16
  },
  "metrics": {
    "period_return": 0.10894846193484131,
    "calendar_days_since_inception": 25,
    "trading_days_observed": 18,
    "annualized_return": 3.5259098424059916,
    "annualized_return_arithmetic": 1.4963499855417373,
    "annualized_vol": 0.30884427487281124,
    "sharpe": 4.703983407874794,
    "sortino": 9.97308504476599,
    "calmar": 92.78288054909008,
    "max_drawdown": -0.038001728568240384,
    "var_95_1d": -0.01705767210982133,
    "risk_free_rate": 0.04451000213623047,
    "beta_benchmark": 0.8585333276183756,
    "benchmark_annualized_return": 0.2642058574990853,
    "benchmark_annualized_return_arithmetic": 0.2345532339051736,
    "benchmark_period_return": 0.04001309645392226,
    "period_active_return": 0.06893536548091905,
    "treynor": 1.6910700338599554,
    "jensens_alpha": 1.2886815352435659,
    "information_ratio": 3.871241017755687,
    "tracking_error": 0.2378476289049855,
    "annualized_active_return": 1.5070015123779634,
    "annualized_active_return_arithmetic": 0.9207654969929131,
    "up_capture": 1.4640383694222767,
    "down_capture": 0.8786111913519843,
    "data_basis": "realized_nav",
    "days_of_live_nav": 19,
    "benchmark_ticker": "IWM",
    "benchmark_name": "Russell 2000",
    "beta_spy": 0.8585333276183756,
    "beta_spy_stress": 1.5250827978635095
  },
  "nav_curve": [
    {
      "date": "2026-06-01",
      "value": 999882.8292976379
    },
    {
      "date": "2026-06-02",
      "value": 1005079.4966617966
    },
    {
      "date": "2026-06-03",
      "value": 995768.7768651581
    },
    {
      "date": "2026-06-04",
      "value": 1004929.1794892884
    },
    {
      "date": "2026-06-05",
      "value": 974274.0015833282
    },
    {
      "date": "2026-06-08",
      "value": 974266.9881036186
    },
    {
      "date": "2026-06-09",
      "value": 979640.5088702394
    },
    {
      "date": "2026-06-10",
      "value": 966884.7384401513
    },
    {
      "date": "2026-06-11",
      "value": 990753.0886875344
    },
    {
      "date": "2026-06-12",
      "value": 996222.4282127572
    },
    {
      "date": "2026-06-15",
      "value": 1017018.2685251809
    },
    {
      "date": "2026-06-16",
      "value": 1019223.7061524964
    },
    {
      "date": "2026-06-17",
      "value": 1004256.765778122
    },
    {
      "date": "2026-06-18",
      "value": 1005956.2144795037
    },
    {
      "date": "2026-06-22",
      "value": 1013145.2704611397
    },
    {
      "date": "2026-06-23",
      "value": 1003670.4086042023
    },
    {
      "date": "2026-06-24",
      "value": 1028642.2278996087
    },
    {
      "date": "2026-06-25",
      "value": 1087855.2699132538
    },
    {
      "date": "2026-06-26",
      "value": 1108818.525664673
    }
  ],
  "drawdown_curve": [
    {
      "date": "2026-06-01",
      "value": 0.0
    },
    {
      "date": "2026-06-02",
      "value": 0.0
    },
    {
      "date": "2026-06-03",
      "value": -0.009263665040986776
    },
    {
      "date": "2026-06-04",
      "value": -0.00014955749570802555
    },
    {
      "date": "2026-06-05",
      "value": -0.030649809473562682
    },
    {
      "date": "2026-06-08",
      "value": -0.03065678750836781
    },
    {
      "date": "2026-06-09",
      "value": -0.025310423579476604
    },
    {
      "date": "2026-06-10",
      "value": -0.038001728568240384
    },
    {
      "date": "2026-06-11",
      "value": -0.01425400480444075
    },
    {
      "date": "2026-06-12",
      "value": -0.008812306368259061
    },
    {
      "date": "2026-06-15",
      "value": 0.0
    },
    {
      "date": "2026-06-16",
      "value": 0.0
    },
    {
      "date": "2026-06-17",
      "value": -0.014684647034823809
    },
    {
      "date": "2026-06-18",
      "value": -0.01301725184854327
    },
    {
      "date": "2026-06-22",
      "value": -0.005963789553426265
    },
    {
      "date": "2026-06-23",
      "value": -0.015259944852545435
    },
    {
      "date": "2026-06-24",
      "value": 0.0
    },
    {
      "date": "2026-06-25",
      "value": 0.0
    },
    {
      "date": "2026-06-26",
      "value": 0.0
    }
  ],
  "benchmarks": {
    "SPY": [
      {
        "date": "2026-06-01",
        "value": 0.0
      },
      {
        "date": "2026-06-02",
        "value": 0.0013579397972762752
      },
      {
        "date": "2026-06-03",
        "value": -0.005668771434361286
      },
      {
        "date": "2026-06-04",
        "value": -0.0019115061781299625
      },
      {
        "date": "2026-06-05",
        "value": -0.027671542654459702
      },
      {
        "date": "2026-06-08",
        "value": -0.025470023194608782
      },
      {
        "date": "2026-06-09",
        "value": -0.02833070775180091
      },
      {
        "date": "2026-06-10",
        "value": -0.04364962071587053
      },
      {
        "date": "2026-06-11",
        "value": -0.027394678792744487
      },
      {
        "date": "2026-06-12",
        "value": -0.022134588105308994
      },
      {
        "date": "2026-06-15",
        "value": -0.0048909388718152425
      },
      {
        "date": "2026-06-16",
        "value": -0.010823344076597685
      },
      {
        "date": "2026-06-17",
        "value": -0.023176054438276084
      },
      {
        "date": "2026-06-18",
        "value": -0.013020023259145863
      },
      {
        "date": "2026-06-22",
        "value": -0.016126029204297176
      },
      {
        "date": "2026-06-23",
        "value": -0.030413801760312054
      },
      {
        "date": "2026-06-24",
        "value": -0.03086322150786902
      },
      {
        "date": "2026-06-25",
        "value": -0.029462203242598517
      },
      {
        "date": "2026-06-26",
        "value": -0.03648052466024476
      }
    ],
    "IWM": [
      {
        "date": "2026-06-01",
        "value": 0.0
      },
      {
        "date": "2026-06-02",
        "value": 0.009273902616242058
      },
      {
        "date": "2026-06-03",
        "value": -0.004533265755123028
      },
      {
        "date": "2026-06-04",
        "value": 0.010485102307313143
      },
      {
        "date": "2026-06-05",
        "value": -0.025365222965751943
      },
      {
        "date": "2026-06-08",
        "value": -0.016852527916236926
      },
      {
        "date": "2026-06-09",
        "value": -0.013703535746163342
      },
      {
        "date": "2026-06-10",
        "value": -0.023981055236295123
      },
      {
        "date": "2026-06-11",
        "value": 0.00494832553389335
      },
      {
        "date": "2026-06-12",
        "value": 0.01373793881377372
      },
      {
        "date": "2026-06-15",
        "value": 0.022010765090349826
      },
      {
        "date": "2026-06-16",
        "value": 0.013130856989941098
      },
      {
        "date": "2026-06-17",
        "value": 0.005499833171586088
      },
      {
        "date": "2026-06-18",
        "value": 0.025305943833869415
      },
      {
        "date": "2026-06-22",
        "value": 0.03428980212625787
      },
      {
        "date": "2026-06-23",
        "value": 0.02436943940571834
      },
      {
        "date": "2026-06-24",
        "value": 0.0291215086708434
      },
      {
        "date": "2026-06-25",
        "value": 0.036821973757975135
      },
      {
        "date": "2026-06-26",
        "value": 0.04001309645392226
      }
    ]
  },
  "holdings": [
    {
      "ticker": "GRPN",
      "company": "Groupon, Inc.",
      "sector": "Communication Services",
      "country": "United States",
      "shares": 11310.0,
      "price": 22.6,
      "cost_basis": 17.3017824933687,
      "market_value": 255606.00000000003,
      "unrealized_pnl": 59922.840000000004,
      "short_percent_of_float": 0.5577,
      "short_ratio": 7.12
    },
    {
      "ticker": "TENB",
      "company": "Tenable Holdings, Inc.",
      "sector": "Technology",
      "country": "United States",
      "shares": 4766.0,
      "price": 30.22,
      "cost_basis": 26.224616030214015,
      "market_value": 144028.52,
      "unrealized_pnl": 19041.999999999996,
      "short_percent_of_float": 0.1225,
      "short_ratio": 3.03
    },
    {
      "ticker": "KSPI",
      "company": "Joint Stock Company Kaspi.kz",
      "sector": "Technology",
      "country": "Kazakhstan",
      "shares": 1515.0,
      "price": 88.95,
      "cost_basis": 82.53049504950495,
      "market_value": 134759.25,
      "unrealized_pnl": 9725.550000000005,
      "short_percent_of_float": 0.019199999,
      "short_ratio": 3.76
    },
    {
      "ticker": "CMI",
      "company": "Cummins Inc.",
      "sector": "Industrials",
      "country": "United States",
      "shares": 153.0,
      "price": 685.87,
      "cost_basis": 651.1282352941176,
      "market_value": 104938.11,
      "unrealized_pnl": 5315.490000000002,
      "short_percent_of_float": 0.0214,
      "short_ratio": 2.63
    },
    {
      "ticker": "JAKK",
      "company": "JAKKS Pacific, Inc.",
      "sector": "Consumer Cyclical",
      "country": "United States",
      "shares": 3436.0,
      "price": 23.9,
      "cost_basis": 21.83,
      "market_value": 82120.4,
      "unrealized_pnl": 7112.520000000001,
      "short_percent_of_float": 0.0436,
      "short_ratio": 10.5
    },
    {
      "ticker": "VIA",
      "company": "Via Transportation, Inc.",
      "sector": "Technology",
      "country": "United States",
      "shares": 3280.0,
      "price": 17.48,
      "cost_basis": 15.241405487804878,
      "market_value": 57334.4,
      "unrealized_pnl": 7342.590000000003,
      "short_percent_of_float": 0.16370001,
      "short_ratio": 7.41
    },
    {
      "ticker": "XNET",
      "company": "Xunlei Limited",
      "sector": "Technology",
      "country": "China",
      "shares": 10526.0,
      "price": 5.36,
      "cost_basis": 4.75,
      "market_value": 56419.36,
      "unrealized_pnl": 6420.860000000003,
      "short_percent_of_float": 0.0537,
      "short_ratio": 5.2
    },
    {
      "ticker": "ZS",
      "company": "Zscaler, Inc.",
      "sector": "Technology",
      "country": "United States",
      "shares": 365.0,
      "price": 132.26,
      "cost_basis": 136.79813698630136,
      "market_value": 48274.899999999994,
      "unrealized_pnl": -1656.4199999999992,
      "short_percent_of_float": 0.1129,
      "short_ratio": 1.62
    },
    {
      "ticker": "CRWV",
      "company": "CoreWeave, Inc.",
      "sector": "Technology",
      "country": "United States",
      "shares": 468.0,
      "price": 96.58,
      "cost_basis": 106.78134615384614,
      "market_value": 45199.44,
      "unrealized_pnl": -4774.229999999996,
      "short_percent_of_float": 0.2299,
      "short_ratio": 2.46
    },
    {
      "ticker": "GENC",
      "company": "Gencor Industries, Inc.",
      "sector": "Industrials",
      "country": "United States",
      "shares": 1746.0,
      "price": 15.18,
      "cost_basis": 14.32,
      "market_value": 26504.28,
      "unrealized_pnl": 1501.559999999999,
      "short_percent_of_float": 0.006,
      "short_ratio": 1.66
    },
    {
      "ticker": "VST",
      "company": "Vistra Corp.",
      "sector": "Utilities",
      "country": "United States",
      "shares": 162.0,
      "price": 163.49,
      "cost_basis": 154.76,
      "market_value": 26485.38,
      "unrealized_pnl": 1414.260000000003,
      "short_percent_of_float": 0.052699998,
      "short_ratio": 3.04
    },
    {
      "ticker": "ESI",
      "company": "Element Solutions Inc",
      "sector": "Basic Materials",
      "country": "United States",
      "shares": 557.0,
      "price": 45.66,
      "cost_basis": 44.92,
      "market_value": 25432.62,
      "unrealized_pnl": 412.17999999999716,
      "short_percent_of_float": 0.087,
      "short_ratio": 5.6
    },
    {
      "ticker": "CEG",
      "company": "Constellation Energy Corporation",
      "sector": "Utilities",
      "country": "United States",
      "shares": 94.0,
      "price": 264.02,
      "cost_basis": 265.7,
      "market_value": 24817.879999999997,
      "unrealized_pnl": -157.92000000000064,
      "short_percent_of_float": 0.0356,
      "short_ratio": 2.75
    },
    {
      "ticker": "PYPL",
      "company": "PayPal Holdings, Inc.",
      "sector": "Financial Services",
      "country": "United States",
      "shares": 553.0,
      "price": 44.29,
      "cost_basis": 45.19,
      "market_value": 24492.37,
      "unrealized_pnl": -497.6999999999992,
      "short_percent_of_float": 0.0687,
      "short_ratio": 3.63
    },
    {
      "ticker": "OPEN",
      "company": "Opendoor Technologies Inc.",
      "sector": "Real Estate",
      "country": "United States",
      "shares": 5479.0,
      "price": 4.37,
      "cost_basis": 4.562927541522176,
      "market_value": 23943.23,
      "unrealized_pnl": -1057.0500000000002,
      "short_percent_of_float": 0.17889999,
      "short_ratio": 4.06
    },
    {
      "ticker": "ZTS",
      "company": "Zoetis Inc.",
      "sector": "Healthcare",
      "country": "United States",
      "shares": 312.0,
      "price": 76.09,
      "cost_basis": 80.09,
      "market_value": 23740.08,
      "unrealized_pnl": -1248.0,
      "short_percent_of_float": 0.0434,
      "short_ratio": 2.25
    }
  ],
  "sector_exposure": [
    {
      "name": "Technology",
      "value": 486015.87,
      "pct": 0.43831867600553165
    },
    {
      "name": "Communication Services",
      "value": 255606.00000000003,
      "pct": 0.2305210393625005
    },
    {
      "name": "Industrials",
      "value": 131442.39,
      "pct": 0.11854274296804905
    },
    {
      "name": "Consumer Cyclical",
      "value": 82120.4,
      "pct": 0.07406117211984181
    },
    {
      "name": "Utilities",
      "value": 51303.259999999995,
      "pct": 0.046268400655245165
    },
    {
      "name": "Basic Materials",
      "value": 25432.62,
      "pct": 0.022936683787201855
    },
    {
      "name": "Financial Services",
      "value": 24492.37,
      "pct": 0.022088709141612192
    },
    {
      "name": "Real Estate",
      "value": 23943.23,
      "pct": 0.021593461285319603
    },
    {
      "name": "Healthcare",
      "value": 23740.08,
      "pct": 0.02141024825766575
    },
    {
      "name": "Cash",
      "value": 4722.310000000056,
      "pct": 0.0042588664170322395
    }
  ],
  "geographic_exposure": [
    {
      "name": "United States",
      "value": 912917.6100000001,
      "pct": 0.8233246336530828
    },
    {
      "name": "Kazakhstan",
      "value": 134759.25,
      "pct": 0.12153408908128543
    },
    {
      "name": "China",
      "value": 56419.36,
      "pct": 0.05088241084859935
    },
    {
      "name": "Cash",
      "value": 4722.310000000056,
      "pct": 0.0042588664170322395
    }
  ],
  "signals": [
    {
      "ticker": "CEG",
      "label": "BUY",
      "composite": 1.0,
      "rsi": 45.5,
      "subs": {
        "rsi": 0.5,
        "macd": 0.5,
        "trend": -0.5,
        "bb": 0.5,
        "vol": 0.0,
        "range": 0.0
      }
    },
    {
      "ticker": "CMI",
      "label": "STRONG BUY",
      "composite": 2.5,
      "rsi": 50.9,
      "subs": {
        "rsi": 0.5,
        "macd": 0.5,
        "trend": 0.5,
        "bb": 0.5,
        "vol": 0.5,
        "range": 0.0
      }
    },
    {
      "ticker": "CRWV",
      "label": "SELL",
      "composite": -1.5,
      "rsi": 41.6,
      "subs": {
        "rsi": 0.0,
        "macd": -0.5,
        "trend": 0.0,
        "bb": -0.5,
        "vol": 0.0,
        "range": -0.5
      }
    },
    {
      "ticker": "ESI",
      "label": "STRONG BUY",
      "composite": 2.5,
      "rsi": 55.5,
      "subs": {
        "rsi": 0.5,
        "macd": 0.5,
        "trend": 0.5,
        "bb": 0.5,
        "vol": 0.5,
        "range": 0.0
      }
    },
    {
      "ticker": "GENC",
      "label": "STRONG BUY",
      "composite": 3.0,
      "rsi": 57.3,
      "subs": {
        "rsi": 0.5,
        "macd": 0.5,
        "trend": 0.5,
        "bb": 0.5,
        "vol": 0.5,
        "range": 0.5
      }
    },
    {
      "ticker": "GRPN",
      "label": "STRONG BUY",
      "composite": 2.5,
      "rsi": 69.4,
      "subs": {
        "rsi": 0.5,
        "macd": 0.5,
        "trend": 0.5,
        "bb": 0.0,
        "vol": 0.5,
        "range": 0.5
      }
    },
    {
      "ticker": "JAKK",
      "label": "STRONG BUY",
      "composite": 2.5,
      "rsi": 69.3,
      "subs": {
        "rsi": 0.5,
        "macd": 0.5,
        "trend": 0.5,
        "bb": 0.0,
        "vol": 0.5,
        "range": 0.5
      }
    },
    {
      "ticker": "KSPI",
      "label": "STRONG BUY",
      "composite": 2.5,
      "rsi": 59.6,
      "subs": {
        "rsi": 0.5,
        "macd": 0.5,
        "trend": 0.5,
        "bb": 0.5,
        "vol": 0.0,
        "range": 0.5
      }
    },
    {
      "ticker": "OPEN",
      "label": "SELL",
      "composite": -1.5,
      "rsi": 44.4,
      "subs": {
        "rsi": 0.0,
        "macd": -0.5,
        "trend": -0.5,
        "bb": -0.5,
        "vol": 0.5,
        "range": -0.5
      }
    },
    {
      "ticker": "PYPL",
      "label": "BUY",
      "composite": 1.5,
      "rsi": 55.9,
      "subs": {
        "rsi": 0.5,
        "macd": 0.5,
        "trend": -0.5,
        "bb": 0.5,
        "vol": 0.0,
        "range": 0.5
      }
    },
    {
      "ticker": "TENB",
      "label": "BUY",
      "composite": 1.0,
      "rsi": 67.8,
      "subs": {
        "rsi": 0.5,
        "macd": -0.5,
        "trend": 0.0,
        "bb": 0.5,
        "vol": 0.0,
        "range": 0.5
      }
    },
    {
      "ticker": "VIA",
      "label": "STRONG BUY",
      "composite": 2.0,
      "rsi": 65.6,
      "subs": {
        "rsi": 0.5,
        "macd": 0.5,
        "trend": 0.5,
        "bb": 0.0,
        "vol": 0.0,
        "range": 0.5
      }
    },
    {
      "ticker": "VST",
      "label": "STRONG BUY",
      "composite": 2.0,
      "rsi": 57.1,
      "subs": {
        "rsi": 0.5,
        "macd": 0.5,
        "trend": 0.0,
        "bb": 0.5,
        "vol": 0.0,
        "range": 0.5
      }
    },
    {
      "ticker": "XNET",
      "label": "BUY",
      "composite": 1.0,
      "rsi": 51.1,
      "subs": {
        "rsi": 0.5,
        "macd": 0.5,
        "trend": -0.5,
        "bb": 0.5,
        "vol": 0.0,
        "range": 0.0
      }
    },
    {
      "ticker": "ZS",
      "label": "LEAN BULL",
      "composite": 0.5,
      "rsi": 48.4,
      "subs": {
        "rsi": 0.5,
        "macd": 0.5,
        "trend": -0.5,
        "bb": 0.5,
        "vol": -0.5,
        "range": 0.0
      }
    },
    {
      "ticker": "ZTS",
      "label": "SELL",
      "composite": -1.0,
      "rsi": 36.2,
      "subs": {
        "rsi": 0.0,
        "macd": 0.5,
        "trend": -0.5,
        "bb": -0.5,
        "vol": 0.0,
        "range": -0.5
      }
    }
  ],
  "volatility": [
    {
      "ticker": "CEG",
      "hv20": 0.4382458662449025,
      "garch": 0.5197607334697998,
      "expansion": 0.1860025923880472,
      "regime": "NORMAL",
      "signal": "BASE"
    },
    {
      "ticker": "CMI",
      "hv20": 0.5232158370286882,
      "garch": 0.4565750108092289,
      "expansion": -0.12736775438203216,
      "regime": "EXTREME",
      "signal": "WEAK"
    },
    {
      "ticker": "CRWV",
      "hv20": 0.8752697539019121,
      "garch": 0.9277377942240537,
      "expansion": 0.059944994201206525,
      "regime": "NORMAL",
      "signal": "WEAK"
    },
    {
      "ticker": "ESI",
      "hv20": 0.6012903879813323,
      "garch": 0.5759889142798594,
      "expansion": -0.04207862657910699,
      "regime": "EXTREME",
      "signal": "WEAK"
    },
    {
      "ticker": "GENC",
      "hv20": 0.3308016353545134,
      "garch": 0.36043939239983547,
      "expansion": 0.08959374403805435,
      "regime": "NORMAL",
      "signal": "WEAK"
    },
    {
      "ticker": "GRPN",
      "hv20": 1.1404763535779192,
      "garch": 0.9342558260837179,
      "expansion": -0.18081964334222556,
      "regime": "EXTREME",
      "signal": "WEAK"
    },
    {
      "ticker": "JAKK",
      "hv20": 0.24309473480866164,
      "garch": 0.47557590655991056,
      "expansion": 0.9563398069243804,
      "regime": "LOW",
      "signal": "SIGNAL"
    },
    {
      "ticker": "KSPI",
      "hv20": 0.38320726986489134,
      "garch": 0.3992294201994869,
      "expansion": 0.04181066382233436,
      "regime": "HIGH",
      "signal": "WEAK"
    },
    {
      "ticker": "OPEN",
      "hv20": 0.703897576131176,
      "garch": 0.6836990484719969,
      "expansion": -0.02869526525463548,
      "regime": "LOW",
      "signal": "WEAK"
    },
    {
      "ticker": "PYPL",
      "hv20": 0.35252493246441957,
      "garch": 0.4162959975020719,
      "expansion": 0.18089802781279526,
      "regime": "NORMAL",
      "signal": "BASE"
    },
    {
      "ticker": "TENB",
      "hv20": 0.6241545643111848,
      "garch": 0.6130364334723272,
      "expansion": -0.017813105077790364,
      "regime": "HIGH",
      "signal": "WEAK"
    },
    {
      "ticker": "VIA",
      "hv20": 0.807835962473203,
      "garch": null,
      "expansion": null,
      "regime": "NORMAL",
      "signal": "WEAK"
    },
    {
      "ticker": "VST",
      "hv20": 0.45923396083623436,
      "garch": 0.5535688978363662,
      "expansion": 0.20541803317061794,
      "regime": "NORMAL",
      "signal": "SIGNAL"
    },
    {
      "ticker": "XNET",
      "hv20": 0.7592694297272974,
      "garch": 0.7702022513617892,
      "expansion": 0.014399133175187246,
      "regime": "HIGH",
      "signal": "WEAK"
    },
    {
      "ticker": "ZS",
      "hv20": 0.7045693278648351,
      "garch": 0.882745665465161,
      "expansion": 0.2528868779177219,
      "regime": "HIGH",
      "signal": "SIGNAL"
    },
    {
      "ticker": "ZTS",
      "hv20": 0.30466118554220967,
      "garch": 0.32639757548891724,
      "expansion": 0.07134610832693708,
      "regime": "HIGH",
      "signal": "WEAK"
    }
  ],
  "correlation": {
    "tickers": [
      "CEG",
      "CMI",
      "CRWV",
      "ESI",
      "GENC",
      "GRPN",
      "JAKK",
      "KSPI",
      "OPEN",
      "PYPL",
      "TENB",
      "VIA",
      "VST",
      "XNET",
      "ZS",
      "ZTS"
    ],
    "matrix": [
      [
        1.0,
        0.33,
        0.234,
        0.303,
        0.147,
        0.085,
        0.084,
        0.056,
        0.188,
        0.134,
        0.047,
        -0.002,
        0.797,
        0.245,
        0.038,
        0.12
      ],
      [
        0.33,
        1.0,
        0.366,
        0.629,
        0.317,
        0.221,
        0.118,
        0.229,
        0.176,
        0.057,
        -0.107,
        -0.034,
        0.365,
        0.28,
        -0.08,
        0.182
      ],
      [
        0.234,
        0.366,
        1.0,
        0.341,
        0.115,
        0.132,
        0.047,
        0.121,
        0.245,
        0.142,
        0.101,
        0.2,
        0.316,
        0.36,
        0.174,
        0.081
      ],
      [
        0.303,
        0.629,
        0.341,
        1.0,
        0.258,
        0.311,
        0.229,
        0.295,
        0.259,
        0.269,
        0.061,
        0.025,
        0.375,
        0.329,
        0.023,
        0.172
      ],
      [
        0.147,
        0.317,
        0.115,
        0.258,
        1.0,
        0.136,
        0.321,
        0.146,
        0.13,
        0.108,
        0.175,
        0.083,
        0.164,
        0.168,
        0.062,
        0.154
      ],
      [
        0.085,
        0.221,
        0.132,
        0.311,
        0.136,
        1.0,
        0.161,
        0.341,
        0.287,
        0.253,
        0.212,
        0.162,
        0.147,
        0.238,
        0.126,
        0.154
      ],
      [
        0.084,
        0.118,
        0.047,
        0.229,
        0.321,
        0.161,
        1.0,
        0.107,
        0.142,
        0.222,
        -0.013,
        0.159,
        0.057,
        0.205,
        -0.038,
        0.143
      ],
      [
        0.056,
        0.229,
        0.121,
        0.295,
        0.146,
        0.341,
        0.107,
        1.0,
        0.246,
        0.267,
        0.268,
        0.147,
        0.109,
        0.215,
        0.158,
        0.177
      ],
      [
        0.188,
        0.176,
        0.245,
        0.259,
        0.13,
        0.287,
        0.142,
        0.246,
        1.0,
        0.25,
        0.122,
        0.155,
        0.253,
        0.349,
        0.066,
        0.17
      ],
      [
        0.134,
        0.057,
        0.142,
        0.269,
        0.108,
        0.253,
        0.222,
        0.267,
        0.25,
        1.0,
        0.368,
        0.166,
        0.08,
        0.352,
        0.217,
        0.169
      ],
      [
        0.047,
        -0.107,
        0.101,
        0.061,
        0.175,
        0.212,
        -0.013,
        0.268,
        0.122,
        0.368,
        1.0,
        0.366,
        0.05,
        0.165,
        0.568,
        0.089
      ],
      [
        -0.002,
        -0.034,
        0.2,
        0.025,
        0.083,
        0.162,
        0.159,
        0.147,
        0.155,
        0.166,
        0.366,
        1.0,
        0.045,
        0.185,
        0.38,
        0.011
      ],
      [
        0.797,
        0.365,
        0.316,
        0.375,
        0.164,
        0.147,
        0.057,
        0.109,
        0.253,
        0.08,
        0.05,
        0.045,
        1.0,
        0.272,
        0.061,
        0.089
      ],
      [
        0.245,
        0.28,
        0.36,
        0.329,
        0.168,
        0.238,
        0.205,
        0.215,
        0.349,
        0.352,
        0.165,
        0.185,
        0.272,
        1.0,
        0.224,
        0.038
      ],
      [
        0.038,
        -0.08,
        0.174,
        0.023,
        0.062,
        0.126,
        -0.038,
        0.158,
        0.066,
        0.217,
        0.568,
        0.38,
        0.061,
        0.224,
        1.0,
        -0.037
      ],
      [
        0.12,
        0.182,
        0.081,
        0.172,
        0.154,
        0.154,
        0.143,
        0.177,
        0.17,
        0.169,
        0.089,
        0.011,
        0.089,
        0.038,
        -0.037,
        1.0
      ]
    ]
  },
  "residual_correlation": {
    "tickers": [
      "CEG",
      "CMI",
      "CRWV",
      "ESI",
      "GENC",
      "GRPN",
      "JAKK",
      "KSPI",
      "OPEN",
      "PYPL",
      "TENB",
      "VIA",
      "VST",
      "XNET",
      "ZS",
      "ZTS"
    ],
    "matrix": [
      [
        1.0,
        0.045,
        0.007,
        -0.037,
        0.033,
        -0.074,
        -0.027,
        -0.132,
        0.034,
        0.039,
        -0.007,
        -0.092,
        0.731,
        0.099,
        0.015,
        0.064
      ],
      [
        0.045,
        1.0,
        0.114,
        0.25,
        0.068,
        -0.037,
        -0.138,
        -0.013,
        -0.065,
        -0.099,
        -0.28,
        -0.159,
        0.026,
        -0.01,
        -0.151,
        0.08
      ],
      [
        0.007,
        0.114,
        1.0,
        0.035,
        0.018,
        -0.067,
        -0.049,
        -0.107,
        0.045,
        -0.036,
        -0.004,
        0.09,
        0.083,
        0.142,
        0.112,
        0.027
      ],
      [
        -0.037,
        0.25,
        0.035,
        1.0,
        -0.072,
        0.047,
        0.005,
        0.013,
        -0.01,
        0.133,
        -0.113,
        -0.132,
        -0.002,
        0.022,
        -0.057,
        -0.013
      ],
      [
        0.033,
        0.068,
        0.018,
        -0.072,
        1.0,
        -0.049,
        0.06,
        -0.08,
        -0.078,
        0.0,
        0.098,
        -0.003,
        0.028,
        -0.054,
        0.008,
        -0.041
      ],
      [
        -0.074,
        -0.037,
        -0.067,
        0.047,
        -0.049,
        1.0,
        0.045,
        0.204,
        0.121,
        0.131,
        0.099,
        0.078,
        -0.031,
        0.051,
        0.054,
        0.035
      ],
      [
        -0.027,
        -0.138,
        -0.049,
        0.005,
        0.06,
        0.045,
        1.0,
        -0.09,
        -0.027,
        0.109,
        -0.13,
        0.088,
        -0.061,
        0.023,
        -0.112,
        -0.031
      ],
      [
        -0.132,
        -0.013,
        -0.107,
        0.013,
        -0.08,
        0.204,
        -0.09,
        1.0,
        0.062,
        0.096,
        0.165,
        0.032,
        -0.094,
        -0.006,
        0.069,
        0.038
      ],
      [
        0.034,
        -0.065,
        0.045,
        -0.01,
        -0.078,
        0.121,
        -0.027,
        0.062,
        1.0,
        0.071,
        -0.02,
        0.034,
        0.108,
        0.16,
        -0.045,
        0.03
      ],
      [
        0.039,
        -0.099,
        -0.036,
        0.133,
        0.0,
        0.131,
        0.109,
        0.096,
        0.071,
        1.0,
        0.243,
        0.03,
        -0.026,
        0.202,
        0.081,
        0.017
      ],
      [
        -0.007,
        -0.28,
        -0.004,
        -0.113,
        0.098,
        0.099,
        -0.13,
        0.165,
        -0.02,
        0.243,
        1.0,
        0.301,
        -0.009,
        0.028,
        0.522,
        -0.034
      ],
      [
        -0.092,
        -0.159,
        0.09,
        -0.132,
        -0.003,
        0.078,
        0.088,
        0.032,
        0.034,
        0.03,
        0.301,
        1.0,
        -0.041,
        0.06,
        0.324,
        -0.08
      ],
      [
        0.731,
        0.026,
        0.083,
        -0.002,
        0.028,
        -0.031,
        -0.061,
        -0.094,
        0.108,
        -0.026,
        -0.009,
        -0.041,
        1.0,
        0.115,
        0.047,
        0.02
      ],
      [
        0.099,
        -0.01,
        0.142,
        0.022,
        -0.054,
        0.051,
        0.023,
        -0.006,
        0.16,
        0.202,
        0.028,
        0.06,
        0.115,
        1.0,
        0.146,
        -0.12
      ],
      [
        0.015,
        -0.151,
        0.112,
        -0.057,
        0.008,
        0.054,
        -0.112,
        0.069,
        -0.045,
        0.081,
        0.522,
        0.324,
        0.047,
        0.146,
        1.0,
        -0.127
      ],
      [
        0.064,
        0.08,
        0.027,
        -0.013,
        -0.041,
        0.035,
        -0.031,
        0.038,
        0.03,
        0.017,
        -0.034,
        -0.08,
        0.02,
        -0.12,
        -0.127,
        1.0
      ]
    ]
  },
  "factor_correlation": {
    "factors": [
      "Market",
      "Size",
      "Value (SMID)",
      "Momentum",
      "Quality",
      "Profitability",
      "Liquidity",
      "Credit"
    ],
    "matrix": [
      [
        1.0,
        0.315,
        -0.503,
        0.404,
        -0.263,
        -0.54,
        0.293,
        0.188
      ],
      [
        0.315,
        1.0,
        -0.138,
        0.216,
        0.166,
        0.16,
        0.331,
        0.033
      ],
      [
        -0.503,
        -0.138,
        1.0,
        -0.563,
        0.331,
        0.613,
        -0.35,
        -0.146
      ],
      [
        0.404,
        0.216,
        -0.563,
        1.0,
        -0.27,
        -0.563,
        0.233,
        0.051
      ],
      [
        -0.263,
        0.166,
        0.331,
        -0.27,
        1.0,
        0.465,
        -0.204,
        -0.13
      ],
      [
        -0.54,
        0.16,
        0.613,
        -0.563,
        0.465,
        1.0,
        -0.247,
        -0.114
      ],
      [
        0.293,
        0.331,
        -0.35,
        0.233,
        -0.204,
        -0.247,
        1.0,
        0.165
      ],
      [
        0.188,
        0.033,
        -0.146,
        0.051,
        -0.13,
        -0.114,
        0.165,
        1.0
      ]
    ]
  },
  "factor_exposures": [
    {
      "ticker": "CEG",
      "r_squared": 0.24070011505653488,
      "alpha_annual": -0.40134626997419387,
      "idio_vol_annual": 0.40656023905664185,
      "Market": 0.7040765208482931,
      "Size": 0.3946248463960118,
      "Value (SMID)": -0.4753050986483801,
      "Momentum": 0.4345759848987609,
      "Quality": -0.6798246668630854,
      "Profitability": -0.6286273465350444,
      "Liquidity": -0.333431321373072,
      "Credit": -0.9234608427375336
    },
    {
      "ticker": "CMI",
      "r_squared": 0.4908609991059001,
      "alpha_annual": 0.3360181768783182,
      "idio_vol_annual": 0.24787940080911702,
      "Market": 1.132148970326765,
      "Size": 0.8025756586098961,
      "Value (SMID)": 0.40186802376106945,
      "Momentum": 0.7971952120451922,
      "Quality": -0.2170563843176298,
      "Profitability": -0.1741115678281608,
      "Liquidity": -0.425716631059996,
      "Credit": 0.854904390206647
    },
    {
      "ticker": "CRWV",
      "r_squared": 0.2700189933238961,
      "alpha_annual": -0.8916055096571679,
      "idio_vol_annual": 0.8018541262064663,
      "Market": 1.0978600471494904,
      "Size": 0.5931863301880974,
      "Value (SMID)": -1.9499102615232344,
      "Momentum": 0.3517610814875369,
      "Quality": -3.558723534887681,
      "Profitability": -0.26956050956038774,
      "Liquidity": 0.6787608588891806,
      "Credit": 1.8690175793417776
    },
    {
      "ticker": "ESI",
      "r_squared": 0.5267511514359547,
      "alpha_annual": 0.2168076190355771,
      "idio_vol_annual": 0.2868816123823262,
      "Market": 1.6435921394089708,
      "Size": 1.01145766193479,
      "Value (SMID)": -0.19005506450553245,
      "Momentum": 0.7304455150263448,
      "Quality": 0.15807575585143127,
      "Profitability": 0.2627861376412837,
      "Liquidity": -0.7837649168736056,
      "Credit": 0.2249773423707206
    },
    {
      "ticker": "GENC",
      "r_squared": 0.32716580205140755,
      "alpha_annual": -0.4125967101890931,
      "idio_vol_annual": 0.32342283422420665,
      "Market": 1.2909961804622787,
      "Size": 1.2338963282032671,
      "Value (SMID)": 1.1445035158745873,
      "Momentum": -0.08418963668043375,
      "Quality": -0.6997551797711127,
      "Profitability": 0.07828062276464431,
      "Liquidity": -0.1435780989627416,
      "Credit": 0.6632164339950454
    },
    {
      "ticker": "GRPN",
      "r_squared": 0.1548451720824473,
      "alpha_annual": -0.8711889093492166,
      "idio_vol_annual": 0.6674866407904585,
      "Market": 1.8945016535309425,
      "Size": 0.3690949733009182,
      "Value (SMID)": -0.8299520306469605,
      "Momentum": 0.3781100906736626,
      "Quality": -1.7768906400164728,
      "Profitability": 1.730221918082992,
      "Liquidity": -0.10203295063417477,
      "Credit": 1.1372094424664643
    },
    {
      "ticker": "JAKK",
      "r_squared": 0.27243209261647583,
      "alpha_annual": -0.21675102493521964,
      "idio_vol_annual": 0.35197022578109005,
      "Market": 1.243963133273428,
      "Size": 1.0527093342827296,
      "Value (SMID)": 0.876392641787255,
      "Momentum": -0.2876833247637604,
      "Quality": 1.3189335198688439,
      "Profitability": -0.34799176384021757,
      "Liquidity": 0.2719421618783444,
      "Credit": -0.5013959697471724
    },
    {
      "ticker": "KSPI",
      "r_squared": 0.2132789029668346,
      "alpha_annual": -0.12418477262009091,
      "idio_vol_annual": 0.3234834220694352,
      "Market": 1.1844549130179332,
      "Size": 0.4774626525373272,
      "Value (SMID)": -0.29284934344131847,
      "Momentum": -0.44562442465778473,
      "Quality": 0.1261818337933775,
      "Profitability": 0.10015176898161665,
      "Liquidity": -0.06323651035476961,
      "Credit": 0.5017853304278295
    },
    {
      "ticker": "OPEN",
      "r_squared": 0.1207005441989707,
      "alpha_annual": 1.5405063302797728,
      "idio_vol_annual": 1.3420006625477825,
      "Market": 3.0399114357746395,
      "Size": 1.2338420305948068,
      "Value (SMID)": -1.5763901796285966,
      "Momentum": -1.7193413433990192,
      "Quality": 0.6144470026766994,
      "Profitability": 0.9136234608687077,
      "Liquidity": 1.6151286623798362,
      "Credit": -2.9194643052991123
    },
    {
      "ticker": "PYPL",
      "r_squared": 0.2963490863590318,
      "alpha_annual": -0.6340029816199414,
      "idio_vol_annual": 0.33866142786330805,
      "Market": 1.7994996674429968,
      "Size": -0.3424002278693228,
      "Value (SMID)": -0.9129873504881745,
      "Momentum": -0.8441838748895666,
      "Quality": 1.524072358917108,
      "Profitability": 0.7007117722742136,
      "Liquidity": 0.37792978151207074,
      "Credit": -0.06538500770417612
    },
    {
      "ticker": "TENB",
      "r_squared": 0.159333047223151,
      "alpha_annual": -0.25032647328488655,
      "idio_vol_annual": 0.41742609309051354,
      "Market": 1.4834637301017835,
      "Size": -0.09319718485702018,
      "Value (SMID)": -0.8560574039578259,
      "Momentum": -0.46878803472199715,
      "Quality": -0.0894907947793175,
      "Profitability": 1.4048079745224769,
      "Liquidity": 0.10719039320116738,
      "Credit": -0.33224840393141175
    },
    {
      "ticker": "VIA",
      "r_squared": 0.11254254158195909,
      "alpha_annual": -1.3592322424992849,
      "idio_vol_annual": 0.6894286448747375,
      "Market": 1.0463307197557936,
      "Size": 0.5225448717318577,
      "Value (SMID)": -1.274340723408316,
      "Momentum": -1.1055220971833148,
      "Quality": -0.9380633598283948,
      "Profitability": 0.5760430206786912,
      "Liquidity": 0.9018331775575513,
      "Credit": -0.8627318224012567
    },
    {
      "ticker": "VST",
      "r_squared": 0.29381443457028655,
      "alpha_annual": -0.38774778442254326,
      "idio_vol_annual": 0.4134055948682295,
      "Market": 0.6275206629043835,
      "Size": 0.8158167557461896,
      "Value (SMID)": -0.6813566911749827,
      "Momentum": 0.5463848258261103,
      "Quality": -1.607527827188894,
      "Profitability": -0.5052816747489169,
      "Liquidity": -0.6922269388230601,
      "Credit": -0.8503299104459133
    },
    {
      "ticker": "XNET",
      "r_squared": 0.1713834121952964,
      "alpha_annual": -0.1584843497876573,
      "idio_vol_annual": 0.6727411680096094,
      "Market": 1.7968774022717595,
      "Size": 0.20653396364957813,
      "Value (SMID)": -0.6686115967562378,
      "Momentum": -0.3465492496483477,
      "Quality": 0.47251163197237583,
      "Profitability": 0.6004238159008576,
      "Liquidity": 1.2051712072279357,
      "Credit": 2.5040106613907205
    },
    {
      "ticker": "ZS",
      "r_squared": 0.09851188161550495,
      "alpha_annual": -0.8883741542073793,
      "idio_vol_annual": 0.5991065336938326,
      "Market": 1.3515099698195392,
      "Size": -0.36092408135625287,
      "Value (SMID)": -1.1463831065177537,
      "Momentum": -1.0164636647813965,
      "Quality": -0.6367223143873868,
      "Profitability": 0.9356053528614668,
      "Liquidity": 0.3398657995646203,
      "Credit": 0.10865284853407983
    },
    {
      "ticker": "ZTS",
      "r_squared": 0.15933149185815632,
      "alpha_annual": -0.9371210725119786,
      "idio_vol_annual": 0.3466854660676007,
      "Market": 1.329202384824269,
      "Size": 0.14852044735292294,
      "Value (SMID)": 0.0448063896496126,
      "Momentum": -0.17175708360700112,
      "Quality": 0.8380208701149108,
