{
  "generated_at": "2026-07-02T00:05:16.288316Z",
  "market_session": "CLOSED",
  "fund_name": "Convex Capital",
  "tagline": "Lose small. Win big. \u2014 Paper-traded portfolio. Hypothetical performance for educational purposes only.",
  "summary": {
    "nav": 1184606.79,
    "cash": 4722.310000000056,
    "equity": 1179884.48,
    "deposits": 1000000.0,
    "total_return": 0.18460679000000013,
    "realized_pnl": 0.0,
    "open_positions": 16
  },
  "metrics": {
    "period_return": 0.18474561096391673,
    "calendar_days_since_inception": 30,
    "trading_days_observed": 21,
    "annualized_return": 6.866329848137793,
    "annualized_return_arithmetic": 2.0850405807761043,
    "annualized_vol": 0.3004909053802249,
    "sharpe": 6.793081321379798,
    "sortino": 15.134754562932997,
    "calmar": 180.68467164086502,
    "max_drawdown": -0.038001728568240384,
    "var_95_1d": -0.014684647034823861,
    "risk_free_rate": 0.044749999046325685,
    "beta_benchmark": 0.8099823852976208,
    "benchmark_annualized_return": 0.2636729752898943,
    "benchmark_annualized_return_arithmetic": 0.23413123760297072,
    "benchmark_period_return": 0.03824414364519235,
    "period_active_return": 0.14650146731872438,
    "treynor": 2.5189320394666264,
    "jensens_alpha": 1.8868951143930495,
    "information_ratio": 6.503063533314291,
    "tracking_error": 0.2478569461254782,
    "annualized_active_return": 3.9863121718850394,
    "annualized_active_return_arithmetic": 1.611829467827242,
    "up_capture": 1.5808979325786108,
    "down_capture": 0.3284547855865489,
    "data_basis": "realized_nav",
    "days_of_live_nav": 22,
    "benchmark_ticker": "IWM",
    "benchmark_name": "Russell 2000",
    "beta_spy": 0.8099823852976208,
    "beta_spy_stress": 1.5332688097477405
  },
  "nav_curve": [
    {
      "date": "2026-06-01",
      "value": 999882.8292976379
    },
    {
      "date": "2026-06-02",
      "value": 1005079.4966617966
    },
    {
      "date": "2026-06-03",
      "value": 995768.7768651581
    },
    {
      "date": "2026-06-04",
      "value": 1004929.1794892884
    },
    {
      "date": "2026-06-05",
      "value": 974274.0015833282
    },
    {
      "date": "2026-06-08",
      "value": 974266.9881036186
    },
    {
      "date": "2026-06-09",
      "value": 979640.5088702394
    },
    {
      "date": "2026-06-10",
      "value": 966884.7384401513
    },
    {
      "date": "2026-06-11",
      "value": 990753.0886875344
    },
    {
      "date": "2026-06-12",
      "value": 996222.4282127572
    },
    {
      "date": "2026-06-15",
      "value": 1017018.2685251809
    },
    {
      "date": "2026-06-16",
      "value": 1019223.7061524964
    },
    {
      "date": "2026-06-17",
      "value": 1004256.765778122
    },
    {
      "date": "2026-06-18",
      "value": 1005956.2144795037
    },
    {
      "date": "2026-06-22",
      "value": 1013145.2704611397
    },
    {
      "date": "2026-06-23",
      "value": 1003670.4086042023
    },
    {
      "date": "2026-06-24",
      "value": 1028642.2278996087
    },
    {
      "date": "2026-06-25",
      "value": 1087855.2699132538
    },
    {
      "date": "2026-06-26",
      "value": 1108818.5221582032
    },
    {
      "date": "2026-06-29",
      "value": 1139434.688639698
    },
    {
      "date": "2026-06-30",
      "value": 1162782.1880345917
    },
    {
      "date": "2026-07-01",
      "value": 1184606.7934885598
    }
  ],
  "drawdown_curve": [
    {
      "date": "2026-06-01",
      "value": 0.0
    },
    {
      "date": "2026-06-02",
      "value": 0.0
    },
    {
      "date": "2026-06-03",
      "value": -0.009263665040986776
    },
    {
      "date": "2026-06-04",
      "value": -0.00014955749570802555
    },
    {
      "date": "2026-06-05",
      "value": -0.030649809473562682
    },
    {
      "date": "2026-06-08",
      "value": -0.03065678750836781
    },
    {
      "date": "2026-06-09",
      "value": -0.025310423579476604
    },
    {
      "date": "2026-06-10",
      "value": -0.038001728568240384
    },
    {
      "date": "2026-06-11",
      "value": -0.01425400480444075
    },
    {
      "date": "2026-06-12",
      "value": -0.008812306368259061
    },
    {
      "date": "2026-06-15",
      "value": 0.0
    },
    {
      "date": "2026-06-16",
      "value": 0.0
    },
    {
      "date": "2026-06-17",
      "value": -0.014684647034823809
    },
    {
      "date": "2026-06-18",
      "value": -0.01301725184854327
    },
    {
      "date": "2026-06-22",
      "value": -0.005963789553426265
    },
    {
      "date": "2026-06-23",
      "value": -0.015259944852545435
    },
    {
      "date": "2026-06-24",
      "value": 0.0
    },
    {
      "date": "2026-06-25",
      "value": 0.0
    },
    {
      "date": "2026-06-26",
      "value": 0.0
    },
    {
      "date": "2026-06-29",
      "value": 0.0
    },
    {
      "date": "2026-06-30",
      "value": 0.0
    },
    {
      "date": "2026-07-01",
      "value": 0.0
    }
  ],
  "benchmarks": {
    "SPY": [
      {
        "date": "2026-06-01",
        "value": 0.0
      },
      {
        "date": "2026-06-02",
        "value": 0.0013579397972762752
      },
      {
        "date": "2026-06-03",
        "value": -0.005668771434361286
      },
      {
        "date": "2026-06-04",
        "value": -0.0019115061781299625
      },
      {
        "date": "2026-06-05",
        "value": -0.027671542654459702
      },
      {
        "date": "2026-06-08",
        "value": -0.025470023194608782
      },
      {
        "date": "2026-06-09",
        "value": -0.02833070775180091
      },
      {
        "date": "2026-06-10",
        "value": -0.04364962071587053
      },
      {
        "date": "2026-06-11",
        "value": -0.027394678792744487
      },
      {
        "date": "2026-06-12",
        "value": -0.022134588105308994
      },
      {
        "date": "2026-06-15",
        "value": -0.0048909388718152425
      },
      {
        "date": "2026-06-16",
        "value": -0.010823344076597685
      },
      {
        "date": "2026-06-17",
        "value": -0.023176054438276084
      },
      {
        "date": "2026-06-18",
        "value": -0.013020023259145863
      },
      {
        "date": "2026-06-22",
        "value": -0.016126029204297176
      },
      {
        "date": "2026-06-23",
        "value": -0.030413801760312054
      },
      {
        "date": "2026-06-24",
        "value": -0.03086322150786902
      },
      {
        "date": "2026-06-25",
        "value": -0.029462203242598517
      },
      {
        "date": "2026-06-26",
        "value": -0.03648052466024476
      },
      {
        "date": "2026-06-29",
        "value": -0.02060667390341908
      },
      {
        "date": "2026-06-30",
        "value": -0.012980332985263576
      },
      {
        "date": "2026-07-01",
        "value": -0.014315281465351992
      }
    ],
    "IWM": [
      {
        "date": "2026-06-01",
        "value": 0.0
      },
      {
        "date": "2026-06-02",
        "value": 0.009273902616242058
      },
      {
        "date": "2026-06-03",
        "value": -0.004533265755123028
      },
      {
        "date": "2026-06-04",
        "value": 0.010485102307313143
      },
      {
        "date": "2026-06-05",
        "value": -0.025365222965751943
      },
      {
        "date": "2026-06-08",
        "value": -0.016852527916236926
      },
      {
        "date": "2026-06-09",
        "value": -0.013703535746163342
      },
      {
        "date": "2026-06-10",
        "value": -0.023981055236295123
      },
      {
        "date": "2026-06-11",
        "value": 0.00494832553389335
      },
      {
        "date": "2026-06-12",
        "value": 0.01373793881377372
      },
      {
        "date": "2026-06-15",
        "value": 0.022010765090349826
      },
      {
        "date": "2026-06-16",
        "value": 0.013130856989941098
      },
      {
        "date": "2026-06-17",
        "value": 0.005499833171586088
      },
      {
        "date": "2026-06-18",
        "value": 0.025305943833869415
      },
      {
        "date": "2026-06-22",
        "value": 0.03428980212625787
      },
      {
        "date": "2026-06-23",
        "value": 0.02436943940571834
      },
      {
        "date": "2026-06-24",
        "value": 0.0291215086708434
      },
      {
        "date": "2026-06-25",
        "value": 0.036821973757975135
      },
      {
        "date": "2026-06-26",
        "value": 0.04001309645392226
      },
      {
        "date": "2026-06-29",
        "value": 0.03703008585311984
      },
      {
        "date": "2026-06-30",
        "value": 0.04216376452973858
      },
      {
        "date": "2026-07-01",
        "value": 0.03824414364519235
      }
    ]
  },
  "holdings": [
    {
      "ticker": "GRPN",
      "company": "Groupon, Inc.",
      "sector": "Communication Services",
      "country": "United States",
      "shares": 11310.0,
      "price": 25.68,
      "cost_basis": 17.3017824933687,
      "market_value": 290440.8,
      "unrealized_pnl": 94757.63999999998,
      "short_percent_of_float": 0.5577,
      "short_ratio": 7.12
    },
    {
      "ticker": "TENB",
      "company": "Tenable Holdings, Inc.",
      "sector": "Technology",
      "country": "United States",
      "shares": 4766.0,
      "price": 37.9,
      "cost_basis": 26.224616030214015,
      "market_value": 180631.4,
      "unrealized_pnl": 55644.88,
      "short_percent_of_float": 0.1225,
      "short_ratio": 3.03
    },
    {
      "ticker": "KSPI",
      "company": "Joint Stock Company Kaspi.kz",
      "sector": "Technology",
      "country": "Kazakhstan",
      "shares": 1515.0,
      "price": 88.34,
      "cost_basis": 82.53049504950495,
      "market_value": 133835.1,
      "unrealized_pnl": 8801.400000000007,
      "short_percent_of_float": 0.019199999,
      "short_ratio": 3.76
    },
    {
      "ticker": "CMI",
      "company": "Cummins Inc.",
      "sector": "Industrials",
      "country": "United States",
      "shares": 153.0,
      "price": 682.32,
      "cost_basis": 651.1282352941176,
      "market_value": 104394.96,
      "unrealized_pnl": 4772.340000000008,
      "short_percent_of_float": 0.0214,
      "short_ratio": 2.63
    },
    {
      "ticker": "JAKK",
      "company": "JAKKS Pacific, Inc.",
      "sector": "Consumer Cyclical",
      "country": "United States",
      "shares": 3436.0,
      "price": 23.34,
      "cost_basis": 21.83,
      "market_value": 80196.24,
      "unrealized_pnl": 5188.360000000005,
      "short_percent_of_float": 0.0436,
      "short_ratio": 10.5
    },
    {
      "ticker": "VIA",
      "company": "Via Transportation, Inc.",
      "sector": "Technology",
      "country": "United States",
      "shares": 3280.0,
      "price": 18.96,
      "cost_basis": 15.241405487804878,
      "market_value": 62188.8,
      "unrealized_pnl": 12196.990000000003,
      "short_percent_of_float": 0.16370001,
      "short_ratio": 7.41
    },
    {
      "ticker": "XNET",
      "company": "Xunlei Limited",
      "sector": "Technology",
      "country": "China",
      "shares": 10526.0,
      "price": 5.84,
      "cost_basis": 4.75,
      "market_value": 61471.84,
      "unrealized_pnl": 11473.339999999998,
      "short_percent_of_float": 0.0537,
      "short_ratio": 5.2
    },
    {
      "ticker": "ZS",
      "company": "Zscaler, Inc.",
      "sector": "Technology",
      "country": "United States",
      "shares": 365.0,
      "price": 146.45,
      "cost_basis": 136.79813698630136,
      "market_value": 53454.24999999999,
      "unrealized_pnl": 3522.9300000000003,
      "short_percent_of_float": 0.1129,
      "short_ratio": 1.62
    },
    {
      "ticker": "CRWV",
      "company": "CoreWeave, Inc.",
      "sector": "Technology",
      "country": "United States",
      "shares": 468.0,
      "price": 85.685,
      "cost_basis": 106.78134615384614,
      "market_value": 40100.58,
      "unrealized_pnl": -9873.089999999995,
      "short_percent_of_float": 0.2299,
      "short_ratio": 2.46
    },
    {
      "ticker": "OPEN",
      "company": "Opendoor Technologies Inc.",
      "sector": "Real Estate",
      "country": "United States",
      "shares": 5479.0,
      "price": 4.94,
      "cost_basis": 4.562927541522176,
      "market_value": 27066.260000000002,
      "unrealized_pnl": 2065.9800000000014,
      "short_percent_of_float": 0.17889999,
      "short_ratio": 4.06
    },
    {
      "ticker": "GENC",
      "company": "Gencor Industries, Inc.",
      "sector": "Industrials",
      "country": "United States",
      "shares": 1746.0,
      "price": 15.24,
      "cost_basis": 14.32,
      "market_value": 26609.04,
      "unrealized_pnl": 1606.32,
      "short_percent_of_float": 0.006,
      "short_ratio": 1.66
    },
    {
      "ticker": "ESI",
      "company": "Element Solutions Inc",
      "sector": "Basic Materials",
      "country": "United States",
      "shares": 557.0,
      "price": 45.74,
      "cost_basis": 44.92,
      "market_value": 25477.18,
      "unrealized_pnl": 456.7400000000002,
      "short_percent_of_float": 0.087,
      "short_ratio": 5.6
    },
    {
      "ticker": "VST",
      "company": "Vistra Corp.",
      "sector": "Utilities",
      "country": "United States",
      "shares": 162.0,
      "price": 153.16,
      "cost_basis": 154.76,
      "market_value": 24811.92,
      "unrealized_pnl": -259.1999999999991,
      "short_percent_of_float": 0.052699998,
      "short_ratio": 3.04
    },
    {
      "ticker": "PYPL",
      "company": "PayPal Holdings, Inc.",
      "sector": "Financial Services",
      "country": "United States",
      "shares": 553.0,
      "price": 44.07,
      "cost_basis": 45.19,
      "market_value": 24370.71,
      "unrealized_pnl": -619.3599999999985,
      "short_percent_of_float": 0.0687,
      "short_ratio": 3.63
    },
    {
      "ticker": "ZTS",
      "company": "Zoetis Inc.",
      "sector": "Healthcare",
      "country": "United States",
      "shares": 312.0,
      "price": 72.45,
      "cost_basis": 80.09,
      "market_value": 22604.4,
      "unrealized_pnl": -2383.6800000000003,
      "short_percent_of_float": 0.0434,
      "short_ratio": 2.25
    },
    {
      "ticker": "CEG",
      "company": "Constellation Energy Corporation",
      "sector": "Utilities",
      "country": "United States",
      "shares": 94.0,
      "price": 236.5,
      "cost_basis": 265.7,
      "market_value": 22231.0,
      "unrealized_pnl": -2744.799999999999,
      "short_percent_of_float": 0.0356,
      "short_ratio": 2.75
    }
  ],
  "sector_exposure": [
    {
      "name": "Technology",
      "value": 531681.97,
      "pct": 0.44882569852566856
    },
    {
      "name": "Communication Services",
      "value": 290440.8,
      "pct": 0.24517907752326829
    },
    {
      "name": "Industrials",
      "value": 131004.0,
      "pct": 0.1105885945495889
    },
    {
      "name": "Consumer Cyclical",
      "value": 80196.24,
      "pct": 0.06769861584197065
    },
    {
      "name": "Utilities",
      "value": 47042.92,
      "pct": 0.039711843961319854
    },
    {
      "name": "Real Estate",
      "value": 27066.260000000002,
      "pct": 0.022848307327362188
    },
    {
      "name": "Basic Materials",
      "value": 25477.18,
      "pct": 0.02150686642611596
    },
    {
      "name": "Financial Services",
      "value": 24370.71,
      "pct": 0.02057282653259146
    },
    {
      "name": "Healthcare",
      "value": 22604.4,
      "pct": 0.01908177480562981
    },
    {
      "name": "Cash",
      "value": 4722.310000000056,
      "pct": 0.0039863945064843465
    }
  ],
  "geographic_exposure": [
    {
      "name": "United States",
      "value": 984577.5400000002,
      "pct": 0.8311429145193403
    },
    {
      "name": "Kazakhstan",
      "value": 133835.1,
      "pct": 0.112978501499219
    },
    {
      "name": "China",
      "value": 61471.84,
      "pct": 0.05189218947495649
    },
    {
      "name": "Cash",
      "value": 4722.310000000056,
      "pct": 0.0039863945064843465
    }
  ],
  "signals": [
    {
      "ticker": "CEG",
      "label": "SELL",
      "composite": -1.5,
      "rsi": 31.9,
      "subs": {
        "rsi": 0.0,
        "macd": -0.5,
        "trend": -0.5,
        "bb": 0.0,
        "vol": 0.0,
        "range": -0.5
      }
    },
    {
      "ticker": "CMI",
      "label": "LEAN BULL",
      "composite": 0.5,
      "rsi": 49.6,
      "subs": {
        "rsi": 0.5,
        "macd": -0.5,
        "trend": 0.5,
        "bb": -0.5,
        "vol": 0.5,
        "range": 0.0
      }
    },
    {
      "ticker": "CRWV",
      "label": "SELL",
      "composite": -1.0,
      "rsi": 35.8,
      "subs": {
        "rsi": 0.0,
        "macd": -0.5,
        "trend": 0.0,
        "bb": 0.0,
        "vol": 0.0,
        "range": -0.5
      }
    },
    {
      "ticker": "ESI",
      "label": "STRONG BUY",
      "composite": 2.5,
      "rsi": 54.1,
      "subs": {
        "rsi": 0.5,
        "macd": 0.5,
        "trend": 0.5,
        "bb": 0.5,
        "vol": 0.5,
        "range": 0.0
      }
    },
    {
      "ticker": "GENC",
      "label": "STRONG BUY",
      "composite": 3.0,
      "rsi": 57.4,
      "subs": {
        "rsi": 0.5,
        "macd": 0.5,
        "trend": 0.5,
        "bb": 0.5,
        "vol": 0.5,
        "range": 0.5
      }
    },
    {
      "ticker": "GRPN",
      "label": "BUY",
      "composite": 1.5,
      "rsi": 76.1,
      "subs": {
        "rsi": -0.5,
        "macd": 0.5,
        "trend": 0.5,
        "bb": 0.0,
        "vol": 0.5,
        "range": 0.5
      }
    },
    {
      "ticker": "JAKK",
      "label": "STRONG BUY",
      "composite": 3.0,
      "rsi": 60.7,
      "subs": {
        "rsi": 0.5,
        "macd": 0.5,
        "trend": 0.5,
        "bb": 0.5,
        "vol": 0.5,
        "range": 0.5
      }
    },
    {
      "ticker": "KSPI",
      "label": "STRONG BUY",
      "composite": 2.5,
      "rsi": 57.1,
      "subs": {
        "rsi": 0.5,
        "macd": 0.5,
        "trend": 0.5,
        "bb": 0.5,
        "vol": 0.0,
        "range": 0.5
      }
    },
    {
      "ticker": "OPEN",
      "label": "STRONG BUY",
      "composite": 2.5,
      "rsi": 59.2,
      "subs": {
        "rsi": 0.5,
        "macd": 0.5,
        "trend": 0.0,
        "bb": 0.5,
        "vol": 0.5,
        "range": 0.5
      }
    },
    {
      "ticker": "PYPL",
      "label": "BUY",
      "composite": 1.5,
      "rsi": 53.9,
      "subs": {
        "rsi": 0.5,
        "macd": 0.5,
        "trend": -0.5,
        "bb": 0.5,
        "vol": 0.0,
        "range": 0.5
      }
    },
    {
      "ticker": "TENB",
      "label": "BUY",
      "composite": 1.5,
      "rsi": 82.0,
      "subs": {
        "rsi": -0.5,
        "macd": 0.5,
        "trend": 0.5,
        "bb": 0.0,
        "vol": 0.5,
        "range": 0.5
      }
    },
    {
      "ticker": "VIA",
      "label": "STRONG BUY",
      "composite": 2.0,
      "rsi": 69.3,
      "subs": {
        "rsi": 0.5,
        "macd": 0.5,
        "trend": 0.0,
        "bb": 0.0,
        "vol": 0.5,
        "range": 0.5
      }
    },
    {
      "ticker": "VST",
      "label": "SELL",
      "composite": -1.0,
      "rsi": 46.3,
      "subs": {
        "rsi": 0.5,
        "macd": -0.5,
        "trend": -0.5,
        "bb": -0.5,
        "vol": 0.0,
        "range": 0.0
      }
    },
    {
      "ticker": "XNET",
      "label": "BUY",
      "composite": 1.5,
      "rsi": 60.1,
      "subs": {
        "rsi": 0.5,
        "macd": 0.5,
        "trend": 0.0,
        "bb": 0.0,
        "vol": 0.0,
        "range": 0.5
      }
    },
    {
      "ticker": "ZS",
      "label": "BUY",
      "composite": 1.0,
      "rsi": 58.9,
      "subs": {
        "rsi": 0.5,
        "macd": 0.5,
        "trend": 0.0,
        "bb": 0.0,
        "vol": -0.5,
        "range": 0.5
      }
    },
    {
      "ticker": "ZTS",
      "label": "SELL",
      "composite": -1.0,
      "rsi": 31.4,
      "subs": {
        "rsi": 0.0,
        "macd": 0.5,
        "trend": -0.5,
        "bb": -0.5,
        "vol": 0.0,
        "range": -0.5
      }
    }
  ],
  "volatility": [
    {
      "ticker": "CEG",
      "hv20": 0.38768033413735425,
      "garch": 0.530763616976349,
      "expansion": 0.36907542178371283,
      "regime": "LOW",
      "signal": "SIGNAL"
    },
    {
      "ticker": "CMI",
      "hv20": 0.5221926002195222,
      "garch": 0.4307669791811175,
      "expansion": -0.17508026923393913,
      "regime": "EXTREME",
      "signal": "WEAK"
    },
    {
      "ticker": "CRWV",
      "hv20": 0.8721293679397601,
      "garch": 1.0726735781345573,
      "expansion": 0.22994777789509,
      "regime": "NORMAL",
      "signal": "SIGNAL"
    },
    {
      "ticker": "ESI",
      "hv20": 0.6252931829972713,
      "garch": 0.5519775548758656,
      "expansion": -0.11725000386214929,
      "regime": "EXTREME",
      "signal": "WEAK"
    },
    {
      "ticker": "GENC",
      "hv20": 0.2710039123764152,
      "garch": 0.35681040383506246,
      "expansion": 0.31662454872409734,
      "regime": "LOW",
      "signal": "SIGNAL"
    },
    {
      "ticker": "GRPN",
      "hv20": 1.1113481337110744,
      "garch": 0.8275443321410626,
      "expansion": -0.2553689460226281,
      "regime": "EXTREME",
      "signal": "WEAK"
    },
    {
      "ticker": "JAKK",
      "hv20": 0.2320748304165242,
      "garch": 0.4601169969680391,
      "expansion": 0.9826234328911431,
      "regime": "LOW",
      "signal": "SIGNAL"
    },
    {
      "ticker": "KSPI",
      "hv20": 0.38078222710102666,
      "garch": 0.3792707431492942,
      "expansion": -0.003969418329315653,
      "regime": "HIGH",
      "signal": "WEAK"
    },
    {
      "ticker": "OPEN",
      "hv20": 0.7470345981702774,
      "garch": 0.728717436382588,
      "expansion": -0.024519830584224443,
      "regime": "NORMAL",
      "signal": "WEAK"
    },
    {
      "ticker": "PYPL",
      "hv20": 0.3675327955194331,
      "garch": 0.4168403707168943,
      "expansion": 0.13415830042534013,
      "regime": "NORMAL",
      "signal": "BASE"
    },
    {
      "ticker": "TENB",
      "hv20": 0.7077166012984741,
      "garch": 0.8444301452997838,
      "expansion": 0.19317555042580065,
      "regime": "EXTREME",
      "signal": "BASE"
    },
    {
      "ticker": "VIA",
      "hv20": 0.6434664428808579,
      "garch": null,
      "expansion": null,
      "regime": "NORMAL",
      "signal": "WEAK"
    },
    {
      "ticker": "VST",
      "hv20": 0.461748545170036,
      "garch": 0.5436799631090051,
      "expansion": 0.17743730607488628,
      "regime": "NORMAL",
      "signal": "BASE"
    },
    {
      "ticker": "XNET",
      "hv20": 0.6915326591202798,
      "garch": 0.7048898202837082,
      "expansion": 0.019315300567901438,
      "regime": "HIGH",
      "signal": "WEAK"
    },
    {
      "ticker": "ZS",
      "hv20": 0.49081523902559154,
      "garch": 0.6521780951187803,
      "expansion": 0.3287649674723632,
      "regime": "NORMAL",
      "signal": "SIGNAL"
    },
    {
      "ticker": "ZTS",
      "hv20": 0.33555706046943534,
      "garch": 0.319574062864339,
      "expansion": -0.047631236197910945,
      "regime": "HIGH",
      "signal": "WEAK"
    }
  ],
  "correlation": {
    "tickers": [
      "CEG",
      "CMI",
      "CRWV",
      "ESI",
      "GENC",
      "GRPN",
      "JAKK",
      "KSPI",
      "OPEN",
      "PYPL",
      "TENB",
      "VIA",
      "VST",
      "XNET",
      "ZS",
      "ZTS"
    ],
    "matrix": [
      [
        1.0,
        0.328,
        0.242,
        0.302,
        0.141,
        0.068,
        0.088,
        0.053,
        0.172,
        0.132,
        0.009,
        -0.011,
        0.798,
        0.226,
        0.024,
        0.123
      ],
      [
        0.328,
        1.0,
        0.384,
        0.637,
        0.3,
        0.206,
        0.111,
        0.213,
        0.162,
        0.042,
        -0.087,
        -0.045,
        0.365,
        0.269,
        -0.083,
        0.169
      ],
      [
        0.242,
        0.384,
        1.0,
        0.355,
        0.1,
        0.111,
        0.043,
        0.106,
        0.222,
        0.124,
        0.091,
        0.177,
        0.32,
        0.34,
        0.159,
        0.072
      ],
      [
        0.302,
        0.637,
        0.355,
        1.0,
        0.244,
        0.299,
        0.222,
        0.28,
        0.247,
        0.254,
        0.071,
        0.017,
        0.375,
        0.32,
        0.02,
        0.16
      ],
      [
        0.141,
        0.3,
        0.1,
        0.244,
        1.0,
        0.138,
        0.322,
        0.151,
        0.133,
        0.113,
        0.158,
        0.085,
        0.16,
        0.169,
        0.063,
        0.158
      ],
      [
        0.068,
        0.206,
        0.111,
        0.299,
        0.138,
        1.0,
        0.156,
        0.338,
        0.297,
        0.255,
        0.226,
        0.173,
        0.135,
        0.246,
        0.137,
        0.148
      ],
      [
        0.088,
        0.111,
        0.043,
        0.222,
        0.322,
        0.156,
        1.0,
        0.11,
        0.139,
        0.224,
        -0.029,
        0.157,
        0.06,
        0.199,
        -0.042,
        0.146
      ],
      [
        0.053,
        0.213,
        0.106,
        0.28,
        0.151,
        0.338,
        0.11,
        1.0,
        0.245,
        0.27,
        0.238,
        0.145,
        0.105,
        0.215,
        0.155,
        0.184
      ],
      [
        0.172,
        0.162,
        0.222,
        0.247,
        0.133,
        0.297,
        0.139,
        0.245,
        1.0,
        0.253,
        0.138,
        0.167,
        0.242,
        0.354,
        0.076,
        0.164
      ],
      [
        0.132,
        0.042,
        0.124,
        0.254,
        0.113,
        0.255,
        0.224,
        0.27,
        0.253,
        1.0,
        0.339,
        0.172,
        0.078,
        0.349,
        0.216,
        0.171
      ],
      [
        0.009,
        -0.087,
        0.091,
        0.071,
        0.158,
        0.226,
        -0.029,
        0.238,
        0.138,
        0.339,
        1.0,
        0.366,
        0.03,
        0.178,
        0.566,
        0.056
      ],
      [
        -0.011,
        -0.045,
        0.177,
        0.017,
        0.085,
        0.173,
        0.157,
        0.145,
        0.167,
        0.172,
        0.366,
        1.0,
        0.039,
        0.188,
        0.385,
        0.005
      ],
      [
        0.798,
        0.365,
        0.32,
        0.375,
        0.16,
        0.135,
        0.06,
        0.105,
        0.242,
        0.078,
        0.03,
        0.039,
        1.0,
        0.26,
        0.052,
        0.089
      ],
      [
        0.226,
        0.269,
        0.34,
        0.32,
        0.169,
        0.246,
        0.199,
        0.215,
        0.354,
        0.349,
        0.178,
        0.188,
        0.26,
        1.0,
        0.232,
        0.036
      ],
      [
        0.024,
        -0.083,
        0.159,
        0.02,
        0.063,
        0.137,
        -0.042,
        0.155,
        0.076,
        0.216,
        0.566,
        0.385,
        0.052,
        0.232,
        1.0,
        -0.043
      ],
      [
        0.123,
        0.169,
        0.072,
        0.16,
        0.158,
        0.148,
        0.146,
        0.184,
        0.164,
        0.171,
        0.056,
        0.005,
        0.089,
        0.036,
        -0.043,
        1.0
      ]
    ]
  },
  "residual_correlation": {
    "tickers": [
      "CEG",
      "CMI",
      "CRWV",
      "ESI",
      "GENC",
      "GRPN",
      "JAKK",
      "KSPI",
      "OPEN",
      "PYPL",
      "TENB",
      "VIA",
      "VST",
      "XNET",
      "ZS",
      "ZTS"
    ],
    "matrix": [
      [
        1.0,
        0.04,
        0.019,
        -0.045,
        0.029,
        -0.087,
        -0.013,
        -0.123,
        0.027,
        0.056,
        -0.053,
        -0.092,
        0.73,
        0.093,
        0.004,
        0.069
      ],
      [
        0.04,
        1.0,
        0.116,
        0.251,
        0.065,
        -0.038,
        -0.139,
        -0.015,
        -0.067,
        -0.102,
        -0.255,
        -0.159,
        0.022,
        -0.01,
        -0.148,
        0.08
      ],
      [
        0.019,
        0.116,
        1.0,
        0.033,
        0.008,
        -0.09,
        -0.037,
        -0.106,
        0.032,
        -0.026,
        -0.019,
        0.08,
        0.079,
        0.128,
        0.108,
        0.032
      ],
      [
        -0.045,
        0.251,
        0.033,
        1.0,
        -0.071,
        0.05,
        -0.0,
        0.008,
        -0.008,
        0.126,
        -0.086,
        -0.127,
        -0.005,
        0.018,
        -0.051,
        -0.017
      ],
      [
        0.029,
        0.065,
        0.008,
        -0.071,
        1.0,
        -0.043,
        0.056,
        -0.081,
        -0.074,
        -0.003,
        0.098,
        0.0,
        0.029,
        -0.053,
        0.01,
        -0.042
      ],
      [
        -0.087,
        -0.038,
        -0.09,
        0.05,
        -0.043,
        1.0,
        0.034,
        0.2,
        0.131,
        0.119,
        0.117,
        0.083,
        -0.032,
        0.055,
        0.057,
        0.028
      ],
      [
        -0.013,
        -0.139,
        -0.037,
        -0.0,
        0.056,
        0.034,
        1.0,
        -0.085,
        -0.031,
        0.118,
        -0.149,
        0.082,
        -0.055,
        0.021,
        -0.118,
        -0.025
      ],
      [
        -0.123,
        -0.015,
        -0.106,
        0.008,
        -0.081,
        0.2,
        -0.085,
        1.0,
        0.059,
        0.101,
        0.135,
        0.028,
        -0.09,
        -0.003,
        0.063,
        0.042
      ],
      [
        0.027,
        -0.067,
        0.032,
        -0.008,
        -0.074,
        0.131,
        -0.031,
        0.059,
        1.0,
        0.064,
        -0.004,
        0.039,
        0.107,
        0.159,
        -0.041,
        0.026
      ],
      [
        0.056,
        -0.102,
        -0.026,
        0.126,
        -0.003,
        0.119,
        0.118,
        0.101,
        0.064,
        1.0,
        0.196,
        0.027,
        -0.019,
        0.197,
        0.072,
        0.022
      ],
      [
        -0.053,
        -0.255,
        -0.019,
        -0.086,
        0.098,
        0.117,
        -0.149,
        0.135,
        -0.004,
        0.196,
        1.0,
        0.297,
        -0.028,
        0.023,
        0.518,
        -0.052
      ],
      [
        -0.092,
        -0.159,
        0.08,
        -0.127,
        0.0,
        0.083,
        0.082,
        0.028,
        0.039,
        0.027,
        0.297,
        1.0,
        -0.036,
        0.055,
        0.325,
        -0.086
      ],
      [
        0.73,
        0.022,
        0.079,
        -0.005,
        0.029,
        -0.032,
        -0.055,
        -0.09,
        0.107,
        -0.019,
        -0.028,
        -0.036,
        1.0,
        0.112,
        0.042,
        0.019
      ],
      [
        0.093,
        -0.01,
        0.128,
        0.018,
        -0.053,
        0.055,
        0.021,
        -0.003,
        0.159,
        0.197,
        0.023,
        0.055,
        0.112,
        1.0,
        0.143,
        -0.116
      ],
      [
        0.004,
        -0.148,
        0.108,
        -0.051,
        0.01,
        0.057,
        -0.118,
        0.063,
        -0.041,
        0.072,
        0.518,
        0.325,
        0.042,
        0.143,
        1.0,
        -0.131
      ],
      [
        0.069,
        0.08,
        0.032,
        -0.017,
        -0.042,
        0.028,
        -0.025,
        0.042,
        0.026,
        0.022,
        -0.052,
        -0.086,
        0.019,
        -0.116,
        -0.131,
        1.0
      ]
    ]
  },
  "factor_correlation": {
    "factors": [
      "Market",
      "Size",
      "Value (SMID)",
      "Momentum",
      "Quality",
      "Profitability",
      "Liquidity",
      "Credit"
    ],
    "matrix": [
      [
        1.0,
        0.286,
        -0.507,
        0.402,
        -0.257,
        -0.551,
        0.312,
        0.196
      ],
      [
        0.286,
        1.0,
        -0.127,
        0.193,
        0.169,
        0.183,
        0.274,
        0.027
      ],
      [
        -0.507,
        -0.127,
        1.0,
        -0.567,
        0.323,
        0.619,
        -0.348,
        -0.156
      ],
      [
        0.402,
        0.193,
        -0.567,
        1.0,
        -0.245,
        -0.572,
        0.225,
        0.056
      ],
      [
        -0.257,
        0.169,
        0.323,
        -0.245,
        1.0,
        0.441,
        -0.193,
        -0.123
      ],
      [
        -0.551,
        0.183,
        0.619,
        -0.572,
        0.441,
        1.0,
        -0.272,
        -0.133
      ],
      [
        0.312,
        0.274,
        -0.348,
        0.225,
        -0.193,
        -0.272,
        1.0,
        0.166
      ],
      [
        0.196,
        0.027,
        -0.156,
        0.056,
        -0.123,
        -0.133,
        0.166,
        1.0
      ]
    ]
  },
  "factor_exposures": [
    {
      "ticker": "CEG",
      "r_squared": 0.2343032430575258,
      "alpha_annual": -0.5053693599215595,
      "idio_vol_annual": 0.41170190040357174,
      "Market": 0.6744251827678722,
      "Size": 0.4756433017232079,
      "Value (SMID)": -0.5040657963348523,
      "Momentum": 0.4462169078851251,
      "Quality": -0.9962438709480631,
      "Profitability": -0.5056897803890305,
      "Liquidity": -0.45383033716071675,
      "Credit": -1.104766883329782
    },
    {
      "ticker": "CMI",
      "r_squared": 0.5011797507937186,
      "alpha_annual": 0.3360722459339702,
      "idio_vol_annual": 0.2482527024660947,
      "Market": 1.1193906665378928,
      "Size": 0.8049387157821727,
      "Value (SMID)": 0.4021982845790987,
      "Momentum": 0.819900987798303,
      "Quality": -0.15837026157822515,
      "Profitability": -0.19710095405449918,
      "Liquidity": -0.4398906735135286,
      "Credit": 0.8972953282123173
    },
    {
      "ticker": "CRWV",
      "r_squared": 0.27470385151011223,
      "alpha_annual": -1.0521758088640707,
      "idio_vol_annual": 0.8096752684267288,
      "Market": 0.9609050334826017,
      "Size": 0.758722654378007,
      "Value (SMID)": -1.956036011854983,
      "Momentum": 0.592696856837733,
      "Quality": -3.6562295198563333,
      "Profitability": -0.2656357545951282,
      "Liquidity": 0.38425337441898105,
      "Credit": 1.93034557503622
    },
    {
      "ticker": "ESI",
      "r_squared": 0.534359593673885,
      "alpha_annual": 0.26817415343580947,
      "idio_vol_annual": 0.2867639069138571,
      "Market": 1.6769671696941328,
      "Size": 0.9497111877410436,
      "Value (SMID)": -0.17937810351880593,
      "Momentum": 0.7592869988203378,
      "Quality": 0.33120138710173846,
      "Profitability": 0.24507577832981614,
      "Liquidity": -0.7360630948885943,
      "Credit": 0.24409096007998132
    },
    {
      "ticker": "GENC",
      "r_squared": 0.3411362801575064,
      "alpha_annual": -0.36997100498670005,
      "idio_vol_annual": 0.30853653396355885,
      "Market": 1.3145507683661357,
      "Size": 1.174369912750318,
      "Value (SMID)": 1.143098088251663,
      "Momentum": -0.07228084173868499,
      "Quality": -0.5341713148963437,
      "Profitability": 0.06672922139293275,
      "Liquidity": -0.10296267776787771,
      "Credit": 0.5267017618065114
    },
    {
      "ticker": "GRPN",
      "r_squared": 0.15643861266449033,
      "alpha_annual": -0.6659498960384619,
      "idio_vol_annual": 0.6688588732343704,
      "Market": 2.024329392775412,
      "Size": 0.28063942779638995,
      "Value (SMID)": -0.7808724261796609,
      "Momentum": 0.2231516506744261,
      "Quality": -1.7272048459695808,
      "Profitability": 1.6673707055554945,
      "Liquidity": 0.1248674232065009,
      "Credit": 1.0715729159090572
    },
    {
      "ticker": "JAKK",
      "r_squared": 0.27168359518338847,
      "alpha_annual": -0.25577865842035824,
      "idio_vol_annual": 0.35241946456518297,
      "Market": 1.2331655662593621,
      "Size": 1.0917553183586317,
      "Value (SMID)": 0.8745321204085506,
      "Momentum": -0.27881714271304225,
      "Quality": 1.1763556101073225,
      "Profitability": -0.3075086152929751,
      "Liquidity": 0.22924825709696928,
      "Credit": -0.559797540076538
    },
    {
      "ticker": "KSPI",
      "r_squared": 0.21226018922679468,
      "alpha_annual": -0.15907188160081373,
      "idio_vol_annual": 0.3228821118138358,
      "Market": 1.1534054700338323,
      "Size": 0.5401912580842175,
      "Value (SMID)": -0.30783931415284727,
      "Momentum": -0.46759574986960206,
      "Quality": -0.0220412907990239,
      "Profitability": 0.11515675216464397,
      "Liquidity": -0.12501416573173846,
      "Credit": 0.431212992462718
    },
    {
      "ticker": "OPEN",
      "r_squared": 0.12223254890503854,
      "alpha_annual": 1.589952271801084,
      "idio_vol_annual": 1.3407717043071747,
      "Market": 3.0756099021735173,
      "Size": 1.147274475328362,
      "Value (SMID)": -1.5612826273750318,
      "Momentum": -1.6705698739958523,
      "Quality": 0.8525988711290636,
      "Profitability": 0.8929701780760004,
      "Liquidity": 1.6807221537245018,
      "Credit": -2.982854702326301
    },
    {
      "ticker": "PYPL",
      "r_squared": 0.2936562559360588,
      "alpha_annual": -0.6799722164040288,
      "idio_vol_annual": 0.3403032744702274,
      "Market": 1.7865782261844885,
      "Size": -0.2900000519209973,
      "Value (SMID)": -0.9271984399653883,
      "Momentum": -0.8368071528147615,
      "Quality": 1.3394586252656004,
      "Profitability": 0.7656006177711807,
      "Liquidity": 0.30429087878786554,
      "Credit": -0.15481193948720118
    },
    {
      "ticker": "TENB",
      "r_squared": 0.15150469233477126,
      "alpha_annual": -0.06511046762917698,
      "idio_vol_annual": 0.43861261619006403,
      "Market": 1.594982245040672,
      "Size": -0.3848874139085803,
      "Value (SMID)": -0.7587973782050559,
      "Momentum": -0.40563128751091704,
      "Quality": 0.7242611921941741,
      "Profitability": 1.2010548196814355,
      "Liquidity": 0.47088499522072286,
      "Credit": 0.024138787836155712
    },
    {
      "ticker": "VIA",
      "r_squared": 0.1203692289723366,
      "alpha_annual": -1.3191911053481695,
      "idio_vol_annual": 0.6877056560214138,
      "Market": 1.1617200240037757,
      "Size": 0.2692209976371102,
      "Value (SMID)": -1.1839720643732115,
      "Momentum": -1.0468139271384425,
      "Quality": -0.6562078523891915,
      "Profitability": 0.6126092836927316,
      "Liquidity": 1.2087312397772854,
      "Credit": -0.9850534870775918
    },
    {
      "ticker": "VST",
      "r_squared": 0.2946953070989282,
      "alpha_annual": -0.4494949182802306,
      "idio_vol_annual": 0.4136484459302707,
      "Market": 0.6199514062228388,
      "Size": 0.8453167118158798,
      "Value (SMID)": -0.6761041888535675,
      "Momentum": 0.5328685458510034,
      "Quality": -1.806225703198013,
      "Profitability": -0.44885053276347575,
      "Liquidity": -0.6982654938916745,
      "Credit": -1.0175964776927042
    },
    {
      "ticker": "XNET",
      "r_squared": 0.17503226751254297,
      "alpha_annual": -0.07952558094275797,
      "idio_vol_annual": 0.6715098205824616,
      "Market": 1.7992192984014996,
      "Size": 0.23895734940821756,
      "Value (SMID)": -0.73378474445823,
      "Momentum": -0.429839926510163,
      "Quality": 0.49420130418936703,
      "Profitability": 0.5994957000346763,
      "Liquidity": 1.1198503238469706,
