{
  "generated_at": "2026-06-20T07:39:40.704030Z",
  "market_session": "CLOSED",
  "fund_name": "Convex Capital",
  "tagline": "Lose small. Win big. \u2014 Paper-traded portfolio. Hypothetical performance for educational purposes only.",
  "summary": {
    "nav": 1001766.755,
    "cash": 4788.150000000078,
    "equity": 996978.605,
    "deposits": 1000000.0,
    "total_return": 0.0017667550000000087,
    "realized_pnl": 0.0,
    "open_positions": 16
  },
  "metrics": {
    "annualized_return": -0.16396886546647327,
    "annualized_vol": 0.2791912540962717,
    "sharpe": -0.7480136368455862,
    "sortino": -0.9739412760665448,
    "calmar": -0.44873516054021273,
    "max_drawdown": -0.36540231273403734,
    "var_95_1d": -0.03191232795038513,
    "risk_free_rate": 0.044869999885559085,
    "method": "Synthetic: current weights \u00d7 each holding's 252-day return history. Sortino uses Frank Sortino downside deviation (RMS of shortfalls vs MAR=RF).",
    "beta_spy": 1.5504741330315845,
    "benchmark_annualized_return": 0.2256596315565953,
    "treynor": -0.13469355012308235,
    "jensens_alpha": -0.4891485127782817,
    "information_ratio": -1.4992998699210032,
    "tracking_error": 0.21216824540392204,
    "annualized_active_return": -0.3181038227354678,
    "up_capture": 1.3777648369977462,
    "down_capture": 1.5106443808501004,
    "data_basis": "synthetic_252d",
    "days_of_live_nav": 15
  },
  "nav_curve": [
    {
      "date": "2026-06-01",
      "value": 999690.7946434022
    },
    {
      "date": "2026-06-02",
      "value": 1005956.9559421922
    },
    {
      "date": "2026-06-03",
      "value": 995933.4362950898
    },
    {
      "date": "2026-06-04",
      "value": 1004845.355703888
    },
    {
      "date": "2026-06-05",
      "value": 973224.8065592195
    },
    {
      "date": "2026-06-08",
      "value": 973022.1538583185
    },
    {
      "date": "2026-06-09",
      "value": 978322.5603671265
    },
    {
      "date": "2026-06-10",
      "value": 964713.1933031273
    },
    {
      "date": "2026-06-11",
      "value": 988256.9600315285
    },
    {
      "date": "2026-06-12",
      "value": 993752.5422706795
    },
    {
      "date": "2026-06-15",
      "value": 1014406.7780808449
    },
    {
      "date": "2026-06-16",
      "value": 1016588.5875152588
    },
    {
      "date": "2026-06-17",
      "value": 1000534.9000591278
    },
    {
      "date": "2026-06-18",
      "value": 1001766.7596568108
    },
    {
      "date": "2026-06-19",
      "value": 1001766.755
    }
  ],
  "drawdown_curve": [
    {
      "date": "2026-06-01",
      "value": 0.0
    },
    {
      "date": "2026-06-02",
      "value": 0.0
    },
    {
      "date": "2026-06-03",
      "value": -0.009964163563752383
    },
    {
      "date": "2026-06-04",
      "value": -0.0011050176965704233
    },
    {
      "date": "2026-06-05",
      "value": -0.03253832004403746
    },
    {
      "date": "2026-06-08",
      "value": -0.03273977270034045
    },
    {
      "date": "2026-06-09",
      "value": -0.02747075350672735
    },
    {
      "date": "2026-06-10",
      "value": -0.040999530243752316
    },
    {
      "date": "2026-06-11",
      "value": -0.01759518218558934
    },
    {
      "date": "2026-06-12",
      "value": -0.012132143029998663
    },
    {
      "date": "2026-06-15",
      "value": 0.0
    },
    {
      "date": "2026-06-16",
      "value": 0.0
    },
    {
      "date": "2026-06-17",
      "value": -0.015791725043234384
    },
    {
      "date": "2026-06-18",
      "value": -0.014579966803164172
    },
    {
      "date": "2026-06-19",
      "value": -0.014579971383985594
    }
  ],
  "benchmarks": {
    "SPY": [
      {
        "date": "2026-06-01",
        "value": 0.0
      },
      {
        "date": "2026-06-02",
        "value": 0.0013579397972762752
      },
      {
        "date": "2026-06-03",
        "value": -0.005668771434361286
      },
      {
        "date": "2026-06-04",
        "value": -0.0019115061781299625
      },
      {
        "date": "2026-06-05",
        "value": -0.027671542654459702
      },
      {
        "date": "2026-06-08",
        "value": -0.025470023194608782
      },
      {
        "date": "2026-06-09",
        "value": -0.02833070775180091
      },
      {
        "date": "2026-06-10",
        "value": -0.04364962071587053
      },
      {
        "date": "2026-06-11",
        "value": -0.027394678792744487
      },
      {
        "date": "2026-06-12",
        "value": -0.022134588105308994
      },
      {
        "date": "2026-06-15",
        "value": -0.0048909388718152425
      },
      {
        "date": "2026-06-16",
        "value": -0.010823344076597685
      },
      {
        "date": "2026-06-17",
        "value": -0.023176054438276084
      },
      {
        "date": "2026-06-18",
        "value": -0.013020023259145863
      },
      {
        "date": "2026-06-19",
        "value": -0.01302001035173972
      }
    ],
    "IWM": [
      {
        "date": "2026-06-01",
        "value": 0.0
      },
      {
        "date": "2026-06-02",
        "value": 0.009273902616242058
      },
      {
        "date": "2026-06-03",
        "value": -0.004533265755123028
      },
      {
        "date": "2026-06-04",
        "value": 0.010485102307313143
      },
      {
        "date": "2026-06-05",
        "value": -0.025365222965751943
      },
      {
        "date": "2026-06-08",
        "value": -0.016852527916236926
      },
      {
        "date": "2026-06-09",
        "value": -0.013703535746163342
      },
      {
        "date": "2026-06-10",
        "value": -0.023981055236295123
      },
      {
        "date": "2026-06-11",
        "value": 0.00494832553389335
      },
      {
        "date": "2026-06-12",
        "value": 0.01373793881377372
      },
      {
        "date": "2026-06-15",
        "value": 0.022010765090349826
      },
      {
        "date": "2026-06-16",
        "value": 0.013130856989941098
      },
      {
        "date": "2026-06-17",
        "value": 0.005499833171586088
      },
      {
        "date": "2026-06-18",
        "value": 0.025305943833869415
      },
      {
        "date": "2026-06-19",
        "value": 0.02530595653654033
      }
    ]
  },
  "holdings": [
    {
      "ticker": "GRPN",
      "company": "Groupon, Inc.",
      "sector": "Communication Services",
      "country": "United States",
      "shares": 11310.0,
      "price": 16.19,
      "cost_basis": 17.3017824933687,
      "market_value": 183108.90000000002,
      "unrealized_pnl": -12574.260000000002,
      "short_percent_of_float": 0.56310004,
      "short_ratio": 5.75
    },
    {
      "ticker": "TENB",
      "company": "Tenable Holdings, Inc.",
      "sector": "Technology",
      "country": "United States",
      "shares": 4766.0,
      "price": 26.87,
      "cost_basis": 26.224616030214015,
      "market_value": 128062.42,
      "unrealized_pnl": 3075.9000000000074,
      "short_percent_of_float": 0.129,
      "short_ratio": 3.05
    },
    {
      "ticker": "KSPI",
      "company": "Joint Stock Company Kaspi.kz",
      "sector": "Technology",
      "country": "Kazakhstan",
      "shares": 1515.0,
      "price": 82.205,
      "cost_basis": 82.53049504950495,
      "market_value": 124540.575,
      "unrealized_pnl": -493.12500000000125,
      "short_percent_of_float": 0.0159,
      "short_ratio": 3.24
    },
    {
      "ticker": "CMI",
      "company": "Cummins Inc.",
      "sector": "Industrials",
      "country": "United States",
      "shares": 153.0,
      "price": 716.86,
      "cost_basis": 651.1282352941176,
      "market_value": 109679.58,
      "unrealized_pnl": 10056.960000000003,
      "short_percent_of_float": 0.0171,
      "short_ratio": 2.07
    },
    {
      "ticker": "JAKK",
      "company": "JAKKS Pacific, Inc.",
      "sector": "Consumer Cyclical",
      "country": "United States",
      "shares": 3436.0,
      "price": 22.15,
      "cost_basis": 21.83,
      "market_value": 76107.4,
      "unrealized_pnl": 1099.520000000001,
      "short_percent_of_float": 0.039100002,
      "short_ratio": 7.32
    },
    {
      "ticker": "CRWV",
      "company": "CoreWeave, Inc.",
      "sector": "Technology",
      "country": "United States",
      "shares": 468.0,
      "price": 117.95,
      "cost_basis": 106.78134615384614,
      "market_value": 55200.6,
      "unrealized_pnl": 5226.930000000006,
      "short_percent_of_float": 0.18190001,
      "short_ratio": 1.91
    },
    {
      "ticker": "XNET",
      "company": "Xunlei Limited",
      "sector": "Technology",
      "country": "China",
      "shares": 10526.0,
      "price": 4.96,
      "cost_basis": 4.75,
      "market_value": 52208.96,
      "unrealized_pnl": 2210.4599999999996,
      "short_percent_of_float": 0.0377,
      "short_ratio": 6.03
    },
    {
      "ticker": "VIA",
      "company": "Via Transportation, Inc.",
      "sector": "Technology",
      "country": "United States",
      "shares": 3280.0,
      "price": 15.29,
      "cost_basis": 15.241405487804878,
      "market_value": 50151.2,
      "unrealized_pnl": 159.38999999999837,
      "short_percent_of_float": 0.13520001,
      "short_ratio": 6.88
    },
    {
      "ticker": "ZS",
      "company": "Zscaler, Inc.",
      "sector": "Technology",
      "country": "United States",
      "shares": 365.0,
      "price": 124.85,
      "cost_basis": 136.79813698630136,
      "market_value": 45570.25,
      "unrealized_pnl": -4361.069999999998,
      "short_percent_of_float": 0.114700004,
      "short_ratio": 2.09
    },
    {
      "ticker": "VST",
      "company": "Vistra Corp.",
      "sector": "Utilities",
      "country": "United States",
      "shares": 162.0,
      "price": 163.75,
      "cost_basis": 154.76,
      "market_value": 26527.5,
      "unrealized_pnl": 1456.3800000000015,
      "short_percent_of_float": 0.0539,
      "short_ratio": 2.73
    },
    {
      "ticker": "GENC",
      "company": "Gencor Industries, Inc.",
      "sector": "Industrials",
      "country": "United States",
      "shares": 1746.0,
      "price": 15.0,
      "cost_basis": 14.32,
      "market_value": 26190.0,
      "unrealized_pnl": 1187.2799999999995,
      "short_percent_of_float": 0.0064,
      "short_ratio": 2.39
    },
    {
      "ticker": "CEG",
      "company": "Constellation Energy Corporation",
      "sector": "Utilities",
      "country": "United States",
      "shares": 94.0,
      "price": 274.06,
      "cost_basis": 265.7,
      "market_value": 25761.64,
      "unrealized_pnl": 785.8400000000013,
      "short_percent_of_float": 0.036,
      "short_ratio": 3.46
    },
    {
      "ticker": "ZTS",
      "company": "Zoetis Inc.",
      "sector": "Healthcare",
      "country": "United States",
      "shares": 312.0,
      "price": 78.71,
      "cost_basis": 80.09,
      "market_value": 24557.519999999997,
      "unrealized_pnl": -430.560000000003,
      "short_percent_of_float": 0.0363,
      "short_ratio": 1.45
    },
    {
      "ticker": "OPEN",
      "company": "Opendoor Technologies Inc.",
      "sector": "Real Estate",
      "country": "United States",
      "shares": 5479.0,
      "price": 4.47,
      "cost_basis": 4.562927541522176,
      "market_value": 24491.129999999997,
      "unrealized_pnl": -509.15000000000214,
      "short_percent_of_float": 0.16149999,
      "short_ratio": 3.77
    },
    {
      "ticker": "PYPL",
      "company": "PayPal Holdings, Inc.",
      "sector": "Financial Services",
      "country": "United States",
      "shares": 553.0,
      "price": 42.51,
      "cost_basis": 45.19,
      "market_value": 23508.03,
      "unrealized_pnl": -1482.0399999999997,
      "short_percent_of_float": 0.0626,
      "short_ratio": 3.16
    },
    {
      "ticker": "BABA",
      "company": "Alibaba Group Holding Limited",
      "sector": "Consumer Cyclical",
      "country": "China",
      "shares": 199.0,
      "price": 107.1,
      "cost_basis": 125.4,
      "market_value": 21312.899999999998,
      "unrealized_pnl": -3641.700000000002,
      "short_percent_of_float": 0.0165,
      "short_ratio": 3.21
    }
  ],
  "sector_exposure": [
    {
      "name": "Technology",
      "value": 455734.005,
      "pct": 0.4549302546978613
    },
    {
      "name": "Communication Services",
      "value": 183108.90000000002,
      "pct": 0.1827859619877284
    },
    {
      "name": "Industrials",
      "value": 135869.58000000002,
      "pct": 0.13562995509867964
    },
    {
      "name": "Consumer Cyclical",
      "value": 97420.29999999999,
      "pct": 0.097248485751556
    },
    {
      "name": "Utilities",
      "value": 52289.14,
      "pct": 0.052196920829140514
    },
    {
      "name": "Healthcare",
      "value": 24557.519999999997,
      "pct": 0.02451420939797508
    },
    {
      "name": "Real Estate",
      "value": 24491.129999999997,
      "pct": 0.02444793648597372
    },
    {
      "name": "Financial Services",
      "value": 23508.03,
      "pct": 0.023466570319555072
    },
    {
      "name": "Cash",
      "value": 4788.150000000078,
      "pct": 0.004779705431530394
    }
  ],
  "geographic_exposure": [
    {
      "name": "United States",
      "value": 798916.17,
      "pct": 0.7975071702194789
    },
    {
      "name": "Kazakhstan",
      "value": 124540.575,
      "pct": 0.12432093037465593
    },
    {
      "name": "China",
      "value": 73521.86,
      "pct": 0.07339219397433487
    },
    {
      "name": "Cash",
      "value": 4788.150000000078,
      "pct": 0.004779705431530394
    }
  ],
  "signals": [
    {
      "ticker": "BABA",
      "label": "STRONG SELL",
      "composite": -2.5,
      "rsi": 25.2,
      "subs": {
        "rsi": -0.5,
        "macd": -0.5,
        "trend": -0.5,
        "bb": -0.5,
        "vol": 0.0,
        "range": -0.5
      }
    },
    {
      "ticker": "CEG",
      "label": "BUY",
      "composite": 1.0,
      "rsi": 51.7,
      "subs": {
        "rsi": 0.5,
        "macd": 0.5,
        "trend": -0.5,
        "bb": 0.5,
        "vol": 0.0,
        "range": 0.0
      }
    },
    {
      "ticker": "CMI",
      "label": "STRONG BUY",
      "composite": 3.0,
      "rsi": 61.8,
      "subs": {
        "rsi": 0.5,
        "macd": 0.5,
        "trend": 0.5,
        "bb": 0.5,
        "vol": 0.5,
        "range": 0.5
      }
    },
    {
      "ticker": "CRWV",
      "label": "STRONG BUY",
      "composite": 2.0,
      "rsi": 58.1,
      "subs": {
        "rsi": 0.5,
        "macd": 0.5,
        "trend": 0.5,
        "bb": 0.5,
        "vol": 0.0,
        "range": 0.0
      }
    },
    {
      "ticker": "GENC",
      "label": "STRONG BUY",
      "composite": 2.0,
      "rsi": 54.5,
      "subs": {
        "rsi": 0.5,
        "macd": 0.5,
        "trend": 0.5,
        "bb": 0.5,
        "vol": 0.0,
        "range": 0.0
      }
    },
    {
      "ticker": "GRPN",
      "label": "STRONG SELL",
      "composite": -2.5,
      "rsi": 44.7,
      "subs": {
        "rsi": 0.0,
        "macd": -0.5,
        "trend": -0.5,
        "bb": -0.5,
        "vol": -0.5,
        "range": -0.5
      }
    },
    {
      "ticker": "JAKK",
      "label": "STRONG BUY",
      "composite": 2.0,
      "rsi": 53.0,
      "subs": {
        "rsi": 0.5,
        "macd": 0.5,
        "trend": 0.5,
        "bb": 0.5,
        "vol": 0.0,
        "range": 0.0
      }
    },
    {
      "ticker": "KSPI",
      "label": "STRONG SELL",
      "composite": -2.0,
      "rsi": 44.3,
      "subs": {
        "rsi": 0.0,
        "macd": -0.5,
        "trend": 0.0,
        "bb": -0.5,
        "vol": -0.5,
        "range": -0.5
      }
    },
    {
      "ticker": "OPEN",
      "label": "STRONG SELL",
      "composite": -2.0,
      "rsi": 44.7,
      "subs": {
        "rsi": 0.0,
        "macd": -0.5,
        "trend": -0.5,
        "bb": -0.5,
        "vol": 0.0,
        "range": -0.5
      }
    },
    {
      "ticker": "PYPL",
      "label": "LEAN BEAR",
      "composite": -0.5,
      "rsi": 44.8,
      "subs": {
        "rsi": 0.0,
        "macd": 0.5,
        "trend": -0.5,
        "bb": -0.5,
        "vol": 0.0,
        "range": 0.0
      }
    },
    {
      "ticker": "TENB",
      "label": "SELL",
      "composite": -1.0,
      "rsi": 55.7,
      "subs": {
        "rsi": 0.5,
        "macd": -0.5,
        "trend": 0.0,
        "bb": -0.5,
        "vol": -0.5,
        "range": 0.0
      }
    },
    {
      "ticker": "VIA",
      "label": "BUY",
      "composite": 1.5,
      "rsi": 51.5,
      "subs": {
        "rsi": 0.5,
        "macd": 0.5,
        "trend": -0.5,
        "bb": 0.5,
        "vol": 0.5,
        "range": 0.0
      }
    },
    {
      "ticker": "VST",
      "label": "STRONG BUY",
      "composite": 2.0,
      "rsi": 60.7,
      "subs": {
        "rsi": 0.5,
        "macd": 0.5,
        "trend": 0.0,
        "bb": 0.5,
        "vol": 0.0,
        "range": 0.5
      }
    },
    {
      "ticker": "XNET",
      "label": "LEAN BEAR",
      "composite": -0.5,
      "rsi": 40.5,
      "subs": {
        "rsi": 0.0,
        "macd": 0.5,
        "trend": -0.5,
        "bb": -0.5,
        "vol": 0.5,
        "range": -0.5
      }
    },
    {
      "ticker": "ZS",
      "label": "STRONG SELL",
      "composite": -2.0,
      "rsi": 40.5,
      "subs": {
        "rsi": 0.0,
        "macd": -0.5,
        "trend": -0.5,
        "bb": -0.5,
        "vol": 0.0,
        "range": -0.5
      }
    },
    {
      "ticker": "ZTS",
      "label": "LEAN BEAR",
      "composite": -0.5,
      "rsi": 38.2,
      "subs": {
        "rsi": 0.0,
        "macd": 0.5,
        "trend": -0.5,
        "bb": -0.5,
        "vol": 0.0,
        "range": 0.0
      }
    }
  ],
  "volatility": [
    {
      "ticker": "BABA",
      "hv20": 0.2827892173865999,
      "garch": 0.396580154346084,
      "expansion": 0.40238782090450437,
      "regime": "LOW",
      "signal": "SIGNAL"
    },
    {
      "ticker": "CEG",
      "hv20": 0.47970796165633384,
      "garch": 0.5388624428919843,
      "expansion": 0.12331352815450895,
      "regime": "NORMAL",
      "signal": "BASE"
    },
    {
      "ticker": "CMI",
      "hv20": 0.44453711149034286,
      "garch": 0.324108873442218,
      "expansion": -0.2709070512569366,
      "regime": "HIGH",
      "signal": "WEAK"
    },
    {
      "ticker": "CRWV",
      "hv20": 0.8137623531442026,
      "garch": 0.9376835138359165,
      "expansion": 0.1522817567228432,
      "regime": "LOW",
      "signal": "BASE"
    },
    {
      "ticker": "GENC",
      "hv20": 0.3491665415269923,
      "garch": 0.36158663687135556,
      "expansion": 0.035570691538906074,
      "regime": "NORMAL",
      "signal": "WEAK"
    },
    {
      "ticker": "GRPN",
      "hv20": 0.8064545638747043,
      "garch": 0.7793919958613101,
      "expansion": -0.03355746154298996,
      "regime": "HIGH",
      "signal": "WEAK"
    },
    {
      "ticker": "JAKK",
      "hv20": 0.21466368803407385,
      "garch": 0.4594158343555138,
      "expansion": 1.1401655704461302,
      "regime": "LOW",
      "signal": "SIGNAL"
    },
    {
      "ticker": "KSPI",
      "hv20": 0.33049493343814323,
      "garch": 0.33519041768517643,
      "expansion": 0.014207431860410123,
      "regime": "HIGH",
      "signal": "WEAK"
    },
    {
      "ticker": "OPEN",
      "hv20": 0.758967229749226,
      "garch": 0.7493082343739078,
      "expansion": -0.01272649858480675,
      "regime": "NORMAL",
      "signal": "WEAK"
    },
    {
      "ticker": "PYPL",
      "hv20": 0.3068082097662908,
      "garch": 0.4135296480733505,
      "expansion": 0.34784414142096814,
      "regime": "NORMAL",
      "signal": "SIGNAL"
    },
    {
      "ticker": "TENB",
      "hv20": 0.580485084558584,
      "garch": 0.38199363981287626,
      "expansion": -0.34194064589384904,
      "regime": "HIGH",
      "signal": "WEAK"
    },
    {
      "ticker": "VIA",
      "hv20": 0.6894510214288931,
      "garch": null,
      "expansion": null,
      "regime": "NORMAL",
      "signal": "WEAK"
    },
    {
      "ticker": "VST",
      "hv20": 0.4909434623135735,
      "garch": 0.5659659408368215,
      "expansion": 0.15281286804330627,
      "regime": "NORMAL",
      "signal": "BASE"
    },
    {
      "ticker": "XNET",
      "hv20": 0.7694005118120386,
      "garch": 0.7466291687604197,
      "expansion": -0.02959621510777188,
      "regime": "HIGH",
      "signal": "WEAK"
    },
    {
      "ticker": "ZS",
      "hv20": 1.5253692926816054,
      "garch": 0.34232046100161484,
      "expansion": -0.775581911446628,
      "regime": "EXTREME",
      "signal": "WEAK"
    },
    {
      "ticker": "ZTS",
      "hv20": 0.26917950558269915,
      "garch": 0.3150834981228289,
      "expansion": 0.1705330145426944,
      "regime": "NORMAL",
      "signal": "BASE"
    }
  ],
  "correlation": {
    "tickers": [
      "BABA",
      "CEG",
      "CMI",
      "CRWV",
      "GENC",
      "GRPN",
      "JAKK",
      "KSPI",
      "OPEN",
      "PYPL",
      "TENB",
      "VIA",
      "VST",
      "XNET",
      "ZS",
      "ZTS"
    ],
    "matrix": [
      [
        1.0,
        0.183,
        0.326,
        0.346,
        0.133,
        0.196,
        0.118,
        0.2,
        0.193,
        0.246,
        0.064,
        -0.042,
        0.222,
        0.47,
        0.042,
        0.081
      ],
      [
        0.183,
        1.0,
        0.328,
        0.232,
        0.152,
        0.089,
        0.089,
        0.057,
        0.19,
        0.14,
        0.063,
        0.007,
        0.798,
        0.249,
        0.045,
        0.124
      ],
      [
        0.326,
        0.328,
        1.0,
        0.372,
        0.349,
        0.194,
        0.137,
        0.243,
        0.186,
        0.081,
        -0.051,
        0.003,
        0.352,
        0.298,
        -0.052,
        0.189
      ],
      [
        0.346,
        0.232,
        0.372,
        1.0,
        0.117,
        0.166,
        0.055,
        0.136,
        0.245,
        0.148,
        0.116,
        0.213,
        0.321,
        0.371,
        0.182,
        0.08
      ],
      [
        0.133,
        0.152,
        0.349,
        0.117,
        1.0,
        0.159,
        0.319,
        0.145,
        0.128,
        0.099,
        0.16,
        0.068,
        0.173,
        0.164,
        0.053,
        0.157
      ],
      [
        0.196,
        0.089,
        0.194,
        0.166,
        0.159,
        1.0,
        0.151,
        0.338,
        0.306,
        0.27,
        0.252,
        0.169,
        0.127,
        0.234,
        0.151,
        0.166
      ],
      [
        0.118,
        0.089,
        0.137,
        0.055,
        0.319,
        0.151,
        1.0,
        0.1,
        0.138,
        0.213,
        -0.035,
        0.145,
        0.061,
        0.2,
        -0.047,
        0.142
      ],
      [
        0.2,
        0.057,
        0.243,
        0.136,
        0.145,
        0.338,
        0.1,
        1.0,
        0.25,
        0.258,
        0.268,
        0.137,
        0.103,
        0.201,
        0.154,
        0.192
      ],
      [
        0.193,
        0.19,
        0.186,
        0.245,
        0.128,
        0.306,
        0.138,
        0.25,
        1.0,
        0.248,
        0.119,
        0.152,
        0.257,
        0.352,
        0.064,
        0.168
      ],
      [
        0.246,
        0.14,
        0.081,
        0.148,
        0.099,
        0.27,
        0.213,
        0.258,
        0.248,
        1.0,
        0.354,
        0.145,
        0.085,
        0.343,
        0.206,
        0.176
      ],
      [
        0.064,
        0.063,
        -0.051,
        0.116,
        0.16,
        0.252,
        -0.035,
        0.268,
        0.119,
        0.354,
        1.0,
        0.336,
        0.075,
        0.156,
        0.56,
        0.094
      ],
      [
        -0.042,
        0.007,
        0.003,
        0.213,
        0.068,
        0.169,
        0.145,
        0.137,
        0.152,
        0.145,
        0.336,
        1.0,
        0.058,
        0.166,
        0.368,
        0.019
      ],
      [
        0.222,
        0.798,
        0.352,
        0.321,
        0.173,
        0.127,
        0.061,
        0.103,
        0.257,
        0.085,
        0.075,
        0.058,
        1.0,
        0.272,
        0.073,
        0.095
      ],
      [
        0.47,
        0.249,
        0.298,
        0.371,
        0.164,
        0.234,
        0.2,
        0.201,
        0.352,
        0.343,
        0.156,
        0.166,
        0.272,
        1.0,
        0.221,
        0.053
      ],
      [
        0.042,
        0.045,
        -0.052,
        0.182,
        0.053,
        0.151,
        -0.047,
        0.154,
        0.064,
        0.206,
        0.56,
        0.368,
        0.073,
        0.221,
        1.0,
        -0.035
      ],
      [
        0.081,
        0.124,
        0.189,
        0.08,
        0.157,
        0.166,
        0.142,
        0.192,
        0.168,
        0.176,
        0.094,
        0.019,
        0.095,
        0.053,
        -0.035,
        1.0
      ]
    ]
  },
  "residual_correlation": {
    "tickers": [
      "BABA",
      "CEG",
      "CMI",
      "CRWV",
      "GENC",
      "GRPN",
      "JAKK",
      "KSPI",
      "OPEN",
      "PYPL",
      "TENB",
      "VIA",
      "VST",
      "XNET",
      "ZS",
      "ZTS"
    ],
    "matrix": [
      [
        1.0,
        0.02,
        0.104,
        0.193,
        -0.075,
        0.025,
        -0.047,
        0.016,
        0.037,
        0.107,
        -0.06,
        -0.164,
        0.057,
        0.337,
        -0.056,
        -0.026
      ],
      [
        0.02,
        1.0,
        0.054,
        -0.003,
        0.027,
        -0.058,
        -0.019,
        -0.129,
        0.034,
        0.046,
        -0.026,
        -0.102,
        0.731,
        0.097,
        0.011,
        0.074
      ],
      [
        0.104,
        0.054,
        1.0,
        0.117,
        0.076,
        -0.054,
        -0.149,
        0.003,
        -0.066,
        -0.093,
        -0.261,
        -0.143,
        0.037,
        0.007,
        -0.14,
        0.059
      ],
      [
        0.193,
        -0.003,
        0.117,
        1.0,
        0.012,
        -0.038,
        -0.04,
        -0.094,
        0.038,
        -0.026,
        -0.022,
        0.084,
        0.081,
        0.147,
        0.115,
        0.029
      ],
      [
        -0.075,
        0.027,
        0.076,
        0.012,
        1.0,
        -0.028,
        0.067,
        -0.076,
        -0.073,
        0.004,
        0.093,
        -0.004,
        0.026,
        -0.053,
        0.007,
        -0.036
      ],
      [
        0.025,
        -0.058,
        -0.054,
        -0.038,
        -0.028,
        1.0,
        0.007,
        0.17,
        0.113,
        0.09,
        0.111,
        0.05,
        -0.035,
        0.006,
        0.044,
        0.033
      ],
      [
        -0.047,
        -0.019,
        -0.149,
        -0.04,
        0.067,
        0.007,
        1.0,
        -0.102,
        -0.033,
        0.102,
        -0.129,
        0.09,
        -0.058,
        0.019,
        -0.113,
        -0.04
      ],
      [
        0.016,
        -0.129,
        0.003,
        -0.094,
        -0.076,
        0.17,
        -0.102,
        1.0,
        0.067,
        0.071,
        0.161,
        0.012,
        -0.102,
        -0.032,
        0.056,
        0.056
      ],
      [
        0.037,
        0.034,
        -0.066,
        0.038,
        -0.073,
        0.113,
        -0.033,
        0.067,
        1.0,
        0.067,
        -0.018,
        0.03,
        0.105,
        0.166,
        -0.045,
        0.024
      ],
      [
        0.107,
        0.046,
        -0.093,
        -0.026,
        0.004,
        0.09,
        0.102,
        0.071,
        0.067,
        1.0,
        0.242,
        0.007,
        -0.032,
        0.182,
        0.071,
        0.028
      ],
      [
        -0.06,
        -0.026,
        -0.261,
        -0.022,
        0.093,
        0.111,
        -0.129,
        0.161,
        -0.018,
        0.242,
        1.0,
        0.274,
        -0.031,
        0.005,
        0.519,
        -0.01
      ],
      [
        -0.164,
        -0.102,
        -0.143,
        0.084,
        -0.004,
        0.05,
        0.09,
        0.012,
        0.03,
        0.007,
        0.274,
        1.0,
        -0.057,
        0.029,
        0.314,
        -0.059
      ],
      [
        0.057,
        0.731,
        0.037,
        0.081,
        0.026,
        -0.035,
        -0.058,
        -0.102,
        0.105,
        -0.032,
        -0.031,
        -0.057,
        1.0,
        0.106,
        0.039,
        0.03
      ],
      [
        0.337,
        0.097,
        0.007,
        0.147,
        -0.053,
        0.006,
        0.019,
        -0.032,
        0.166,
        0.182,
        0.005,
        0.029,
        0.106,
        1.0,
        0.132,
        -0.104
      ],
      [
        -0.056,
        0.011,
        -0.14,
        0.115,
        0.007,
        0.044,
        -0.113,
        0.056,
        -0.045,
        0.071,
        0.519,
        0.314,
        0.039,
        0.132,
        1.0,
        -0.114
      ],
      [
        -0.026,
        0.074,
        0.059,
        0.029,
        -0.036,
        0.033,
        -0.04,
        0.056,
        0.024,
        0.028,
        -0.01,
        -0.059,
        0.03,
        -0.104,
        -0.114,
        1.0
      ]
    ]
  },
  "factor_correlation": {
    "factors": [
      "Market",
      "Size",
      "Value (SMID)",
      "Momentum",
      "Quality",
      "Profitability",
      "Liquidity",
      "Credit"
    ],
    "matrix": [
      [
        1.0,
        0.333,
        -0.493,
        0.405,
        -0.238,
        -0.534,
        0.309,
        0.175
      ],
      [
        0.333,
        1.0,
        -0.153,
        0.251,
        0.14,
        0.146,
        0.331,
        0.035
      ],
      [
        -0.493,
        -0.153,
        1.0,
        -0.545,
        0.307,
        0.588,
        -0.382,
        -0.13
      ],
      [
        0.405,
        0.251,
        -0.545,
        1.0,
        -0.232,
        -0.531,
        0.303,
        0.026
      ],
      [
        -0.238,
        0.14,
        0.307,
        -0.232,
        1.0,
        0.434,
        -0.233,
        -0.136
      ],
      [
        -0.534,
        0.146,
        0.588,
        -0.531,
        0.434,
        1.0,
        -0.281,
        -0.09
      ],
      [
        0.309,
        0.331,
        -0.382,
        0.303,
        -0.233,
        -0.281,
        1.0,
        0.157
      ],
      [
        0.175,
        0.035,
        -0.13,
        0.026,
        -0.136,
        -0.09,
        0.157,
        1.0
      ]
    ]
  },
  "factor_exposures": [
    {
      "ticker": "BABA",
      "r_squared": 0.14883746974397272,
      "alpha_annual": -0.39940192912939015,
      "idio_vol_annual": 0.3979195085588496,
      "Market": 1.2366016975733003,
      "Size": 0.10518745470527865,
      "Value (SMID)": 0.24149056637633112,
      "Momentum": -0.17346576768285465,
      "Quality": -0.2526925411954968,
      "Profitability": -0.13824378468760423,
      "Liquidity": 0.21494348607622668,
      "Credit": 1.0397833513823471
    },
    {
      "ticker": "CEG",
      "r_squared": 0.2521675052407838,
      "alpha_annual": -0.4356226753023855,
      "idio_vol_annual": 0.4044157180963532,
      "Market": 0.7104074784735807,
      "Size": 0.38475577365396907,
      "Value (SMID)": -0.4448793866052199,
      "Momentum": 0.6166995705284117,
      "Quality": -0.7418307967173052,
      "Profitability": -0.644266802262583,
      "Liquidity": -0.4802780519154437,
      "Credit": -0.8885687435134845
    },
    {
      "ticker": "CMI",
      "r_squared": 0.4688175104877268,
      "alpha_annual": 0.3641732328035404,
      "idio_vol_annual": 0.2461683521218813,
      "Market": 1.1360840171079383,
      "Size": 0.8099116912381039,
      "Value (SMID)": 0.3504217627949531,
      "Momentum": 0.7076639233222833,
      "Quality": 0.039913937179771944,
      "Profitability": -0.15819590886343035,
      "Liquidity": -0.3210125944621265,
      "Credit": 0.8008989806365392
    },
    {
      "ticker": "CRWV",
      "r_squared": 0.2738382615446917,
      "alpha_annual": -0.9566401601059565,
      "idio_vol_annual": 0.8027754051787331,
      "Market": 0.9512667569487622,
      "Size": 0.6402227971170067,
      "Value (SMID)": -2.089281764429707,
      "Momentum": 0.8266313061705721,
      "Quality": -3.8325454440100666,
      "Profitability": -0.012298559767650404,
      "Liquidity": 0.2938258359719264,
      "Credit": 2.2070120903007413
    },
    {
      "ticker": "GENC",
      "r_squared": 0.32769389365289137,
      "alpha_annual": -0.4301208231090696,
      "idio_vol_annual": 0.32579856811736363,
      "Market": 1.282285989646613,
      "Size": 1.2598935848789792,
      "Value (SMID)": 1.1634707512805482,
      "Momentum": -0.03326111022488962,
      "Quality": -0.7226720579408042,
      "Profitability": 0.05279683990192129,
      "Liquidity": -0.18257702082462993,
      "Credit": 0.5967844295783813
    },
    {
      "ticker": "GRPN",
      "r_squared": 0.1692039461038004,
      "alpha_annual": -1.2102172046542297,
      "idio_vol_annual": 0.6234667446939096,
      "Market": 1.9487602093436454,
      "Size": 0.2930620427062473,
      "Value (SMID)": -0.8908685376446557,
      "Momentum": -0.21097126722098955,
      "Quality": -1.692029088449303,
      "Profitability": 1.4351681670610164,
      "Liquidity": 0.2528061764325929,
      "Credit": 1.350763570876187
    },
    {
      "ticker": "JAKK",
      "r_squared": 0.26989468214730683,
      "alpha_annual": -0.27446071527787613,
      "idio_vol_annual": 0.35190211206378524,
      "Market": 1.2210555229803235,
      "Size": 1.0610125102315004,
      "Value (SMID)": 0.8409225706204492,
      "Momentum": -0.34645766698389924,
      "Quality": 1.2976616437644413,
      "Profitability": -0.3687827083658483,
      "Liquidity": 0.3176916413081383,
      "Credit": -0.4357059820763583
    },
    {
      "ticker": "KSPI",
      "r_squared": 0.22046281797923206,
      "alpha_annual": -0.25068510824250034,
      "idio_vol_annual": 0.3211545480022623,
      "Market": 1.2379095815742838,
      "Size": 0.3849772170581988,
      "Value (SMID)": -0.3387318461220959,
      "Momentum": -0.5707136005951694,
      "Quality": 0.12186954126021349,
      "Profitability": 0.10959071523337598,
      "Liquidity": 0.03903146978647417,
      "Credit": 0.4452717557589238
    },
    {
      "ticker": "OPEN",
      "r_squared": 0.12589137029522723,
      "alpha_annual": 1.5007245507080635,
      "idio_vol_annual": 1.341969501495649,
      "Market": 2.995879169034031,
      "Size": 1.3701012530200734,
      "Value (SMID)": -1.6609700196735748,
      "Momentum": -2.017857332218525,
      "Quality": 0.960887250661718,
      "Profitability": 0.9507796991734365,
      "Liquidity": 1.83940462759222,
      "Credit": -3.1299200664686224
    },
    {
      "ticker": "PYPL",
      "r_squared": 0.29671193268778895,
      "alpha_annual": -0.6577618948031201,
      "idio_vol_annual": 0.3386475959853042,
      "Market": 1.826020557664762,
      "Size": -0.3592891191967192,
      "Value (SMID)": -0.8948649524697885,
      "Momentum": -0.9202206126168486,
      "Quality": 1.4363845446022145,
      "Profitability": 0.6681422900029511,
      "Liquidity": 0.39604874707217447,
      "Credit": -0.030183907355263773
    },
    {
      "ticker": "TENB",
      "r_squared": 0.14695096727829415,
      "alpha_annual": -0.3611558415301871,
      "idio_vol_annual": 0.4098225837151614,
      "Market": 1.4773556158312944,
      "Size": -0.1289120441567819,
      "Value (SMID)": -0.7818747072335286,
      "Momentum": -0.22285547652639381,
      "Quality": -0.3925134100876511,
      "Profitability": 1.2948466661331886,
      "Liquidity": -0.13883669296269435,
      "Credit": -0.17851148537744094
    },
    {
      "ticker": "VIA",
      "r_squared": 0.110415714181607,
      "alpha_annual": -1.557406610772677,
      "idio_vol_annual": 0.6830100047283828,
      "Market": 0.9682320545950324,
      "Size": 0.4469158553553306,
      "Value (SMID)": -1.4127299013446315,
      "Momentum": -1.021741290850945,
      "Quality": -1.5996368476369216,
      "Profitability": 0.49259921896859005,
      "Liquidity": 0.6513652701375815,
      "Credit": -0.7540822179439546
    },
    {
      "ticker": "VST",
      "r_squared": 0.2910998807541334,
      "alpha_annual": -0.42827886654891106,
      "idio_vol_annual": 0.41251823843834196,
      "Market": 0.610289577278211,
      "Size": 0.7895167636963764,
      "Value (SMID)": -0.6753164453179112,
      "Momentum": 0.6466494225815043,
      "Quality": -1.8796953528905478,
      "Profitability": -0.5043000695267829,
      "Liquidity": -0.8071124084087222,
      "Credit": -0.7253814521308317
    },
    {
      "ticker": "XNET",
      "r_squared": 0.17135537698637693,
      "alpha_annual": -0.39655648877562544,
      "idio_vol_annual": 0.6757434342807628,
      "Market": 1.8303250697167783,
      "Size": 0.21001881420187266,
      "Value (SMID)": -0.7449937896450303,
      "Momentum": -0.47539806557006425,
      "Quality": 0.34749042065062274,
      "Profitability": 0.578060022546966,
      "Liquidity": 1.2276961226007668,
      "Credit": 2.2462487311002644
    },
    {
      "ticker": "ZS",
      "r_squared": 0.09182478961067408,
      "alpha_annual": -0.9857007124344066,
      "idio_vol_annual": 0.5975712053258739,
      "Market": 1.3801777840915552,
      "Size": -0.4038991970151639,
      "Value (SMID)": -1.0722641735597225,
      "Momentum": -0.9366756477583598,
      "Quality": -0.8935679462381634,
      "Profitability": 0.8589291385442369,
      "Liquidity": 0.2184042147183597,
      "Credit": 0.15901608291811567
    },
    {
      "ticker": "ZTS",
      "r_squared": 0.1663848917601064,
      "alpha_annual": -0.8897081405009987,
      "idio_vol_annual": 0.3448334506765159,
      "Market": 1.3206948784351291,
      "Size": 0.13828601638529606,
      "Value (SMID)": 0.040228754801490796,
      "Momentum": -0.19619625178224057,
      "Quality": 1.2312704812907562,
      "Profitability": 0.7620559430217076,
      "Liquidity": 0.057024368457281774,
      "Credit": -0.6795846751348078
    }
  ],
  "portfolio_factor_exposure": {
    "loadings": {
      "Market": 1.4247241482925057,
      "Size": 0.4008039726334452,
      "Value (SMID)": -0.5330397122335496,
      "Momentum": -0.20814055879994187,
      "Quality": -0.5635880943776203,
      "Profitability": 0.5179234984734888,
      "Liquidity": 0.16756006081553346,
      "Credit": 0.4460945182295509
    },
    "alpha_annual": -0.5210463333382951,
    "r_squared_weighted": 0.22379655757892358
  },
  "stress_tests": [
    {
      "scenario": "COVID Crash (Feb-Mar 2020)",
      "market_move": -0.339,
      "portfolio_impact": -0.5256107310977072,
      "stressed_nav": 475227.3985150723,
      "pnl": -526539.3564849277,
      "description": "Rapid 33.9% selloff in SPY over 23 trading days as COVID-19 spread."
    },
    {
      "scenario": "2022 Rate Shock (Jan-Oct)",
      "market_move": -0.252,
      "portfolio_impact": -0.3907194815239593,
      "stressed_nav": 610356.9678784609,
      "pnl": -391409.7871215391,
      "description": "Grinding 9-month decline as the Fed hiked rates aggressively."
    },
    {
      "scenario": "GFC 2008-09",
      "market_move": -0.565,
      "portfolio_impact": -0.8760178851628452,
      "stressed_nav": 124201.16085845394,
      "pnl": -877565.594141546,
      "description": "Credit crisis bear market; SPY drew down 56.5% from Oct 2007 peak."
    },
    {
      "scenario": "Dot-Com Bust (2000-02)",
      "market_move": -0.491,
      "portfolio_impact": -0.761282799318508,
