{
  "generated_at": "2026-06-12T18:33:02.469102Z",
  "market_session": "OPEN",
  "fund_name": "Convex Capital",
  "tagline": "Lose small. Win big. \u2014 Paper-traded portfolio. Hypothetical performance for educational purposes only.",
  "summary": {
    "nav": 986425.0338320351,
    "cash": 49780.460000000036,
    "equity": 936644.5738320351,
    "deposits": 1000000.0,
    "total_return": -0.01357496616796483,
    "realized_pnl": 0.0,
    "open_positions": 17
  },
  "metrics": {
    "annualized_return": -0.27486819109404736,
    "annualized_vol": 0.2910247724227742,
    "sharpe": -0.9444838279771729,
    "sortino": -1.2760227289532624,
    "max_drawdown": -0.42682247316227584,
    "var_95_1d": -0.037293528897570885,
    "method": "Synthetic: current weights \u00d7 each holding's 252-day return history.",
    "beta_spy": 1.5477108373611792,
    "data_basis": "synthetic_252d",
    "days_of_live_nav": 10
  },
  "nav_curve": [
    {
      "date": "2026-06-01",
      "value": 999535.5471929932
    },
    {
      "date": "2026-06-02",
      "value": 1003702.1579735947
    },
    {
      "date": "2026-06-03",
      "value": 988372.6498535539
    },
    {
      "date": "2026-06-04",
      "value": 1000577.036630478
    },
    {
      "date": "2026-06-05",
      "value": 963339.0065281678
    },
    {
      "date": "2026-06-08",
      "value": 961906.7551830101
    },
    {
      "date": "2026-06-09",
      "value": 964461.0368127442
    },
    {
      "date": "2026-06-10",
      "value": 952382.1822161294
    },
    {
      "date": "2026-06-11",
      "value": 975672.4306797601
    },
    {
      "date": "2026-06-12",
      "value": 986271.5066332436
    }
  ],
  "drawdown_curve": [
    {
      "date": "2026-06-01",
      "value": 0.0
    },
    {
      "date": "2026-06-02",
      "value": 0.0
    },
    {
      "date": "2026-06-03",
      "value": -0.01527296519018161
    },
    {
      "date": "2026-06-04",
      "value": -0.0031135943250596826
    },
    {
      "date": "2026-06-05",
      "value": -0.04021427185821478
    },
    {
      "date": "2026-06-08",
      "value": -0.041641240340627175
    },
    {
      "date": "2026-06-09",
      "value": -0.03909638018520915
    },
    {
      "date": "2026-06-10",
      "value": -0.051130681895789516
    },
    {
      "date": "2026-06-11",
      "value": -0.027926339573110765
    },
    {
      "date": "2026-06-12",
      "value": -0.017366358338356442
    }
  ],
  "benchmarks": {
    "SPY": [
      {
        "date": "2026-06-01",
        "value": 0.0
      },
      {
        "date": "2026-06-02",
        "value": 0.0013579103629497435
      },
      {
        "date": "2026-06-03",
        "value": -0.005668768842152949
      },
      {
        "date": "2026-06-04",
        "value": -0.0019115026417536596
      },
      {
        "date": "2026-06-05",
        "value": -0.027671567540792585
      },
      {
        "date": "2026-06-08",
        "value": -0.02546999220062507
      },
      {
        "date": "2026-06-09",
        "value": -0.028330728579740505
      },
      {
        "date": "2026-06-10",
        "value": -0.04364962468776956
      },
      {
        "date": "2026-06-11",
        "value": -0.02739469093739666
      },
      {
        "date": "2026-06-12",
        "value": -0.022174187005885693
      }
    ],
    "IWM": [
      {
        "date": "2026-06-01",
        "value": 0.0
      },
      {
        "date": "2026-06-02",
        "value": 0.009273972502921835
      },
      {
        "date": "2026-06-03",
        "value": -0.004533177066893157
      },
      {
        "date": "2026-06-04",
        "value": 0.010485150059186044
      },
      {
        "date": "2026-06-05",
        "value": -0.02536513534214846
      },
      {
        "date": "2026-06-08",
        "value": -0.01685246539421037
      },
      {
        "date": "2026-06-09",
        "value": -0.01370344598970763
      },
      {
        "date": "2026-06-10",
        "value": -0.023980977679758042
      },
      {
        "date": "2026-06-11",
        "value": 0.004948413805164309
      },
      {
        "date": "2026-06-12",
        "value": 0.015883438865630595
      }
    ]
  },
  "holdings": [
    {
      "ticker": "GRPN",
      "company": "Groupon, Inc.",
      "sector": "Communication Services",
      "country": "United States",
      "shares": 11310.0,
      "price": 17.260000228881836,
      "cost_basis": 17.682836427939876,
      "market_value": 195210.60258865356,
      "unrealized_pnl": -4782.2774113464275,
      "short_percent_of_float": 0.56310004,
      "short_ratio": 5.75
    },
    {
      "ticker": "KSPI",
      "company": "Joint Stock Company Kaspi.kz",
      "sector": "Technology",
      "country": "Kazakhstan",
      "shares": 1515.0,
      "price": 81.68499755859375,
      "cost_basis": 82.53049504950495,
      "market_value": 123752.77130126953,
      "unrealized_pnl": -1280.9286987304674,
      "short_percent_of_float": 0.0159,
      "short_ratio": 3.24
    },
    {
      "ticker": "TENB",
      "company": "Tenable Holdings, Inc.",
      "sector": "Technology",
      "country": "United States",
      "shares": 2916.0,
      "price": 26.780000686645508,
      "cost_basis": 25.719999999999995,
      "market_value": 78090.4820022583,
      "unrealized_pnl": 3090.9620022583144,
      "short_percent_of_float": 0.129,
      "short_ratio": 3.05
    },
    {
      "ticker": "JAKK",
      "company": "JAKKS Pacific, Inc.",
      "sector": "Consumer Cyclical",
      "country": "United States",
      "shares": 3436.0,
      "price": 22.719999313354492,
      "cost_basis": 21.83,
      "market_value": 78065.91764068604,
      "unrealized_pnl": 3058.037640686041,
      "short_percent_of_float": 0.039100002,
      "short_ratio": 7.32
    },
    {
      "ticker": "VIA",
      "company": "Via Transportation, Inc.",
      "sector": "Technology",
      "country": "United States",
      "shares": 4921.0,
      "price": 15.020000457763672,
      "cost_basis": 15.241408250355619,
      "market_value": 73913.42225265503,
      "unrealized_pnl": -1089.5477473449705,
      "short_percent_of_float": 0.13520001,
      "short_ratio": 6.88
    },
    {
      "ticker": "ZS",
      "company": "Zscaler, Inc.",
      "sector": "Technology",
      "country": "United States",
      "shares": 549.0,
      "price": 129.1999969482422,
      "cost_basis": 136.8013843351548,
      "market_value": 70930.79832458496,
      "unrealized_pnl": -4173.161675415028,
      "short_percent_of_float": 0.114700004,
      "short_ratio": 2.09
    },
    {
      "ticker": "XNET",
      "company": "Xunlei Limited",
      "sector": "Technology",
      "country": "China",
      "shares": 10526.0,
      "price": 5.199999809265137,
      "cost_basis": 4.75,
      "market_value": 54735.19799232483,
      "unrealized_pnl": 4736.697992324829,
      "short_percent_of_float": 0.0377,
      "short_ratio": 6.03
    },
    {
      "ticker": "CMI",
      "company": "Cummins Inc.",
      "sector": "Industrials",
      "country": "United States",
      "shares": 78.0,
      "price": 663.2899780273438,
      "cost_basis": 643.5,
      "market_value": 51736.61828613281,
      "unrealized_pnl": 1543.6182861328125,
      "short_percent_of_float": 0.0171,
      "short_ratio": 2.07
    },
    {
      "ticker": "CRWV",
      "company": "CoreWeave, Inc.",
      "sector": "Technology",
      "country": "United States",
      "shares": 468.0,
      "price": 103.91999816894531,
      "cost_basis": 106.78134615384614,
      "market_value": 48634.559143066406,
      "unrealized_pnl": -1339.110856933589,
      "short_percent_of_float": 0.18190001,
      "short_ratio": 1.91
    },
    {
      "ticker": "PYPL",
      "company": "PayPal Holdings, Inc.",
      "sector": "Financial Services",
      "country": "United States",
      "shares": 830.0,
      "price": 41.369998931884766,
      "cost_basis": 45.19,
      "market_value": 34337.099113464355,
      "unrealized_pnl": -3170.6008865356425,
      "short_percent_of_float": 0.0626,
      "short_ratio": 3.16
    },
    {
      "ticker": "BABA",
      "company": "Alibaba Group Holding Limited",
      "sector": "Consumer Cyclical",
      "country": "China",
      "shares": 299.0,
      "price": 112.30999755859375,
      "cost_basis": 125.39999999999999,
      "market_value": 33580.68927001953,
      "unrealized_pnl": -3913.9107299804664,
      "short_percent_of_float": 0.0165,
      "short_ratio": 3.21
    },
    {
      "ticker": "ZTS",
      "company": "Zoetis Inc.",
      "sector": "Healthcare",
      "country": "United States",
      "shares": 312.0,
      "price": 80.31999969482422,
      "cost_basis": 80.09,
      "market_value": 25059.839904785156,
      "unrealized_pnl": 71.75990478515519,
      "short_percent_of_float": 0.0363,
      "short_ratio": 1.45
    },
    {
      "ticker": "AVAV",
      "company": "AeroVironment, Inc.",
      "sector": "Industrials",
      "country": "United States",
      "shares": 122.0,
      "price": 171.41000366210938,
      "cost_basis": 204.09,
      "market_value": 20912.020446777344,
      "unrealized_pnl": -3986.9595532226567,
      "short_percent_of_float": 0.120699994,
      "short_ratio": 3.48
    },
    {
      "ticker": "GENC",
      "company": "Gencor Industries, Inc.",
      "sector": "Industrials",
      "country": "United States",
      "shares": 873.0,
      "price": 14.925000190734863,
      "cost_basis": 14.32,
      "market_value": 13029.525166511536,
      "unrealized_pnl": 528.1651665115354,
      "short_percent_of_float": 0.0064,
      "short_ratio": 2.39
    },
    {
      "ticker": "VST",
      "company": "Vistra Corp.",
      "sector": "Utilities",
      "country": "United States",
      "shares": 81.0,
      "price": 149.24000549316406,
      "cost_basis": 154.76,
      "market_value": 12088.440444946289,
      "unrealized_pnl": -447.1195550537102,
      "short_percent_of_float": 0.0539,
      "short_ratio": 2.73
    },
    {
      "ticker": "CEG",
      "company": "Constellation Energy Corporation",
      "sector": "Utilities",
      "country": "United States",
      "shares": 47.0,
      "price": 254.125,
      "cost_basis": 265.7,
      "market_value": 11943.875,
      "unrealized_pnl": -544.0249999999994,
      "short_percent_of_float": 0.036,
      "short_ratio": 3.46
    },
    {
      "ticker": "OPEN",
      "company": "Opendoor Technologies Inc.",
      "sector": "Real Estate",
      "country": "United States",
      "shares": 2417.0,
      "price": 4.394999980926514,
      "cost_basis": 5.171402565163425,
      "market_value": 10622.714953899384,
      "unrealized_pnl": -1876.5650461006146,
      "short_percent_of_float": 0.16149999,
      "short_ratio": 3.77
    }
  ],
  "sector_exposure": [
    {
      "name": "Technology",
      "value": 450057.23101615906,
      "pct": 0.45625082046812
    },
    {
      "name": "Communication Services",
      "value": 195210.60258865356,
      "pct": 0.19789704832439736
    },
    {
      "name": "Consumer Cyclical",
      "value": 111646.60691070557,
      "pct": 0.11318306316394272
    },
    {
      "name": "Industrials",
      "value": 85678.16389942169,
      "pct": 0.08685724810387431
    },
    {
      "name": "Cash",
      "value": 49780.460000000036,
      "pct": 0.05046552783298124
    },
    {
      "name": "Financial Services",
      "value": 34337.099113464355,
      "pct": 0.03480963878225251
    },
    {
      "name": "Healthcare",
      "value": 25059.839904785156,
      "pct": 0.025404707955792062
    },
    {
      "name": "Utilities",
      "value": 24032.31544494629,
      "pct": 0.024363042928448656
    },
    {
      "name": "Real Estate",
      "value": 10622.714953899384,
      "pct": 0.010768902440191092
    }
  ],
  "geographic_exposure": [
    {
      "name": "United States",
      "value": 724575.9152684212,
      "pct": 0.734547370978218
    },
    {
      "name": "Kazakhstan",
      "value": 123752.77130126953,
      "pct": 0.1254558299483929
    },
    {
      "name": "China",
      "value": 88315.88726234436,
      "pct": 0.08953127124040779
    },
    {
      "name": "Cash",
      "value": 49780.460000000036,
      "pct": 0.05046552783298124
    }
  ],
  "signals": [
    {
      "ticker": "AVAV",
      "label": "STRONG SELL",
      "composite": -2.5,
      "rsi": 44.0,
      "subs": {
        "rsi": 0.0,
        "macd": -0.5,
        "trend": -0.5,
        "bb": -0.5,
        "vol": -0.5,
        "range": -0.5
      }
    },
    {
      "ticker": "BABA",
      "label": "STRONG SELL",
      "composite": -2.5,
      "rsi": 29.9,
      "subs": {
        "rsi": -0.5,
        "macd": -0.5,
        "trend": -0.5,
        "bb": -0.5,
        "vol": 0.0,
        "range": -0.5
      }
    },
    {
      "ticker": "CEG",
      "label": "STRONG SELL",
      "composite": -2.0,
      "rsi": 39.8,
      "subs": {
        "rsi": 0.0,
        "macd": -0.5,
        "trend": -0.5,
        "bb": -0.5,
        "vol": 0.0,
        "range": -0.5
      }
    },
    {
      "ticker": "CMI",
      "label": "BUY",
      "composite": 1.0,
      "rsi": 51.0,
      "subs": {
        "rsi": 0.5,
        "macd": -0.5,
        "trend": 0.5,
        "bb": 0.5,
        "vol": 0.0,
        "range": 0.0
      }
    },
    {
      "ticker": "CRWV",
      "label": "SELL",
      "composite": -1.0,
      "rsi": 47.9,
      "subs": {
        "rsi": 0.5,
        "macd": -0.5,
        "trend": 0.0,
        "bb": -0.5,
        "vol": 0.0,
        "range": -0.5
      }
    },
    {
      "ticker": "GENC",
      "label": "STRONG BUY",
      "composite": 2.0,
      "rsi": 53.3,
      "subs": {
        "rsi": 0.5,
        "macd": 0.5,
        "trend": 0.5,
        "bb": 0.5,
        "vol": 0.0,
        "range": 0.0
      }
    },
    {
      "ticker": "GRPN",
      "label": "SELL",
      "composite": -1.5,
      "rsi": 50.1,
      "subs": {
        "rsi": 0.5,
        "macd": -0.5,
        "trend": 0.0,
        "bb": -0.5,
        "vol": -0.5,
        "range": -0.5
      }
    },
    {
      "ticker": "JAKK",
      "label": "STRONG BUY",
      "composite": 2.0,
      "rsi": 60.9,
      "subs": {
        "rsi": 0.5,
        "macd": 0.5,
        "trend": 0.5,
        "bb": 0.5,
        "vol": -0.5,
        "range": 0.5
      }
    },
    {
      "ticker": "KSPI",
      "label": "SELL",
      "composite": -1.5,
      "rsi": 41.7,
      "subs": {
        "rsi": 0.0,
        "macd": -0.5,
        "trend": 0.0,
        "bb": -0.5,
        "vol": 0.0,
        "range": -0.5
      }
    },
    {
      "ticker": "OPEN",
      "label": "STRONG SELL",
      "composite": -2.0,
      "rsi": 42.0,
      "subs": {
        "rsi": 0.0,
        "macd": -0.5,
        "trend": -0.5,
        "bb": -0.5,
        "vol": 0.0,
        "range": -0.5
      }
    },
    {
      "ticker": "PYPL",
      "label": "STRONG SELL",
      "composite": -2.0,
      "rsi": 33.8,
      "subs": {
        "rsi": 0.0,
        "macd": -0.5,
        "trend": -0.5,
        "bb": -0.5,
        "vol": 0.0,
        "range": -0.5
      }
    },
    {
      "ticker": "TENB",
      "label": "NEUTRAL",
      "composite": 0.0,
      "rsi": 56.7,
      "subs": {
        "rsi": 0.5,
        "macd": -0.5,
        "trend": 0.0,
        "bb": 0.5,
        "vol": -0.5,
        "range": 0.0
      }
    },
    {
      "ticker": "VIA",
      "label": "BUY",
      "composite": 1.0,
      "rsi": 48.8,
      "subs": {
        "rsi": 0.5,
        "macd": 0.5,
        "trend": -0.5,
        "bb": 0.5,
        "vol": 0.0,
        "range": 0.0
      }
    },
    {
      "ticker": "VST",
      "label": "SELL",
      "composite": -1.0,
      "rsi": 48.3,
      "subs": {
        "rsi": 0.5,
        "macd": -0.5,
        "trend": -0.5,
        "bb": -0.5,
        "vol": 0.0,
        "range": 0.0
      }
    },
    {
      "ticker": "XNET",
      "label": "SELL",
      "composite": -1.0,
      "rsi": 43.5,
      "subs": {
        "rsi": 0.0,
        "macd": -0.5,
        "trend": -0.5,
        "bb": -0.5,
        "vol": 0.5,
        "range": 0.0
      }
    },
    {
      "ticker": "ZS",
      "label": "STRONG SELL",
      "composite": -2.5,
      "rsi": 42.6,
      "subs": {
        "rsi": 0.0,
        "macd": -0.5,
        "trend": -0.5,
        "bb": -0.5,
        "vol": -0.5,
        "range": -0.5
      }
    },
    {
      "ticker": "ZTS",
      "label": "BUY",
      "composite": 1.0,
      "rsi": 38.6,
      "subs": {
        "rsi": 0.0,
        "macd": 0.5,
        "trend": -0.5,
        "bb": 0.5,
        "vol": 0.0,
        "range": 0.5
      }
    }
  ],
  "volatility": [
    {
      "ticker": "AVAV",
      "hv20": 0.9455878756898682,
      "garch": 0.7549621084456808,
      "expansion": -0.20159497826165915,
      "regime": "HIGH",
      "signal": "WEAK"
    },
    {
      "ticker": "BABA",
      "hv20": 0.34742860118256946,
      "garch": 0.4169780905854296,
      "expansion": 0.20018354610452105,
      "regime": "NORMAL",
      "signal": "SIGNAL"
    },
    {
      "ticker": "CEG",
      "hv20": 0.541402688224645,
      "garch": 0.5586040751553155,
      "expansion": 0.031771890507372454,
      "regime": "HIGH",
      "signal": "WEAK"
    },
    {
      "ticker": "CMI",
      "hv20": 0.4861628014726004,
      "garch": 0.3912862701831782,
      "expansion": -0.19515382707611234,
      "regime": "EXTREME",
      "signal": "WEAK"
    },
    {
      "ticker": "CRWV",
      "hv20": 0.8265423178317343,
      "garch": 0.9780863748507463,
      "expansion": 0.1833470032321601,
      "regime": "LOW",
      "signal": "BASE"
    },
    {
      "ticker": "GENC",
      "hv20": 0.3670763470988779,
      "garch": 0.39424990841482643,
      "expansion": 0.07402700155079435,
      "regime": "NORMAL",
      "signal": "WEAK"
    },
    {
      "ticker": "GRPN",
      "hv20": 0.8289883931868252,
      "garch": 0.7874307592782374,
      "expansion": -0.05013053771335753,
      "regime": "HIGH",
      "signal": "WEAK"
    },
    {
      "ticker": "JAKK",
      "hv20": 0.22484861673960263,
      "garch": 0.4650249716203866,
      "expansion": 1.0681691458165936,
      "regime": "LOW",
      "signal": "SIGNAL"
    },
    {
      "ticker": "KSPI",
      "hv20": 0.3216298540080337,
      "garch": 0.3419896882831579,
      "expansion": 0.06330206609059268,
      "regime": "NORMAL",
      "signal": "WEAK"
    },
    {
      "ticker": "OPEN",
      "hv20": 0.7286751974428901,
      "garch": 0.802276094223616,
      "expansion": 0.10100645258547361,
      "regime": "LOW",
      "signal": "BASE"
    },
    {
      "ticker": "PYPL",
      "hv20": 0.2472953063870321,
      "garch": 0.416479412716368,
      "expansion": 0.6841379595961784,
      "regime": "LOW",
      "signal": "SIGNAL"
    },
    {
      "ticker": "TENB",
      "hv20": 0.6894614456206393,
      "garch": 0.4772116909146434,
      "expansion": -0.30784862018634407,
      "regime": "HIGH",
      "signal": "WEAK"
    },
    {
      "ticker": "VIA",
      "hv20": 0.6852650800020711,
      "garch": null,
      "expansion": null,
      "regime": "NORMAL",
      "signal": "WEAK"
    },
    {
      "ticker": "VST",
      "hv20": 0.5400099707803119,
      "garch": 0.5814349052975658,
      "expansion": 0.07671142526756514,
      "regime": "HIGH",
      "signal": "WEAK"
    },
    {
      "ticker": "XNET",
      "hv20": 0.7028198451234206,
      "garch": 0.6599028997370362,
      "expansion": -0.061063935066955614,
      "regime": "HIGH",
      "signal": "WEAK"
    },
    {
      "ticker": "ZS",
      "hv20": 1.5739238607339767,
      "garch": 0.4517845393353511,
      "expansion": -0.7129565472597462,
      "regime": "EXTREME",
      "signal": "WEAK"
    },
    {
      "ticker": "ZTS",
      "hv20": 0.2956700362396595,
      "garch": 0.3173199612164658,
      "expansion": 0.07322326351412099,
      "regime": "HIGH",
      "signal": "WEAK"
    }
  ],
  "correlation": {
    "tickers": [
      "AVAV",
      "BABA",
      "CEG",
      "CMI",
      "CRWV",
      "GENC",
      "GRPN",
      "JAKK",
      "KSPI",
      "OPEN",
      "PYPL",
      "TENB",
      "VIA",
      "VST",
      "XNET",
      "ZS",
      "ZTS"
    ],
    "matrix": [
      [
        1.0,
        0.129,
        0.257,
        0.253,
        0.295,
        0.094,
        0.23,
        0.079,
        0.113,
        0.332,
        0.2,
        0.193,
        0.03,
        0.303,
        0.329,
        0.171,
        0.064
      ],
      [
        0.129,
        1.0,
        0.185,
        0.339,
        0.351,
        0.133,
        0.191,
        0.113,
        0.202,
        0.19,
        0.245,
        0.062,
        -0.039,
        0.228,
        0.468,
        0.038,
        0.077
      ],
      [
        0.257,
        0.185,
        1.0,
        0.324,
        0.224,
        0.152,
        0.09,
        0.093,
        0.054,
        0.184,
        0.13,
        0.061,
        0.008,
        0.796,
        0.248,
        0.045,
        0.122
      ],
      [
        0.253,
        0.339,
        0.324,
        1.0,
        0.366,
        0.358,
        0.199,
        0.15,
        0.237,
        0.186,
        0.077,
        -0.053,
        0.006,
        0.346,
        0.311,
        -0.048,
        0.196
      ],
      [
        0.295,
        0.351,
        0.224,
        0.366,
        1.0,
        0.119,
        0.169,
        0.063,
        0.13,
        0.235,
        0.133,
        0.119,
        0.227,
        0.311,
        0.367,
        0.187,
        0.078
      ],
      [
        0.094,
        0.133,
        0.152,
        0.358,
        0.119,
        1.0,
        0.162,
        0.315,
        0.153,
        0.13,
        0.1,
        0.163,
        0.065,
        0.174,
        0.167,
        0.052,
        0.155
      ],
      [
        0.23,
        0.191,
        0.09,
        0.199,
        0.169,
        0.162,
        1.0,
        0.154,
        0.335,
        0.301,
        0.267,
        0.249,
        0.178,
        0.13,
        0.227,
        0.15,
        0.164
      ],
      [
        0.079,
        0.113,
        0.093,
        0.15,
        0.063,
        0.315,
        0.154,
        1.0,
        0.108,
        0.138,
        0.216,
        -0.035,
        0.144,
        0.065,
        0.2,
        -0.049,
        0.137
      ],
      [
        0.113,
        0.202,
        0.054,
        0.237,
        0.13,
        0.153,
        0.335,
        0.108,
        1.0,
        0.245,
        0.254,
        0.266,
        0.15,
        0.098,
        0.197,
        0.157,
        0.191
      ],
      [
        0.332,
        0.19,
        0.184,
        0.186,
        0.235,
        0.13,
        0.301,
        0.138,
        0.245,
        1.0,
        0.237,
        0.119,
        0.163,
        0.252,
        0.341,
        0.062,
        0.163
      ],
      [
        0.2,
        0.245,
        0.13,
        0.077,
        0.133,
        0.1,
        0.267,
        0.216,
        0.254,
        0.237,
        1.0,
        0.36,
        0.158,
        0.073,
        0.328,
        0.206,
        0.171
      ],
      [
        0.193,
        0.062,
        0.061,
        -0.053,
        0.119,
        0.163,
        0.249,
        -0.035,
        0.266,
        0.119,
        0.36,
        1.0,
        0.335,
        0.074,
        0.161,
        0.56,
        0.092
      ],
      [
        0.03,
        -0.039,
        0.008,
        0.006,
        0.227,
        0.065,
        0.178,
        0.144,
        0.15,
        0.163,
        0.158,
        0.335,
        1.0,
        0.061,
        0.19,
        0.37,
        0.021
      ],
      [
        0.303,
        0.228,
        0.796,
        0.346,
        0.311,
        0.174,
        0.13,
        0.065,
        0.098,
        0.252,
        0.073,
        0.074,
        0.061,
        1.0,
        0.273,
        0.075,
        0.091
      ],
      [
        0.329,
        0.468,
        0.248,
        0.311,
        0.367,
        0.167,
        0.227,
        0.2,
        0.197,
        0.341,
        0.328,
        0.161,
        0.19,
        0.273,
        1.0,
        0.221,
        0.044
      ],
      [
        0.171,
        0.038,
        0.045,
        -0.048,
        0.187,
        0.052,
        0.15,
        -0.049,
        0.157,
        0.062,
        0.206,
        0.56,
        0.37,
        0.075,
        0.221,
        1.0,
        -0.037
      ],
      [
        0.064,
        0.077,
        0.122,
        0.196,
        0.078,
        0.155,
        0.164,
        0.137,
        0.191,
        0.163,
        0.171,
        0.092,
        0.021,
        0.091,
        0.044,
        -0.037,
        1.0
      ]
    ]
  },
  "residual_correlation": {
    "tickers": [
      "AVAV",
      "BABA",
      "CEG",
      "CMI",
      "CRWV",
      "GENC",
      "GRPN",
      "JAKK",
      "KSPI",
      "OPEN",
      "PYPL",
      "TENB",
      "VIA",
      "VST",
      "XNET",
      "ZS",
      "ZTS"
    ],
    "matrix": [
      [
        1.0,
        -0.015,
        0.105,
        0.063,
        0.1,
        -0.031,
        0.077,
        -0.06,
        -0.1,
        0.149,
        0.004,
        0.081,
        -0.143,
        0.142,
        0.157,
        0.097,
        -0.057
      ],
      [
        -0.015,
        1.0,
        0.017,
        0.111,
        0.19,
        -0.071,
        0.021,
        -0.045,
        0.02,
        0.042,
        0.117,
        -0.053,
        -0.164,
        0.055,
        0.338,
        -0.056,
        -0.017
      ],
      [
        0.105,
        0.017,
        1.0,
        0.036,
        -0.027,
        0.032,
        -0.06,
        -0.012,
        -0.132,
        0.027,
        0.039,
        -0.018,
        -0.091,
        0.728,
        0.078,
        0.017,
        0.081
      ],
      [
        0.063,
        0.111,
        0.036,
        1.0,
        0.078,
        0.074,
        -0.069,
        -0.144,
        -0.031,
        -0.082,
        -0.11,
        -0.269,
        -0.133,
        0.007,
        -0.005,
        -0.133,
        0.072
      ],
      [
        0.1,
        0.19,
        -0.027,
        0.078,
        1.0,
        0.016,
        -0.041,
        -0.029,
        -0.102,
        0.026,
        -0.041,
        -0.002,
        0.116,
        0.053,
        0.107,
        0.134,
        0.041
      ],
      [
        -0.031,
        -0.071,
        0.032,
        0.074,
        0.016,
        1.0,
        -0.029,
        0.062,
        -0.081,
        -0.07,
        0.001,
        0.087,
        -0.014,
        0.03,
        -0.037,
        0.003,
        -0.042
      ],
      [
        0.077,
        0.021,
        -0.06,
        -0.069,
        -0.041,
        -0.029,
        1.0,
        0.01,
        0.164,
        0.11,
        0.094,
        0.113,
        0.057,
        -0.038,
        -0.003,
        0.049,
        0.037
      ],
      [
        -0.06,
        -0.045,
        -0.012,
        -0.144,
        -0.029,
        0.062,
        0.01,
        1.0,
        -0.096,
        -0.027,
        0.103,
        -0.133,
        0.083,
        -0.052,
        0.029,
        -0.117,
        -0.05
      ],
      [
        -0.1,
        0.02,
        -0.132,
        -0.031,
        -0.102,
        -0.081,
        0.164,
        -0.096,
        1.0,
        0.064,
        0.076,
        0.159,
        0.023,
        -0.111,
        -0.026,
        0.064,
        0.055
      ],
      [
        0.149,
        0.042,
        0.027,
        -0.082,
        0.026,
        -0.07,
        0.11,
        -0.027,
        0.064,
        1.0,
        0.062,
        -0.014,
        0.039,
        0.097,
        0.164,
        -0.043,
        0.025
      ],
      [
        0.004,
        0.117,
        0.039,
        -0.11,
        -0.041,
        0.001,
        0.094,
        0.103,
        0.076,
        0.062,
        1.0,
        0.248,
        0.006,
        -0.042,
        0.183,
        0.071,
        0.022
      ],
      [
        0.081,
        -0.053,
        -0.018,
        -0.269,
        -0.002,
        0.087,
        0.113,
        -0.133,
        0.159,
        -0.014,
        0.248,
        1.0,
        0.267,
        -0.021,
        0.03,
        0.519,
        -0.017
      ],
      [
        -0.143,
        -0.164,
        -0.091,
        -0.133,
        0.116,
        -0.014,
        0.057,
        0.083,
        0.023,
        0.039,
        0.006,
        0.267,
        1.0,
        -0.04,
        0.061,
        0.308,
        -0.066
      ],
      [
        0.142,
        0.055,
        0.728,
        0.007,
        0.053,
        0.03,
        -0.038,
        -0.052,
        -0.111,
        0.097,
        -0.042,
        -0.021,
        -0.04,
        1.0,
        0.084,
        0.049,
        0.036
      ],
      [
        0.157,
        0.338,
        0.078,
        -0.005,
        0.107,
        -0.037,
        -0.003,
        0.029,
        -0.026,
        0.164,
        0.183,
        0.03,
        0.061,
        0.084,
        1.0,
        0.146,
        -0.094
      ],
      [
        0.097,
        -0.056,
        0.017,
        -0.133,
        0.134,
        0.003,
        0.049,
        -0.117,
        0.064,
        -0.043,
        0.071,
        0.519,
        0.308,
        0.049,
        0.146,
        1.0,
        -0.117
      ],
      [
        -0.057,
        -0.017,
        0.081,
        0.072,
        0.041,
        -0.042,
        0.037,
        -0.05,
        0.055,
        0.025,
        0.022,
        -0.017,
        -0.066,
        0.036,
        -0.094,
        -0.117,
        1.0
      ]
    ]
  },
  "factor_correlation": {
    "factors": [
      "Market",
      "Size",
      "Value (SMID)",
      "Momentum",
      "Quality",
      "Profitability",
      "Liquidity",
      "Credit"
    ],
    "matrix": [
      [
        1.0,
        0.353,
        -0.49,
        0.404,
        -0.211,
        -0.532,
        0.326,
        0.168
      ],
      [
        0.353,
        1.0,
        -0.163,
        0.25,
        0.148,
        0.151,
        0.337,
        0.044
      ],
      [
        -0.49,
        -0.163,
        1.0,
        -0.525,
        0.28,
        0.568,
        -0.375,
        -0.127
      ],
      [
        0.404,
        0.25,
        -0.525,
        1.0,
        -0.208,
        -0.506,
        0.284,
        0.022
      ],
      [
        -0.211,
        0.148,
        0.28,
        -0.208,
        1.0,
        0.405,
        -0.216,
        -0.135
      ],
      [
        -0.532,
        0.151,
        0.568,
        -0.506,
        0.405,
        1.0,
        -0.274,
        -0.08
      ],
      [
        0.326,
        0.337,
        -0.375,
        0.284,
        -0.216,
        -0.274,
        1.0,
        0.155
      ],
      [
        0.168,
        0.044,
        -0.127,
        0.022,
        -0.135,
        -0.08,
        0.155,
        1.0
      ]
    ]
  },
  "factor_exposures": [
    {
      "ticker": "AVAV",
      "r_squared": 0.18231237461010574,
      "alpha_annual": -0.25677063232224756,
      "idio_vol_annual": 0.6665624166499265,
      "Market": 0.9955942882962817,
      "Size": 0.7744829407261662,
      "Value (SMID)": -2.195600840917999,
      "Momentum": -0.639714253436606,
      "Quality": -1.2034480456003733,
      "Profitability": -0.030367258901871058,
      "Liquidity": 0.09838172669903911,
      "Credit": -1.700799231994556
    },
    {
      "ticker": "BABA",
      "r_squared": 0.15337224157155072,
      "alpha_annual": -0.35790463082285895,
      "idio_vol_annual": 0.3977462878386445,
      "Market": 1.2023486018064422,
      "Size": 0.144210767204568,
      "Value (SMID)": 0.21076976753726093,
      "Momentum": -0.18418019956721066,
      "Quality": -0.24697472349311222,
      "Profitability": -0.23416830142937417,
      "Liquidity": 0.2114553027624225,
      "Credit": 1.0445487896793368
    },
    {
      "ticker": "CEG",
      "r_squared": 0.2531702953693138,
      "alpha_annual": -0.4046160749041724,
      "idio_vol_annual": 0.40416190255900464,
      "Market": 0.7282730893527634,
      "Size": 0.35323327827406126,
      "Value (SMID)": -0.4598324000064747,
      "Momentum": 0.6756354814124419,
      "Quality": -0.6983762405465214,
      "Profitability": -0.6303009774326833,
      "Liquidity": -0.42264649596181536,
      "Credit": -0.859888884892872
    },
    {
      "ticker": "CMI",
      "r_squared": 0.5007812579044603,
      "alpha_annual": 0.2867323108730734,
      "idio_vol_annual": 0.23787166128517676,
      "Market": 1.2159211813373507,
      "Size": 0.7923170688334743,
      "Value (SMID)": 0.38604399378021104,
      "Momentum": 0.7681369397055976,
      "Quality": 0.10588176616849057,
      "Profitability": -0.12269464320736209,
      "Liquidity": -0.32688121584698343,
      "Credit": 0.8321890819519153
    },
    {
      "ticker": "CRWV",
      "r_squared": 0.2858517325985668,
      "alpha_annual": -0.8287833181021476,
      "idio_vol_annual": 0.7976856985820381,
      "Market": 0.8328656747635437,
      "Size": 0.6343935223548548,
      "Value (SMID)": -2.1200362067972622,
      "Momentum": 1.1191689209169295,
      "Quality": -3.825046698139942,
      "Profitability": -0.03798352379780165,
      "Liquidity": 0.4321381113645912,
      "Credit": 2.0598028519077305
    },
    {
      "ticker": "GENC",
      "r_squared": 0.33307687076804393,
      "alpha_annual": -0.43890371841093884,
      "idio_vol_annual": 0.32668808583064973,
      "Market": 1.3829543335742556,
      "Size": 1.2139221343600584,
      "Value (SMID)": 1.1566037451165798,
      "Momentum": -0.08271233245555842,
      "Quality": -0.6373625268250451,
      "Profitability": 0.09807623580478975,
      "Liquidity": -0.16839534122506383,
      "Credit": 0.5905073781706287
    },
    {
      "ticker": "GRPN",
      "r_squared": 0.16239398001797,
      "alpha_annual": -1.0356441247083767,
      "idio_vol_annual": 0.6279658333979015,
      "Market": 1.8128284200464968,
      "Size": 0.3518595244095513,
      "Value (SMID)": -0.879437106437226,
      "Momentum": -0.11776016906182196,
      "Quality": -2.037945214656617,
      "Profitability": 1.394995448676055,
      "Liquidity": 0.16712595967813831,
      "Credit": 1.4613570111627447
    },
    {
      "ticker": "JAKK",
      "r_squared": 0.2866312838216182,
      "alpha_annual": -0.3537689123681316,
      "idio_vol_annual": 0.3597142035020931,
      "Market": 1.366635928080978,
      "Size": 1.0121421738165635,
      "Value (SMID)": 0.832371596372061,
      "Momentum": -0.40226323536486563,
      "Quality": 1.5887610646691575,
      "Profitability": -0.31626629552550445,
      "Liquidity": 0.39233312520203034,
      "Credit": -0.3047455390293067
    },
    {
      "ticker": "KSPI",
      "r_squared": 0.22540130315539542,
      "alpha_annual": -0.28194742497460223,
      "idio_vol_annual": 0.3193437996227376,
      "Market": 1.28831874181108,
      "Size": 0.381234592869442,
      "Value (SMID)": -0.2857453292605284,
      "Momentum": -0.5412491757880346,
      "Quality": 0.15167994041897803,
      "Profitability": 0.1411456233416319,
      "Liquidity": 0.028590749003304772,
      "Credit": 0.3828144362328034
    },
    {
      "ticker": "OPEN",
      "r_squared": 0.12213175754248573,
      "alpha_annual": 1.4435579878437053,
      "idio_vol_annual": 1.3444123586952488,
      "Market": 2.8004940815647608,
      "Size": 1.4412240494201112,
      "Value (SMID)": -1.6588999496993468,
      "Momentum": -1.9220187885202253,
      "Quality": 0.8359532967013438,
      "Profitability": 0.8986230892374629,
      "Liquidity": 1.8255438872682772,
      "Credit": -3.21381541351188
    },
    {
      "ticker": "PYPL",
      "r_squared": 0.3091153803165818,
      "alpha_annual": -0.7621550520324885,
      "idio_vol_annual": 0.33647580441331915,
      "Market": 1.898020097485713,
      "Size": -0.42430686880294655,
      "Value (SMID)": -0.9070910744525811,
      "Momentum": -0.9077104022343401,
      "Quality": 1.6337276561407754,
      "Profitability": 0.7655694115026148,
      "Liquidity": 0.4767084811903178,
      "Credit": -0.05145779515613468
    },
    {
      "ticker": "TENB",
      "r_squared": 0.14562943166720377,
      "alpha_annual": -0.33477288853498666,
      "idio_vol_annual": 0.4087776021288994,
      "Market": 1.509328317804302,
      "Size": -0.13354168106664943,
      "Value (SMID)": -0.7581326434254102,
      "Momentum": -0.2847931326245883,
      "Quality": -0.45379852730908654,
      "Profitability": 1.3371281433905629,
      "Liquidity": -0.18937770331955095,
      "Credit": -0.28243095588119793
    },
    {
      "ticker": "VIA",
      "r_squared": 0.11891641171837264,
      "alpha_annual": -1.589250770426142,
      "idio_vol_annual": 0.6813631367172053,
      "Market": 1.226409618055354,
      "Size": 0.3276171113662513,
      "Value (SMID)": -1.4289948144048643,
      "Momentum": -1.1921842133152925,
      "Quality": -1.4936893845987622,
      "Profitability": 0.6392935518716646,
      "Liquidity": 0.6082307257535318,
      "Credit": -0.8380843626546999
    },
    {
      "ticker": "VST",
      "r_squared": 0.2905712537282905,
      "alpha_annual": -0.3870074826317486,
      "idio_vol_annual": 0.4118390130636133,
      "Market": 0.6304578792424166,
      "Size": 0.7391531305736623,
      "Value (SMID)": -0.6714663707365697,
      "Momentum": 0.7356162476313342,
      "Quality": -1.8780369410301827,
      "Profitability": -0.4712091649769666,
      "Liquidity": -0.7456399119464338,
      "Credit": -0.8107274883339778
    },
    {
      "ticker": "XNET",
      "r_squared": 0.17872565270067353,
      "alpha_annual": -0.4006367301247163,
      "idio_vol_annual": 0.6815755589032654,
      "Market": 1.8566419456208079,
      "Size": 0.13787876677341493,
      "Value (SMID)": -0.7582788601119579,
      "Momentum": -0.386239880715771,
      "Quality": 0.5826329008750111,
      "Profitability": 0.5318406262183291,
      "Liquidity": 1.4272671206726955,
      "Credit": 1.9968461628716345
    },
    {
      "ticker": "ZS",
      "r_squared": 0.09090875716974323,
      "alpha_annual": -0.9330334283872496,
      "idio_vol_annual": 0.5973252573868002,
      "Market": 1.3901406810488757,
      "Size": -0.43408488438359005,
      "Value (SMID)": -1.0960940070278953,
      "Momentum": -0.9683699939376262,
      "Quality": -0.9838597907420867,
      "Profitability": 0.8953101801038414,
      "Liquidity": 0.18504300775935995,
      "Credit": 0.09253320612423215
    },
    {
      "ticker": "ZTS",
      "r_squared": 0.17445516366812075,
      "alpha_annual": -0.9249800185429692,
      "idio_vol_annual": 0.3428223756342423,
      "Market": 1.3761735452100035,
      "Size": 0.08142842793531208,
      "Value (SMID)": 0.05677147524770074,
      "Momentum": -0.21868164890138447,
      "Quality": 1.2858606427165744,
      "Profitability": 0.853781545145672,
      "Liquidity": 0.09327303669955472,
      "Credit": -0.7462144315611166
    }
  ],
  "portfolio_factor_exposure": {
    "loadings": {
      "Market": 1.4488954016112539,
      "Size": 0.331031600140542,
      "Value (SMID)": -0.634168012033832,
      "Momentum": -0.30762018825557697,
      "Quality": -0.6351662841111521,
      "Profitability": 0.5743575926544471,
      "Liquidity": 0.2384165327305381,
      "Credit": 0.4446462076555957
    },
    "alpha_annual": -0.628310409119323,
    "r_squared_weighted": 0.2074396326887476
  },
  "stress_tests": [
    {
      "scenario": "COVID Crash (Feb-Mar 2020)",
      "market_move": -0.339,
      "portfolio_impact": -0.5246739738654398,
      "stressed_nav": 468873.49141103035,
      "pnl": -517551.5424210048,
      "description": "Rapid 33.9% selloff in SPY over 23 trading days as COVID-19 spread."
    },
    {
      "scenario": "2022 Rate Shock (Jan-Oct)",
      "market_move": -0.252,
      "portfolio_impact": -0.3900231310150172,
