{
  "generated_at": "2026-06-09T21:56:17.457573Z",
  "market_session": "AFTER",
  "fund_name": "Convex Capital",
  "tagline": "Lose small. Win big. \u2014 Paper-traded portfolio. Hypothetical performance for educational purposes only.",
  "summary": {
    "nav": 961958.2300000001,
    "cash": 124779.98000000003,
    "equity": 837178.2500000001,
    "deposits": 1000000.0,
    "total_return": -0.038041769999999864,
    "realized_pnl": 0.0,
    "open_positions": 16
  },
  "metrics": {
    "annualized_return": -0.29870644995532647,
    "annualized_vol": 0.2940897802356547,
    "sharpe": -1.0156981644039873,
    "sortino": -1.3988487098978575,
    "max_drawdown": -0.4154594204093722,
    "var_95_1d": -0.0354469657325931,
    "method": "Synthetic: current weights \u00d7 each holding's 252-day return history.",
    "beta_spy": 1.5858032073302983,
    "data_basis": "synthetic_252d",
    "days_of_live_nav": 7
  },
  "nav_curve": [
    {
      "date": "2026-06-01",
      "value": 999876.7628759766
    },
    {
      "date": "2026-06-02",
      "value": 1004058.1192620469
    },
    {
      "date": "2026-06-03",
      "value": 988718.7906235124
    },
    {
      "date": "2026-06-04",
      "value": 1000919.7487734223
    },
    {
      "date": "2026-06-05",
      "value": 963668.4124958802
    },
    {
      "date": "2026-06-08",
      "value": 962233.467066555
    },
    {
      "date": "2026-06-09",
      "value": 961958.2211346435
    }
  ],
  "drawdown_curve": [
    {
      "date": "2026-06-01",
      "value": 0.0
    },
    {
      "date": "2026-06-02",
      "value": 0.0
    },
    {
      "date": "2026-06-03",
      "value": -0.015277331405684446
    },
    {
      "date": "2026-06-04",
      "value": -0.003125686081729177
    },
    {
      "date": "2026-06-05",
      "value": -0.040226462981895875
    },
    {
      "date": "2026-06-08",
      "value": -0.04165560876718144
    },
    {
      "date": "2026-06-09",
      "value": -0.041929742232795775
    }
  ],
  "benchmarks": {
    "SPY": [
      {
        "date": "2026-06-01",
        "value": 0.0
      },
      {
        "date": "2026-06-02",
        "value": 0.0013579103629497435
      },
      {
        "date": "2026-06-03",
        "value": -0.005668768842152949
      },
      {
        "date": "2026-06-04",
        "value": -0.0019115026417536596
      },
      {
        "date": "2026-06-05",
        "value": -0.027671567540792585
      },
      {
        "date": "2026-06-08",
        "value": -0.02546999220062507
      },
      {
        "date": "2026-06-09",
        "value": -0.028330728579740505
      }
    ],
    "IWM": [
      {
        "date": "2026-06-01",
        "value": 0.0
      },
      {
        "date": "2026-06-02",
        "value": 0.009273972502921835
      },
      {
        "date": "2026-06-03",
        "value": -0.004533177066893157
      },
      {
        "date": "2026-06-04",
        "value": 0.010485150059186044
      },
      {
        "date": "2026-06-05",
        "value": -0.02536513534214846
      },
      {
        "date": "2026-06-08",
        "value": -0.01685246539421037
      },
      {
        "date": "2026-06-09",
        "value": -0.01370344598970763
      }
    ]
  },
  "holdings": [
    {
      "ticker": "GRPN",
      "company": "Groupon, Inc.",
      "sector": "Communication Services",
      "country": "United States",
      "shares": 11310.0,
      "price": 16.61,
      "cost_basis": 17.682836427939876,
      "market_value": 187859.1,
      "unrealized_pnl": -12133.779999999999,
      "short_percent_of_float": 0.5812,
      "short_ratio": 4.89
    },
    {
      "ticker": "KSPI",
      "company": "Joint Stock Company Kaspi.kz",
      "sector": "Technology",
      "country": "Kazakhstan",
      "shares": 1515.0,
      "price": 78.1,
      "cost_basis": 82.53049504950495,
      "market_value": 118321.49999999999,
      "unrealized_pnl": -6712.200000000007,
      "short_percent_of_float": 0.015700001,
      "short_ratio": 2.81
    },
    {
      "ticker": "JAKK",
      "company": "JAKKS Pacific, Inc.",
      "sector": "Consumer Cyclical",
      "country": "United States",
      "shares": 3436.0,
      "price": 21.89,
      "cost_basis": 21.83,
      "market_value": 75214.04000000001,
      "unrealized_pnl": 206.1600000000078,
      "short_percent_of_float": 0.0339,
      "short_ratio": 6.7
    },
    {
      "ticker": "VIA",
      "company": "Via Transportation, Inc.",
      "sector": "Technology",
      "country": "United States",
      "shares": 4921.0,
      "price": 14.65,
      "cost_basis": 15.241408250355619,
      "market_value": 72092.65000000001,
      "unrealized_pnl": -2910.319999999998,
      "short_percent_of_float": 0.1248,
      "short_ratio": 7.65
    },
    {
      "ticker": "ZS",
      "company": "Zscaler, Inc.",
      "sector": "Technology",
      "country": "United States",
      "shares": 549.0,
      "price": 125.84,
      "cost_basis": 136.8013843351548,
      "market_value": 69086.16,
      "unrealized_pnl": -6017.799999999987,
      "short_percent_of_float": 0.1058,
      "short_ratio": 4.01
    },
    {
      "ticker": "CMI",
      "company": "Cummins Inc.",
      "sector": "Industrials",
      "country": "United States",
      "shares": 78.0,
      "price": 669.23,
      "cost_basis": 643.5,
      "market_value": 52199.94,
      "unrealized_pnl": 2006.9400000000014,
      "short_percent_of_float": 0.014400001,
      "short_ratio": 1.92
    },
    {
      "ticker": "XNET",
      "company": "Xunlei Limited",
      "sector": "Technology",
      "country": "China",
      "shares": 10526.0,
      "price": 4.91,
      "cost_basis": 4.75,
      "market_value": 51682.66,
      "unrealized_pnl": 1684.1600000000014,
      "short_percent_of_float": 0.0322,
      "short_ratio": 6.99
    },
    {
      "ticker": "CRWV",
      "company": "CoreWeave, Inc.",
      "sector": "Technology",
      "country": "United States",
      "shares": 468.0,
      "price": 98.45,
      "cost_basis": 106.78134615384614,
      "market_value": 46074.6,
      "unrealized_pnl": -3899.0699999999943,
      "short_percent_of_float": 0.1714,
      "short_ratio": 1.75
    },
    {
      "ticker": "BABA",
      "company": "Alibaba Group Holding Limited",
      "sector": "Consumer Cyclical",
      "country": "Hong Kong",
      "shares": 299.0,
      "price": 119.7,
      "cost_basis": 125.39999999999999,
      "market_value": 35790.3,
      "unrealized_pnl": -1704.2999999999965,
      "short_percent_of_float": 0.0197,
      "short_ratio": 3.3
    },
    {
      "ticker": "PYPL",
      "company": "PayPal Holdings, Inc.",
      "sector": "Financial Services",
      "country": "United States",
      "shares": 830.0,
      "price": 41.46,
      "cost_basis": 45.19,
      "market_value": 34411.8,
      "unrealized_pnl": -3095.8999999999974,
      "short_percent_of_float": 0.0545,
      "short_ratio": 2.87
    },
    {
      "ticker": "ZTS",
      "company": "Zoetis Inc.",
      "sector": "Healthcare",
      "country": "United States",
      "shares": 312.0,
      "price": 82.2,
      "cost_basis": 80.09,
      "market_value": 25646.4,
      "unrealized_pnl": 658.3199999999998,
      "short_percent_of_float": 0.036,
      "short_ratio": 1.79
    },
    {
      "ticker": "AVAV",
      "company": "AeroVironment, Inc.",
      "sector": "Industrials",
      "country": "United States",
      "shares": 122.0,
      "price": 176.51,
      "cost_basis": 204.09,
      "market_value": 21534.219999999998,
      "unrealized_pnl": -3364.7600000000016,
      "short_percent_of_float": 0.12109999,
      "short_ratio": 3.92
    },
    {
      "ticker": "GENC",
      "company": "Gencor Industries, Inc.",
      "sector": "Industrials",
      "country": "United States",
      "shares": 873.0,
      "price": 15.01,
      "cost_basis": 14.32,
      "market_value": 13103.73,
      "unrealized_pnl": 602.3699999999995,
      "short_percent_of_float": 0.0061000003,
      "short_ratio": 2.96
    },
    {
      "ticker": "VST",
      "company": "Vistra Corp.",
      "sector": "Utilities",
      "country": "United States",
      "shares": 81.0,
      "price": 146.22,
      "cost_basis": 154.76,
      "market_value": 11843.82,
      "unrealized_pnl": -691.7399999999993,
      "short_percent_of_float": 0.0461,
      "short_ratio": 2.83
    },
    {
      "ticker": "CEG",
      "company": "Constellation Energy Corporation",
      "sector": "Utilities",
      "country": "United States",
      "shares": 47.0,
      "price": 251.65,
      "cost_basis": 265.7,
      "market_value": 11827.550000000001,
      "unrealized_pnl": -660.3499999999992,
      "short_percent_of_float": 0.0325,
      "short_ratio": 3.35
    },
    {
      "ticker": "OPEN",
      "company": "Opendoor Technologies Inc.",
      "sector": "Real Estate",
      "country": "United States",
      "shares": 2417.0,
      "price": 4.34,
      "cost_basis": 5.171402565163425,
      "market_value": 10489.779999999999,
      "unrealized_pnl": -2009.4999999999986,
      "short_percent_of_float": 0.14819999,
      "short_ratio": 3.26
    }
  ],
  "sector_exposure": [
    {
      "name": "Technology",
      "value": 357257.56999999995,
      "pct": 0.3713857409380446
    },
    {
      "name": "Communication Services",
      "value": 187859.1,
      "pct": 0.1952882091356503
    },
    {
      "name": "Cash",
      "value": 124779.98000000003,
      "pct": 0.129714551119335
    },
    {
      "name": "Consumer Cyclical",
      "value": 111004.34000000001,
      "pct": 0.11539413722776716
    },
    {
      "name": "Industrials",
      "value": 86837.89,
      "pct": 0.0902719965294127
    },
    {
      "name": "Financial Services",
      "value": 34411.8,
      "pct": 0.035772655118299676
    },
    {
      "name": "Healthcare",
      "value": 25646.4,
      "pct": 0.026660617062343756
    },
    {
      "name": "Utilities",
      "value": 23671.370000000003,
      "pct": 0.024607482177266677
    },
    {
      "name": "Real Estate",
      "value": 10489.779999999999,
      "pct": 0.01090461069188004
    }
  ],
  "geographic_exposure": [
    {
      "name": "United States",
      "value": 631383.79,
      "pct": 0.6563526048319166
    },
    {
      "name": "Cash",
      "value": 124779.98000000003,
      "pct": 0.129714551119335
    },
    {
      "name": "Kazakhstan",
      "value": 118321.49999999999,
      "pct": 0.12300066292899223
    },
    {
      "name": "China",
      "value": 51682.66,
      "pct": 0.053726511597078384
    },
    {
      "name": "Hong Kong",
      "value": 35790.3,
      "pct": 0.03720566952267772
    }
  ],
  "signals": [
    {
      "ticker": "AVAV",
      "label": "NEUTRAL",
      "composite": 0.0,
      "rsi": 45.4,
      "subs": {
        "rsi": 0.5,
        "macd": 0.5,
        "trend": -0.5,
        "bb": -0.5,
        "vol": 0.0,
        "range": 0.0
      }
    },
    {
      "ticker": "BABA",
      "label": "STRONG SELL",
      "composite": -2.0,
      "rsi": 35.8,
      "subs": {
        "rsi": 0.0,
        "macd": -0.5,
        "trend": -0.5,
        "bb": -0.5,
        "vol": 0.0,
        "range": -0.5
      }
    },
    {
      "ticker": "CEG",
      "label": "STRONG SELL",
      "composite": -2.0,
      "rsi": 35.5,
      "subs": {
        "rsi": 0.0,
        "macd": -0.5,
        "trend": -0.5,
        "bb": -0.5,
        "vol": 0.0,
        "range": -0.5
      }
    },
    {
      "ticker": "CMI",
      "label": "NEUTRAL",
      "composite": 0.0,
      "rsi": 52.2,
      "subs": {
        "rsi": 0.5,
        "macd": -0.5,
        "trend": 0.5,
        "bb": -0.5,
        "vol": 0.0,
        "range": 0.0
      }
    },
    {
      "ticker": "CRWV",
      "label": "SELL",
      "composite": -1.5,
      "rsi": 42.3,
      "subs": {
        "rsi": 0.0,
        "macd": -0.5,
        "trend": 0.0,
        "bb": -0.5,
        "vol": 0.0,
        "range": -0.5
      }
    },
    {
      "ticker": "GENC",
      "label": "STRONG BUY",
      "composite": 2.5,
      "rsi": 54.5,
      "subs": {
        "rsi": 0.5,
        "macd": 0.5,
        "trend": 0.5,
        "bb": 0.5,
        "vol": 0.0,
        "range": 0.5
      }
    },
    {
      "ticker": "GRPN",
      "label": "SELL",
      "composite": -1.0,
      "rsi": 46.5,
      "subs": {
        "rsi": 0.5,
        "macd": -0.5,
        "trend": 0.0,
        "bb": -0.5,
        "vol": 0.0,
        "range": -0.5
      }
    },
    {
      "ticker": "JAKK",
      "label": "BUY",
      "composite": 1.0,
      "rsi": 51.0,
      "subs": {
        "rsi": 0.5,
        "macd": -0.5,
        "trend": 0.5,
        "bb": 0.5,
        "vol": 0.0,
        "range": 0.0
      }
    },
    {
      "ticker": "KSPI",
      "label": "SELL",
      "composite": -1.5,
      "rsi": 29.5,
      "subs": {
        "rsi": -0.5,
        "macd": -0.5,
        "trend": 0.0,
        "bb": 0.0,
        "vol": 0.0,
        "range": -0.5
      }
    },
    {
      "ticker": "OPEN",
      "label": "STRONG SELL",
      "composite": -2.0,
      "rsi": 40.2,
      "subs": {
        "rsi": 0.0,
        "macd": -0.5,
        "trend": -0.5,
        "bb": -0.5,
        "vol": 0.0,
        "range": -0.5
      }
    },
    {
      "ticker": "PYPL",
      "label": "STRONG SELL",
      "composite": -2.0,
      "rsi": 30.9,
      "subs": {
        "rsi": 0.0,
        "macd": -0.5,
        "trend": -0.5,
        "bb": -0.5,
        "vol": 0.0,
        "range": -0.5
      }
    },
    {
      "ticker": "VIA",
      "label": "LEAN BULL",
      "composite": 0.5,
      "rsi": 46.0,
      "subs": {
        "rsi": 0.5,
        "macd": 0.5,
        "trend": -0.5,
        "bb": -0.5,
        "vol": 0.5,
        "range": 0.0
      }
    },
    {
      "ticker": "VST",
      "label": "STRONG SELL",
      "composite": -2.0,
      "rsi": 42.8,
      "subs": {
        "rsi": 0.0,
        "macd": -0.5,
        "trend": -0.5,
        "bb": -0.5,
        "vol": -0.5,
        "range": 0.0
      }
    },
    {
      "ticker": "XNET",
      "label": "SELL",
      "composite": -1.5,
      "rsi": 36.6,
      "subs": {
        "rsi": 0.0,
        "macd": -0.5,
        "trend": -0.5,
        "bb": -0.5,
        "vol": 0.5,
        "range": -0.5
      }
    },
    {
      "ticker": "ZS",
      "label": "STRONG SELL",
      "composite": -2.0,
      "rsi": 40.0,
      "subs": {
        "rsi": 0.0,
        "macd": -0.5,
        "trend": -0.5,
        "bb": -0.5,
        "vol": 0.0,
        "range": -0.5
      }
    },
    {
      "ticker": "ZTS",
      "label": "BUY",
      "composite": 1.0,
      "rsi": 42.0,
      "subs": {
        "rsi": 0.0,
        "macd": 0.5,
        "trend": -0.5,
        "bb": 0.5,
        "vol": 0.0,
        "range": 0.5
      }
    }
  ],
  "volatility": [
    {
      "ticker": "AVAV",
      "hv20": 0.9041475196121159,
      "garch": 0.7594227299863096,
      "expansion": -0.16006767312472867,
      "regime": "HIGH",
      "signal": "WEAK"
    },
    {
      "ticker": "BABA",
      "hv20": 0.4691470073125419,
      "garch": 0.4229319974291656,
      "expansion": -0.09850858933986172,
      "regime": "HIGH",
      "signal": "WEAK"
    },
    {
      "ticker": "CEG",
      "hv20": 0.5543613440656731,
      "garch": 0.5639706821499634,
      "expansion": 0.017334069532726905,
      "regime": "HIGH",
      "signal": "WEAK"
    },
    {
      "ticker": "CMI",
      "hv20": 0.4140422334856976,
      "garch": 0.34358014138601034,
      "expansion": -0.17018092938608698,
      "regime": "HIGH",
      "signal": "WEAK"
    },
    {
      "ticker": "CRWV",
      "hv20": 0.8068502339628638,
      "garch": 0.979009712203721,
      "expansion": 0.2133722852074937,
      "regime": "LOW",
      "signal": "SIGNAL"
    },
    {
      "ticker": "GENC",
      "hv20": 0.39971097844241543,
      "garch": 0.4315121460943915,
      "expansion": 0.07956040581096398,
      "regime": "NORMAL",
      "signal": "WEAK"
    },
    {
      "ticker": "GRPN",
      "hv20": 0.8668329197500287,
      "garch": 0.7977034210380083,
      "expansion": -0.07974950781974863,
      "regime": "HIGH",
      "signal": "WEAK"
    },
    {
      "ticker": "JAKK",
      "hv20": 0.24673102849674539,
      "garch": 0.46338355499616307,
      "expansion": 0.8780919360625756,
      "regime": "LOW",
      "signal": "SIGNAL"
    },
    {
      "ticker": "KSPI",
      "hv20": 0.2781018711674871,
      "garch": 0.4102124830632534,
      "expansion": 0.4750439518481435,
      "regime": "NORMAL",
      "signal": "SIGNAL"
    },
    {
      "ticker": "OPEN",
      "hv20": 0.7316737433716437,
      "garch": 0.8910296928479596,
      "expansion": 0.21779645766975847,
      "regime": "LOW",
      "signal": "SIGNAL"
    },
    {
      "ticker": "PYPL",
      "hv20": 0.23625322449182531,
      "garch": 0.39034405393996624,
      "expansion": 0.6522274131055201,
      "regime": "LOW",
      "signal": "SIGNAL"
    },
    {
      "ticker": "VIA",
      "hv20": 1.0074152037558515,
      "garch": null,
      "expansion": null,
      "regime": "NORMAL",
      "signal": "WEAK"
    },
    {
      "ticker": "VST",
      "hv20": 0.48602030556801334,
      "garch": 0.5601761524283037,
      "expansion": 0.15257767218928056,
      "regime": "NORMAL",
      "signal": "BASE"
    },
    {
      "ticker": "XNET",
      "hv20": 0.768038615207305,
      "garch": 0.7930282797272455,
      "expansion": 0.03253698971007529,
      "regime": "HIGH",
      "signal": "WEAK"
    },
    {
      "ticker": "ZS",
      "hv20": 1.580114542705054,
      "garch": 0.5459300401944508,
      "expansion": -0.6544997052809514,
      "regime": "EXTREME",
      "signal": "WEAK"
    },
    {
      "ticker": "ZTS",
      "hv20": 0.31855379938752687,
      "garch": 0.3586435924956605,
      "expansion": 0.12584936417400455,
      "regime": "HIGH",
      "signal": "BASE"
    }
  ],
  "correlation": {
    "tickers": [
      "AVAV",
      "BABA",
      "CEG",
      "CMI",
      "CRWV",
      "GENC",
      "GRPN",
      "JAKK",
      "KSPI",
      "OPEN",
      "PYPL",
      "VIA",
      "VST",
      "XNET",
      "ZS",
      "ZTS"
    ],
    "matrix": [
      [
        1.0,
        0.131,
        0.262,
        0.248,
        0.309,
        0.095,
        0.229,
        0.081,
        0.098,
        0.335,
        0.198,
        0.034,
        0.301,
        0.327,
        0.176,
        0.06
      ],
      [
        0.131,
        1.0,
        0.181,
        0.334,
        0.352,
        0.131,
        0.191,
        0.117,
        0.213,
        0.196,
        0.244,
        -0.037,
        0.226,
        0.477,
        0.038,
        0.075
      ],
      [
        0.262,
        0.181,
        1.0,
        0.311,
        0.217,
        0.149,
        0.081,
        0.09,
        0.051,
        0.191,
        0.124,
        0.006,
        0.796,
        0.247,
        0.04,
        0.122
      ],
      [
        0.248,
        0.334,
        0.311,
        1.0,
        0.368,
        0.361,
        0.185,
        0.151,
        0.233,
        0.2,
        0.065,
        0.007,
        0.321,
        0.313,
        -0.055,
        0.197
      ],
      [
        0.309,
        0.352,
        0.217,
        0.368,
        1.0,
        0.118,
        0.164,
        0.06,
        0.135,
        0.24,
        0.131,
        0.225,
        0.309,
        0.369,
        0.183,
        0.081
      ],
      [
        0.095,
        0.131,
        0.149,
        0.361,
        0.118,
        1.0,
        0.161,
        0.316,
        0.155,
        0.131,
        0.098,
        0.066,
        0.172,
        0.168,
        0.051,
        0.155
      ],
      [
        0.229,
        0.191,
        0.081,
        0.185,
        0.164,
        0.161,
        1.0,
        0.151,
        0.331,
        0.306,
        0.262,
        0.178,
        0.114,
        0.222,
        0.147,
        0.164
      ],
      [
        0.081,
        0.117,
        0.09,
        0.151,
        0.06,
        0.316,
        0.151,
        1.0,
        0.104,
        0.139,
        0.215,
        0.142,
        0.061,
        0.197,
        -0.052,
        0.138
      ],
      [
        0.098,
        0.213,
        0.051,
        0.233,
        0.135,
        0.155,
        0.331,
        0.104,
        1.0,
        0.246,
        0.252,
        0.15,
        0.084,
        0.187,
        0.157,
        0.191
      ],
      [
        0.335,
        0.196,
        0.191,
        0.2,
        0.24,
        0.131,
        0.306,
        0.139,
        0.246,
        1.0,
        0.239,
        0.163,
        0.263,
        0.342,
        0.063,
        0.164
      ],
      [
        0.198,
        0.244,
        0.124,
        0.065,
        0.131,
        0.098,
        0.262,
        0.215,
        0.252,
        0.239,
        1.0,
        0.159,
        0.063,
        0.327,
        0.205,
        0.171
      ],
      [
        0.034,
        -0.037,
        0.006,
        0.007,
        0.225,
        0.066,
        0.178,
        0.142,
        0.15,
        0.163,
        0.159,
        1.0,
        0.061,
        0.189,
        0.369,
        0.022
      ],
      [
        0.301,
        0.226,
        0.796,
        0.321,
        0.309,
        0.172,
        0.114,
        0.061,
        0.084,
        0.263,
        0.063,
        0.061,
        1.0,
        0.268,
        0.07,
        0.09
      ],
      [
        0.327,
        0.477,
        0.247,
        0.313,
        0.369,
        0.168,
        0.222,
        0.197,
        0.187,
        0.342,
        0.327,
        0.189,
        0.268,
        1.0,
        0.219,
        0.044
      ],
      [
        0.176,
        0.038,
        0.04,
        -0.055,
        0.183,
        0.051,
        0.147,
        -0.052,
        0.157,
        0.063,
        0.205,
        0.369,
        0.07,
        0.219,
        1.0,
        -0.037
      ],
      [
        0.06,
        0.075,
        0.122,
        0.197,
        0.081,
        0.155,
        0.164,
        0.138,
        0.191,
        0.164,
        0.171,
        0.022,
        0.09,
        0.044,
        -0.037,
        1.0
      ]
    ]
  },
  "residual_correlation": {
    "tickers": [
      "AVAV",
      "BABA",
      "CEG",
      "CMI",
      "CRWV",
      "GENC",
      "GRPN",
      "JAKK",
      "KSPI",
      "OPEN",
      "PYPL",
      "VIA",
      "VST",
      "XNET",
      "ZS",
      "ZTS"
    ],
    "matrix": [
      [
        1.0,
        -0.014,
        0.114,
        0.065,
        0.117,
        -0.035,
        0.079,
        -0.058,
        -0.112,
        0.148,
        0.007,
        -0.14,
        0.148,
        0.155,
        0.102,
        -0.062
      ],
      [
        -0.014,
        1.0,
        0.011,
        0.102,
        0.188,
        -0.08,
        0.026,
        -0.046,
        0.035,
        0.041,
        0.123,
        -0.162,
        0.056,
        0.345,
        -0.049,
        -0.022
      ],
      [
        0.114,
        0.011,
        1.0,
        0.031,
        -0.04,
        0.031,
        -0.057,
        -0.014,
        -0.121,
        0.031,
        0.039,
        -0.093,
        0.731,
        0.083,
        0.018,
        0.083
      ],
      [
        0.065,
        0.102,
        0.031,
        1.0,
        0.097,
        0.069,
        -0.064,
        -0.146,
        -0.01,
        -0.067,
        -0.104,
        -0.115,
        -0.005,
        0.016,
        -0.12,
        0.067
      ],
      [
        0.117,
        0.188,
        -0.04,
        0.097,
        1.0,
        0.014,
        -0.042,
        -0.034,
        -0.093,
        0.017,
        -0.043,
        0.107,
        0.056,
        0.105,
        0.129,
        0.042
      ],
      [
        -0.035,
        -0.08,
        0.031,
        0.069,
        0.014,
        1.0,
        -0.025,
        0.063,
        -0.075,
        -0.076,
        0.006,
        -0.01,
        0.033,
        -0.036,
        0.011,
        -0.045
      ],
      [
        0.079,
        0.026,
        -0.057,
        -0.064,
        -0.042,
        -0.025,
        1.0,
        0.009,
        0.161,
        0.11,
        0.091,
        0.054,
        -0.039,
        -0.008,
        0.045,
        0.04
      ],
      [
        -0.058,
        -0.046,
        -0.014,
        -0.146,
        -0.034,
        0.063,
        0.009,
        1.0,
        -0.095,
        -0.028,
        0.103,
        0.081,
        -0.052,
        0.028,
        -0.118,
        -0.049
      ],
      [
        -0.112,
        0.035,
        -0.121,
        -0.01,
        -0.093,
        -0.075,
        0.161,
        -0.095,
        1.0,
        0.064,
        0.072,
        0.019,
        -0.109,
        -0.035,
        0.057,
        0.059
      ],
      [
        0.148,
        0.041,
        0.031,
        -0.067,
        0.017,
        -0.076,
        0.11,
        -0.028,
        0.064,
        1.0,
        0.065,
        0.032,
        0.107,
        0.157,
        -0.044,
        0.024
      ],
      [
        0.007,
        0.123,
        0.039,
        -0.104,
        -0.043,
        0.006,
        0.091,
        0.103,
        0.072,
        0.065,
        1.0,
        0.001,
        -0.044,
        0.182,
        0.066,
        0.026
      ],
      [
        -0.14,
        -0.162,
        -0.093,
        -0.115,
        0.107,
        -0.01,
        0.054,
        0.081,
        0.019,
        0.032,
        0.001,
        1.0,
        -0.037,
        0.054,
        0.303,
        -0.063
      ],
      [
        0.148,
        0.056,
        0.731,
        -0.005,
        0.056,
        0.033,
        -0.039,
        -0.052,
        -0.109,
        0.107,
        -0.044,
        -0.037,
        1.0,
        0.087,
        0.05,
        0.039
      ],
      [
        0.155,
        0.345,
        0.083,
        0.016,
        0.105,
        -0.036,
        -0.008,
        0.028,
        -0.035,
        0.157,
        0.182,
        0.054,
        0.087,
        1.0,
        0.138,
        -0.097
      ],
      [
        0.102,
        -0.049,
        0.018,
        -0.12,
        0.129,
        0.011,
        0.045,
        -0.118,
        0.057,
        -0.044,
        0.066,
        0.303,
        0.05,
        0.138,
        1.0,
        -0.112
      ],
      [
        -0.062,
        -0.022,
        0.083,
        0.067,
        0.042,
        -0.045,
        0.04,
        -0.049,
        0.059,
        0.024,
        0.026,
        -0.063,
        0.039,
        -0.097,
        -0.112,
        1.0
      ]
    ]
  },
  "factor_correlation": {
    "factors": [
      "Market",
      "Size",
      "Value (SMID)",
      "Momentum",
      "Quality",
      "Profitability",
      "Liquidity",
      "Credit"
    ],
    "matrix": [
      [
        1.0,
        0.352,
        -0.474,
        0.378,
        -0.187,
        -0.524,
        0.317,
        0.183
      ],
      [
        0.352,
        1.0,
        -0.157,
        0.229,
        0.137,
        0.159,
        0.332,
        0.048
      ],
      [
        -0.474,
        -0.157,
        1.0,
        -0.526,
        0.268,
        0.563,
        -0.373,
        -0.138
      ],
      [
        0.378,
        0.229,
        -0.526,
        1.0,
        -0.202,
        -0.509,
        0.276,
        0.036
      ],
      [
        -0.187,
        0.137,
        0.268,
        -0.202,
        1.0,
        0.399,
        -0.221,
        -0.13
      ],
      [
        -0.524,
        0.159,
        0.563,
        -0.509,
        0.399,
        1.0,
        -0.271,
        -0.089
      ],
      [
        0.317,
        0.332,
        -0.373,
        0.276,
        -0.221,
        -0.271,
        1.0,
        0.16
      ],
      [
        0.183,
        0.048,
        -0.138,
        0.036,
        -0.13,
        -0.089,
        0.16,
        1.0
      ]
    ]
  },
  "factor_exposures": [
    {
      "ticker": "AVAV",
      "r_squared": 0.1780909594045621,
      "alpha_annual": -0.2668662522907329,
      "idio_vol_annual": 0.6638359514812561,
      "Market": 1.031685360423644,
      "Size": 0.7510164390202093,
      "Value (SMID)": -2.1442579866593707,
      "Momentum": -0.5731639151273618,
      "Quality": -1.4369143451778708,
      "Profitability": 0.06376401667031503,
      "Liquidity": 0.09995707162370353,
      "Credit": -1.6706356143167689
    },
    {
      "ticker": "BABA",
      "r_squared": 0.15345604420332248,
      "alpha_annual": -0.2991688828459556,
      "idio_vol_annual": 0.39656648806068406,
      "Market": 1.1974538364578005,
      "Size": 0.1767084536582696,
      "Value (SMID)": 0.23509122884532999,
      "Momentum": -0.13454550028038573,
      "Quality": -0.21231759969469075,
      "Profitability": -0.238263725187314,
      "Liquidity": 0.22401840456966565,
      "Credit": 0.976797431451574
    },
    {
      "ticker": "CEG",
      "r_squared": 0.25026450536640943,
      "alpha_annual": -0.40035610623637846,
      "idio_vol_annual": 0.4033994085238059,
      "Market": 0.6922973940382622,
      "Size": 0.3841418690469466,
      "Value (SMID)": -0.48159378735480174,
      "Momentum": 0.6890185853211641,
      "Quality": -0.6625169219109596,
      "Profitability": -0.6702048179223602,
      "Liquidity": -0.4015609322954249,
      "Credit": -0.9293466599700249
    },
    {
      "ticker": "CMI",
      "r_squared": 0.49905659347678655,
      "alpha_annual": 0.3506551349226966,
      "idio_vol_annual": 0.23288114077389144,
      "Market": 1.14039072705364,
      "Size": 0.8418391931221431,
      "Value (SMID)": 0.42600511561912546,
      "Momentum": 0.7886706080014533,
      "Quality": 0.36422262943437045,
      "Profitability": -0.1959741142216448,
      "Liquidity": -0.30955102506449234,
      "Credit": 0.9287420532612729
    },
    {
      "ticker": "CRWV",
      "r_squared": 0.28708452601065393,
      "alpha_annual": -0.8052269392977455,
      "idio_vol_annual": 0.8045961596749398,
      "Market": 0.9149430104968063,
      "Size": 0.7581864797601309,
      "Value (SMID)": -2.1643942850514746,
      "Momentum": 1.0216710424834943,
      "Quality": -4.60973096086696,
      "Profitability": -0.011878635090552668,
      "Liquidity": 0.4148997981999757,
      "Credit": 1.533664212623002
    },
    {
      "ticker": "GENC",
      "r_squared": 0.33497430487067203,
      "alpha_annual": -0.4269648055137392,
      "idio_vol_annual": 0.3268889130864628,
      "Market": 1.4170072622744168,
      "Size": 1.183617338138125,
      "Value (SMID)": 1.1701804214998537,
      "Momentum": -0.01132874263261547,
      "Quality": -0.5184178034192237,
      "Profitability": 0.13133621240287707,
      "Liquidity": -0.16412648644153957,
      "Credit": 0.6085568429613202
    },
    {
      "ticker": "GRPN",
      "r_squared": 0.15458041210315754,
      "alpha_annual": -1.0798233218119793,
      "idio_vol_annual": 0.6309521307350062,
      "Market": 1.8431786728898205,
      "Size": 0.2750392949842055,
      "Value (SMID)": -0.9078107316851471,
      "Momentum": -0.1437365804409238,
      "Quality": -1.827888471546046,
      "Profitability": 1.4039696222330034,
      "Liquidity": 0.1464799191080593,
      "Credit": 1.5877265420874342
    },
    {
      "ticker": "JAKK",
      "r_squared": 0.28553898026204516,
      "alpha_annual": -0.324274441086018,
      "idio_vol_annual": 0.36068719305655206,
      "Market": 1.3893774787469537,
      "Size": 0.9956993344527086,
      "Value (SMID)": 0.8225899268645303,
      "Momentum": -0.39759875130419076,
      "Quality": 1.5925492789476947,
      "Profitability": -0.29585333083367427,
      "Liquidity": 0.3869917280164745,
      "Credit": -0.38038782571182833
    },
    {
      "ticker": "KSPI",
      "r_squared": 0.22710772530636547,
      "alpha_annual": -0.32340985975250874,
      "idio_vol_annual": 0.31666635950950495,
      "Market": 1.3198476272890862,
      "Size": 0.339312260672888,
      "Value (SMID)": -0.2911503658164932,
      "Momentum": -0.5795776480912137,
      "Quality": 0.037441424755759796,
      "Profitability": 0.18265704747144837,
      "Liquidity": 0.008074165978666734,
      "Credit": 0.4335008247911014
    },
    {
      "ticker": "OPEN",
      "r_squared": 0.11889862704936505,
      "alpha_annual": 1.2812558907906109,
      "idio_vol_annual": 1.3593696876943835,
      "Market": 2.9968576479219107,
      "Size": 1.1629344296847628,
      "Value (SMID)": -1.7178400610965048,
      "Momentum": -1.6379974255872631,
      "Quality": 1.5649124530409377,
      "Profitability": 1.057866241229422,
      "Liquidity": 1.8351435183622054,
      "Credit": -2.951991093508043
    },
    {
      "ticker": "PYPL",
      "r_squared": 0.308944069196637,
      "alpha_annual": -0.7612741752761515,
      "idio_vol_annual": 0.3363461500107671,
      "Market": 1.89035628931729,
      "Size": -0.4212708120729956,
      "Value (SMID)": -0.9230600973840394,
      "Momentum": -0.9463313940995327,
      "Quality": 1.5828562709345912,
      "Profitability": 0.7568505045591739,
      "Liquidity": 0.471449393240503,
      "Credit": -0.08782710620220391
    },
    {
      "ticker": "VIA",
      "r_squared": 0.12612251418920406,
      "alpha_annual": -1.6878113510037105,
      "idio_vol_annual": 0.68336145346431,
      "Market": 1.2807947444263048,
      "Size": 0.2931310228753178,
      "Value (SMID)": -1.512239124705393,
      "Momentum": -1.2596279694126025,
      "Quality": -1.7632918345281552,
      "Profitability": 0.6621159728375691,
      "Liquidity": 0.5764966113114968,
      "Credit": -0.9414963243700539
    },
    {
      "ticker": "VST",
      "r_squared": 0.27305398992599417,
      "alpha_annual": -0.4013767866923185,
      "idio_vol_annual": 0.4126805599363155,
      "Market": 0.5553382165600321,
      "Size": 0.7450040279807042,
      "Value (SMID)": -0.6888342091525005,
      "Momentum": 0.7313071490014242,
      "Quality": -1.6637527083528079,
      "Profitability": -0.5372451075981413,
      "Liquidity": -0.7254167251423034,
      "Credit": -0.7189249720255446
    },
    {
      "ticker": "XNET",
      "r_squared": 0.1716155277402167,
      "alpha_annual": -0.637765365386126,
      "idio_vol_annual": 0.7248984844434984,
      "Market": 2.0090699412163677,
      "Size": 0.20426151448836177,
      "Value (SMID)": -0.685051550964385,
      "Momentum": -0.615090478663788,
      "Quality": 0.29059961433273573,
      "Profitability": 0.4910699166469529,
      "Liquidity": 1.31839851718285,
      "Credit": 2.486463381113251
    },
    {
      "ticker": "ZS",
      "r_squared": 0.09396087046660806,
      "alpha_annual": -1.0116665792869068,
      "idio_vol_annual": 0.5956772761131827,
      "Market": 1.378717871753646,
      "Size": -0.46237754387678454,
      "Value (SMID)": -1.1688751843654182,
      "Momentum": -1.0453470406550684,
      "Quality": -1.0698883050951495,
      "Profitability": 0.8785698981270769,
      "Liquidity": 0.18072213175435575,
      "Credit": 0.059778185408850056
    },
    {
      "ticker": "ZTS",
      "r_squared": 0.1761928604556443,
      "alpha_annual": -0.9261849710831633,
      "idio_vol_annual": 0.34370552521850317,
      "Market": 1.3914175264776616,
      "Size": 0.04765239021436118,
      "Value (SMID)": 0.06920172955802176,
      "Momentum": -0.1509985119394314,
      "Quality": 1.4382406429350205,
      "Profitability": 0.8764395690634303,
      "Liquidity": 0.1012217810443059,
      "Credit": -0.6824752357388004
    }
  ],
  "portfolio_factor_exposure": {
    "loadings": {
      "Market": 1.4699478057005766,
      "Size": 0.3531243456098177,
      "Value (SMID)": -0.6331701450602215,
      "Momentum": -0.34183393557380565,
      "Quality": -0.6733024525962068,
      "Profitability": 0.5088967913794523,
      "Liquidity": 0.2573774774293657,
      "Credit": 0.5265505169087331
    },
    "alpha_annual": -0.6890858591719224,
    "r_squared_weighted": 0.21193462134441166
  },
  "stress_tests": [
    {
      "scenario": "COVID Crash (Feb-Mar 2020)",
      "market_move": -0.339,
      "portfolio_impact": -0.5375872872849712,
      "stressed_nav": 444821.7146528477,
      "pnl": -517136.5153471524,
      "description": "Rapid 33.9% selloff in SPY over 23 trading days as COVID-19 spread."
    },
    {
      "scenario": "2022 Rate Shock (Jan-Oct)",
      "market_move": -0.252,
      "portfolio_impact": -0.39962240824723516,
      "stressed_nav": 577538.1654941523,
      "pnl": -384420.06450584775,
      "description": "Grinding 9-month decline as the Fed hiked rates aggressively."
    },
    {
      "scenario": "GFC 2008-09",
      "market_move": -0.565,
      "portfolio_impact": -0.8959788121416185,
      "stressed_nav": 100064.03775474621,
      "pnl": -861894.1922452538,
      "description": "Credit crisis bear market; SPY drew down 56.5% from Oct 2007 peak."
    },
    {
      "scenario": "Dot-Com Bust (2000-02)",
      "market_move": -0.491,
      "portfolio_impact": -0.7786293747991765,
      "stressed_nav": 212949.2947921776,
      "pnl": -749008.9352078225,
      "description": "Tech bubble burst; SPY -49.1% peak-to-trough over 30 months."
    },
    {
      "scenario": "Black Monday (Oct 1987)",
      "market_move": -0.204,
      "portfolio_impact": -0.32350385429538087,
      "stressed_nav": 650761.0349238376,
      "pnl": -311197.19507616246,
      "description": "Flash crash; -20.4% on a single trading day."
    },
    {
      "scenario": "Aug 2024 Yen Carry Unwind",
      "market_move": -0.084,
      "portfolio_impact": -0.13320746941574507,
      "stressed_nav": 833818.2084980509,
      "pnl": -128140.02150194917,
      "description": "Yen carry unwind shock; SPY -8.4% in one week."
    }
  ],
  "monte_carlo": {
    "horizon_days": 21,
    "n_paths": 10000,
    "current_nav": 961958.2300000001,
    "terminal_return": {
      "p5": -0.16046334967349404,
      "p25": -0.08614754524597626,
      "p50": -0.032923463130921427,
      "p75": 0.02525427240837419,
      "p95": 0.10885009438966939,
      "prob_negative": 0.6508
    },
    "terminal_nav": {
      "p5": 807599.1901682146,
      "p50": 930287.2336811087,
      "p95": 1066667.4741344193
    },
    "max_drawdown": {
      "p5": -0.17730327143797825,
      "p50": -0.08486497481189781,
      "p95": -0.032092344408835224
    },
    "method": "Bootstrap of synthetic portfolio daily returns (current weights \u00d7 each holding's 252-day history). 10,000 paths, 21-trading-day horizon (~1 month)."
  },
  "factor_stress": [
    {
      "scenario": "Tech Selloff -15%",
      "description": "Concentrated drawdown in Tech and Communication Services.",
      "shocks": {
        "sector:Technology": -0.15,
        "sector:Communication Services": -0.1
      },
      "pnl": -72374.5455,
      "stressed_nav": 889583.6845000001,
      "portfolio_impact": -0.07523668205427171,
      "equity_at_risk_pct": 0.8702854488806652
    },
    {
      "scenario": "Rate Shock (+100bp)",
      "description": "Long-duration growth and rate-sensitive sectors hit; banks benefit.",
      "shocks": {
        "sector:Technology": -0.08,
        "sector:Consumer Cyclical": -0.1,
        "sector:Financial Services": 0.05,
        "sector:Real Estate": -0.12,
        "sector:Utilities": -0.06
      },
      "pnl": -40639.50540000001,
      "stressed_nav": 921318.7246000001,
      "portfolio_impact": -0.04224664245556692,
      "equity_at_risk_pct": 0.8702854488806652
    },
    {
      "scenario": "Energy Spike (+30%)",
      "description": "Oil shock \u2014 producers rally, downstream consumers pinched.",
      "shocks": {
        "sector:Energy": 0.3,
        "sector:Industrials": -0.05,
        "sector:Consumer Cyclical": -0.07,
        "sector:Consumer Defensive": -0.03
      },
      "pnl": -12112.1983,
      "stressed_nav": 949846.0317,
      "portfolio_impact": -0.012591189432414336,
      "equity_at_risk_pct": 0.8702854488806652
    },
    {
