{
  "generated_at": "2026-06-08T14:41:15.383771Z",
  "market_session": "OPEN",
  "fund_name": "Convex Capital",
  "tagline": "Lose small. Win big. \u2014 Paper-traded portfolio. Hypothetical performance for educational purposes only.",
  "summary": {
    "nav": 975083.4997489739,
    "cash": 149773.03000000003,
    "equity": 825310.4697489738,
    "deposits": 1000000.0,
    "total_return": -0.024916500251026097,
    "realized_pnl": 0.0,
    "open_positions": 16
  },
  "metrics": {
    "annualized_return": -0.2853173861886007,
    "annualized_vol": 0.28787133796085557,
    "sharpe": -0.9911281484626228,
    "sortino": -1.3682989668278365,
    "max_drawdown": -0.4048053230045612,
    "var_95_1d": -0.03445110053546729,
    "method": "Synthetic: current weights \u00d7 each holding's 252-day return history.",
    "beta_spy": 1.5803138749809775,
    "data_basis": "synthetic_252d",
    "days_of_live_nav": 6
  },
  "nav_curve": [
    {
      "date": "2026-06-01",
      "value": 999876.7628759766
    },
    {
      "date": "2026-06-02",
      "value": 1004058.1192620469
    },
    {
      "date": "2026-06-03",
      "value": 988718.7906235124
    },
    {
      "date": "2026-06-04",
      "value": 1000919.7487734223
    },
    {
      "date": "2026-06-05",
      "value": 963668.4124958802
    },
    {
      "date": "2026-06-08",
      "value": 974834.9634378243
    }
  ],
  "drawdown_curve": [
    {
      "date": "2026-06-01",
      "value": 0.0
    },
    {
      "date": "2026-06-02",
      "value": 0.0
    },
    {
      "date": "2026-06-03",
      "value": -0.015277331405684446
    },
    {
      "date": "2026-06-04",
      "value": -0.003125686081729177
    },
    {
      "date": "2026-06-05",
      "value": -0.040226462981895875
    },
    {
      "date": "2026-06-08",
      "value": -0.029105044084201778
    }
  ],
  "benchmarks": {
    "SPY": [
      {
        "date": "2026-06-01",
        "value": 0.0
      },
      {
        "date": "2026-06-02",
        "value": 0.0013579103629497435
      },
      {
        "date": "2026-06-03",
        "value": -0.005668768842152949
      },
      {
        "date": "2026-06-04",
        "value": -0.0019115026417536596
      },
      {
        "date": "2026-06-05",
        "value": -0.027671567540792585
      },
      {
        "date": "2026-06-08",
        "value": -0.020038431212820118
      }
    ],
    "IWM": [
      {
        "date": "2026-06-01",
        "value": 0.0
      },
      {
        "date": "2026-06-02",
        "value": 0.009273972502921835
      },
      {
        "date": "2026-06-03",
        "value": -0.004533177066893157
      },
      {
        "date": "2026-06-04",
        "value": 0.010485150059186044
      },
      {
        "date": "2026-06-05",
        "value": -0.02536513534214846
      },
      {
        "date": "2026-06-08",
        "value": -0.010450617400637019
      }
    ]
  },
  "holdings": [
    {
      "ticker": "GRPN",
      "company": "Groupon, Inc.",
      "sector": "Communication Services",
      "country": "United States",
      "shares": 9713.0,
      "price": 17.100000381469727,
      "cost_basis": 18.017072994955218,
      "market_value": 166092.30370521545,
      "unrealized_pnl": -8907.526294784573,
      "short_percent_of_float": 0.5812,
      "short_ratio": 4.89
    },
    {
      "ticker": "KSPI",
      "company": "Joint Stock Company Kaspi.kz",
      "sector": "Technology",
      "country": "Kazakhstan",
      "shares": 1515.0,
      "price": 82.1500015258789,
      "cost_basis": 82.53049504950495,
      "market_value": 124457.25231170654,
      "unrealized_pnl": -576.4476882934557,
      "short_percent_of_float": 0.015700001,
      "short_ratio": 2.81
    },
    {
      "ticker": "JAKK",
      "company": "JAKKS Pacific, Inc.",
      "sector": "Consumer Cyclical",
      "country": "United States",
      "shares": 3436.0,
      "price": 21.729999542236328,
      "cost_basis": 21.83,
      "market_value": 74664.27842712402,
      "unrealized_pnl": -343.6015728759707,
      "short_percent_of_float": 0.0339,
      "short_ratio": 6.7
    },
    {
      "ticker": "VIA",
      "company": "Via Transportation, Inc.",
      "sector": "Technology",
      "country": "United States",
      "shares": 4921.0,
      "price": 14.899999618530273,
      "cost_basis": 15.241408250355619,
      "market_value": 73322.89812278748,
      "unrealized_pnl": -1680.0718772125242,
      "short_percent_of_float": 0.1248,
      "short_ratio": 7.65
    },
    {
      "ticker": "ZS",
      "company": "Zscaler, Inc.",
      "sector": "Technology",
      "country": "United States",
      "shares": 549.0,
      "price": 130.64999389648438,
      "cost_basis": 136.8013843351548,
      "market_value": 71726.84664916992,
      "unrealized_pnl": -3377.1133508300672,
      "short_percent_of_float": 0.1058,
      "short_ratio": 4.01
    },
    {
      "ticker": "CMI",
      "company": "Cummins Inc.",
      "sector": "Industrials",
      "country": "United States",
      "shares": 78.0,
      "price": 672.739990234375,
      "cost_basis": 643.5,
      "market_value": 52473.71923828125,
      "unrealized_pnl": 2280.71923828125,
      "short_percent_of_float": 0.014400001,
      "short_ratio": 1.92
    },
    {
      "ticker": "XNET",
      "company": "Xunlei Limited",
      "sector": "Technology",
      "country": "China",
      "shares": 10526.0,
      "price": 4.679999828338623,
      "cost_basis": 4.75,
      "market_value": 49261.678193092346,
      "unrealized_pnl": -736.8218069076538,
      "short_percent_of_float": 0.0322,
      "short_ratio": 6.99
    },
    {
      "ticker": "CRWV",
      "company": "CoreWeave, Inc.",
      "sector": "Technology",
      "country": "United States",
      "shares": 468.0,
      "price": 101.08999633789062,
      "cost_basis": 106.78134615384614,
      "market_value": 47310.11828613281,
      "unrealized_pnl": -2663.551713867183,
      "short_percent_of_float": 0.1714,
      "short_ratio": 1.75
    },
    {
      "ticker": "BABA",
      "company": "Alibaba Group Holding Limited",
      "sector": "Consumer Cyclical",
      "country": "Hong Kong",
      "shares": 299.0,
      "price": 121.42500305175781,
      "cost_basis": 125.39999999999999,
      "market_value": 36306.075912475586,
      "unrealized_pnl": -1188.5240875244115,
      "short_percent_of_float": 0.0197,
      "short_ratio": 3.3
    },
    {
      "ticker": "PYPL",
      "company": "PayPal Holdings, Inc.",
      "sector": "Financial Services",
      "country": "United States",
      "shares": 830.0,
      "price": 41.279998779296875,
      "cost_basis": 45.19,
      "market_value": 34262.398986816406,
      "unrealized_pnl": -3245.3010131835917,
      "short_percent_of_float": 0.0545,
      "short_ratio": 2.87
    },
    {
      "ticker": "ZTS",
      "company": "Zoetis Inc.",
      "sector": "Healthcare",
      "country": "United States",
      "shares": 312.0,
      "price": 78.93000030517578,
      "cost_basis": 80.09,
      "market_value": 24626.160095214844,
      "unrealized_pnl": -361.9199047851573,
      "short_percent_of_float": 0.036,
      "short_ratio": 1.79
    },
    {
      "ticker": "AVAV",
      "company": "AeroVironment, Inc.",
      "sector": "Industrials",
      "country": "United States",
      "shares": 122.0,
      "price": 188.56500244140625,
      "cost_basis": 204.09,
      "market_value": 23004.930297851562,
      "unrealized_pnl": -1894.049702148438,
      "short_percent_of_float": 0.12109999,
      "short_ratio": 3.92
    },
    {
      "ticker": "GENC",
      "company": "Gencor Industries, Inc.",
      "sector": "Industrials",
      "country": "United States",
      "shares": 873.0,
      "price": 15.039999961853027,
      "cost_basis": 14.32,
      "market_value": 13129.919966697693,
      "unrealized_pnl": 628.5599666976926,
      "short_percent_of_float": 0.0061000003,
      "short_ratio": 2.96
    },
    {
      "ticker": "VST",
      "company": "Vistra Corp.",
      "sector": "Utilities",
      "country": "United States",
      "shares": 81.0,
      "price": 148.25,
      "cost_basis": 154.76,
      "market_value": 12008.25,
      "unrealized_pnl": -527.3099999999993,
      "short_percent_of_float": 0.0461,
      "short_ratio": 2.83
    },
    {
      "ticker": "CEG",
      "company": "Constellation Energy Corporation",
      "sector": "Utilities",
      "country": "United States",
      "shares": 47.0,
      "price": 254.38999938964844,
      "cost_basis": 265.7,
      "market_value": 11956.329971313477,
      "unrealized_pnl": -531.5700286865228,
      "short_percent_of_float": 0.0325,
      "short_ratio": 3.35
    },
    {
      "ticker": "OPEN",
      "company": "Opendoor Technologies Inc.",
      "sector": "Real Estate",
      "country": "United States",
      "shares": 2417.0,
      "price": 4.429999828338623,
      "cost_basis": 5.171402565163425,
      "market_value": 10707.309585094452,
      "unrealized_pnl": -1791.9704149055462,
      "short_percent_of_float": 0.14819999,
      "short_ratio": 3.26
    }
  ],
  "sector_exposure": [
    {
      "name": "Technology",
      "value": 366078.7935628891,
      "pct": 0.37543327690103734
    },
    {
      "name": "Communication Services",
      "value": 166092.30370521545,
      "pct": 0.1703364929751907
    },
    {
      "name": "Cash",
      "value": 149773.03000000003,
      "pct": 0.15360020966261628
    },
    {
      "name": "Consumer Cyclical",
      "value": 110970.35433959961,
      "pct": 0.11380600160721403
    },
    {
      "name": "Industrials",
      "value": 88608.5695028305,
      "pct": 0.09087280168892403
    },
    {
      "name": "Financial Services",
      "value": 34262.398986816406,
      "pct": 0.03513791279991605
    },
    {
      "name": "Healthcare",
      "value": 24626.160095214844,
      "pct": 0.02525543720261354
    },
    {
      "name": "Utilities",
      "value": 23964.579971313477,
      "pct": 0.02457695159182053
    },
    {
      "name": "Real Estate",
      "value": 10707.309585094452,
      "pct": 0.010980915570667485
    }
  ],
  "geographic_exposure": [
    {
      "name": "United States",
      "value": 615285.4633316994,
      "pct": 0.6310079736659464
    },
    {
      "name": "Cash",
      "value": 149773.03000000003,
      "pct": 0.15360020966261628
    },
    {
      "name": "Kazakhstan",
      "value": 124457.25231170654,
      "pct": 0.12763753293307384
    },
    {
      "name": "China",
      "value": 49261.678193092346,
      "pct": 0.05052047153477041
    },
    {
      "name": "Hong Kong",
      "value": 36306.075912475586,
      "pct": 0.03723381220359307
    }
  ],
  "signals": [
    {
      "ticker": "AVAV",
      "label": "BUY",
      "composite": 1.5,
      "rsi": 50.9,
      "subs": {
        "rsi": 0.5,
        "macd": 0.5,
        "trend": 0.0,
        "bb": 0.5,
        "vol": 0.0,
        "range": 0.0
      }
    },
    {
      "ticker": "BABA",
      "label": "STRONG SELL",
      "composite": -2.0,
      "rsi": 37.8,
      "subs": {
        "rsi": 0.0,
        "macd": -0.5,
        "trend": -0.5,
        "bb": -0.5,
        "vol": 0.0,
        "range": -0.5
      }
    },
    {
      "ticker": "CEG",
      "label": "STRONG SELL",
      "composite": -2.0,
      "rsi": 36.1,
      "subs": {
        "rsi": 0.0,
        "macd": -0.5,
        "trend": -0.5,
        "bb": -0.5,
        "vol": 0.0,
        "range": -0.5
      }
    },
    {
      "ticker": "CMI",
      "label": "BUY",
      "composite": 1.0,
      "rsi": 53.1,
      "subs": {
        "rsi": 0.5,
        "macd": -0.5,
        "trend": 0.5,
        "bb": 0.5,
        "vol": 0.0,
        "range": 0.0
      }
    },
    {
      "ticker": "CRWV",
      "label": "SELL",
      "composite": -1.5,
      "rsi": 44.0,
      "subs": {
        "rsi": 0.0,
        "macd": -0.5,
        "trend": 0.0,
        "bb": -0.5,
        "vol": 0.0,
        "range": -0.5
      }
    },
    {
      "ticker": "GENC",
      "label": "STRONG BUY",
      "composite": 2.5,
      "rsi": 54.6,
      "subs": {
        "rsi": 0.5,
        "macd": 0.5,
        "trend": 0.5,
        "bb": 0.5,
        "vol": 0.0,
        "range": 0.5
      }
    },
    {
      "ticker": "GRPN",
      "label": "SELL",
      "composite": -1.5,
      "rsi": 48.4,
      "subs": {
        "rsi": 0.5,
        "macd": -0.5,
        "trend": 0.0,
        "bb": -0.5,
        "vol": -0.5,
        "range": -0.5
      }
    },
    {
      "ticker": "JAKK",
      "label": "LEAN BEAR",
      "composite": -0.5,
      "rsi": 48.7,
      "subs": {
        "rsi": 0.5,
        "macd": -0.5,
        "trend": 0.5,
        "bb": -0.5,
        "vol": -0.5,
        "range": 0.0
      }
    },
    {
      "ticker": "KSPI",
      "label": "SELL",
      "composite": -1.5,
      "rsi": 37.3,
      "subs": {
        "rsi": 0.0,
        "macd": -0.5,
        "trend": 0.0,
        "bb": -0.5,
        "vol": 0.0,
        "range": -0.5
      }
    },
    {
      "ticker": "OPEN",
      "label": "STRONG SELL",
      "composite": -2.0,
      "rsi": 41.6,
      "subs": {
        "rsi": 0.0,
        "macd": -0.5,
        "trend": -0.5,
        "bb": -0.5,
        "vol": 0.0,
        "range": -0.5
      }
    },
    {
      "ticker": "PYPL",
      "label": "STRONG SELL",
      "composite": -2.0,
      "rsi": 29.2,
      "subs": {
        "rsi": -0.5,
        "macd": -0.5,
        "trend": -0.5,
        "bb": 0.0,
        "vol": 0.0,
        "range": -0.5
      }
    },
    {
      "ticker": "VIA",
      "label": "NEUTRAL",
      "composite": 0.0,
      "rsi": 47.2,
      "subs": {
        "rsi": 0.5,
        "macd": 0.5,
        "trend": -0.5,
        "bb": -0.5,
        "vol": 0.0,
        "range": 0.0
      }
    },
    {
      "ticker": "VST",
      "label": "STRONG SELL",
      "composite": -2.0,
      "rsi": 44.7,
      "subs": {
        "rsi": 0.0,
        "macd": -0.5,
        "trend": -0.5,
        "bb": -0.5,
        "vol": -0.5,
        "range": 0.0
      }
    },
    {
      "ticker": "XNET",
      "label": "SELL",
      "composite": -1.5,
      "rsi": 31.1,
      "subs": {
        "rsi": 0.0,
        "macd": -0.5,
        "trend": -0.5,
        "bb": -0.5,
        "vol": 0.5,
        "range": -0.5
      }
    },
    {
      "ticker": "ZS",
      "label": "STRONG SELL",
      "composite": -2.0,
      "rsi": 41.9,
      "subs": {
        "rsi": 0.0,
        "macd": -0.5,
        "trend": -0.5,
        "bb": -0.5,
        "vol": 0.0,
        "range": -0.5
      }
    },
    {
      "ticker": "ZTS",
      "label": "BUY",
      "composite": 1.0,
      "rsi": 32.7,
      "subs": {
        "rsi": 0.0,
        "macd": 0.5,
        "trend": -0.5,
        "bb": 0.5,
        "vol": 0.0,
        "range": 0.5
      }
    }
  ],
  "volatility": [
    {
      "ticker": "AVAV",
      "hv20": 0.8875174913824748,
      "garch": 0.7745933082254746,
      "expansion": -0.12723600858964446,
      "regime": "HIGH",
      "signal": "WEAK"
    },
    {
      "ticker": "BABA",
      "hv20": 0.4727242126207725,
      "garch": 0.4325941019629094,
      "expansion": -0.08489116822551283,
      "regime": "HIGH",
      "signal": "WEAK"
    },
    {
      "ticker": "CEG",
      "hv20": 0.5525466673853379,
      "garch": 0.5695118277929382,
      "expansion": 0.030703579279339078,
      "regime": "HIGH",
      "signal": "WEAK"
    },
    {
      "ticker": "CMI",
      "hv20": 0.4328256309006681,
      "garch": 0.3693302143858306,
      "expansion": -0.14669976078521443,
      "regime": "HIGH",
      "signal": "WEAK"
    },
    {
      "ticker": "CRWV",
      "hv20": 0.7956600256322673,
      "garch": 0.9899882428655408,
      "expansion": 0.2442352398926306,
      "regime": "LOW",
      "signal": "SIGNAL"
    },
    {
      "ticker": "GENC",
      "hv20": 0.42368060770586574,
      "garch": 0.4556806860667522,
      "expansion": 0.07552877752455943,
      "regime": "HIGH",
      "signal": "WEAK"
    },
    {
      "ticker": "GRPN",
      "hv20": 0.8911014268619657,
      "garch": 0.8220719068103357,
      "expansion": -0.07746539055011846,
      "regime": "HIGH",
      "signal": "WEAK"
    },
    {
      "ticker": "JAKK",
      "hv20": 0.2612800156651931,
      "garch": 0.4596274519461389,
      "expansion": 0.7591374172876285,
      "regime": "LOW",
      "signal": "SIGNAL"
    },
    {
      "ticker": "KSPI",
      "hv20": 0.26850593625172076,
      "garch": 0.34479838399171775,
      "expansion": 0.28413691259501184,
      "regime": "LOW",
      "signal": "SIGNAL"
    },
    {
      "ticker": "OPEN",
      "hv20": 0.733988829847994,
      "garch": 0.9237074809799632,
      "expansion": 0.25847621028682305,
      "regime": "LOW",
      "signal": "SIGNAL"
    },
    {
      "ticker": "PYPL",
      "hv20": 0.23413845076172282,
      "garch": 0.3907195260586595,
      "expansion": 0.6687542126785726,
      "regime": "LOW",
      "signal": "SIGNAL"
    },
    {
      "ticker": "VIA",
      "hv20": 1.0072726938473866,
      "garch": null,
      "expansion": null,
      "regime": "NORMAL",
      "signal": "WEAK"
    },
    {
      "ticker": "VST",
      "hv20": 0.49600708022178247,
      "garch": 0.5652963455020841,
      "expansion": 0.13969410527228746,
      "regime": "NORMAL",
      "signal": "BASE"
    },
    {
      "ticker": "XNET",
      "hv20": 0.7489762873299486,
      "garch": 0.8394345756873768,
      "expansion": 0.12077590424111566,
      "regime": "HIGH",
      "signal": "BASE"
    },
    {
      "ticker": "ZS",
      "hv20": 1.5795759511820258,
      "garch": 0.5583977503698929,
      "expansion": -0.6464888250849643,
      "regime": "EXTREME",
      "signal": "WEAK"
    },
    {
      "ticker": "ZTS",
      "hv20": 0.39833936669840103,
      "garch": 0.31212448541157956,
      "expansion": -0.21643575427004752,
      "regime": "HIGH",
      "signal": "WEAK"
    }
  ],
  "correlation": {
    "tickers": [
      "AVAV",
      "BABA",
      "CEG",
      "CMI",
      "CRWV",
      "GENC",
      "GRPN",
      "JAKK",
      "KSPI",
      "OPEN",
      "PYPL",
      "VIA",
      "VST",
      "XNET",
      "ZS",
      "ZTS"
    ],
    "matrix": [
      [
        1.0,
        0.131,
        0.263,
        0.25,
        0.308,
        0.1,
        0.234,
        0.084,
        0.093,
        0.337,
        0.2,
        0.034,
        0.301,
        0.333,
        0.174,
        0.069
      ],
      [
        0.131,
        1.0,
        0.181,
        0.337,
        0.353,
        0.133,
        0.192,
        0.117,
        0.213,
        0.196,
        0.244,
        -0.036,
        0.226,
        0.48,
        0.038,
        0.076
      ],
      [
        0.263,
        0.181,
        1.0,
        0.315,
        0.219,
        0.15,
        0.079,
        0.089,
        0.051,
        0.19,
        0.124,
        0.007,
        0.796,
        0.25,
        0.04,
        0.121
      ],
      [
        0.25,
        0.337,
        0.315,
        1.0,
        0.366,
        0.365,
        0.195,
        0.154,
        0.24,
        0.204,
        0.066,
        0.006,
        0.323,
        0.31,
        -0.055,
        0.202
      ],
      [
        0.308,
        0.353,
        0.219,
        0.366,
        1.0,
        0.12,
        0.168,
        0.062,
        0.133,
        0.242,
        0.132,
        0.224,
        0.31,
        0.371,
        0.182,
        0.088
      ],
      [
        0.1,
        0.133,
        0.15,
        0.365,
        0.12,
        1.0,
        0.165,
        0.315,
        0.163,
        0.132,
        0.098,
        0.067,
        0.173,
        0.166,
        0.053,
        0.151
      ],
      [
        0.234,
        0.192,
        0.079,
        0.195,
        0.168,
        0.165,
        1.0,
        0.149,
        0.337,
        0.305,
        0.262,
        0.181,
        0.114,
        0.223,
        0.148,
        0.159
      ],
      [
        0.084,
        0.117,
        0.089,
        0.154,
        0.062,
        0.315,
        0.149,
        1.0,
        0.108,
        0.138,
        0.214,
        0.144,
        0.061,
        0.197,
        -0.051,
        0.134
      ],
      [
        0.093,
        0.213,
        0.051,
        0.24,
        0.133,
        0.163,
        0.337,
        0.108,
        1.0,
        0.248,
        0.255,
        0.151,
        0.082,
        0.195,
        0.154,
        0.204
      ],
      [
        0.337,
        0.196,
        0.19,
        0.204,
        0.242,
        0.132,
        0.305,
        0.138,
        0.248,
        1.0,
        0.24,
        0.164,
        0.262,
        0.345,
        0.063,
        0.163
      ],
      [
        0.2,
        0.244,
        0.124,
        0.066,
        0.132,
        0.098,
        0.262,
        0.214,
        0.255,
        0.24,
        1.0,
        0.159,
        0.063,
        0.327,
        0.206,
        0.17
      ],
      [
        0.034,
        -0.036,
        0.007,
        0.006,
        0.224,
        0.067,
        0.181,
        0.144,
        0.151,
        0.164,
        0.159,
        1.0,
        0.061,
        0.189,
        0.369,
        0.025
      ],
      [
        0.301,
        0.226,
        0.796,
        0.323,
        0.31,
        0.173,
        0.114,
        0.061,
        0.082,
        0.262,
        0.063,
        0.061,
        1.0,
        0.271,
        0.069,
        0.091
      ],
      [
        0.333,
        0.48,
        0.25,
        0.31,
        0.371,
        0.166,
        0.223,
        0.197,
        0.195,
        0.345,
        0.327,
        0.189,
        0.271,
        1.0,
        0.222,
        0.04
      ],
      [
        0.174,
        0.038,
        0.04,
        -0.055,
        0.182,
        0.053,
        0.148,
        -0.051,
        0.154,
        0.063,
        0.206,
        0.369,
        0.069,
        0.222,
        1.0,
        -0.033
      ],
      [
        0.069,
        0.076,
        0.121,
        0.202,
        0.088,
        0.151,
        0.159,
        0.134,
        0.204,
        0.163,
        0.17,
        0.025,
        0.091,
        0.04,
        -0.033,
        1.0
      ]
    ]
  },
  "residual_correlation": {
    "tickers": [
      "AVAV",
      "BABA",
      "CEG",
      "CMI",
      "CRWV",
      "GENC",
      "GRPN",
      "JAKK",
      "KSPI",
      "OPEN",
      "PYPL",
      "VIA",
      "VST",
      "XNET",
      "ZS",
      "ZTS"
    ],
    "matrix": [
      [
        1.0,
        -0.012,
        0.118,
        0.063,
        0.115,
        -0.031,
        0.088,
        -0.057,
        -0.121,
        0.15,
        0.008,
        -0.143,
        0.148,
        0.161,
        0.1,
        -0.052
      ],
      [
        -0.012,
        1.0,
        0.007,
        0.102,
        0.189,
        -0.081,
        0.022,
        -0.046,
        0.036,
        0.04,
        0.126,
        -0.159,
        0.054,
        0.348,
        -0.047,
        -0.023
      ],
      [
        0.118,
        0.007,
        1.0,
        0.032,
        -0.039,
        0.029,
        -0.064,
        -0.014,
        -0.124,
        0.028,
        0.045,
        -0.089,
        0.731,
        0.089,
        0.019,
        0.083
      ],
      [
        0.063,
        0.102,
        0.032,
        1.0,
        0.097,
        0.069,
        -0.064,
        -0.145,
        -0.014,
        -0.066,
        -0.105,
        -0.117,
        -0.004,
        0.018,
        -0.122,
        0.071
      ],
      [
        0.115,
        0.189,
        -0.039,
        0.097,
        1.0,
        0.013,
        -0.043,
        -0.032,
        -0.096,
        0.017,
        -0.044,
        0.106,
        0.058,
        0.108,
        0.127,
        0.045
      ],
      [
        -0.031,
        -0.081,
        0.029,
        0.069,
        0.013,
        1.0,
        -0.025,
        0.062,
        -0.07,
        -0.077,
        0.006,
        -0.009,
        0.032,
        -0.042,
        0.013,
        -0.05
      ],
      [
        0.088,
        0.022,
        -0.064,
        -0.064,
        -0.043,
        -0.025,
        1.0,
        0.005,
        0.172,
        0.107,
        0.094,
        0.06,
        -0.043,
        -0.015,
        0.051,
        0.03
      ],
      [
        -0.057,
        -0.046,
        -0.014,
        -0.145,
        -0.032,
        0.062,
        0.005,
        1.0,
        -0.095,
        -0.028,
        0.104,
        0.082,
        -0.051,
        0.03,
        -0.119,
        -0.051
      ],
      [
        -0.121,
        0.036,
        -0.124,
        -0.014,
        -0.096,
        -0.07,
        0.172,
        -0.095,
        1.0,
        0.066,
        0.077,
        0.021,
        -0.114,
        -0.027,
        0.057,
        0.072
      ],
      [
        0.15,
        0.04,
        0.028,
        -0.066,
        0.017,
        -0.077,
        0.107,
        -0.028,
        0.066,
        1.0,
        0.065,
        0.035,
        0.105,
        0.157,
        -0.042,
        0.021
      ],
      [
        0.008,
        0.126,
        0.045,
        -0.105,
        -0.044,
        0.006,
        0.094,
        0.104,
        0.077,
        0.065,
        1.0,
        -0.004,
        -0.039,
        0.175,
        0.064,
        0.023
      ],
      [
        -0.143,
        -0.159,
        -0.089,
        -0.117,
        0.106,
        -0.009,
        0.06,
        0.082,
        0.021,
        0.035,
        -0.004,
        1.0,
        -0.035,
        0.05,
        0.301,
        -0.063
      ],
      [
        0.148,
        0.054,
        0.731,
        -0.004,
        0.058,
        0.032,
        -0.043,
        -0.051,
        -0.114,
        0.105,
        -0.039,
        -0.035,
        1.0,
        0.094,
        0.05,
        0.041
      ],
      [
        0.161,
        0.348,
        0.089,
        0.018,
        0.108,
        -0.042,
        -0.015,
        0.03,
        -0.027,
        0.157,
        0.175,
        0.05,
        0.094,
        1.0,
        0.138,
        -0.108
      ],
      [
        0.1,
        -0.047,
        0.019,
        -0.122,
        0.127,
        0.013,
        0.051,
        -0.119,
        0.057,
        -0.042,
        0.064,
        0.301,
        0.05,
        0.138,
        1.0,
        -0.111
      ],
      [
        -0.052,
        -0.023,
        0.083,
        0.071,
        0.045,
        -0.05,
        0.03,
        -0.051,
        0.072,
        0.021,
        0.023,
        -0.063,
        0.041,
        -0.108,
        -0.111,
        1.0
      ]
    ]
  },
  "factor_correlation": {
    "factors": [
      "Market",
      "Size",
      "Value (SMID)",
      "Momentum",
      "Quality",
      "Profitability",
      "Liquidity",
      "Credit"
    ],
    "matrix": [
      [
        1.0,
        0.359,
        -0.474,
        0.381,
        -0.188,
        -0.523,
        0.324,
        0.193
      ],
      [
        0.359,
        1.0,
        -0.159,
        0.232,
        0.129,
        0.158,
        0.342,
        0.057
      ],
      [
        -0.474,
        -0.159,
        1.0,
        -0.53,
        0.267,
        0.564,
        -0.371,
        -0.137
      ],
      [
        0.381,
        0.232,
        -0.53,
        1.0,
        -0.191,
        -0.509,
        0.266,
        0.019
      ],
      [
        -0.188,
        0.129,
        0.267,
        -0.191,
        1.0,
        0.397,
        -0.219,
        -0.135
      ],
      [
        -0.523,
        0.158,
        0.564,
        -0.509,
        0.397,
        1.0,
        -0.267,
        -0.084
      ],
      [
        0.324,
        0.342,
        -0.371,
        0.266,
        -0.219,
        -0.267,
        1.0,
        0.17
      ],
      [
        0.193,
        0.057,
        -0.137,
        0.019,
        -0.135,
        -0.084,
        0.17,
        1.0
      ]
    ]
  },
  "factor_exposures": [
    {
      "ticker": "AVAV",
      "r_squared": 0.17917202723666514,
      "alpha_annual": -0.1953861628037032,
      "idio_vol_annual": 0.6625638160474031,
      "Market": 1.015007898415812,
      "Size": 0.8055819093056371,
      "Value (SMID)": -2.156980662744716,
      "Momentum": -0.6082198654172439,
      "Quality": -1.3214921013261731,
      "Profitability": 0.010228179883177535,
      "Liquidity": 0.0559837607056915,
      "Credit": -1.6768569015000023
    },
    {
      "ticker": "BABA",
      "r_squared": 0.15039127352020876,
      "alpha_annual": -0.31635295389449275,
      "idio_vol_annual": 0.39723556058968607,
      "Market": 1.1743711690484728,
      "Size": 0.1753488994423161,
      "Value (SMID)": 0.23643968243115243,
      "Momentum": -0.10208346356079456,
      "Quality": -0.1663760712715104,
      "Profitability": -0.25354632397853627,
      "Liquidity": 0.19734413267715178,
      "Credit": 0.9133171569322693
    },
    {
      "ticker": "CEG",
      "r_squared": 0.25146653205311553,
      "alpha_annual": -0.38197438158816593,
      "idio_vol_annual": 0.4037096392687793,
      "Market": 0.6992035483832872,
      "Size": 0.37380770750158204,
      "Value (SMID)": -0.4392831856052699,
      "Momentum": 0.7184932082299275,
      "Quality": -0.7442339556925772,
      "Profitability": -0.6452827390315067,
      "Liquidity": -0.3390583089702278,
      "Credit": -0.753264315011256
    },
    {
      "ticker": "CMI",
      "r_squared": 0.4990305732940302,
      "alpha_annual": 0.35073916205343575,
      "idio_vol_annual": 0.23288593130632015,
      "Market": 1.1345847080188642,
      "Size": 0.8485219580480615,
      "Value (SMID)": 0.41784555646969257,
      "Momentum": 0.7782326451895097,
      "Quality": 0.37699341112779045,
      "Profitability": -0.20590583163651985,
      "Liquidity": -0.3235360579991686,
      "Credit": 0.9036808674193741
    },
    {
      "ticker": "CRWV",
      "r_squared": 0.28624303996551803,
      "alpha_annual": -0.8155704105250333,
      "idio_vol_annual": 0.8049462167069197,
      "Market": 0.9043279606617638,
      "Size": 0.7636491955916691,
      "Value (SMID)": -2.1736630844210376,
      "Momentum": 0.9955362578837577,
      "Quality": -4.648312620963721,
      "Profitability": -0.020217440726403108,
      "Liquidity": 0.40831700593504344,
      "Credit": 1.5352059115906467
    },
    {
      "ticker": "GENC",
      "r_squared": 0.3358912423241909,
      "alpha_annual": -0.44274221703868855,
      "idio_vol_annual": 0.3271160569688325,
      "Market": 1.4187319517517272,
      "Size": 1.1689378232866385,
      "Value (SMID)": 1.1768478627956716,
      "Momentum": 0.01956022259854312,
      "Quality": -0.5047803264770806,
      "Profitability": 0.14156307046596545,
      "Liquidity": -0.16185174755381648,
      "Credit": 0.5828716601700061
    },
    {
      "ticker": "GRPN",
      "r_squared": 0.16013461477608315,
      "alpha_annual": -1.1075718732845776,
      "idio_vol_annual": 0.6300243090616182,
      "Market": 1.869913952950888,
      "Size": 0.20817942336435435,
      "Value (SMID)": -0.8361612546555393,
      "Momentum": 0.005080916518525824,
      "Quality": -1.8479775231362372,
      "Profitability": 1.4757341967262576,
      "Liquidity": 0.22865147545424552,
      "Credit": 1.6857629386325599
    },
    {
      "ticker": "JAKK",
      "r_squared": 0.2874825117307911,
      "alpha_annual": -0.32243699205179666,
      "idio_vol_annual": 0.36100698108827334,
      "Market": 1.3995142141436177,
      "Size": 0.9886170493723845,
      "Value (SMID)": 0.8326411990377611,
      "Momentum": -0.40051981242672985,
      "Quality": 1.5417971821343632,
      "Profitability": -0.2800372143223344,
      "Liquidity": 0.4148415608080847,
      "Credit": -0.3159933422912454
    },
    {
      "ticker": "KSPI",
      "r_squared": 0.2284602466678729,
      "alpha_annual": -0.2802811134238885,
      "idio_vol_annual": 0.3157361648725945,
      "Market": 1.2986741323044866,
      "Size": 0.3737587212630136,
      "Value (SMID)": -0.29384278510319606,
      "Momentum": -0.5766720068769686,
      "Quality": 0.1463360367720936,
      "Profitability": 0.14132337940604467,
      "Liquidity": -0.03100771132836344,
      "Credit": 0.4054365539460866
    },
    {
      "ticker": "OPEN",
      "r_squared": 0.11854241160636403,
      "alpha_annual": 1.2793467758664865,
      "idio_vol_annual": 1.3594665453293615,
      "Market": 2.9769340010439085,
      "Size": 1.1760743892616894,
      "Value (SMID)": -1.7300558315051984,
      "Momentum": -1.639397274353382,
      "Quality": 1.6177482776463252,
      "Profitability": 1.032269057011315,
      "Liquidity": 1.7983888274709527,
      "Credit": -3.021407206486451
    },
    {
      "ticker": "PYPL",
      "r_squared": 0.3129812388368248,
      "alpha_annual": -0.7851845581058332,
      "idio_vol_annual": 0.3355546415994145,
      "Market": 1.9054267002651886,
      "Size": -0.4312911363330583,
      "Value (SMID)": -0.9455515002558159,
      "Momentum": -0.9770330492788433,
      "Quality": 1.5569984337255227,
      "Profitability": 0.7686401787771333,
      "Liquidity": 0.46621841756267385,
      "Credit": -0.14555234903105355
    },
    {
      "ticker": "VIA",
      "r_squared": 0.12946222286340026,
      "alpha_annual": -1.6907543009018897,
      "idio_vol_annual": 0.6836866718716933,
      "Market": 1.3180023937912793,
      "Size": 0.3060198948444261,
      "Value (SMID)": -1.5566933850008149,
      "Momentum": -1.3354921468931447,
      "Quality": -1.7483358335976031,
      "Profitability": 0.6656991850218786,
      "Liquidity": 0.5541229145972864,
      "Credit": -1.0667033149643257
    },
    {
      "ticker": "VST",
      "r_squared": 0.2739770577087388,
      "alpha_annual": -0.38516560398929783,
      "idio_vol_annual": 0.4125244265262014,
      "Market": 0.5470430739463523,
      "Size": 0.7476198647955782,
      "Value (SMID)": -0.6628921530604966,
      "Momentum": 0.7495613306150505,
      "Quality": -1.69986110946089,
      "Profitability": -0.5354594838513254,
      "Liquidity": -0.6983456846638961,
      "Credit": -0.6140076484559613
    },
    {
      "ticker": "XNET",
      "r_squared": 0.17002314076903635,
      "alpha_annual": -0.7528764888592344,
      "idio_vol_annual": 0.7247162333972844,
      "Market": 2.0166082672786088,
      "Size": 0.16026612340819768,
      "Value (SMID)": -0.7401205118337738,
      "Momentum": -0.6528133736587554,
      "Quality": 0.2169487587879504,
      "Profitability": 0.5159449335063413,
      "Liquidity": 1.283892684679293,
      "Credit": 2.2654293491803204
    },
    {
      "ticker": "ZS",
      "r_squared": 0.09341683344021234,
      "alpha_annual": -0.9971308005140602,
      "idio_vol_annual": 0.5954771723650301,
      "Market": 1.3749285267505442,
      "Size": -0.4432324933300647,
      "Value (SMID)": -1.1911762532223478,
      "Momentum": -1.066709695113198,
      "Quality": -0.9938559740223375,
      "Profitability": 0.8546355216484018,
      "Liquidity": 0.14174590030424203,
      "Credit": -0.02251936342211438
    },
    {
      "ticker": "ZTS",
      "r_squared": 0.17618938938894957,
      "alpha_annual": -0.9833163682144148,
      "idio_vol_annual": 0.3414417566143661,
      "Market": 1.4202807192960012,
      "Size": -0.00477672212350172,
      "Value (SMID)": 0.08400709981210297,
      "Momentum": -0.1280822608989468,
      "Quality": 1.308489007931953,
      "Profitability": 0.937026232616602,
      "Liquidity": 0.1597388183727883,
      "Credit": -0.6378478040383273
    }
  ],
  "portfolio_factor_exposure": {
    "loadings": {
      "Market": 1.4604213326654882,
      "Size": 0.3459242261384479,
      "Value (SMID)": -0.6275003041403648,
      "Momentum": -0.3314167572797898,
      "Quality": -0.6446245617583451,
      "Profitability": 0.49043574037195575,
      "Liquidity": 0.25993509025244216,
      "Credit": 0.47435386006088986
    },
    "alpha_annual": -0.6834783527125671,
    "r_squared_weighted": 0.21496467168116712
  },
  "stress_tests": [
    {
      "scenario": "COVID Crash (Feb-Mar 2020)",
      "market_move": -0.339,
      "portfolio_impact": -0.5357264036185514,
      "stressed_nav": 452705.5232006654,
      "pnl": -522377.97654830845,
      "description": "Rapid 33.9% selloff in SPY over 23 trading days as COVID-19 spread."
    },
    {
      "scenario": "2022 Rate Shock (Jan-Oct)",
      "market_move": -0.252,
      "portfolio_impact": -0.39823909649520634,
      "stressed_nav": 586767.1278015588,
      "pnl": -388316.37194741506,
      "description": "Grinding 9-month decline as the Fed hiked rates aggressively."
    },
    {
      "scenario": "GFC 2008-09",
      "market_move": -0.565,
      "portfolio_impact": -0.8928773393642522,
      "stressed_nav": 104453.53883512663,
      "pnl": -870629.9609138472,
      "description": "Credit crisis bear market; SPY drew down 56.5% from Oct 2007 peak."
    },
    {
      "scenario": "Dot-Com Bust (2000-02)",
      "market_move": -0.491,
      "portfolio_impact": -0.7759341126156599,
      "stressed_nav": 218482.94964508177,
      "pnl": -756600.5501038921,
      "description": "Tech bubble burst; SPY -49.1% peak-to-trough over 30 months."
    },
    {
      "scenario": "Black Monday (Oct 1987)",
      "market_move": -0.204,
      "portfolio_impact": -0.3223840304961194,
      "stressed_nav": 660732.1510296378,
      "pnl": -314351.3487193361,
      "description": "Flash crash; -20.4% on a single trading day."
    },
    {
      "scenario": "Aug 2024 Yen Carry Unwind",
      "market_move": -0.084,
      "portfolio_impact": -0.13274636549840213,
      "stressed_nav": 845644.7090998355,
      "pnl": -129438.79064913839,
      "description": "Yen carry unwind shock; SPY -8.4% in one week."
    }
  ],
  "monte_carlo": {
    "horizon_days": 21,
    "n_paths": 10000,
    "current_nav": 975083.4997489739,
    "terminal_return": {
      "p5": -0.15785656009305798,
      "p25": -0.08277178390937551,
      "p50": -0.029858876026074843,
      "p75": 0.025918768539855974,
      "p95": 0.10852950862633196,
      "prob_negative": 0.6423
    },
    "terminal_nav": {
      "p5": 821160.1726751007,
      "p50": 945968.6024148981,
      "p95": 1080908.8328463743
    },
    "max_drawdown": {
      "p5": -0.17418382831977336,
      "p50": -0.08255991674581836,
      "p95": -0.030714090889928193
    },
    "method": "Bootstrap of synthetic portfolio daily returns (current weights \u00d7 each holding's 252-day history). 10,000 paths, 21-trading-day horizon (~1 month)."
  },
  "factor_stress": [
    {
      "scenario": "Tech Selloff -15%",
      "description": "Concentrated drawdown in Tech and Communication Services.",
      "shocks": {
        "sector:Technology": -0.15,
        "sector:Communication Services": -0.1
      },
      "pnl": -71521.04940495492,
      "stressed_nav": 903562.450344019,
      "portfolio_impact": -0.07334864083267469,
      "equity_at_risk_pct": 0.8463997903373838
    },
    {
      "scenario": "Rate Shock (+100bp)",
      "description": "Long-duration growth and rate-sensitive sectors hit; banks benefit.",
      "shocks": {
        "sector:Technology": -0.08,
        "sector:Consumer Cyclical": -0.1,
        "sector:Financial Services": 0.05,
        "sector:Real Estate": -0.12,
        "sector:Utilities": -0.06
      },
      "pnl": -41392.97091814042,
      "stressed_nav": 933690.5288308335,
      "portfolio_impact": -0.042450693636797925,
      "equity_at_risk_pct": 0.8463997903373838
    },
    {
      "scenario": "Energy Spike (+30%)",
      "description": "Oil shock \u2014 producers rally, downstream consumers pinched.",
      "shocks": {
        "sector:Energy": 0.3,
        "sector:Industrials": -0.05,
        "sector:Consumer Cyclical": -0.07,
        "sector:Consumer Defensive": -0.03
      },
      "pnl": -12198.3532789135,
      "stressed_nav": 962885.1464700603,
      "portfolio_impact": -0.012510060196951186,
      "equity_at_risk_pct": 0.8463997903373838
    },
