{
  "generated_at": "2026-06-25T02:53:39.492037Z",
  "market_session": "CLOSED",
  "fund_name": "Convex Capital",
  "tagline": "Lose small. Win big. \u2014 Paper-traded portfolio. Hypothetical performance for educational purposes only.",
  "summary": {
    "nav": 1028642.23,
    "cash": 4722.310000000056,
    "equity": 1023919.9199999999,
    "deposits": 1000000.0,
    "total_return": 0.02864222999999999,
    "realized_pnl": 0.0,
    "open_positions": 16
  },
  "metrics": {
    "annualized_return": -0.15364013587938996,
    "annualized_vol": 0.28517434218793586,
    "sharpe": -0.6931203342733308,
    "sortino": -0.9083809710223693,
    "calmar": -0.41218113363144004,
    "max_drawdown": -0.3727490739951488,
    "var_95_1d": -0.03260258076987023,
    "risk_free_rate": 0.04401999950408936,
    "method": "Synthetic: current weights \u00d7 each holding's 252-day return history. Sortino uses Frank Sortino downside deviation (RMS of shortfalls vs MAR=RF).",
    "beta_benchmark": 0.9910049903960448,
    "benchmark_annualized_return": 0.37977420890734415,
    "treynor": -0.19945422808061392,
    "jensens_alpha": -0.5303942324485835,
    "information_ratio": -1.8665582421400224,
    "tracking_error": 0.20732214236002275,
    "annualized_active_return": -0.38697885360022755,
    "up_capture": 0.6525409693005099,
    "down_capture": 1.0949805482170254,
    "data_basis": "synthetic_252d",
    "days_of_live_nav": 17,
    "benchmark_ticker": "IWM",
    "benchmark_name": "Russell 2000",
    "beta_spy": 0.9910049903960448,
    "beta_spy_stress": 1.5298978431813848
  },
  "nav_curve": [
    {
      "date": "2026-06-01",
      "value": 999882.8292976379
    },
    {
      "date": "2026-06-02",
      "value": 1005079.4966617966
    },
    {
      "date": "2026-06-03",
      "value": 995768.7768651581
    },
    {
      "date": "2026-06-04",
      "value": 1004929.1794892884
    },
    {
      "date": "2026-06-05",
      "value": 974274.0015833282
    },
    {
      "date": "2026-06-08",
      "value": 974266.9881036186
    },
    {
      "date": "2026-06-09",
      "value": 979640.5088702394
    },
    {
      "date": "2026-06-10",
      "value": 966884.7384401513
    },
    {
      "date": "2026-06-11",
      "value": 990753.0886875344
    },
    {
      "date": "2026-06-12",
      "value": 996222.4282127572
    },
    {
      "date": "2026-06-15",
      "value": 1017018.2685251809
    },
    {
      "date": "2026-06-16",
      "value": 1019223.7061524964
    },
    {
      "date": "2026-06-17",
      "value": 1004256.765778122
    },
    {
      "date": "2026-06-18",
      "value": 1005956.2144795037
    },
    {
      "date": "2026-06-22",
      "value": 1013145.2704611397
    },
    {
      "date": "2026-06-23",
      "value": 1003670.4086042023
    },
    {
      "date": "2026-06-24",
      "value": 1028642.2278996087
    }
  ],
  "drawdown_curve": [
    {
      "date": "2026-06-01",
      "value": 0.0
    },
    {
      "date": "2026-06-02",
      "value": 0.0
    },
    {
      "date": "2026-06-03",
      "value": -0.009263665040986776
    },
    {
      "date": "2026-06-04",
      "value": -0.00014955749570802555
    },
    {
      "date": "2026-06-05",
      "value": -0.030649809473562682
    },
    {
      "date": "2026-06-08",
      "value": -0.03065678750836781
    },
    {
      "date": "2026-06-09",
      "value": -0.025310423579476604
    },
    {
      "date": "2026-06-10",
      "value": -0.038001728568240384
    },
    {
      "date": "2026-06-11",
      "value": -0.01425400480444075
    },
    {
      "date": "2026-06-12",
      "value": -0.008812306368259061
    },
    {
      "date": "2026-06-15",
      "value": 0.0
    },
    {
      "date": "2026-06-16",
      "value": 0.0
    },
    {
      "date": "2026-06-17",
      "value": -0.014684647034823809
    },
    {
      "date": "2026-06-18",
      "value": -0.01301725184854327
    },
    {
      "date": "2026-06-22",
      "value": -0.005963789553426265
    },
    {
      "date": "2026-06-23",
      "value": -0.015259944852545435
    },
    {
      "date": "2026-06-24",
      "value": 0.0
    }
  ],
  "benchmarks": {
    "SPY": [
      {
        "date": "2026-06-01",
        "value": 0.0
      },
      {
        "date": "2026-06-02",
        "value": 0.0013579397972762752
      },
      {
        "date": "2026-06-03",
        "value": -0.005668771434361286
      },
      {
        "date": "2026-06-04",
        "value": -0.0019115061781299625
      },
      {
        "date": "2026-06-05",
        "value": -0.027671542654459702
      },
      {
        "date": "2026-06-08",
        "value": -0.025470023194608782
      },
      {
        "date": "2026-06-09",
        "value": -0.02833070775180091
      },
      {
        "date": "2026-06-10",
        "value": -0.04364962071587053
      },
      {
        "date": "2026-06-11",
        "value": -0.027394678792744487
      },
      {
        "date": "2026-06-12",
        "value": -0.022134588105308994
      },
      {
        "date": "2026-06-15",
        "value": -0.0048909388718152425
      },
      {
        "date": "2026-06-16",
        "value": -0.010823344076597685
      },
      {
        "date": "2026-06-17",
        "value": -0.023176054438276084
      },
      {
        "date": "2026-06-18",
        "value": -0.013020023259145863
      },
      {
        "date": "2026-06-22",
        "value": -0.016126029204297176
      },
      {
        "date": "2026-06-23",
        "value": -0.030413801760312054
      },
      {
        "date": "2026-06-24",
        "value": -0.03086322150786902
      }
    ],
    "IWM": [
      {
        "date": "2026-06-01",
        "value": 0.0
      },
      {
        "date": "2026-06-02",
        "value": 0.009273902616242058
      },
      {
        "date": "2026-06-03",
        "value": -0.004533265755123028
      },
      {
        "date": "2026-06-04",
        "value": 0.010485102307313143
      },
      {
        "date": "2026-06-05",
        "value": -0.025365222965751943
      },
      {
        "date": "2026-06-08",
        "value": -0.016852527916236926
      },
      {
        "date": "2026-06-09",
        "value": -0.013703535746163342
      },
      {
        "date": "2026-06-10",
        "value": -0.023981055236295123
      },
      {
        "date": "2026-06-11",
        "value": 0.00494832553389335
      },
      {
        "date": "2026-06-12",
        "value": 0.01373793881377372
      },
      {
        "date": "2026-06-15",
        "value": 0.022010765090349826
      },
      {
        "date": "2026-06-16",
        "value": 0.013130856989941098
      },
      {
        "date": "2026-06-17",
        "value": 0.005499833171586088
      },
      {
        "date": "2026-06-18",
        "value": 0.025305943833869415
      },
      {
        "date": "2026-06-22",
        "value": 0.03428980212625787
      },
      {
        "date": "2026-06-23",
        "value": 0.02436943940571834
      },
      {
        "date": "2026-06-24",
        "value": 0.0291215086708434
      }
    ]
  },
  "holdings": [
    {
      "ticker": "GRPN",
      "company": "Groupon, Inc.",
      "sector": "Communication Services",
      "country": "United States",
      "shares": 11310.0,
      "price": 18.32,
      "cost_basis": 17.3017824933687,
      "market_value": 207199.2,
      "unrealized_pnl": 11516.039999999988,
      "short_percent_of_float": 0.56310004,
      "short_ratio": 5.75
    },
    {
      "ticker": "TENB",
      "company": "Tenable Holdings, Inc.",
      "sector": "Technology",
      "country": "United States",
      "shares": 4766.0,
      "price": 27.92,
      "cost_basis": 26.224616030214015,
      "market_value": 133066.72,
      "unrealized_pnl": 8080.200000000011,
      "short_percent_of_float": 0.129,
      "short_ratio": 3.05
    },
    {
      "ticker": "KSPI",
      "company": "Joint Stock Company Kaspi.kz",
      "sector": "Technology",
      "country": "Kazakhstan",
      "shares": 1515.0,
      "price": 85.8,
      "cost_basis": 82.53049504950495,
      "market_value": 129987.0,
      "unrealized_pnl": 4953.299999999997,
      "short_percent_of_float": 0.0159,
      "short_ratio": 3.24
    },
    {
      "ticker": "CMI",
      "company": "Cummins Inc.",
      "sector": "Industrials",
      "country": "United States",
      "shares": 153.0,
      "price": 694.87,
      "cost_basis": 651.1282352941176,
      "market_value": 106315.11,
      "unrealized_pnl": 6692.490000000002,
      "short_percent_of_float": 0.0171,
      "short_ratio": 2.07
    },
    {
      "ticker": "JAKK",
      "company": "JAKKS Pacific, Inc.",
      "sector": "Consumer Cyclical",
      "country": "United States",
      "shares": 3436.0,
      "price": 22.8,
      "cost_basis": 21.83,
      "market_value": 78340.8,
      "unrealized_pnl": 3332.9200000000083,
      "short_percent_of_float": 0.039100002,
      "short_ratio": 7.32
    },
    {
      "ticker": "XNET",
      "company": "Xunlei Limited",
      "sector": "Technology",
      "country": "China",
      "shares": 10526.0,
      "price": 4.86,
      "cost_basis": 4.75,
      "market_value": 51156.36,
      "unrealized_pnl": 1157.8600000000033,
      "short_percent_of_float": 0.0377,
      "short_ratio": 6.03
    },
    {
      "ticker": "VIA",
      "company": "Via Transportation, Inc.",
      "sector": "Technology",
      "country": "United States",
      "shares": 3280.0,
      "price": 15.1,
      "cost_basis": 15.241405487804878,
      "market_value": 49528.0,
      "unrealized_pnl": -463.81,
      "short_percent_of_float": 0.13520001,
      "short_ratio": 6.88
    },
    {
      "ticker": "CRWV",
      "company": "CoreWeave, Inc.",
      "sector": "Technology",
      "country": "United States",
      "shares": 468.0,
      "price": 100.88,
      "cost_basis": 106.78134615384614,
      "market_value": 47211.84,
      "unrealized_pnl": -2761.8299999999977,
      "short_percent_of_float": 0.18190001,
      "short_ratio": 1.91
    },
    {
      "ticker": "ZS",
      "company": "Zscaler, Inc.",
      "sector": "Technology",
      "country": "United States",
      "shares": 365.0,
      "price": 127.27,
      "cost_basis": 136.79813698630136,
      "market_value": 46453.549999999996,
      "unrealized_pnl": -3477.7699999999973,
      "short_percent_of_float": 0.114700004,
      "short_ratio": 2.09
    },
    {
      "ticker": "VST",
      "company": "Vistra Corp.",
      "sector": "Utilities",
      "country": "United States",
      "shares": 162.0,
      "price": 162.87,
      "cost_basis": 154.76,
      "market_value": 26384.940000000002,
      "unrealized_pnl": 1313.8200000000022,
      "short_percent_of_float": 0.0539,
      "short_ratio": 2.73
    },
    {
      "ticker": "GENC",
      "company": "Gencor Industries, Inc.",
      "sector": "Industrials",
      "country": "United States",
      "shares": 1746.0,
      "price": 14.93,
      "cost_basis": 14.32,
      "market_value": 26067.78,
      "unrealized_pnl": 1065.059999999999,
      "short_percent_of_float": 0.0064,
      "short_ratio": 2.39
    },
    {
      "ticker": "ESI",
      "company": "Element Solutions Inc",
      "sector": "Basic Materials",
      "country": "United States",
      "shares": 557.0,
      "price": 46.12,
      "cost_basis": 44.92,
      "market_value": 25688.84,
      "unrealized_pnl": 668.3999999999976,
      "short_percent_of_float": 0.0838,
      "short_ratio": 4.45
    },
    {
      "ticker": "CEG",
      "company": "Constellation Energy Corporation",
      "sector": "Utilities",
      "country": "United States",
      "shares": 94.0,
      "price": 267.97,
      "cost_basis": 265.7,
      "market_value": 25189.180000000004,
      "unrealized_pnl": 213.38000000000363,
      "short_percent_of_float": 0.036,
      "short_ratio": 3.46
    },
    {
      "ticker": "ZTS",
      "company": "Zoetis Inc.",
      "sector": "Healthcare",
      "country": "United States",
      "shares": 312.0,
      "price": 78.17,
      "cost_basis": 80.09,
      "market_value": 24389.04,
      "unrealized_pnl": -599.0400000000005,
      "short_percent_of_float": 0.0363,
      "short_ratio": 1.45
    },
    {
      "ticker": "PYPL",
      "company": "PayPal Holdings, Inc.",
      "sector": "Financial Services",
      "country": "United States",
      "shares": 553.0,
      "price": 42.48,
      "cost_basis": 45.19,
      "market_value": 23491.44,
      "unrealized_pnl": -1498.6300000000006,
      "short_percent_of_float": 0.0626,
      "short_ratio": 3.16
    },
    {
      "ticker": "OPEN",
      "company": "Opendoor Technologies Inc.",
      "sector": "Real Estate",
      "country": "United States",
      "shares": 5479.0,
      "price": 4.28,
      "cost_basis": 4.562927541522176,
      "market_value": 23450.120000000003,
      "unrealized_pnl": -1550.1599999999994,
      "short_percent_of_float": 0.16149999,
      "short_ratio": 3.77
    }
  ],
  "sector_exposure": [
    {
      "name": "Technology",
      "value": 457403.47,
      "pct": 0.44466720951170746
    },
    {
      "name": "Communication Services",
      "value": 207199.2,
      "pct": 0.20142980130224677
    },
    {
      "name": "Industrials",
      "value": 132382.89,
      "pct": 0.12869672869642929
    },
    {
      "name": "Consumer Cyclical",
      "value": 78340.8,
      "pct": 0.07615942425385355
    },
    {
      "name": "Utilities",
      "value": 51574.12000000001,
      "pct": 0.05013805431651393
    },
    {
      "name": "Basic Materials",
      "value": 25688.84,
      "pct": 0.02497354206428021
    },
    {
      "name": "Healthcare",
      "value": 24389.04,
      "pct": 0.023709934599904576
    },
    {
      "name": "Financial Services",
      "value": 23491.44,
      "pct": 0.0228373279988709
    },
    {
      "name": "Real Estate",
      "value": 23450.120000000003,
      "pct": 0.022797158541702108
    },
    {
      "name": "Cash",
      "value": 4722.310000000056,
      "pct": 0.004590818714491292
    }
  ],
  "geographic_exposure": [
    {
      "name": "United States",
      "value": 842776.5599999999,
      "pct": 0.8193097030441769
    },
    {
      "name": "Kazakhstan",
      "value": 129987.0,
      "pct": 0.1263675515246929
    },
    {
      "name": "China",
      "value": 51156.36,
      "pct": 0.04973192671663888
    },
    {
      "name": "Cash",
      "value": 4722.310000000056,
      "pct": 0.004590818714491292
    }
  ],
  "signals": [
    {
      "ticker": "CEG",
      "label": "BUY",
      "composite": 1.0,
      "rsi": 48.0,
      "subs": {
        "rsi": 0.5,
        "macd": 0.5,
        "trend": -0.5,
        "bb": 0.5,
        "vol": 0.0,
        "range": 0.0
      }
    },
    {
      "ticker": "CMI",
      "label": "STRONG BUY",
      "composite": 2.5,
      "rsi": 54.5,
      "subs": {
        "rsi": 0.5,
        "macd": 0.5,
        "trend": 0.5,
        "bb": 0.5,
        "vol": 0.5,
        "range": 0.0
      }
    },
    {
      "ticker": "CRWV",
      "label": "LEAN BEAR",
      "composite": -0.5,
      "rsi": 44.5,
      "subs": {
        "rsi": 0.0,
        "macd": 0.5,
        "trend": 0.0,
        "bb": -0.5,
        "vol": 0.0,
        "range": -0.5
      }
    },
    {
      "ticker": "ESI",
      "label": "STRONG BUY",
      "composite": 3.0,
      "rsi": 58.7,
      "subs": {
        "rsi": 0.5,
        "macd": 0.5,
        "trend": 0.5,
        "bb": 0.5,
        "vol": 0.5,
        "range": 0.5
      }
    },
    {
      "ticker": "GENC",
      "label": "STRONG BUY",
      "composite": 2.0,
      "rsi": 53.2,
      "subs": {
        "rsi": 0.5,
        "macd": 0.5,
        "trend": 0.5,
        "bb": 0.5,
        "vol": 0.0,
        "range": 0.0
      }
    },
    {
      "ticker": "GRPN",
      "label": "BUY",
      "composite": 1.0,
      "rsi": 56.3,
      "subs": {
        "rsi": 0.5,
        "macd": -0.5,
        "trend": 0.5,
        "bb": 0.5,
        "vol": 0.0,
        "range": 0.0
      }
    },
    {
      "ticker": "JAKK",
      "label": "STRONG BUY",
      "composite": 3.0,
      "rsi": 60.2,
      "subs": {
        "rsi": 0.5,
        "macd": 0.5,
        "trend": 0.5,
        "bb": 0.5,
        "vol": 0.5,
        "range": 0.5
      }
    },
    {
      "ticker": "KSPI",
      "label": "BUY",
      "composite": 1.5,
      "rsi": 53.2,
      "subs": {
        "rsi": 0.5,
        "macd": 0.5,
        "trend": 0.0,
        "bb": 0.5,
        "vol": 0.0,
        "range": 0.0
      }
    },
    {
      "ticker": "OPEN",
      "label": "STRONG SELL",
      "composite": -2.0,
      "rsi": 41.6,
      "subs": {
        "rsi": 0.0,
        "macd": -0.5,
        "trend": -0.5,
        "bb": -0.5,
        "vol": 0.0,
        "range": -0.5
      }
    },
    {
      "ticker": "PYPL",
      "label": "NEUTRAL",
      "composite": 0.0,
      "rsi": 45.9,
      "subs": {
        "rsi": 0.5,
        "macd": 0.5,
        "trend": -0.5,
        "bb": -0.5,
        "vol": 0.0,
        "range": 0.0
      }
    },
    {
      "ticker": "TENB",
      "label": "LEAN BULL",
      "composite": 0.5,
      "rsi": 60.3,
      "subs": {
        "rsi": 0.5,
        "macd": -0.5,
        "trend": 0.0,
        "bb": 0.5,
        "vol": 0.0,
        "range": 0.0
      }
    },
    {
      "ticker": "VIA",
      "label": "BUY",
      "composite": 1.5,
      "rsi": 50.2,
      "subs": {
        "rsi": 0.5,
        "macd": 0.5,
        "trend": -0.5,
        "bb": 0.5,
        "vol": 0.5,
        "range": 0.0
      }
    },
    {
      "ticker": "VST",
      "label": "STRONG BUY",
      "composite": 2.0,
      "rsi": 58.2,
      "subs": {
        "rsi": 0.5,
        "macd": 0.5,
        "trend": 0.0,
        "bb": 0.5,
        "vol": 0.0,
        "range": 0.5
      }
    },
    {
      "ticker": "XNET",
      "label": "LEAN BEAR",
      "composite": -0.5,
      "rsi": 39.6,
      "subs": {
        "rsi": 0.0,
        "macd": 0.5,
        "trend": -0.5,
        "bb": -0.5,
        "vol": 0.5,
        "range": -0.5
      }
    },
    {
      "ticker": "ZS",
      "label": "STRONG SELL",
      "composite": -2.0,
      "rsi": 43.0,
      "subs": {
        "rsi": 0.0,
        "macd": -0.5,
        "trend": -0.5,
        "bb": -0.5,
        "vol": 0.0,
        "range": -0.5
      }
    },
    {
      "ticker": "ZTS",
      "label": "LEAN BEAR",
      "composite": -0.5,
      "rsi": 40.3,
      "subs": {
        "rsi": 0.0,
        "macd": 0.5,
        "trend": -0.5,
        "bb": -0.5,
        "vol": 0.0,
        "range": 0.0
      }
    }
  ],
  "volatility": [
    {
      "ticker": "CEG",
      "hv20": 0.45738367520216344,
      "garch": 0.5280798453113997,
      "expansion": 0.15456644813129503,
      "regime": "NORMAL",
      "signal": "BASE"
    },
    {
      "ticker": "CMI",
      "hv20": 0.44601078547383105,
      "garch": 0.33602924683109553,
      "expansion": -0.24658941493061384,
      "regime": "HIGH",
      "signal": "WEAK"
    },
    {
      "ticker": "CRWV",
      "hv20": 0.8774223568498628,
      "garch": 0.9611208671737033,
      "expansion": 0.09539135818733446,
      "regime": "NORMAL",
      "signal": "WEAK"
    },
    {
      "ticker": "ESI",
      "hv20": 0.5745086662901023,
      "garch": 0.575040828588418,
      "expansion": 0.0009262911589342908,
      "regime": "EXTREME",
      "signal": "WEAK"
    },
    {
      "ticker": "GENC",
      "hv20": 0.3382306768918743,
      "garch": 0.34840242351220646,
      "expansion": 0.030073400537775182,
      "regime": "NORMAL",
      "signal": "WEAK"
    },
    {
      "ticker": "GRPN",
      "hv20": 0.8099386321114824,
      "garch": 0.8174668424179024,
      "expansion": 0.009294790997676128,
      "regime": "HIGH",
      "signal": "WEAK"
    },
    {
      "ticker": "JAKK",
      "hv20": 0.2355481645887133,
      "garch": 0.4694285757160886,
      "expansion": 0.99291969239391,
      "regime": "LOW",
      "signal": "SIGNAL"
    },
    {
      "ticker": "KSPI",
      "hv20": 0.3670370791990615,
      "garch": 0.4160876980529799,
      "expansion": 0.13363941038588084,
      "regime": "HIGH",
      "signal": "BASE"
    },
    {
      "ticker": "OPEN",
      "hv20": 0.7789611002565615,
      "garch": 0.7311577224964428,
      "expansion": -0.06136811933788988,
      "regime": "NORMAL",
      "signal": "WEAK"
    },
    {
      "ticker": "PYPL",
      "hv20": 0.31942073275381583,
      "garch": 0.39691013974111633,
      "expansion": 0.2425935421262188,
      "regime": "NORMAL",
      "signal": "SIGNAL"
    },
    {
      "ticker": "TENB",
      "hv20": 0.5998681663333018,
      "garch": 0.41557847043366747,
      "expansion": -0.30721699573775735,
      "regime": "HIGH",
      "signal": "WEAK"
    },
    {
      "ticker": "VIA",
      "hv20": 0.6731030655696479,
      "garch": null,
      "expansion": null,
      "regime": "NORMAL",
      "signal": "WEAK"
    },
    {
      "ticker": "VST",
      "hv20": 0.4476904260341032,
      "garch": 0.5574247428171809,
      "expansion": 0.24511204707942227,
      "regime": "NORMAL",
      "signal": "SIGNAL"
    },
    {
      "ticker": "XNET",
      "hv20": 0.760771976095159,
      "garch": 0.6816575161358015,
      "expansion": -0.10399234257475028,
      "regime": "HIGH",
      "signal": "WEAK"
    },
    {
      "ticker": "ZS",
      "hv20": 1.49972085208431,
      "garch": 0.3564555627287113,
      "expansion": -0.7623187260260401,
      "regime": "EXTREME",
      "signal": "WEAK"
    },
    {
      "ticker": "ZTS",
      "hv20": 0.3003659734942638,
      "garch": 0.32345060262686687,
      "expansion": 0.07685500745657503,
      "regime": "HIGH",
      "signal": "WEAK"
    }
  ],
  "correlation": {
    "tickers": [
      "CEG",
      "CMI",
      "CRWV",
      "ESI",
      "GENC",
      "GRPN",
      "JAKK",
      "KSPI",
      "OPEN",
      "PYPL",
      "TENB",
      "VIA",
      "VST",
      "XNET",
      "ZS",
      "ZTS"
    ],
    "matrix": [
      [
        1.0,
        0.331,
        0.233,
        0.302,
        0.151,
        0.087,
        0.086,
        0.059,
        0.189,
        0.14,
        0.057,
        0.006,
        0.798,
        0.252,
        0.043,
        0.119
      ],
      [
        0.331,
        1.0,
        0.374,
        0.62,
        0.345,
        0.189,
        0.13,
        0.245,
        0.184,
        0.082,
        -0.063,
        -0.0,
        0.357,
        0.304,
        -0.056,
        0.178
      ],
      [
        0.233,
        0.374,
        1.0,
        0.343,
        0.117,
        0.149,
        0.051,
        0.125,
        0.246,
        0.146,
        0.109,
        0.212,
        0.317,
        0.369,
        0.178,
        0.08
      ],
      [
        0.302,
        0.62,
        0.343,
        1.0,
        0.273,
        0.304,
        0.237,
        0.305,
        0.264,
        0.288,
        0.094,
        0.048,
        0.368,
        0.344,
        0.04,
        0.168
      ],
      [
        0.151,
        0.345,
        0.117,
        0.273,
        1.0,
        0.156,
        0.319,
        0.142,
        0.129,
        0.099,
        0.161,
        0.069,
        0.172,
        0.162,
        0.053,
        0.159
      ],
      [
        0.087,
        0.189,
        0.149,
        0.304,
        0.156,
        1.0,
        0.157,
        0.351,
        0.302,
        0.274,
        0.251,
        0.167,
        0.131,
        0.233,
        0.151,
        0.164
      ],
      [
        0.086,
        0.13,
        0.051,
        0.237,
        0.319,
        0.157,
        1.0,
        0.101,
        0.14,
        0.215,
        -0.028,
        0.146,
        0.058,
        0.195,
        -0.045,
        0.148
      ],
      [
        0.059,
        0.245,
        0.125,
        0.305,
        0.142,
        0.351,
        0.101,
        1.0,
        0.245,
        0.261,
        0.26,
        0.134,
        0.111,
        0.206,
        0.152,
        0.182
      ],
      [
        0.189,
        0.184,
        0.246,
        0.264,
        0.129,
        0.302,
        0.14,
        0.245,
        1.0,
        0.249,
        0.12,
        0.153,
        0.255,
        0.348,
        0.064,
        0.172
      ],
      [
        0.14,
        0.082,
        0.146,
        0.288,
        0.099,
        0.274,
        0.215,
        0.261,
        0.249,
        1.0,
        0.352,
        0.145,
        0.087,
        0.343,
        0.206,
        0.177
      ],
      [
        0.057,
        -0.063,
        0.109,
        0.094,
        0.161,
        0.251,
        -0.028,
        0.26,
        0.12,
        0.352,
        1.0,
        0.337,
        0.067,
        0.146,
        0.56,
        0.104
      ],
      [
        0.006,
        -0.0,
        0.212,
        0.048,
        0.069,
        0.167,
        0.146,
        0.134,
        0.153,
        0.145,
        0.337,
        1.0,
        0.055,
        0.163,
        0.369,
        0.023
      ],
      [
        0.798,
        0.357,
        0.317,
        0.368,
        0.172,
        0.131,
        0.058,
        0.111,
        0.255,
        0.087,
        0.067,
        0.055,
        1.0,
        0.277,
        0.07,
        0.087
      ],
      [
        0.252,
        0.304,
        0.369,
        0.344,
        0.162,
        0.233,
        0.195,
        0.206,
        0.348,
        0.343,
        0.146,
        0.163,
        0.277,
        1.0,
        0.217,
        0.045
      ],
      [
        0.043,
        -0.056,
        0.178,
        0.04,
        0.053,
        0.151,
        -0.045,
        0.152,
        0.064,
        0.206,
        0.56,
        0.369,
        0.07,
        0.217,
        1.0,
        -0.032
      ],
      [
        0.119,
        0.178,
        0.08,
        0.168,
        0.159,
        0.164,
        0.148,
        0.182,
        0.172,
        0.177,
        0.104,
        0.023,
        0.087,
        0.045,
        -0.032,
        1.0
      ]
    ]
  },
  "residual_correlation": {
    "tickers": [
      "CEG",
      "CMI",
      "CRWV",
      "ESI",
      "GENC",
      "GRPN",
      "JAKK",
      "KSPI",
      "OPEN",
      "PYPL",
      "TENB",
      "VIA",
      "VST",
      "XNET",
      "ZS",
      "ZTS"
    ],
    "matrix": [
      [
        1.0,
        0.056,
        0.002,
        -0.034,
        0.028,
        -0.062,
        -0.02,
        -0.135,
        0.035,
        0.039,
        -0.022,
        -0.102,
        0.731,
        0.095,
        0.011,
        0.075
      ],
      [
        0.056,
        1.0,
        0.125,
        0.246,
        0.076,
        -0.062,
        -0.15,
        -0.007,
        -0.067,
        -0.097,
        -0.259,
        -0.143,
        0.036,
        0.002,
        -0.142,
        0.063
      ],
      [
        0.002,
        0.125,
        1.0,
        0.038,
        0.013,
        -0.056,
        -0.042,
        -0.111,
        0.043,
        -0.037,
        -0.019,
        0.083,
        0.079,
        0.138,
        0.108,
        0.037
      ],
      [
        -0.034,
        0.246,
        0.038,
        1.0,
        -0.071,
        0.053,
        0.002,
        0.018,
        -0.01,
        0.138,
        -0.104,
        -0.125,
        0.003,
        0.03,
        -0.052,
        -0.019
      ],
      [
        0.028,
        0.076,
        0.013,
        -0.071,
        1.0,
        -0.029,
        0.067,
        -0.079,
        -0.075,
        0.004,
        0.092,
        -0.004,
        0.026,
        -0.053,
        0.006,
        -0.035
      ],
      [
        -0.062,
        -0.062,
        -0.056,
        0.053,
        -0.029,
        1.0,
        0.016,
        0.192,
        0.111,
        0.102,
        0.115,
        0.051,
        -0.034,
        0.016,
        0.051,
        0.03
      ],
      [
        -0.02,
        -0.15,
        -0.042,
        0.002,
        0.067,
        0.016,
        1.0,
        -0.095,
        -0.032,
        0.105,
        -0.124,
        0.091,
        -0.058,
        0.02,
        -0.111,
        -0.038
      ],
      [
        -0.135,
        -0.007,
        -0.111,
        0.018,
        -0.079,
        0.192,
        -0.095,
        1.0,
        0.061,
        0.085,
        0.156,
        0.012,
        -0.1,
        -0.022,
        0.062,
        0.046
      ],
      [
        0.035,
        -0.067,
        0.043,
        -0.01,
        -0.075,
        0.111,
        -0.032,
        0.061,
        1.0,
        0.069,
        -0.019,
        0.03,
        0.106,
        0.16,
        -0.047,
        0.027
      ],
      [
        0.039,
        -0.097,
        -0.037,
        0.138,
        0.004,
        0.102,
        0.105,
        0.085,
        0.069,
        1.0,
        0.237,
        0.007,
        -0.033,
        0.187,
        0.073,
        0.024
      ],
      [
        -0.022,
        -0.259,
        -0.019,
        -0.104,
        0.092,
        0.115,
        -0.124,
        0.156,
        -0.019,
        0.237,
        1.0,
        0.273,
        -0.026,
        0.003,
        0.517,
        -0.006
      ],
      [
        -0.102,
        -0.143,
        0.083,
        -0.125,
        -0.004,
        0.051,
        0.091,
        0.012,
        0.03,
        0.007,
        0.273,
        1.0,
        -0.057,
        0.029,
        0.314,
        -0.059
      ],
      [
        0.731,
        0.036,
        0.079,
        0.003,
        0.026,
        -0.034,
        -0.058,
        -0.1,
        0.106,
        -0.033,
        -0.026,
        -0.057,
        1.0,
        0.105,
        0.04,
        0.031
      ],
      [
        0.095,
        0.002,
        0.138,
        0.03,
        -0.053,
        0.016,
        0.02,
        -0.022,
        0.16,
        0.187,
        0.003,
        0.029,
        0.105,
        1.0,
        0.135,
        -0.108
      ],
      [
        0.011,
        -0.142,
        0.108,
        -0.052,
        0.006,
        0.051,
        -0.111,
        0.062,
        -0.047,
        0.073,
        0.517,
        0.314,
        0.04,
        0.135,
        1.0,
        -0.117
      ],
      [
        0.075,
        0.063,
        0.037,
        -0.019,
        -0.035,
        0.03,
        -0.038,
        0.046,
        0.027,
        0.024,
        -0.006,
        -0.059,
        0.031,
        -0.108,
        -0.117,
        1.0
      ]
    ]
  },
  "factor_correlation": {
    "factors": [
      "Market",
      "Size",
      "Value (SMID)",
      "Momentum",
      "Quality",
      "Profitability",
      "Liquidity",
      "Credit"
    ],
    "matrix": [
      [
        1.0,
        0.32,
        -0.503,
        0.408,
        -0.254,
        -0.54,
        0.307,
        0.182
      ],
      [
        0.32,
        1.0,
        -0.152,
        0.244,
        0.157,
        0.154,
        0.325,
        0.032
      ],
      [
        -0.503,
        -0.152,
        1.0,
        -0.561,
        0.307,
        0.603,
        -0.375,
        -0.139
      ],
      [
        0.408,
        0.244,
        -0.561,
        1.0,
        -0.223,
        -0.546,
        0.288,
        0.05
      ],
      [
        -0.254,
        0.157,
        0.307,
        -0.223,
        1.0,
        0.442,
        -0.238,
        -0.131
      ],
      [
        -0.54,
        0.154,
        0.603,
        -0.546,
        0.442,
        1.0,
        -0.277,
        -0.111
      ],
      [
        0.307,
        0.325,
        -0.375,
        0.288,
        -0.238,
        -0.277,
        1.0,
        0.163
      ],
      [
        0.182,
        0.032,
        -0.139,
        0.05,
        -0.131,
        -0.111,
        0.163,
        1.0
      ]
    ]
  },
  "factor_exposures": [
    {
      "ticker": "CEG",
      "r_squared": 0.24731060570607866,
      "alpha_annual": -0.4260202801205442,
      "idio_vol_annual": 0.4050652771363859,
      "Market": 0.6936443273643422,
      "Size": 0.395293592003182,
      "Value (SMID)": -0.4724064299527412,
      "Momentum": 0.5458385489846225,
      "Quality": -0.8679178041430258,
      "Profitability": -0.5996650726017497,
      "Liquidity": -0.4386607086627836,
      "Credit": -0.9167410714303202
    },
    {
      "ticker": "CMI",
      "r_squared": 0.47789522721751265,
      "alpha_annual": 0.366205001947126,
      "idio_vol_annual": 0.24583382884134328,
      "Market": 1.1517021547563042,
      "Size": 0.8103517797083369,
      "Value (SMID)": 0.38811363322785003,
      "Momentum": 0.7004614563849018,
      "Quality": -0.003208647166075201,
      "Profitability": -0.18752989109756996,
      "Liquidity": -0.32195422797656137,
      "Credit": 0.8052365900548537
    },
    {
      "ticker": "CRWV",
      "r_squared": 0.2736432365384588,
      "alpha_annual": -1.0305989829014075,
      "idio_vol_annual": 0.8022025448474582,
      "Market": 1.051729620426835,
      "Size": 0.6371318920086182,
      "Value (SMID)": -1.9384552924818539,
      "Momentum": 0.6376590239993952,
      "Quality": -3.9894380609018443,
      "Profitability": -0.14678484186225652,
      "Liquidity": 0.40724786920047534,
      "Credit": 1.9418301866713485
    },
    {
      "ticker": "ESI",
      "r_squared": 0.5133977180933467,
      "alpha_annual": 0.2709168882501971,
      "idio_vol_annual": 0.2884813878739171,
      "Market": 1.6489707888443088,
      "Size": 0.9927451754936188,
      "Value (SMID)": -0.17028236453422013,
      "Momentum": 0.6783355695061861,
      "Quality": 0.24257381092242214,
      "Profitability": 0.22705520245831373,
      "Liquidity": -0.7250840939236247,
      "Credit": 0.23502547280031647
    },
    {
      "ticker": "GENC",
      "r_squared": 0.3279430410744535,
      "alpha_annual": -0.41596381808834965,
      "idio_vol_annual": 0.3230062887416126,
      "Market": 1.288025500324686,
      "Size": 1.2375088907877323,
      "Value (SMID)": 1.1492323508082518,
      "Momentum": -0.02244109786873123,
      "Quality": -0.7717539653825591,
      "Profitability": 0.09876141975782747,
      "Liquidity": -0.19205387592103604,
      "Credit": 0.6574890715759186
    },
    {
      "ticker": "GRPN",
      "r_squared": 0.1645738594429832,
      "alpha_annual": -1.069568182965766,
      "idio_vol_annual": 0.6313418830581967,
      "Market": 1.9111982325960564,
      "Size": 0.3385116396944755,
      "Value (SMID)": -1.014624885251575,
      "Momentum": -0.1515242204411384,
      "Quality": -1.5693697079334479,
      "Profitability": 1.552808058246396,
      "Liquidity": 0.1585798328970478,
      "Credit": 1.1537934050907854
    },
    {
      "ticker": "JAKK",
      "r_squared": 0.27230705548542833,
      "alpha_annual": -0.2382713217546911,
      "idio_vol_annual": 0.35119405063021514,
      "Market": 1.2477680201879229,
      "Size": 1.054161167533067,
      "Value (SMID)": 0.854506748574416,
      "Momentum": -0.3497192699808559,
      "Quality": 1.368084768721857,
      "Profitability": -0.3623704556111483,
      "Liquidity": 0.3086429806461147,
      "Credit": -0.5075905707228033
    },
    {
      "ticker": "KSPI",
      "r_squared": 0.21666223262015416,
      "alpha_annual": -0.13753665793186365,
      "idio_vol_annual": 0.3226042134452526,
      "Market": 1.190095834681132,
      "Size": 0.4603701582329002,
      "Value (SMID)": -0.32106601616498137,
      "Momentum": -0.4873002527900679,
      "Quality": 0.08108607112831834,
      "Profitability": 0.06893578827892952,
      "Liquidity": -0.058369807727599136,
      "Credit": 0.48671414930604473
    },
    {
      "ticker": "OPEN",
      "r_squared": 0.12445060892059157,
      "alpha_annual": 1.4610102147645505,
      "idio_vol_annual": 1.341469685672041,
      "Market": 3.0469138478824775,
      "Size": 1.295681469687779,
      "Value (SMID)": -1.6182119576428255,
      "Momentum": -1.9014192915201857,
      "Quality": 0.983186342428243,
      "Profitability": 0.9409445319009222,
      "Liquidity": 1.7754072655968205,
      "Credit": -2.9314426155378195
    },
    {
      "ticker": "PYPL",
      "r_squared": 0.297345172705087,
      "alpha_annual": -0.6834778921955458,
      "idio_vol_annual": 0.3368149220438137,
      "Market": 1.800038039357399,
      "Size": -0.34726319614708795,
      "Value (SMID)": -0.9511766029684264,
      "Momentum": -0.887227580533252,
      "Quality": 1.4700337828429755,
      "Profitability": 0.6831553811554444,
      "Liquidity": 0.3735793634530683,
      "Credit": -0.07049171692278171
    },
    {
      "ticker": "TENB",
      "r_squared": 0.15262039046526565,
      "alpha_annual": -0.3311964824517531,
      "idio_vol_annual": 0.4091656780353228,
      "Market": 1.4537549780091312,
      "Size": -0.12058293857429223,
      "Value (SMID)": -0.8671945185883687,
      "Momentum": -0.30706753442786094,
      "Quality": -0.5662418001576989,
      "Profitability": 1.4100242077853185,
      "Liquidity": -0.10393389648064219,
      "Credit": -0.2698861515621582
    },
    {
      "ticker": "VIA",
      "r_squared": 0.11159321111979748,
      "alpha_annual": -1.546672992869864,
      "idio_vol_annual": 0.677757881205665,
      "Market": 0.9680829645023746,
      "Size": 0.4534983688768901,
      "Value (SMID)": -1.4164546688793396,
      "Momentum": -1.0251368245270367,
      "Quality": -1.6025299361154224,
      "Profitability": 0.49786037901988206,
      "Liquidity": 0.6479088664430042,
      "Credit": -0.7787317326823627
    },
    {
      "ticker": "VST",
      "r_squared": 0.2924764692022832,
      "alpha_annual": -0.4207073124035246,
      "idio_vol_annual": 0.41247257016960753,
      "Market": 0.6095121963113779,
      "Size": 0.8005603784925567,
      "Value (SMID)": -0.6757890364283107,
      "Momentum": 0.609910333930396,
      "Quality": -1.8153595418137702,
      "Profitability": -0.5096467718973228,
      "Liquidity": -0.7791282144758195,
      "Credit": -0.7981435009875457
    },
    {
      "ticker": "XNET",
      "r_squared": 0.17346427550367327,
      "alpha_annual": -0.30308377684412297,
      "idio_vol_annual": 0.6711205486582236,
      "Market": 1.792254423024469,
      "Size": 0.2208192768326689,
      "Value (SMID)": -0.755925586006241,
      "Momentum": -0.350488295014675,
      "Quality": 0.27853862141780766,
      "Profitability": 0.6155427057845986,
      "Liquidity": 1.124798853412289,
      "Credit": 2.47869648928192
    },
    {
      "ticker": "ZS",
      "r_squared": 0.09293751446294174,
      "alpha_annual": -0.9577582658109961,
      "idio_vol_annual": 0.5970215366554671,
      "Market": 1.3259798096189277,
      "Size": -0.37980117287714327,
      "Value (SMID)": -1.1533609314341864,
      "Momentum": -0.9340724604156426,
      "Quality": -0.9502765259362053,
      "Profitability": 0.9306170011685261,
      "Liquidity": 0.21022125638713163,
      "Credit": 0.17737062785371782
    },
    {
      "ticker": "ZTS",
      "r_squared": 0.1700999542688011,
      "alpha_annual": -0.8949092892555749,
      "idio_vol_annual": 0.34402273756736634,
      "Market": 1.3393828892678834,
      "Size": 0.15624883929849467,
      "Value (SMID)": 0.05852088119926294,
      "Momentum": -0.2675102879468934,
      "Quality": 1.0743284668893813,
      "Profitability": 0.7466194570083604,
      "Liquidity": 0.07786254075000208,
      "Credit": -0.8185422495383985
    }
  ],
  "portfolio_factor_exposure": {
    "loadings": {
      "Market": 1.4367454057223963,
      "Size": 0.433378593951719,
      "Value (SMID)": -0.5626269530970952,
      "Momentum": -0.19121404456684493,
      "Quality": -0.5670498232480266,
      "Profitability": 0.5846438891815615,
      "Liquidity": 0.11434709250837735,
      "Credit": 0.37998598005353096
    },
    "alpha_annual": -0.4667242857969809,
    "r_squared_weighted": 0.2305697219177621
  },
  "stress_tests": [
    {
      "scenario": "COVID Crash (Feb-Mar 2020)",
      "market_move": -0.339,
      "portfolio_impact": -0.5186353688384895,
      "stressed_nav": 495151.9876411037,
      "pnl": -533490.2423588963,
