{
  "generated_at": "2026-06-09T22:07:08.424716Z",
  "market_session": "AFTER",
  "fund_name": "Convex Capital",
  "tagline": "Lose small. Win big. \u2014 Paper-traded portfolio. Hypothetical performance for educational purposes only.",
  "summary": {
    "nav": 962533.5400000002,
    "cash": 106353.45000000003,
    "equity": 856180.0900000001,
    "deposits": 1000000.0,
    "total_return": -0.03746645999999987,
    "realized_pnl": 0.0,
    "open_positions": 16
  },
  "metrics": {
    "annualized_return": -0.30732671649706267,
    "annualized_vol": 0.29372963313930817,
    "sharpe": -1.0462911528960572,
    "sortino": -1.4225506720953816,
    "max_drawdown": -0.41849224316158196,
    "var_95_1d": -0.03592618722330544,
    "method": "Synthetic: current weights \u00d7 each holding's 252-day return history.",
    "beta_spy": 1.573359492976105,
    "data_basis": "synthetic_252d",
    "days_of_live_nav": 7
  },
  "nav_curve": [
    {
      "date": "2026-06-01",
      "value": 999876.7628759766
    },
    {
      "date": "2026-06-02",
      "value": 1004058.1192620469
    },
    {
      "date": "2026-06-03",
      "value": 988718.7906235124
    },
    {
      "date": "2026-06-04",
      "value": 1000919.7487734223
    },
    {
      "date": "2026-06-05",
      "value": 963668.4124958802
    },
    {
      "date": "2026-06-08",
      "value": 962233.467066555
    },
    {
      "date": "2026-06-09",
      "value": 962533.5305816651
    }
  ],
  "drawdown_curve": [
    {
      "date": "2026-06-01",
      "value": 0.0
    },
    {
      "date": "2026-06-02",
      "value": 0.0
    },
    {
      "date": "2026-06-03",
      "value": -0.015277331405684446
    },
    {
      "date": "2026-06-04",
      "value": -0.003125686081729177
    },
    {
      "date": "2026-06-05",
      "value": -0.040226462981895875
    },
    {
      "date": "2026-06-08",
      "value": -0.04165560876718144
    },
    {
      "date": "2026-06-09",
      "value": -0.04135675802402865
    }
  ],
  "benchmarks": {
    "SPY": [
      {
        "date": "2026-06-01",
        "value": 0.0
      },
      {
        "date": "2026-06-02",
        "value": 0.0013579103629497435
      },
      {
        "date": "2026-06-03",
        "value": -0.005668768842152949
      },
      {
        "date": "2026-06-04",
        "value": -0.0019115026417536596
      },
      {
        "date": "2026-06-05",
        "value": -0.027671567540792585
      },
      {
        "date": "2026-06-08",
        "value": -0.02546999220062507
      },
      {
        "date": "2026-06-09",
        "value": -0.028330728579740505
      }
    ],
    "IWM": [
      {
        "date": "2026-06-01",
        "value": 0.0
      },
      {
        "date": "2026-06-02",
        "value": 0.009273972502921835
      },
      {
        "date": "2026-06-03",
        "value": -0.004533177066893157
      },
      {
        "date": "2026-06-04",
        "value": 0.010485150059186044
      },
      {
        "date": "2026-06-05",
        "value": -0.02536513534214846
      },
      {
        "date": "2026-06-08",
        "value": -0.01685246539421037
      },
      {
        "date": "2026-06-09",
        "value": -0.01370344598970763
      }
    ]
  },
  "holdings": [
    {
      "ticker": "GRPN",
      "company": "Groupon, Inc.",
      "sector": "Communication Services",
      "country": "United States",
      "shares": 11310.0,
      "price": 16.61,
      "cost_basis": 17.682836427939876,
      "market_value": 187859.1,
      "unrealized_pnl": -12133.779999999999,
      "short_percent_of_float": 0.5812,
      "short_ratio": 4.89
    },
    {
      "ticker": "KSPI",
      "company": "Joint Stock Company Kaspi.kz",
      "sector": "Technology",
      "country": "Kazakhstan",
      "shares": 1515.0,
      "price": 78.1,
      "cost_basis": 82.53049504950495,
      "market_value": 118321.49999999999,
      "unrealized_pnl": -6712.200000000007,
      "short_percent_of_float": 0.015700001,
      "short_ratio": 2.81
    },
    {
      "ticker": "ZS",
      "company": "Zscaler, Inc.",
      "sector": "Technology",
      "country": "United States",
      "shares": 700.0,
      "price": 125.84,
      "cost_basis": 133.6149857142857,
      "market_value": 88088.0,
      "unrealized_pnl": -5442.489999999983,
      "short_percent_of_float": 0.1058,
      "short_ratio": 4.01
    },
    {
      "ticker": "JAKK",
      "company": "JAKKS Pacific, Inc.",
      "sector": "Consumer Cyclical",
      "country": "United States",
      "shares": 3436.0,
      "price": 21.89,
      "cost_basis": 21.83,
      "market_value": 75214.04000000001,
      "unrealized_pnl": 206.1600000000078,
      "short_percent_of_float": 0.0339,
      "short_ratio": 6.7
    },
    {
      "ticker": "VIA",
      "company": "Via Transportation, Inc.",
      "sector": "Technology",
      "country": "United States",
      "shares": 4921.0,
      "price": 14.65,
      "cost_basis": 15.241408250355619,
      "market_value": 72092.65000000001,
      "unrealized_pnl": -2910.319999999998,
      "short_percent_of_float": 0.1248,
      "short_ratio": 7.65
    },
    {
      "ticker": "CMI",
      "company": "Cummins Inc.",
      "sector": "Industrials",
      "country": "United States",
      "shares": 78.0,
      "price": 669.23,
      "cost_basis": 643.5,
      "market_value": 52199.94,
      "unrealized_pnl": 2006.9400000000014,
      "short_percent_of_float": 0.014400001,
      "short_ratio": 1.92
    },
    {
      "ticker": "XNET",
      "company": "Xunlei Limited",
      "sector": "Technology",
      "country": "China",
      "shares": 10526.0,
      "price": 4.91,
      "cost_basis": 4.75,
      "market_value": 51682.66,
      "unrealized_pnl": 1684.1600000000014,
      "short_percent_of_float": 0.0322,
      "short_ratio": 6.99
    },
    {
      "ticker": "CRWV",
      "company": "CoreWeave, Inc.",
      "sector": "Technology",
      "country": "United States",
      "shares": 468.0,
      "price": 98.45,
      "cost_basis": 106.78134615384614,
      "market_value": 46074.6,
      "unrealized_pnl": -3899.0699999999943,
      "short_percent_of_float": 0.1714,
      "short_ratio": 1.75
    },
    {
      "ticker": "BABA",
      "company": "Alibaba Group Holding Limited",
      "sector": "Consumer Cyclical",
      "country": "Hong Kong",
      "shares": 299.0,
      "price": 119.7,
      "cost_basis": 125.39999999999999,
      "market_value": 35790.3,
      "unrealized_pnl": -1704.2999999999965,
      "short_percent_of_float": 0.0197,
      "short_ratio": 3.3
    },
    {
      "ticker": "PYPL",
      "company": "PayPal Holdings, Inc.",
      "sector": "Financial Services",
      "country": "United States",
      "shares": 830.0,
      "price": 41.46,
      "cost_basis": 45.19,
      "market_value": 34411.8,
      "unrealized_pnl": -3095.8999999999974,
      "short_percent_of_float": 0.0545,
      "short_ratio": 2.87
    },
    {
      "ticker": "ZTS",
      "company": "Zoetis Inc.",
      "sector": "Healthcare",
      "country": "United States",
      "shares": 312.0,
      "price": 82.2,
      "cost_basis": 80.09,
      "market_value": 25646.4,
      "unrealized_pnl": 658.3199999999998,
      "short_percent_of_float": 0.036,
      "short_ratio": 1.79
    },
    {
      "ticker": "AVAV",
      "company": "AeroVironment, Inc.",
      "sector": "Industrials",
      "country": "United States",
      "shares": 122.0,
      "price": 176.51,
      "cost_basis": 204.09,
      "market_value": 21534.219999999998,
      "unrealized_pnl": -3364.7600000000016,
      "short_percent_of_float": 0.12109999,
      "short_ratio": 3.92
    },
    {
      "ticker": "GENC",
      "company": "Gencor Industries, Inc.",
      "sector": "Industrials",
      "country": "United States",
      "shares": 873.0,
      "price": 15.01,
      "cost_basis": 14.32,
      "market_value": 13103.73,
      "unrealized_pnl": 602.3699999999995,
      "short_percent_of_float": 0.0061000003,
      "short_ratio": 2.96
    },
    {
      "ticker": "VST",
      "company": "Vistra Corp.",
      "sector": "Utilities",
      "country": "United States",
      "shares": 81.0,
      "price": 146.22,
      "cost_basis": 154.76,
      "market_value": 11843.82,
      "unrealized_pnl": -691.7399999999993,
      "short_percent_of_float": 0.0461,
      "short_ratio": 2.83
    },
    {
      "ticker": "CEG",
      "company": "Constellation Energy Corporation",
      "sector": "Utilities",
      "country": "United States",
      "shares": 47.0,
      "price": 251.65,
      "cost_basis": 265.7,
      "market_value": 11827.550000000001,
      "unrealized_pnl": -660.3499999999992,
      "short_percent_of_float": 0.0325,
      "short_ratio": 3.35
    },
    {
      "ticker": "OPEN",
      "company": "Opendoor Technologies Inc.",
      "sector": "Real Estate",
      "country": "United States",
      "shares": 2417.0,
      "price": 4.34,
      "cost_basis": 5.171402565163425,
      "market_value": 10489.779999999999,
      "unrealized_pnl": -2009.4999999999986,
      "short_percent_of_float": 0.14819999,
      "short_ratio": 3.26
    }
  ],
  "sector_exposure": [
    {
      "name": "Technology",
      "value": 376259.41000000003,
      "pct": 0.39090524575382585
    },
    {
      "name": "Communication Services",
      "value": 187859.1,
      "pct": 0.19517148462172026
    },
    {
      "name": "Consumer Cyclical",
      "value": 111004.34000000001,
      "pct": 0.11532516570799184
    },
    {
      "name": "Cash",
      "value": 106353.45000000003,
      "pct": 0.11049324057840106
    },
    {
      "name": "Industrials",
      "value": 86837.89,
      "pct": 0.09021804060978486
    },
    {
      "name": "Financial Services",
      "value": 34411.8,
      "pct": 0.035751273664707824
    },
    {
      "name": "Healthcare",
      "value": 25646.4,
      "pct": 0.026644681908954568
    },
    {
      "name": "Utilities",
      "value": 23671.370000000003,
      "pct": 0.0245927741904973
    },
    {
      "name": "Real Estate",
      "value": 10489.779999999999,
      "pct": 0.010898092964116344
    }
  ],
  "geographic_exposure": [
    {
      "name": "United States",
      "value": 650385.63,
      "pct": 0.6757017838567994
    },
    {
      "name": "Kazakhstan",
      "value": 118321.49999999999,
      "pct": 0.12292714495954081
    },
    {
      "name": "Cash",
      "value": 106353.45000000003,
      "pct": 0.11049324057840106
    },
    {
      "name": "China",
      "value": 51682.66,
      "pct": 0.05369439905439554
    },
    {
      "name": "Hong Kong",
      "value": 35790.3,
      "pct": 0.03718343155086315
    }
  ],
  "signals": [
    {
      "ticker": "AVAV",
      "label": "NEUTRAL",
      "composite": 0.0,
      "rsi": 45.4,
      "subs": {
        "rsi": 0.5,
        "macd": 0.5,
        "trend": -0.5,
        "bb": -0.5,
        "vol": 0.0,
        "range": 0.0
      }
    },
    {
      "ticker": "BABA",
      "label": "STRONG SELL",
      "composite": -2.0,
      "rsi": 35.8,
      "subs": {
        "rsi": 0.0,
        "macd": -0.5,
        "trend": -0.5,
        "bb": -0.5,
        "vol": 0.0,
        "range": -0.5
      }
    },
    {
      "ticker": "CEG",
      "label": "STRONG SELL",
      "composite": -2.0,
      "rsi": 35.5,
      "subs": {
        "rsi": 0.0,
        "macd": -0.5,
        "trend": -0.5,
        "bb": -0.5,
        "vol": 0.0,
        "range": -0.5
      }
    },
    {
      "ticker": "CMI",
      "label": "NEUTRAL",
      "composite": 0.0,
      "rsi": 52.2,
      "subs": {
        "rsi": 0.5,
        "macd": -0.5,
        "trend": 0.5,
        "bb": -0.5,
        "vol": 0.0,
        "range": 0.0
      }
    },
    {
      "ticker": "CRWV",
      "label": "SELL",
      "composite": -1.5,
      "rsi": 42.3,
      "subs": {
        "rsi": 0.0,
        "macd": -0.5,
        "trend": 0.0,
        "bb": -0.5,
        "vol": 0.0,
        "range": -0.5
      }
    },
    {
      "ticker": "GENC",
      "label": "STRONG BUY",
      "composite": 2.5,
      "rsi": 54.5,
      "subs": {
        "rsi": 0.5,
        "macd": 0.5,
        "trend": 0.5,
        "bb": 0.5,
        "vol": 0.0,
        "range": 0.5
      }
    },
    {
      "ticker": "GRPN",
      "label": "SELL",
      "composite": -1.0,
      "rsi": 46.5,
      "subs": {
        "rsi": 0.5,
        "macd": -0.5,
        "trend": 0.0,
        "bb": -0.5,
        "vol": 0.0,
        "range": -0.5
      }
    },
    {
      "ticker": "JAKK",
      "label": "BUY",
      "composite": 1.0,
      "rsi": 51.0,
      "subs": {
        "rsi": 0.5,
        "macd": -0.5,
        "trend": 0.5,
        "bb": 0.5,
        "vol": 0.0,
        "range": 0.0
      }
    },
    {
      "ticker": "KSPI",
      "label": "SELL",
      "composite": -1.5,
      "rsi": 29.5,
      "subs": {
        "rsi": -0.5,
        "macd": -0.5,
        "trend": 0.0,
        "bb": 0.0,
        "vol": 0.0,
        "range": -0.5
      }
    },
    {
      "ticker": "OPEN",
      "label": "STRONG SELL",
      "composite": -2.0,
      "rsi": 40.2,
      "subs": {
        "rsi": 0.0,
        "macd": -0.5,
        "trend": -0.5,
        "bb": -0.5,
        "vol": 0.0,
        "range": -0.5
      }
    },
    {
      "ticker": "PYPL",
      "label": "STRONG SELL",
      "composite": -2.0,
      "rsi": 30.9,
      "subs": {
        "rsi": 0.0,
        "macd": -0.5,
        "trend": -0.5,
        "bb": -0.5,
        "vol": 0.0,
        "range": -0.5
      }
    },
    {
      "ticker": "VIA",
      "label": "LEAN BULL",
      "composite": 0.5,
      "rsi": 46.0,
      "subs": {
        "rsi": 0.5,
        "macd": 0.5,
        "trend": -0.5,
        "bb": -0.5,
        "vol": 0.5,
        "range": 0.0
      }
    },
    {
      "ticker": "VST",
      "label": "STRONG SELL",
      "composite": -2.0,
      "rsi": 42.8,
      "subs": {
        "rsi": 0.0,
        "macd": -0.5,
        "trend": -0.5,
        "bb": -0.5,
        "vol": -0.5,
        "range": 0.0
      }
    },
    {
      "ticker": "XNET",
      "label": "SELL",
      "composite": -1.5,
      "rsi": 36.6,
      "subs": {
        "rsi": 0.0,
        "macd": -0.5,
        "trend": -0.5,
        "bb": -0.5,
        "vol": 0.5,
        "range": -0.5
      }
    },
    {
      "ticker": "ZS",
      "label": "STRONG SELL",
      "composite": -2.0,
      "rsi": 40.0,
      "subs": {
        "rsi": 0.0,
        "macd": -0.5,
        "trend": -0.5,
        "bb": -0.5,
        "vol": 0.0,
        "range": -0.5
      }
    },
    {
      "ticker": "ZTS",
      "label": "BUY",
      "composite": 1.0,
      "rsi": 42.0,
      "subs": {
        "rsi": 0.0,
        "macd": 0.5,
        "trend": -0.5,
        "bb": 0.5,
        "vol": 0.0,
        "range": 0.5
      }
    }
  ],
  "volatility": [
    {
      "ticker": "AVAV",
      "hv20": 0.9041475196121159,
      "garch": 0.7594227299863096,
      "expansion": -0.16006767312472867,
      "regime": "HIGH",
      "signal": "WEAK"
    },
    {
      "ticker": "BABA",
      "hv20": 0.4691470073125419,
      "garch": 0.42293202732139246,
      "expansion": -0.09850852562374204,
      "regime": "HIGH",
      "signal": "WEAK"
    },
    {
      "ticker": "CEG",
      "hv20": 0.5543613440656731,
      "garch": 0.5639645516751423,
      "expansion": 0.017323010906639884,
      "regime": "HIGH",
      "signal": "WEAK"
    },
    {
      "ticker": "CMI",
      "hv20": 0.4140422334856976,
      "garch": 0.34357995696062316,
      "expansion": -0.1701813748125973,
      "regime": "HIGH",
      "signal": "WEAK"
    },
    {
      "ticker": "CRWV",
      "hv20": 0.8068502339628638,
      "garch": 0.979009712203721,
      "expansion": 0.2133722852074937,
      "regime": "LOW",
      "signal": "SIGNAL"
    },
    {
      "ticker": "GENC",
      "hv20": 0.39971097844241543,
      "garch": 0.4315121460943915,
      "expansion": 0.07956040581096398,
      "regime": "NORMAL",
      "signal": "WEAK"
    },
    {
      "ticker": "GRPN",
      "hv20": 0.8668329197500287,
      "garch": 0.7977034210380083,
      "expansion": -0.07974950781974863,
      "regime": "HIGH",
      "signal": "WEAK"
    },
    {
      "ticker": "JAKK",
      "hv20": 0.24673102849674539,
      "garch": 0.46338305432118476,
      "expansion": 0.8780899068286306,
      "regime": "LOW",
      "signal": "SIGNAL"
    },
    {
      "ticker": "KSPI",
      "hv20": 0.2781018711674871,
      "garch": 0.4102123797462632,
      "expansion": 0.47504358034043015,
      "regime": "NORMAL",
      "signal": "SIGNAL"
    },
    {
      "ticker": "OPEN",
      "hv20": 0.7316737433716437,
      "garch": 0.8910296928479596,
      "expansion": 0.21779645766975847,
      "regime": "LOW",
      "signal": "SIGNAL"
    },
    {
      "ticker": "PYPL",
      "hv20": 0.23625322449182531,
      "garch": 0.390344057487322,
      "expansion": 0.6522274281205775,
      "regime": "LOW",
      "signal": "SIGNAL"
    },
    {
      "ticker": "VIA",
      "hv20": 1.0074152037558515,
      "garch": null,
      "expansion": null,
      "regime": "NORMAL",
      "signal": "WEAK"
    },
    {
      "ticker": "VST",
      "hv20": 0.48602030556801334,
      "garch": 0.5601761293625291,
      "expansion": 0.15257762473082204,
      "regime": "NORMAL",
      "signal": "BASE"
    },
    {
      "ticker": "XNET",
      "hv20": 0.768038615207305,
      "garch": 0.7930282797272455,
      "expansion": 0.03253698971007529,
      "regime": "HIGH",
      "signal": "WEAK"
    },
    {
      "ticker": "ZS",
      "hv20": 1.580114542705054,
      "garch": 0.5459300401944508,
      "expansion": -0.6544997052809514,
      "regime": "EXTREME",
      "signal": "WEAK"
    },
    {
      "ticker": "ZTS",
      "hv20": 0.31855379938752687,
      "garch": 0.35864418934664477,
      "expansion": 0.1258512378009567,
      "regime": "HIGH",
      "signal": "BASE"
    }
  ],
  "correlation": {
    "tickers": [
      "AVAV",
      "BABA",
      "CEG",
      "CMI",
      "CRWV",
      "GENC",
      "GRPN",
      "JAKK",
      "KSPI",
      "OPEN",
      "PYPL",
      "VIA",
      "VST",
      "XNET",
      "ZS",
      "ZTS"
    ],
    "matrix": [
      [
        1.0,
        0.131,
        0.262,
        0.248,
        0.309,
        0.095,
        0.229,
        0.081,
        0.098,
        0.335,
        0.198,
        0.034,
        0.301,
        0.327,
        0.176,
        0.06
      ],
      [
        0.131,
        1.0,
        0.181,
        0.334,
        0.352,
        0.131,
        0.191,
        0.117,
        0.213,
        0.196,
        0.244,
        -0.037,
        0.226,
        0.477,
        0.038,
        0.075
      ],
      [
        0.262,
        0.181,
        1.0,
        0.311,
        0.217,
        0.149,
        0.081,
        0.09,
        0.051,
        0.191,
        0.124,
        0.006,
        0.796,
        0.247,
        0.04,
        0.122
      ],
      [
        0.248,
        0.334,
        0.311,
        1.0,
        0.368,
        0.361,
        0.185,
        0.151,
        0.233,
        0.2,
        0.065,
        0.007,
        0.321,
        0.313,
        -0.055,
        0.197
      ],
      [
        0.309,
        0.352,
        0.217,
        0.368,
        1.0,
        0.118,
        0.164,
        0.06,
        0.135,
        0.24,
        0.131,
        0.225,
        0.309,
        0.369,
        0.183,
        0.081
      ],
      [
        0.095,
        0.131,
        0.149,
        0.361,
        0.118,
        1.0,
        0.161,
        0.316,
        0.155,
        0.131,
        0.098,
        0.066,
        0.172,
        0.168,
        0.051,
        0.155
      ],
      [
        0.229,
        0.191,
        0.081,
        0.185,
        0.164,
        0.161,
        1.0,
        0.151,
        0.331,
        0.306,
        0.262,
        0.178,
        0.114,
        0.222,
        0.147,
        0.164
      ],
      [
        0.081,
        0.117,
        0.09,
        0.151,
        0.06,
        0.316,
        0.151,
        1.0,
        0.104,
        0.139,
        0.215,
        0.142,
        0.061,
        0.197,
        -0.052,
        0.138
      ],
      [
        0.098,
        0.213,
        0.051,
        0.233,
        0.135,
        0.155,
        0.331,
        0.104,
        1.0,
        0.246,
        0.252,
        0.15,
        0.084,
        0.187,
        0.157,
        0.191
      ],
      [
        0.335,
        0.196,
        0.191,
        0.2,
        0.24,
        0.131,
        0.306,
        0.139,
        0.246,
        1.0,
        0.239,
        0.163,
        0.263,
        0.342,
        0.063,
        0.164
      ],
      [
        0.198,
        0.244,
        0.124,
        0.065,
        0.131,
        0.098,
        0.262,
        0.215,
        0.252,
        0.239,
        1.0,
        0.159,
        0.063,
        0.327,
        0.205,
        0.171
      ],
      [
        0.034,
        -0.037,
        0.006,
        0.007,
        0.225,
        0.066,
        0.178,
        0.142,
        0.15,
        0.163,
        0.159,
        1.0,
        0.061,
        0.189,
        0.369,
        0.022
      ],
      [
        0.301,
        0.226,
        0.796,
        0.321,
        0.309,
        0.172,
        0.114,
        0.061,
        0.084,
        0.263,
        0.063,
        0.061,
        1.0,
        0.268,
        0.07,
        0.09
      ],
      [
        0.327,
        0.477,
        0.247,
        0.313,
        0.369,
        0.168,
        0.222,
        0.197,
        0.187,
        0.342,
        0.327,
        0.189,
        0.268,
        1.0,
        0.219,
        0.044
      ],
      [
        0.176,
        0.038,
        0.04,
        -0.055,
        0.183,
        0.051,
        0.147,
        -0.052,
        0.157,
        0.063,
        0.205,
        0.369,
        0.07,
        0.219,
        1.0,
        -0.037
      ],
      [
        0.06,
        0.075,
        0.122,
        0.197,
        0.081,
        0.155,
        0.164,
        0.138,
        0.191,
        0.164,
        0.171,
        0.022,
        0.09,
        0.044,
        -0.037,
        1.0
      ]
    ]
  },
  "residual_correlation": {
    "tickers": [
      "AVAV",
      "BABA",
      "CEG",
      "CMI",
      "CRWV",
      "GENC",
      "GRPN",
      "JAKK",
      "KSPI",
      "OPEN",
      "PYPL",
      "VIA",
      "VST",
      "XNET",
      "ZS",
      "ZTS"
    ],
    "matrix": [
      [
        1.0,
        -0.014,
        0.114,
        0.065,
        0.117,
        -0.035,
        0.079,
        -0.058,
        -0.112,
        0.148,
        0.007,
        -0.14,
        0.148,
        0.155,
        0.102,
        -0.062
      ],
      [
        -0.014,
        1.0,
        0.011,
        0.102,
        0.188,
        -0.08,
        0.026,
        -0.046,
        0.035,
        0.041,
        0.123,
        -0.162,
        0.056,
        0.345,
        -0.049,
        -0.022
      ],
      [
        0.114,
        0.011,
        1.0,
        0.031,
        -0.04,
        0.031,
        -0.057,
        -0.014,
        -0.121,
        0.031,
        0.039,
        -0.093,
        0.731,
        0.083,
        0.018,
        0.083
      ],
      [
        0.065,
        0.102,
        0.031,
        1.0,
        0.097,
        0.069,
        -0.064,
        -0.146,
        -0.01,
        -0.067,
        -0.104,
        -0.115,
        -0.005,
        0.016,
        -0.12,
        0.067
      ],
      [
        0.117,
        0.188,
        -0.04,
        0.097,
        1.0,
        0.014,
        -0.042,
        -0.034,
        -0.093,
        0.017,
        -0.043,
        0.107,
        0.056,
        0.105,
        0.129,
        0.042
      ],
      [
        -0.035,
        -0.08,
        0.031,
        0.069,
        0.014,
        1.0,
        -0.025,
        0.063,
        -0.075,
        -0.076,
        0.006,
        -0.01,
        0.033,
        -0.036,
        0.011,
        -0.045
      ],
      [
        0.079,
        0.026,
        -0.057,
        -0.064,
        -0.042,
        -0.025,
        1.0,
        0.009,
        0.161,
        0.11,
        0.091,
        0.054,
        -0.039,
        -0.008,
        0.045,
        0.04
      ],
      [
        -0.058,
        -0.046,
        -0.014,
        -0.146,
        -0.034,
        0.063,
        0.009,
        1.0,
        -0.095,
        -0.028,
        0.103,
        0.081,
        -0.052,
        0.028,
        -0.118,
        -0.049
      ],
      [
        -0.112,
        0.035,
        -0.121,
        -0.01,
        -0.093,
        -0.075,
        0.161,
        -0.095,
        1.0,
        0.064,
        0.072,
        0.019,
        -0.109,
        -0.035,
        0.057,
        0.059
      ],
      [
        0.148,
        0.041,
        0.031,
        -0.067,
        0.017,
        -0.076,
        0.11,
        -0.028,
        0.064,
        1.0,
        0.065,
        0.032,
        0.107,
        0.157,
        -0.044,
        0.024
      ],
      [
        0.007,
        0.123,
        0.039,
        -0.104,
        -0.043,
        0.006,
        0.091,
        0.103,
        0.072,
        0.065,
        1.0,
        0.001,
        -0.044,
        0.182,
        0.066,
        0.026
      ],
      [
        -0.14,
        -0.162,
        -0.093,
        -0.115,
        0.107,
        -0.01,
        0.054,
        0.081,
        0.019,
        0.032,
        0.001,
        1.0,
        -0.037,
        0.054,
        0.303,
        -0.063
      ],
      [
        0.148,
        0.056,
        0.731,
        -0.005,
        0.056,
        0.033,
        -0.039,
        -0.052,
        -0.109,
        0.107,
        -0.044,
        -0.037,
        1.0,
        0.087,
        0.05,
        0.039
      ],
      [
        0.155,
        0.345,
        0.083,
        0.016,
        0.105,
        -0.036,
        -0.008,
        0.028,
        -0.035,
        0.157,
        0.182,
        0.054,
        0.087,
        1.0,
        0.138,
        -0.097
      ],
      [
        0.102,
        -0.049,
        0.018,
        -0.12,
        0.129,
        0.011,
        0.045,
        -0.118,
        0.057,
        -0.044,
        0.066,
        0.303,
        0.05,
        0.138,
        1.0,
        -0.112
      ],
      [
        -0.062,
        -0.022,
        0.083,
        0.067,
        0.042,
        -0.045,
        0.04,
        -0.049,
        0.059,
        0.024,
        0.026,
        -0.063,
        0.039,
        -0.097,
        -0.112,
        1.0
      ]
    ]
  },
  "factor_correlation": {
    "factors": [
      "Market",
      "Size",
      "Value (SMID)",
      "Momentum",
      "Quality",
      "Profitability",
      "Liquidity",
      "Credit"
    ],
    "matrix": [
      [
        1.0,
        0.352,
        -0.474,
        0.378,
        -0.187,
        -0.524,
        0.317,
        0.183
      ],
      [
        0.352,
        1.0,
        -0.157,
        0.229,
        0.137,
        0.159,
        0.332,
        0.048
      ],
      [
        -0.474,
        -0.157,
        1.0,
        -0.526,
        0.268,
        0.563,
        -0.373,
        -0.138
      ],
      [
        0.378,
        0.229,
        -0.526,
        1.0,
        -0.202,
        -0.509,
        0.276,
        0.036
      ],
      [
        -0.187,
        0.137,
        0.268,
        -0.202,
        1.0,
        0.399,
        -0.221,
        -0.13
      ],
      [
        -0.524,
        0.159,
        0.563,
        -0.509,
        0.399,
        1.0,
        -0.271,
        -0.089
      ],
      [
        0.317,
        0.332,
        -0.373,
        0.276,
        -0.221,
        -0.271,
        1.0,
        0.16
      ],
      [
        0.183,
        0.048,
        -0.138,
        0.036,
        -0.13,
        -0.089,
        0.16,
        1.0
      ]
    ]
  },
  "factor_exposures": [
    {
      "ticker": "AVAV",
      "r_squared": 0.17808980550241715,
      "alpha_annual": -0.2668636599388177,
      "idio_vol_annual": 0.663836417470448,
      "Market": 1.031675248229471,
      "Size": 0.7510165994976049,
      "Value (SMID)": -2.1442565708073835,
      "Momentum": -0.5731601720440871,
      "Quality": -1.4368573259749233,
      "Profitability": 0.06375675956098933,
      "Liquidity": 0.09995935316399257,
      "Credit": -1.6704927114116914
    },
    {
      "ticker": "BABA",
      "r_squared": 0.15345536886768818,
      "alpha_annual": -0.2991706350679662,
      "idio_vol_annual": 0.3965666462423269,
      "Market": 1.1974605195426988,
      "Size": 0.1767112443969702,
      "Value (SMID)": 0.23509097981135332,
      "Momentum": -0.13455196424188437,
      "Quality": -0.21236871157098358,
      "Profitability": -0.23826503075984692,
      "Liquidity": 0.22400308519515852,
      "Credit": 0.9767099986771451
    },
    {
      "ticker": "CEG",
      "r_squared": 0.2502638303292869,
      "alpha_annual": -0.4003581464587185,
      "idio_vol_annual": 0.4033995549249933,
      "Market": 0.6923000788281887,
      "Size": 0.3841366648718633,
      "Value (SMID)": -0.48158622932949846,
      "Momentum": 0.6890244003896678,
      "Quality": -0.6625176242958825,
      "Profitability": -0.6701967786891618,
      "Liquidity": -0.4015500448539508,
      "Credit": -0.9293006254292816
    },
    {
      "ticker": "CMI",
      "r_squared": 0.4990565064475455,
      "alpha_annual": 0.3506545998677545,
      "idio_vol_annual": 0.23288109523318004,
      "Market": 1.1403953770699513,
      "Size": 0.8418357194062506,
      "Value (SMID)": 0.4260070050012778,
      "Momentum": 0.7886721409871948,
      "Quality": 0.36422612088812784,
      "Profitability": -0.1959723429995158,
      "Liquidity": -0.3095518439014759,
      "Credit": 0.9287104984123555
    },
    {
      "ticker": "CRWV",
      "r_squared": 0.28708408871440916,
      "alpha_annual": -0.8052266455076527,
      "idio_vol_annual": 0.8045964064410981,
      "Market": 0.9149428316756465,
      "Size": 0.7581909961804824,
      "Value (SMID)": -2.1643875586998718,
      "Momentum": 1.0216733770698276,
      "Quality": -4.609726197094599,
      "Profitability": -0.011893590526206,
      "Liquidity": 0.4148695014363442,
      "Credit": 1.53364275577454
    },
    {
      "ticker": "GENC",
      "r_squared": 0.334974640255737,
      "alpha_annual": -0.4269638481606405,
      "idio_vol_annual": 0.32688883065831453,
      "Market": 1.417004864706828,
      "Size": 1.1836134115004666,
      "Value (SMID)": 1.1701815009819558,
      "Momentum": -0.011325077783936356,
      "Quality": -0.5183935441354434,
      "Profitability": 0.1313353266846675,
      "Liquidity": -0.1641270190348283,
      "Credit": 0.608626152867217
    },
    {
      "ticker": "GRPN",
      "r_squared": 0.15458039288813108,
      "alpha_annual": -1.0798225946772808,
      "idio_vol_annual": 0.6309521379052695,
      "Market": 1.8431743549803448,
      "Size": 0.275037006050518,
      "Value (SMID)": -0.9077991696592991,
      "Momentum": -0.14374057621143796,
      "Quality": -1.8278592684487844,
      "Profitability": 1.403947180455083,
      "Liquidity": 0.14647703955728672,
      "Credit": 1.5877799232264798
    },
    {
      "ticker": "JAKK",
      "r_squared": 0.28553855141819473,
      "alpha_annual": -0.32427365634644456,
      "idio_vol_annual": 0.36068737864503964,
      "Market": 1.3893731832732275,
      "Size": 0.9957024461929559,
      "Value (SMID)": 0.8225918676662972,
      "Momentum": -0.39759730985635083,
      "Quality": 1.5925548605884252,
      "Profitability": -0.2958538141044252,
      "Liquidity": 0.3869895623488183,
      "Credit": -0.38030504794901143
    },
    {
      "ticker": "KSPI",
      "r_squared": 0.22710734663509413,
      "alpha_annual": -0.32341029894522066,
      "idio_vol_annual": 0.31666643708334163,
      "Market": 1.3198529501202916,
      "Size": 0.33930498783980345,
      "Value (SMID)": -0.2911515010091066,
      "Momentum": -0.5795758580697798,
      "Quality": 0.03744581405761276,
      "Profitability": 0.18266254919913366,
      "Liquidity": 0.008077441311442718,
      "Credit": 0.4334588171623981
    },
    {
      "ticker": "OPEN",
      "r_squared": 0.11889845628788209,
      "alpha_annual": 1.2812497017713926,
      "idio_vol_annual": 1.359369819420414,
      "Market": 2.996859140219748,
      "Size": 1.1629351747985819,
      "Value (SMID)": -1.7178091890266185,
      "Momentum": -1.638008914092661,
      "Quality": 1.5648629691420988,
      "Profitability": 1.0578505823882762,
      "Liquidity": 1.8351762136400607,
      "Credit": -2.9518813429705775
    },
    {
      "ticker": "PYPL",
      "r_squared": 0.30894342017555376,
      "alpha_annual": -0.7612733815592546,
      "idio_vol_annual": 0.33634628480380147,
      "Market": 1.8903511579737176,
      "Size": -0.42126807318993365,
      "Value (SMID)": -0.9230579741562548,
      "Momentum": -0.9463315244498468,
      "Quality": 1.582859794538305,
      "Profitability": 0.7568447237188427,
      "Liquidity": 0.47145332434571213,
      "Credit": -0.08782602346620787
    },
    {
      "ticker": "VIA",
      "r_squared": 0.12612260947933918,
      "alpha_annual": -1.6878132780812756,
      "idio_vol_annual": 0.6833614162064516,
      "Market": 1.2807883139526444,
      "Size": 0.2931347712572655,
      "Value (SMID)": -1.5122344138970536,
      "Momentum": -1.2596327550798987,
      "Quality": -1.7632905421459895,
      "Profitability": 0.6621081087837408,
      "Liquidity": 0.5765072402937823,
      "Credit": -0.9414286567552517
    },
    {
      "ticker": "VST",
      "r_squared": 0.2730538282240803,
      "alpha_annual": -0.40137912052114544,
      "idio_vol_annual": 0.41268062667628447,
      "Market": 0.5553440049561698,
      "Size": 0.7449978202005348,
      "Value (SMID)": -0.6888273317814215,
      "Momentum": 0.7313155820800492,
      "Quality": -1.6637414032767601,
      "Profitability": -0.5372376853006315,
      "Liquidity": -0.7254058615572839,
      "Credit": -0.7189665326268744
    },
    {
      "ticker": "XNET",
      "r_squared": 0.17161501679004199,
      "alpha_annual": -0.6377631629365026,
      "idio_vol_annual": 0.7248987080033082,
      "Market": 2.0090744195546235,
      "Size": 0.20426251873690007,
      "Value (SMID)": -0.6850592241986723,
      "Momentum": -0.6150995986867618,
      "Quality": 0.29058613234281927,
      "Profitability": 0.4910607289377701,
      "Liquidity": 1.318362999429595,
      "Credit": 2.486435552175866
    },
    {
      "ticker": "ZS",
      "r_squared": 0.09396070691278968,
      "alpha_annual": -1.011664651142876,
      "idio_vol_annual": 0.5956773298775762,
      "Market": 1.3787116565935384,
      "Size": -0.4623802162083242,
      "Value (SMID)": -1.168876393624694,
      "Momentum": -1.0453433967871646,
      "Quality": -1.0698573201648647,
      "Profitability": 0.8785688611773489,
      "Liquidity": 0.18072339019412517,
      "Credit": 0.059834816012144784
    },
    {
      "ticker": "ZTS",
      "r_squared": 0.17619396196546933,
      "alpha_annual": -0.9261851989564817,
      "idio_vol_annual": 0.34370528946864237,
      "Market": 1.391420178118068,
      "Size": 0.047657479506514284,
      "Value (SMID)": 0.06920092350219438,
      "Momentum": -0.150997876679126,
      "Quality": 1.4382462406751473,
      "Profitability": 0.876439895464546,
      "Liquidity": 0.10121977874658031,
      "Credit": -0.6825306674225868
    }
  ],
  "portfolio_factor_exposure": {
    "loadings": {
      "Market": 1.4679218431924217,
      "Size": 0.3350243801989562,
      "Value (SMID)": -0.6450559270490702,
      "Momentum": -0.35744843607561677,
      "Quality": -0.6820942015170296,
      "Profitability": 0.5170945430808603,
      "Liquidity": 0.25567324731224306,
      "Credit": 0.516211826121442
    },
    "alpha_annual": -0.6962449170159974,
    "r_squared_weighted": 0.20931612078724207
  },
  "stress_tests": [
    {
      "scenario": "COVID Crash (Feb-Mar 2020)",
      "market_move": -0.339,
      "portfolio_impact": -0.5333688681188996,
      "stressed_nav": 449148.1152437225,
      "pnl": -513385.42475627764,
      "description": "Rapid 33.9% selloff in SPY over 23 trading days as COVID-19 spread."
    },
    {
      "scenario": "2022 Rate Shock (Jan-Oct)",
      "market_move": -0.252,
      "portfolio_impact": -0.39648659222997845,
      "stressed_nav": 580901.8968183424,
      "pnl": -381631.64318165777,
      "description": "Grinding 9-month decline as the Fed hiked rates aggressively."
    },
    {
      "scenario": "GFC 2008-09",
      "market_move": -0.565,
      "portfolio_impact": -0.8889481135314993,
      "stressed_nav": 106891.16540620412,
      "pnl": -855642.374593796,
      "description": "Credit crisis bear market; SPY drew down 56.5% from Oct 2007 peak."
    },
    {
      "scenario": "Dot-Com Bust (2000-02)",
      "market_move": -0.491,
      "portfolio_impact": -0.7725195110512676,
      "stressed_nav": 218957.6003087543,
      "pnl": -743575.9396912458,
      "description": "Tech bubble burst; SPY -49.1% peak-to-trough over 30 months."
    },
    {
      "scenario": "Black Monday (Oct 1987)",
      "market_move": -0.204,
      "portfolio_impact": -0.3209653365671254,
      "stressed_nav": 653593.6383767534,
      "pnl": -308939.9016232467,
      "description": "Flash crash; -20.4% on a single trading day."
    },
    {
      "scenario": "Aug 2024 Yen Carry Unwind",
      "market_move": -0.084,
      "portfolio_impact": -0.13216219740999283,
      "stressed_nav": 835322.992272781,
      "pnl": -127210.54772721918,
      "description": "Yen carry unwind shock; SPY -8.4% in one week."
    }
  ],
  "monte_carlo": {
    "horizon_days": 21,
    "n_paths": 10000,
    "current_nav": 962533.5400000002,
    "terminal_return": {
      "p5": -0.16103913117262972,
      "p25": -0.08720264426929594,
      "p50": -0.03405576157766027,
      "p75": 0.024369085486519393,
      "p95": 0.10747846124913624,
      "prob_negative": 0.6542
    },
    "terminal_nav": {
      "p5": 807527.9749938846,
      "p50": 929753.7272512589,
      "p95": 1065985.163779884
    },
    "max_drawdown": {
      "p5": -0.17779611309822627,
      "p50": -0.08526748474001372,
      "p95": -0.031959336547162716
    },
    "method": "Bootstrap of synthetic portfolio daily returns (current weights \u00d7 each holding's 252-day history). 10,000 paths, 21-trading-day horizon (~1 month)."
  },
  "factor_stress": [
    {
      "scenario": "Tech Selloff -15%",
      "description": "Concentrated drawdown in Tech and Communication Services.",
      "shocks": {
        "sector:Technology": -0.15,
        "sector:Communication Services": -0.1
      },
      "pnl": -75224.82149999999,
      "stressed_nav": 887308.7185000002,
      "portfolio_impact": -0.07815293532524589,
      "equity_at_risk_pct": 0.889506759421599
    },
    {
      "scenario": "Rate Shock (+100bp)",
      "description": "Long-duration growth and rate-sensitive sectors hit; banks benefit.",
      "shocks": {
        "sector:Technology": -0.08,
        "sector:Consumer Cyclical": -0.1,
        "sector:Financial Services": 0.05,
        "sector:Real Estate": -0.12,
        "sector:Utilities": -0.06
      },
      "pnl": -42159.6526,
      "stressed_nav": 920373.8874000001,
      "portfolio_impact": -0.043800710154993656,
      "equity_at_risk_pct": 0.889506759421599
    },
    {
      "scenario": "Energy Spike (+30%)",
      "description": "Oil shock \u2014 producers rally, downstream consumers pinched.",
      "shocks": {
        "sector:Energy": 0.3,
        "sector:Industrials": -0.05,
        "sector:Consumer Cyclical": -0.07,
        "sector:Consumer Defensive": -0.03
      },
      "pnl": -12112.1983,
      "stressed_nav": 950421.3417000001,
      "portfolio_impact": -0.012583663630048671,
      "equity_at_risk_pct": 0.889506759421599
    },
    {
