{
  "generated_at": "2026-06-16T05:00:38.700689Z",
  "market_session": "CLOSED",
  "fund_name": "Convex Capital",
  "tagline": "Lose small. Win big. \u2014 Paper-traded portfolio. Hypothetical performance for educational purposes only.",
  "summary": {
    "nav": 1003414.88,
    "cash": 24692.440000000017,
    "equity": 978722.44,
    "deposits": 1000000.0,
    "total_return": 0.003414880000000009,
    "realized_pnl": 0.0,
    "open_positions": 16
  },
  "metrics": {
    "annualized_return": -0.2593807835658827,
    "annualized_vol": 0.29091870742547055,
    "sharpe": -0.8915919703525169,
    "sortino": -1.201881659646706,
    "max_drawdown": -0.4359185631286941,
    "var_95_1d": -0.03571650219323462,
    "method": "Synthetic: current weights \u00d7 each holding's 252-day return history.",
    "beta_spy": 1.5131866638372673,
    "data_basis": "synthetic_252d",
    "days_of_live_nav": 12
  },
  "nav_curve": [
    {
      "date": "2026-06-01",
      "value": 999535.5476397705
    },
    {
      "date": "2026-06-02",
      "value": 1003670.4372289658
    },
    {
      "date": "2026-06-03",
      "value": 989912.289704628
    },
    {
      "date": "2026-06-04",
      "value": 1000539.2173751069
    },
    {
      "date": "2026-06-05",
      "value": 965555.7467515564
    },
    {
      "date": "2026-06-08",
      "value": 964274.7760765648
    },
    {
      "date": "2026-06-09",
      "value": 967825.7974829102
    },
    {
      "date": "2026-06-10",
      "value": 956183.703109684
    },
    {
      "date": "2026-06-11",
      "value": 978161.2303819085
    },
    {
      "date": "2026-06-12",
      "value": 984267.0327100182
    },
    {
      "date": "2026-06-15",
      "value": 1003414.8798381997
    },
    {
      "date": "2026-06-16",
      "value": 1003414.88
    }
  ],
  "drawdown_curve": [
    {
      "date": "2026-06-01",
      "value": 0.0
    },
    {
      "date": "2026-06-02",
      "value": 0.0
    },
    {
      "date": "2026-06-03",
      "value": -0.01370783378089986
    },
    {
      "date": "2026-06-04",
      "value": -0.0031197689378038426
    },
    {
      "date": "2026-06-05",
      "value": -0.03797530450596938
    },
    {
      "date": "2026-06-08",
      "value": -0.03925159065277294
    },
    {
      "date": "2026-06-09",
      "value": -0.03571355538279983
    },
    {
      "date": "2026-06-10",
      "value": -0.04731307444940582
    },
    {
      "date": "2026-06-11",
      "value": -0.02541591931061127
    },
    {
      "date": "2026-06-12",
      "value": -0.0193324459894609
    },
    {
      "date": "2026-06-15",
      "value": -0.00025462281371131185
    },
    {
      "date": "2026-06-16",
      "value": -0.0002546226525027172
    }
  ],
  "benchmarks": {
    "SPY": [
      {
        "date": "2026-06-01",
        "value": 0.0
      },
      {
        "date": "2026-06-02",
        "value": 0.0013579103629497435
      },
      {
        "date": "2026-06-03",
        "value": -0.005668768842152949
      },
      {
        "date": "2026-06-04",
        "value": -0.0019115026417536596
      },
      {
        "date": "2026-06-05",
        "value": -0.027671567540792585
      },
      {
        "date": "2026-06-08",
        "value": -0.02546999220062507
      },
      {
        "date": "2026-06-09",
        "value": -0.028330728579740505
      },
      {
        "date": "2026-06-10",
        "value": -0.04364962468776956
      },
      {
        "date": "2026-06-11",
        "value": -0.02739469093739666
      },
      {
        "date": "2026-06-12",
        "value": -0.022134598720831677
      },
      {
        "date": "2026-06-15",
        "value": -0.0048909459419552714
      }
    ],
    "IWM": [
      {
        "date": "2026-06-01",
        "value": 0.0
      },
      {
        "date": "2026-06-02",
        "value": 0.009273902616242058
      },
      {
        "date": "2026-06-03",
        "value": -0.004533265755123028
      },
      {
        "date": "2026-06-04",
        "value": 0.010485102307313143
      },
      {
        "date": "2026-06-05",
        "value": -0.025365222965751943
      },
      {
        "date": "2026-06-08",
        "value": -0.016852527916236926
      },
      {
        "date": "2026-06-09",
        "value": -0.013703535746163342
      },
      {
        "date": "2026-06-10",
        "value": -0.023981055236295123
      },
      {
        "date": "2026-06-11",
        "value": 0.00494832553389335
      },
      {
        "date": "2026-06-12",
        "value": 0.01373793881377372
      },
      {
        "date": "2026-06-15",
        "value": 0.022010765090349826
      },
      {
        "date": "2026-06-16",
        "value": 0.022010714279665278
      }
    ]
  },
  "holdings": [
    {
      "ticker": "GRPN",
      "company": "Groupon, Inc.",
      "sector": "Communication Services",
      "country": "United States",
      "shares": 11310.0,
      "price": 17.45,
      "cost_basis": 17.682836427939876,
      "market_value": 197359.5,
      "unrealized_pnl": -2633.38,
      "short_percent_of_float": 0.56310004,
      "short_ratio": 5.75
    },
    {
      "ticker": "TENB",
      "company": "Tenable Holdings, Inc.",
      "sector": "Technology",
      "country": "United States",
      "shares": 4766.0,
      "price": 27.72,
      "cost_basis": 26.224616030214015,
      "market_value": 132113.52,
      "unrealized_pnl": 7126.999999999997,
      "short_percent_of_float": 0.129,
      "short_ratio": 3.05
    },
    {
      "ticker": "KSPI",
      "company": "Joint Stock Company Kaspi.kz",
      "sector": "Technology",
      "country": "Kazakhstan",
      "shares": 1515.0,
      "price": 83.2,
      "cost_basis": 82.53049504950495,
      "market_value": 126048.0,
      "unrealized_pnl": 1014.3000000000056,
      "short_percent_of_float": 0.0159,
      "short_ratio": 3.24
    },
    {
      "ticker": "JAKK",
      "company": "JAKKS Pacific, Inc.",
      "sector": "Consumer Cyclical",
      "country": "United States",
      "shares": 3436.0,
      "price": 22.185,
      "cost_basis": 21.83,
      "market_value": 76227.65999999999,
      "unrealized_pnl": 1219.7800000000016,
      "short_percent_of_float": 0.039100002,
      "short_ratio": 7.32
    },
    {
      "ticker": "VIA",
      "company": "Via Transportation, Inc.",
      "sector": "Technology",
      "country": "United States",
      "shares": 4921.0,
      "price": 14.98,
      "cost_basis": 15.241408250355619,
      "market_value": 73716.58,
      "unrealized_pnl": -1286.3899999999978,
      "short_percent_of_float": 0.13520001,
      "short_ratio": 6.88
    },
    {
      "ticker": "ZS",
      "company": "Zscaler, Inc.",
      "sector": "Technology",
      "country": "United States",
      "shares": 549.0,
      "price": 130.42,
      "cost_basis": 136.8013843351548,
      "market_value": 71600.57999999999,
      "unrealized_pnl": -3503.379999999996,
      "short_percent_of_float": 0.114700004,
      "short_ratio": 2.09
    },
    {
      "ticker": "XNET",
      "company": "Xunlei Limited",
      "sector": "Technology",
      "country": "China",
      "shares": 10526.0,
      "price": 5.32,
      "cost_basis": 4.75,
      "market_value": 55998.32,
      "unrealized_pnl": 5999.820000000003,
      "short_percent_of_float": 0.0377,
      "short_ratio": 6.03
    },
    {
      "ticker": "CMI",
      "company": "Cummins Inc.",
      "sector": "Industrials",
      "country": "United States",
      "shares": 78.0,
      "price": 679.71,
      "cost_basis": 643.5,
      "market_value": 53017.380000000005,
      "unrealized_pnl": 2824.380000000003,
      "short_percent_of_float": 0.0171,
      "short_ratio": 2.07
    },
    {
      "ticker": "CRWV",
      "company": "CoreWeave, Inc.",
      "sector": "Technology",
      "country": "United States",
      "shares": 468.0,
      "price": 106.71,
      "cost_basis": 106.78134615384614,
      "market_value": 49940.28,
      "unrealized_pnl": -33.38999999999828,
      "short_percent_of_float": 0.18190001,
      "short_ratio": 1.91
    },
    {
      "ticker": "PYPL",
      "company": "PayPal Holdings, Inc.",
      "sector": "Financial Services",
      "country": "United States",
      "shares": 830.0,
      "price": 42.49,
      "cost_basis": 45.19,
      "market_value": 35266.700000000004,
      "unrealized_pnl": -2240.9999999999964,
      "short_percent_of_float": 0.0626,
      "short_ratio": 3.16
    },
    {
      "ticker": "BABA",
      "company": "Alibaba Group Holding Limited",
      "sector": "Consumer Cyclical",
      "country": "China",
      "shares": 299.0,
      "price": 112.55,
      "cost_basis": 125.39999999999999,
      "market_value": 33652.45,
      "unrealized_pnl": -3842.1499999999983,
      "short_percent_of_float": 0.0165,
      "short_ratio": 3.21
    },
    {
      "ticker": "ZTS",
      "company": "Zoetis Inc.",
      "sector": "Healthcare",
      "country": "United States",
      "shares": 312.0,
      "price": 79.95,
      "cost_basis": 80.09,
      "market_value": 24944.4,
      "unrealized_pnl": -43.68000000000018,
      "short_percent_of_float": 0.0363,
      "short_ratio": 1.45
    },
    {
      "ticker": "GENC",
      "company": "Gencor Industries, Inc.",
      "sector": "Industrials",
      "country": "United States",
      "shares": 873.0,
      "price": 14.81,
      "cost_basis": 14.32,
      "market_value": 12929.130000000001,
      "unrealized_pnl": 427.7700000000002,
      "short_percent_of_float": 0.0064,
      "short_ratio": 2.39
    },
    {
      "ticker": "VST",
      "company": "Vistra Corp.",
      "sector": "Utilities",
      "country": "United States",
      "shares": 81.0,
      "price": 153.52,
      "cost_basis": 154.76,
      "market_value": 12435.12,
      "unrealized_pnl": -100.43999999999843,
      "short_percent_of_float": 0.0539,
      "short_ratio": 2.73
    },
    {
      "ticker": "CEG",
      "company": "Constellation Energy Corporation",
      "sector": "Utilities",
      "country": "United States",
      "shares": 47.0,
      "price": 262.35,
      "cost_basis": 265.7,
      "market_value": 12330.45,
      "unrealized_pnl": -157.4499999999984,
      "short_percent_of_float": 0.036,
      "short_ratio": 3.46
    },
    {
      "ticker": "OPEN",
      "company": "Opendoor Technologies Inc.",
      "sector": "Real Estate",
      "country": "United States",
      "shares": 2417.0,
      "price": 4.61,
      "cost_basis": 5.171402565163425,
      "market_value": 11142.37,
      "unrealized_pnl": -1356.9099999999974,
      "short_percent_of_float": 0.16149999,
      "short_ratio": 3.77
    }
  ],
  "sector_exposure": [
    {
      "name": "Technology",
      "value": 509417.2799999999,
      "pct": 0.5076836014231719
    },
    {
      "name": "Communication Services",
      "value": 197359.5,
      "pct": 0.1966878346472199
    },
    {
      "name": "Consumer Cyclical",
      "value": 109880.10999999999,
      "pct": 0.10950615960568572
    },
    {
      "name": "Industrials",
      "value": 65946.51000000001,
      "pct": 0.06572207699371571
    },
    {
      "name": "Financial Services",
      "value": 35266.700000000004,
      "pct": 0.03514667831116876
    },
    {
      "name": "Healthcare",
      "value": 24944.4,
      "pct": 0.024859507764126442
    },
    {
      "name": "Utilities",
      "value": 24765.57,
      "pct": 0.024681286368804897
    },
    {
      "name": "Cash",
      "value": 24692.440000000017,
      "pct": 0.02460840524908303
    },
    {
      "name": "Real Estate",
      "value": 11142.37,
      "pct": 0.011104449637023521
    }
  ],
  "geographic_exposure": [
    {
      "name": "United States",
      "value": 763023.67,
      "pct": 0.7604269033761987
    },
    {
      "name": "Kazakhstan",
      "value": 126048.0,
      "pct": 0.1256190261001511
    },
    {
      "name": "China",
      "value": 89650.76999999999,
      "pct": 0.08934566527456718
    },
    {
      "name": "Cash",
      "value": 24692.440000000017,
      "pct": 0.02460840524908303
    }
  ],
  "signals": [
    {
      "ticker": "BABA",
      "label": "STRONG SELL",
      "composite": -2.0,
      "rsi": 30.2,
      "subs": {
        "rsi": 0.0,
        "macd": -0.5,
        "trend": -0.5,
        "bb": -0.5,
        "vol": 0.0,
        "range": -0.5
      }
    },
    {
      "ticker": "CEG",
      "label": "SELL",
      "composite": -1.5,
      "rsi": 45.1,
      "subs": {
        "rsi": 0.5,
        "macd": -0.5,
        "trend": -0.5,
        "bb": -0.5,
        "vol": 0.0,
        "range": -0.5
      }
    },
    {
      "ticker": "CMI",
      "label": "BUY",
      "composite": 1.5,
      "rsi": 54.7,
      "subs": {
        "rsi": 0.5,
        "macd": -0.5,
        "trend": 0.5,
        "bb": 0.5,
        "vol": 0.0,
        "range": 0.5
      }
    },
    {
      "ticker": "CRWV",
      "label": "LEAN BULL",
      "composite": 0.5,
      "rsi": 50.5,
      "subs": {
        "rsi": 0.5,
        "macd": -0.5,
        "trend": 0.0,
        "bb": 0.5,
        "vol": 0.0,
        "range": 0.0
      }
    },
    {
      "ticker": "GENC",
      "label": "STRONG BUY",
      "composite": 2.0,
      "rsi": 51.5,
      "subs": {
        "rsi": 0.5,
        "macd": 0.5,
        "trend": 0.5,
        "bb": 0.5,
        "vol": 0.0,
        "range": 0.0
      }
    },
    {
      "ticker": "GRPN",
      "label": "SELL",
      "composite": -1.5,
      "rsi": 51.1,
      "subs": {
        "rsi": 0.5,
        "macd": -0.5,
        "trend": 0.0,
        "bb": -0.5,
        "vol": -0.5,
        "range": -0.5
      }
    },
    {
      "ticker": "JAKK",
      "label": "BUY",
      "composite": 1.5,
      "rsi": 53.7,
      "subs": {
        "rsi": 0.5,
        "macd": 0.5,
        "trend": 0.5,
        "bb": 0.5,
        "vol": -0.5,
        "range": 0.0
      }
    },
    {
      "ticker": "KSPI",
      "label": "LEAN BEAR",
      "composite": -0.5,
      "rsi": 46.4,
      "subs": {
        "rsi": 0.5,
        "macd": -0.5,
        "trend": 0.0,
        "bb": -0.5,
        "vol": 0.0,
        "range": 0.0
      }
    },
    {
      "ticker": "OPEN",
      "label": "SELL",
      "composite": -1.0,
      "rsi": 47.3,
      "subs": {
        "rsi": 0.5,
        "macd": -0.5,
        "trend": -0.5,
        "bb": -0.5,
        "vol": 0.0,
        "range": 0.0
      }
    },
    {
      "ticker": "PYPL",
      "label": "LEAN BEAR",
      "composite": -0.5,
      "rsi": 42.8,
      "subs": {
        "rsi": 0.0,
        "macd": 0.5,
        "trend": -0.5,
        "bb": -0.5,
        "vol": 0.0,
        "range": 0.0
      }
    },
    {
      "ticker": "TENB",
      "label": "NEUTRAL",
      "composite": 0.0,
      "rsi": 60.7,
      "subs": {
        "rsi": 0.5,
        "macd": -0.5,
        "trend": 0.0,
        "bb": 0.5,
        "vol": -0.5,
        "range": 0.0
      }
    },
    {
      "ticker": "VIA",
      "label": "BUY",
      "composite": 1.0,
      "rsi": 48.5,
      "subs": {
        "rsi": 0.5,
        "macd": 0.5,
        "trend": -0.5,
        "bb": 0.5,
        "vol": 0.0,
        "range": 0.0
      }
    },
    {
      "ticker": "VST",
      "label": "BUY",
      "composite": 1.0,
      "rsi": 52.3,
      "subs": {
        "rsi": 0.5,
        "macd": 0.5,
        "trend": -0.5,
        "bb": 0.5,
        "vol": 0.0,
        "range": 0.0
      }
    },
    {
      "ticker": "XNET",
      "label": "NEUTRAL",
      "composite": 0.0,
      "rsi": 46.2,
      "subs": {
        "rsi": 0.5,
        "macd": 0.5,
        "trend": -0.5,
        "bb": -0.5,
        "vol": 0.0,
        "range": 0.0
      }
    },
    {
      "ticker": "ZS",
      "label": "STRONG SELL",
      "composite": -2.5,
      "rsi": 43.4,
      "subs": {
        "rsi": 0.0,
        "macd": -0.5,
        "trend": -0.5,
        "bb": -0.5,
        "vol": -0.5,
        "range": -0.5
      }
    },
    {
      "ticker": "ZTS",
      "label": "NEUTRAL",
      "composite": 0.0,
      "rsi": 38.4,
      "subs": {
        "rsi": 0.0,
        "macd": 0.5,
        "trend": -0.5,
        "bb": 0.5,
        "vol": -0.5,
        "range": 0.0
      }
    }
  ],
  "volatility": [
    {
      "ticker": "BABA",
      "hv20": 0.2893870618378011,
      "garch": 0.40043156411254865,
      "expansion": 0.38372310624234823,
      "regime": "LOW",
      "signal": "SIGNAL"
    },
    {
      "ticker": "CEG",
      "hv20": 0.5449672330540145,
      "garch": 0.5511001079790369,
      "expansion": 0.011253658115651306,
      "regime": "HIGH",
      "signal": "WEAK"
    },
    {
      "ticker": "CMI",
      "hv20": 0.4897190757531516,
      "garch": 0.3839870033680812,
      "expansion": -0.2159035202426254,
      "regime": "EXTREME",
      "signal": "WEAK"
    },
    {
      "ticker": "CRWV",
      "hv20": 0.7938791989242132,
      "garch": 0.9552698864840244,
      "expansion": 0.2032937602830657,
      "regime": "LOW",
      "signal": "SIGNAL"
    },
    {
      "ticker": "GENC",
      "hv20": 0.3575318999988742,
      "garch": 0.3864657788254934,
      "expansion": 0.08092670563580563,
      "regime": "NORMAL",
      "signal": "WEAK"
    },
    {
      "ticker": "GRPN",
      "hv20": 0.8281836969911277,
      "garch": 0.7842758934624829,
      "expansion": -0.05301698607225197,
      "regime": "HIGH",
      "signal": "WEAK"
    },
    {
      "ticker": "JAKK",
      "hv20": 0.2228894161974254,
      "garch": 0.46253661430105375,
      "expansion": 1.075184287312053,
      "regime": "LOW",
      "signal": "SIGNAL"
    },
    {
      "ticker": "KSPI",
      "hv20": 0.3512614979939213,
      "garch": 0.44534537424491905,
      "expansion": 0.2678456841649804,
      "regime": "HIGH",
      "signal": "SIGNAL"
    },
    {
      "ticker": "OPEN",
      "hv20": 0.7283308033679815,
      "garch": 0.7596066965892384,
      "expansion": 0.04294187898772021,
      "regime": "LOW",
      "signal": "WEAK"
    },
    {
      "ticker": "PYPL",
      "hv20": 0.2634030767640972,
      "garch": 0.4127366324024932,
      "expansion": 0.5669392987847997,
      "regime": "LOW",
      "signal": "SIGNAL"
    },
    {
      "ticker": "TENB",
      "hv20": 0.6427298472142224,
      "garch": 0.4469869285701753,
      "expansion": -0.3045492900204553,
      "regime": "HIGH",
      "signal": "WEAK"
    },
    {
      "ticker": "VIA",
      "hv20": 0.6824998198829597,
      "garch": null,
      "expansion": null,
      "regime": "NORMAL",
      "signal": "WEAK"
    },
    {
      "ticker": "VST",
      "hv20": 0.5379957833498766,
      "garch": 0.5734901605682732,
      "expansion": 0.0659751959344138,
      "regime": "HIGH",
      "signal": "WEAK"
    },
    {
      "ticker": "XNET",
      "hv20": 0.6838799765814072,
      "garch": 0.579048948212422,
      "expansion": -0.15328863537285678,
      "regime": "HIGH",
      "signal": "WEAK"
    },
    {
      "ticker": "ZS",
      "hv20": 1.525219166334222,
      "garch": 0.3463571211532484,
      "expansion": -0.7729132122134957,
      "regime": "EXTREME",
      "signal": "WEAK"
    },
    {
      "ticker": "ZTS",
      "hv20": 0.24931738859222188,
      "garch": 0.31265452399561816,
      "expansion": 0.25404219000139266,
      "regime": "NORMAL",
      "signal": "SIGNAL"
    }
  ],
  "correlation": {
    "tickers": [
      "BABA",
      "CEG",
      "CMI",
      "CRWV",
      "GENC",
      "GRPN",
      "JAKK",
      "KSPI",
      "OPEN",
      "PYPL",
      "TENB",
      "VIA",
      "VST",
      "XNET",
      "ZS",
      "ZTS"
    ],
    "matrix": [
      [
        1.0,
        0.185,
        0.337,
        0.352,
        0.133,
        0.191,
        0.114,
        0.199,
        0.19,
        0.244,
        0.062,
        -0.038,
        0.228,
        0.468,
        0.038,
        0.076
      ],
      [
        0.185,
        1.0,
        0.328,
        0.227,
        0.149,
        0.092,
        0.087,
        0.059,
        0.188,
        0.135,
        0.067,
        0.008,
        0.797,
        0.251,
        0.046,
        0.121
      ],
      [
        0.337,
        0.328,
        1.0,
        0.369,
        0.354,
        0.201,
        0.145,
        0.244,
        0.19,
        0.082,
        -0.045,
        0.005,
        0.35,
        0.313,
        -0.047,
        0.198
      ],
      [
        0.352,
        0.227,
        0.369,
        1.0,
        0.117,
        0.169,
        0.057,
        0.135,
        0.241,
        0.138,
        0.125,
        0.225,
        0.314,
        0.369,
        0.187,
        0.08
      ],
      [
        0.133,
        0.149,
        0.354,
        0.117,
        1.0,
        0.161,
        0.316,
        0.148,
        0.128,
        0.098,
        0.16,
        0.066,
        0.171,
        0.166,
        0.052,
        0.154
      ],
      [
        0.191,
        0.092,
        0.201,
        0.169,
        0.161,
        1.0,
        0.151,
        0.337,
        0.304,
        0.269,
        0.252,
        0.177,
        0.132,
        0.228,
        0.15,
        0.165
      ],
      [
        0.114,
        0.087,
        0.145,
        0.057,
        0.316,
        0.151,
        1.0,
        0.103,
        0.137,
        0.212,
        -0.038,
        0.143,
        0.059,
        0.198,
        -0.051,
        0.136
      ],
      [
        0.199,
        0.059,
        0.244,
        0.135,
        0.148,
        0.337,
        0.103,
        1.0,
        0.248,
        0.257,
        0.272,
        0.146,
        0.105,
        0.198,
        0.156,
        0.194
      ],
      [
        0.19,
        0.188,
        0.19,
        0.241,
        0.128,
        0.304,
        0.137,
        0.248,
        1.0,
        0.239,
        0.122,
        0.163,
        0.256,
        0.342,
        0.063,
        0.164
      ],
      [
        0.244,
        0.135,
        0.082,
        0.138,
        0.098,
        0.269,
        0.212,
        0.257,
        0.239,
        1.0,
        0.363,
        0.158,
        0.079,
        0.33,
        0.207,
        0.171
      ],
      [
        0.062,
        0.067,
        -0.045,
        0.125,
        0.16,
        0.252,
        -0.038,
        0.272,
        0.122,
        0.363,
        1.0,
        0.334,
        0.081,
        0.163,
        0.559,
        0.093
      ],
      [
        -0.038,
        0.008,
        0.005,
        0.225,
        0.066,
        0.177,
        0.143,
        0.146,
        0.163,
        0.158,
        0.334,
        1.0,
        0.06,
        0.19,
        0.37,
        0.019
      ],
      [
        0.228,
        0.797,
        0.35,
        0.314,
        0.171,
        0.132,
        0.059,
        0.105,
        0.256,
        0.079,
        0.081,
        0.06,
        1.0,
        0.275,
        0.075,
        0.093
      ],
      [
        0.468,
        0.251,
        0.313,
        0.369,
        0.166,
        0.228,
        0.198,
        0.198,
        0.342,
        0.33,
        0.163,
        0.19,
        0.275,
        1.0,
        0.222,
        0.044
      ],
      [
        0.038,
        0.046,
        -0.047,
        0.187,
        0.052,
        0.15,
        -0.051,
        0.156,
        0.063,
        0.207,
        0.559,
        0.37,
        0.075,
        0.222,
        1.0,
        -0.038
      ],
      [
        0.076,
        0.121,
        0.198,
        0.08,
        0.154,
        0.165,
        0.136,
        0.194,
        0.164,
        0.171,
        0.093,
        0.019,
        0.093,
        0.044,
        -0.038,
        1.0
      ]
    ]
  },
  "residual_correlation": {
    "tickers": [
      "BABA",
      "CEG",
      "CMI",
      "CRWV",
      "GENC",
      "GRPN",
      "JAKK",
      "KSPI",
      "OPEN",
      "PYPL",
      "TENB",
      "VIA",
      "VST",
      "XNET",
      "ZS",
      "ZTS"
    ],
    "matrix": [
      [
        1.0,
        0.018,
        0.111,
        0.192,
        -0.071,
        0.021,
        -0.044,
        0.021,
        0.041,
        0.117,
        -0.053,
        -0.164,
        0.056,
        0.337,
        -0.055,
        -0.017
      ],
      [
        0.018,
        1.0,
        0.035,
        -0.029,
        0.032,
        -0.061,
        -0.013,
        -0.135,
        0.028,
        0.04,
        -0.018,
        -0.09,
        0.727,
        0.079,
        0.018,
        0.079
      ],
      [
        0.111,
        0.035,
        1.0,
        0.081,
        0.074,
        -0.067,
        -0.142,
        -0.027,
        -0.083,
        -0.11,
        -0.269,
        -0.133,
        0.008,
        -0.006,
        -0.133,
        0.074
      ],
      [
        0.192,
        -0.029,
        0.081,
        1.0,
        0.019,
        -0.044,
        -0.033,
        -0.105,
        0.028,
        -0.043,
        -0.001,
        0.114,
        0.052,
        0.109,
        0.132,
        0.041
      ],
      [
        -0.071,
        0.032,
        0.074,
        0.019,
        1.0,
        -0.028,
        0.064,
        -0.079,
        -0.071,
        0.001,
        0.087,
        -0.014,
        0.03,
        -0.038,
        0.004,
        -0.041
      ],
      [
        0.021,
        -0.061,
        -0.067,
        -0.044,
        -0.028,
        1.0,
        0.009,
        0.165,
        0.111,
        0.092,
        0.113,
        0.055,
        -0.039,
        -0.003,
        0.047,
        0.038
      ],
      [
        -0.044,
        -0.013,
        -0.142,
        -0.033,
        0.064,
        0.009,
        1.0,
        -0.094,
        -0.026,
        0.102,
        -0.133,
        0.081,
        -0.052,
        0.029,
        -0.119,
        -0.048
      ],
      [
        0.021,
        -0.135,
        -0.027,
        -0.105,
        -0.079,
        0.165,
        -0.094,
        1.0,
        0.064,
        0.072,
        0.159,
        0.019,
        -0.111,
        -0.028,
        0.06,
        0.06
      ],
      [
        0.041,
        0.028,
        -0.083,
        0.028,
        -0.071,
        0.111,
        -0.026,
        0.064,
        1.0,
        0.063,
        -0.015,
        0.04,
        0.097,
        0.164,
        -0.042,
        0.025
      ],
      [
        0.117,
        0.04,
        -0.11,
        -0.043,
        0.001,
        0.092,
        0.102,
        0.072,
        0.063,
        1.0,
        0.248,
        0.007,
        -0.043,
        0.184,
        0.072,
        0.021
      ],
      [
        -0.053,
        -0.018,
        -0.269,
        -0.001,
        0.087,
        0.113,
        -0.133,
        0.159,
        -0.015,
        0.248,
        1.0,
        0.267,
        -0.021,
        0.03,
        0.52,
        -0.017
      ],
      [
        -0.164,
        -0.09,
        -0.133,
        0.114,
        -0.014,
        0.055,
        0.081,
        0.019,
        0.04,
        0.007,
        0.267,
        1.0,
        -0.041,
        0.062,
        0.308,
        -0.068
      ],
      [
        0.056,
        0.727,
        0.008,
        0.052,
        0.03,
        -0.039,
        -0.052,
        -0.111,
        0.097,
        -0.043,
        -0.021,
        -0.041,
        1.0,
        0.084,
        0.048,
        0.036
      ],
      [
        0.337,
        0.079,
        -0.006,
        0.109,
        -0.038,
        -0.003,
        0.029,
        -0.028,
        0.164,
        0.184,
        0.03,
        0.062,
        0.084,
        1.0,
        0.147,
        -0.096
      ],
      [
        -0.055,
        0.018,
        -0.133,
        0.132,
        0.004,
        0.047,
        -0.119,
        0.06,
        -0.042,
        0.072,
        0.52,
        0.308,
        0.048,
        0.147,
        1.0,
        -0.118
      ],
      [
        -0.017,
        0.079,
        0.074,
        0.041,
        -0.041,
        0.038,
        -0.048,
        0.06,
        0.025,
        0.021,
        -0.017,
        -0.068,
        0.036,
        -0.096,
        -0.118,
        1.0
      ]
    ]
  },
  "factor_correlation": {
    "factors": [
      "Market",
      "Size",
      "Value (SMID)",
      "Momentum",
      "Quality",
      "Profitability",
      "Liquidity",
      "Credit"
    ],
    "matrix": [
      [
        1.0,
        0.353,
        -0.489,
        0.404,
        -0.212,
        -0.532,
        0.325,
        0.168
      ],
      [
        0.353,
        1.0,
        -0.163,
        0.248,
        0.148,
        0.151,
        0.337,
        0.044
      ],
      [
        -0.489,
        -0.163,
        1.0,
        -0.527,
        0.279,
        0.568,
        -0.376,
        -0.127
      ],
      [
        0.404,
        0.248,
        -0.527,
        1.0,
        -0.209,
        -0.509,
        0.283,
        0.022
      ],
      [
        -0.212,
        0.148,
        0.279,
        -0.209,
        1.0,
        0.404,
        -0.216,
        -0.135
      ],
      [
        -0.532,
        0.151,
        0.568,
        -0.509,
        0.404,
        1.0,
        -0.275,
        -0.08
      ],
      [
        0.325,
        0.337,
        -0.376,
        0.283,
        -0.216,
        -0.275,
        1.0,
        0.155
      ],
      [
        0.168,
        0.044,
        -0.127,
        0.022,
        -0.135,
        -0.08,
        0.155,
        1.0
      ]
    ]
  },
  "factor_exposures": [
    {
      "ticker": "BABA",
      "r_squared": 0.1535708795802424,
      "alpha_annual": -0.3552607448677642,
      "idio_vol_annual": 0.3976885601305816,
      "Market": 1.2048682680354694,
      "Size": 0.14259853713160384,
      "Value (SMID)": 0.21495397517006143,
      "Momentum": -0.1756200928366877,
      "Quality": -0.24721397829202485,
      "Profitability": -0.22777833549800605,
      "Liquidity": 0.21200372325013475,
      "Credit": 1.0478511584697023
    },
    {
      "ticker": "CEG",
      "r_squared": 0.2526508482248382,
      "alpha_annual": -0.40192940490470286,
      "idio_vol_annual": 0.4043396291244997,
      "Market": 0.7326809162155954,
      "Size": 0.35159698766254127,
      "Value (SMID)": -0.45395193942237705,
      "Momentum": 0.6744362694119156,
      "Quality": -0.7083711481338016,
      "Profitability": -0.6300245583904563,
      "Liquidity": -0.4239967202005291,
      "Credit": -0.8603773269957091
    },
    {
      "ticker": "CMI",
      "r_squared": 0.5001329034664181,
      "alpha_annual": 0.2856520181178878,
      "idio_vol_annual": 0.23795748849122011,
      "Market": 1.2136432023655597,
      "Size": 0.7929780263912356,
      "Value (SMID)": 0.38323378006648506,
      "Momentum": 0.7713044839835256,
      "Quality": 0.11252770990127349,
      "Profitability": -0.12111534626788042,
      "Liquidity": -0.32582191942540023,
      "Credit": 0.8334233563954636
    },
    {
      "ticker": "CRWV",
      "r_squared": 0.2853349558014874,
      "alpha_annual": -0.8444669733939854,
      "idio_vol_annual": 0.7961004516425577,
      "Market": 0.8192965142453622,
      "Size": 0.6439654668455583,
      "Value (SMID)": -2.143589083506672,
      "Momentum": 1.0609198787922691,
      "Quality": -3.830825483333184,
      "Profitability": -0.08065679454536134,
      "Liquidity": 0.42743398276135247,
      "Credit": 2.038211853042256
    },
    {
      "ticker": "GENC",
      "r_squared": 0.3334268144412703,
      "alpha_annual": -0.4376951533853212,
      "idio_vol_annual": 0.3266149847567266,
      "Market": 1.3834009404770866,
      "Size": 1.2131930045155124,
      "Value (SMID)": 1.1578789111262013,
      "Momentum": -0.07502356328932783,
      "Quality": -0.6338226699593141,
      "Profitability": 0.10338749822020576,
      "Liquidity": -0.167425611549289,
      "Credit": 0.5933172677504864
    },
    {
      "ticker": "GRPN",
      "r_squared": 0.16189199990393455,
      "alpha_annual": -1.0444405658722975,
      "idio_vol_annual": 0.6278011489604933,
      "Market": 1.8036269232080806,
      "Size": 0.35724136821046826,
      "Value (SMID)": -0.8940626365229701,
      "Momentum": -0.1418969500584665,
      "Quality": -2.0327869890898835,
      "Profitability": 1.3764300154298825,
      "Liquidity": 0.1661205991993567,
      "Credit": 1.452321819968156
    },
    {
      "ticker": "JAKK",
      "r_squared": 0.2862702281460412,
      "alpha_annual": -0.36008948001825,
      "idio_vol_annual": 0.3595855744634608,
      "Market": 1.3599618037098833,
      "Size": 1.015995611674888,
      "Value (SMID)": 0.8218266619325358,
      "Momentum": -0.419292921106605,
      "Quality": 1.5928135580341893,
      "Profitability": -0.3294231512562764,
      "Liquidity": 0.3916889573431297,
      "Credit": -0.31107347053457024
    },
    {
      "ticker": "KSPI",
      "r_squared": 0.22460780137131708,
      "alpha_annual": -0.29201547827356944,
      "idio_vol_annual": 0.3199985318769772,
      "Market": 1.2760792778795755,
      "Size": 0.38737668233856143,
      "Value (SMID)": -0.3039822573976664,
      "Momentum": -0.5597204297779899,
      "Quality": 0.16658300666405804,
      "Profitability": 0.12564991086183047,
      "Liquidity": 0.029224529935785337,
      "Credit": 0.3759185466556304
    },
    {
      "ticker": "OPEN",
      "r_squared": 0.12202454483411174,
      "alpha_annual": 1.4498757142584853,
      "idio_vol_annual": 1.3443634173029253,
      "Market": 2.807047941803547,
      "Size": 1.4373486773096495,
      "Value (SMID)": -1.6484616626673598,
      "Momentum": -1.9042006147967898,
      "Quality": 0.8325182061493204,
      "Profitability": 0.912292662604185,
      "Liquidity": 1.8263426166078012,
      "Credit": -3.207341999973067
    },
    {
      "ticker": "PYPL",
      "r_squared": 0.30897933740106553,
      "alpha_annual": -0.7604869639964048,
      "idio_vol_annual": 0.3365713220009373,
      "Market": 1.900918165720962,
      "Size": -0.42533017007452745,
      "Value (SMID)": -0.9033073547853498,
      "Momentum": -0.9092959021988131,
      "Quality": 1.6267271731476505,
      "Profitability": 0.7652131461882611,
      "Liquidity": 0.47571149427032017,
      "Credit": -0.0520788294245295
    },
    {
      "ticker": "TENB",
      "r_squared": 0.1456646312859886,
      "alpha_annual": -0.3342066045758828,
      "idio_vol_annual": 0.408763240905424,
      "Market": 1.509505885597253,
      "Size": -0.13389399147513417,
      "Value (SMID)": -0.7575622794152748,
      "Momentum": -0.28096350310336304,
      "Quality": -0.4519211833069003,
      "Profitability": 1.3397625302213014,
      "Liquidity": -0.18887455824301477,
      "Credit": -0.2810544985500037
    },
    {
      "ticker": "VIA",
      "r_squared": 0.11899659372448224,
      "alpha_annual": -1.5844526330970354,
      "idio_vol_annual": 0.6815756045531861,
      "Market": 1.233504468830944,
      "Size": 0.3275378524080473,
      "Value (SMID)": -1.4197568227288806,
      "Momentum": -1.2041281023274333,
      "Quality": -1.5159491561458576,
      "Profitability": 0.6317524709017034,
      "Liquidity": 0.6044669794246019,
      "Credit": -0.8426100181143302
    },
    {
      "ticker": "VST",
      "r_squared": 0.2899818798734731,
      "alpha_annual": -0.3901470989513154,
      "idio_vol_annual": 0.41178355118195925,
      "Market": 0.6273234703406607,
      "Size": 0.7410663756638111,
      "Value (SMID)": -0.6765476979746026,
      "Momentum": 0.7262160375868583,
      "Quality": -1.8769697020226312,
      "Profitability": -0.4783274943697512,
      "Liquidity": -0.7461435558121378,
      "Credit": -0.8142933097613652
    },
    {
      "ticker": "XNET",
      "r_squared": 0.1787432168468709,
      "alpha_annual": -0.39561014873887296,
      "idio_vol_annual": 0.6816269055989085,
      "Market": 1.8625807588733103,
      "Size": 0.13481247639501856,
      "Value (SMID)": -0.749327135048235,
      "Momentum": -0.3761009128269204,
      "Quality": 0.576158150731688,
      "Profitability": 0.5401429197238774,
      "Liquidity": 1.4271200878957895,
      "Credit": 2.000733072605039
    },
    {
      "ticker": "ZS",
      "r_squared": 0.0914415728392054,
      "alpha_annual": -0.9333707455275181,
      "idio_vol_annual": 0.5972584998431243,
      "Market": 1.392587458309684,
      "Size": -0.433870299660682,
      "Value (SMID)": -1.094187546858646,
      "Momentum": -0.984345825374624,
      "Quality": -0.9984400254213709,
      "Profitability": 0.8851277685428482,
      "Liquidity": 0.1820894177835465,
      "Credit": 0.08659311452274293
    },
    {
      "ticker": "ZTS",
      "r_squared": 0.17348959374007078,
      "alpha_annual": -0.9310120386788817,
      "idio_vol_annual": 0.34335660566964116,
      "Market": 1.3679051477569995,
      "Size": 0.08510797178271351,
      "Value (SMID)": 0.04501816822452161,
      "Momentum": -0.22475492156596025,
      "Quality": 1.2996812857824982,
      "Profitability": 0.8476432403352643,
      "Liquidity": 0.09460665294283593,
      "Credit": -0.7484191394443673
    }
  ],
  "portfolio_factor_exposure": {
    "loadings": {
      "Market": 1.4588509721579956,
      "Size": 0.29742290472847327,
      "Value (SMID)": -0.6179614236224009,
      "Momentum": -0.30906803914426945,
      "Quality": -0.6174648338184415,
      "Profitability": 0.6205780441652795,
      "Liquidity": 0.21753749919105406,
      "Credit": 0.45081659113186284
    },
    "alpha_annual": -0.6218951090495928,
    "r_squared_weighted": 0.20455896715423055
  },
  "stress_tests": [
    {
      "scenario": "COVID Crash (Feb-Mar 2020)",
      "market_move": -0.339,
      "portfolio_impact": -0.5129702790408337,
      "stressed_nav": 488692.86901267536,
      "pnl": -514722.01098732464,
      "description": "Rapid 33.9% selloff in SPY over 23 trading days as COVID-19 spread."
    },
    {
      "scenario": "2022 Rate Shock (Jan-Oct)",
      "market_move": -0.252,
      "portfolio_impact": -0.38132303928699135,
      "stressed_nav": 620789.6682926083,
      "pnl": -382625.21170739166,
      "description": "Grinding 9-month decline as the Fed hiked rates aggressively."
    },
    {
      "scenario": "GFC 2008-09",
      "market_move": -0.565,
      "portfolio_impact": -0.8549504650680559,
      "stressed_nav": 145544.86168779247,
      "pnl": -857870.0183122075,
      "description": "Credit crisis bear market; SPY drew down 56.5% from Oct 2007 peak."
    },
    {
      "scenario": "Dot-Com Bust (2000-02)",
      "market_move": -0.491,
      "portfolio_impact": -0.7429746519440983,
      "stressed_nav": 257903.05877647086,
      "pnl": -745511.8212235292,
      "description": "Tech bubble burst; SPY -49.1% peak-to-trough over 30 months."
    },
    {
      "scenario": "Black Monday (Oct 1987)",
      "market_move": -0.204,
      "portfolio_impact": -0.3086900794228025,
      "stressed_nav": 693670.6609987782,
      "pnl": -309744.2190012218,
      "description": "Flash crash; -20.4% on a single trading day."
    },
    {
      "scenario": "Aug 2024 Yen Carry Unwind",
      "market_move": -0.084,
      "portfolio_impact": -0.12710767976233045,
      "stressed_nav": 875873.1427642027,
      "pnl": -127541.73723579734,
      "description": "Yen carry unwind shock; SPY -8.4% in one week."
    }
  ],
  "monte_carlo": {
    "horizon_days": 21,
    "n_paths": 10000,
    "current_nav": 1003414.88,
    "terminal_return": {
      "p5": -0.15563922258678609,
      "p25": -0.0814498963693564,
      "p50": -0.026837398220445674,
      "p75": 0.028383546347174327,
      "p95": 0.1116600175231748,
      "prob_negative": 0.6306
    },
    "terminal_nav": {
      "p5": 847244.1681447867,
      "p50": 976485.8352851192,
      "p95": 1115456.2030838144
    },
    "max_drawdown": {
      "p5": -0.17133751648483939,
      "p50": -0.08137854261857357,
      "p95": -0.030415220029437164
    },
    "method": "Bootstrap of synthetic portfolio daily returns (current weights \u00d7 each holding's 252-day history). 10,000 paths, 21-trading-day horizon (~1 month)."
  },
  "factor_stress": [
    {
      "scenario": "Tech Selloff -15%",
