{
  "generated_at": "2026-06-09T23:07:03.054999Z",
  "market_session": "AFTER",
  "fund_name": "Convex Capital",
  "tagline": "Lose small. Win big. \u2014 Paper-traded portfolio. Hypothetical performance for educational purposes only.",
  "summary": {
    "nav": 962533.5400000002,
    "cash": 106353.45000000003,
    "equity": 856180.0900000001,
    "deposits": 1000000.0,
    "total_return": -0.03746645999999987,
    "realized_pnl": 0.0,
    "open_positions": 16
  },
  "metrics": {
    "annualized_return": -0.3073267143462144,
    "annualized_vol": 0.29372962543033354,
    "sharpe": -1.0462911730335687,
    "sortino": -1.422550778691824,
    "max_drawdown": -0.4184922470923212,
    "var_95_1d": -0.035926186704977145,
    "method": "Synthetic: current weights \u00d7 each holding's 252-day return history.",
    "beta_spy": 1.5733574178897967,
    "data_basis": "synthetic_252d",
    "days_of_live_nav": 7
  },
  "nav_curve": [
    {
      "date": "2026-06-01",
      "value": 999876.7628759766
    },
    {
      "date": "2026-06-02",
      "value": 1004058.1192620469
    },
    {
      "date": "2026-06-03",
      "value": 988718.7906235124
    },
    {
      "date": "2026-06-04",
      "value": 1000919.7487734223
    },
    {
      "date": "2026-06-05",
      "value": 963668.4124958802
    },
    {
      "date": "2026-06-08",
      "value": 962233.467066555
    },
    {
      "date": "2026-06-09",
      "value": 962533.5305816651
    }
  ],
  "drawdown_curve": [
    {
      "date": "2026-06-01",
      "value": 0.0
    },
    {
      "date": "2026-06-02",
      "value": 0.0
    },
    {
      "date": "2026-06-03",
      "value": -0.015277331405684446
    },
    {
      "date": "2026-06-04",
      "value": -0.003125686081729177
    },
    {
      "date": "2026-06-05",
      "value": -0.040226462981895875
    },
    {
      "date": "2026-06-08",
      "value": -0.04165560876718144
    },
    {
      "date": "2026-06-09",
      "value": -0.04135675802402865
    }
  ],
  "benchmarks": {
    "SPY": [
      {
        "date": "2026-06-01",
        "value": 0.0
      },
      {
        "date": "2026-06-02",
        "value": 0.0013579103629497435
      },
      {
        "date": "2026-06-03",
        "value": -0.005668768842152949
      },
      {
        "date": "2026-06-04",
        "value": -0.0019115026417536596
      },
      {
        "date": "2026-06-05",
        "value": -0.027671567540792585
      },
      {
        "date": "2026-06-08",
        "value": -0.02546999220062507
      },
      {
        "date": "2026-06-09",
        "value": -0.028330728579740505
      }
    ],
    "IWM": [
      {
        "date": "2026-06-01",
        "value": 0.0
      },
      {
        "date": "2026-06-02",
        "value": 0.009273972502921835
      },
      {
        "date": "2026-06-03",
        "value": -0.004533177066893157
      },
      {
        "date": "2026-06-04",
        "value": 0.010485150059186044
      },
      {
        "date": "2026-06-05",
        "value": -0.02536513534214846
      },
      {
        "date": "2026-06-08",
        "value": -0.01685246539421037
      },
      {
        "date": "2026-06-09",
        "value": -0.01370344598970763
      }
    ]
  },
  "holdings": [
    {
      "ticker": "GRPN",
      "company": "Groupon, Inc.",
      "sector": "Communication Services",
      "country": "United States",
      "shares": 11310.0,
      "price": 16.61,
      "cost_basis": 17.682836427939876,
      "market_value": 187859.1,
      "unrealized_pnl": -12133.779999999999,
      "short_percent_of_float": 0.5812,
      "short_ratio": 4.89
    },
    {
      "ticker": "KSPI",
      "company": "Joint Stock Company Kaspi.kz",
      "sector": "Technology",
      "country": "Kazakhstan",
      "shares": 1515.0,
      "price": 78.1,
      "cost_basis": 82.53049504950495,
      "market_value": 118321.49999999999,
      "unrealized_pnl": -6712.200000000007,
      "short_percent_of_float": 0.015700001,
      "short_ratio": 2.81
    },
    {
      "ticker": "ZS",
      "company": "Zscaler, Inc.",
      "sector": "Technology",
      "country": "United States",
      "shares": 700.0,
      "price": 125.84,
      "cost_basis": 133.6149857142857,
      "market_value": 88088.0,
      "unrealized_pnl": -5442.489999999983,
      "short_percent_of_float": 0.1058,
      "short_ratio": 4.01
    },
    {
      "ticker": "JAKK",
      "company": "JAKKS Pacific, Inc.",
      "sector": "Consumer Cyclical",
      "country": "United States",
      "shares": 3436.0,
      "price": 21.89,
      "cost_basis": 21.83,
      "market_value": 75214.04000000001,
      "unrealized_pnl": 206.1600000000078,
      "short_percent_of_float": 0.0339,
      "short_ratio": 6.7
    },
    {
      "ticker": "VIA",
      "company": "Via Transportation, Inc.",
      "sector": "Technology",
      "country": "United States",
      "shares": 4921.0,
      "price": 14.65,
      "cost_basis": 15.241408250355619,
      "market_value": 72092.65000000001,
      "unrealized_pnl": -2910.319999999998,
      "short_percent_of_float": 0.1248,
      "short_ratio": 7.65
    },
    {
      "ticker": "CMI",
      "company": "Cummins Inc.",
      "sector": "Industrials",
      "country": "United States",
      "shares": 78.0,
      "price": 669.23,
      "cost_basis": 643.5,
      "market_value": 52199.94,
      "unrealized_pnl": 2006.9400000000014,
      "short_percent_of_float": 0.014400001,
      "short_ratio": 1.92
    },
    {
      "ticker": "XNET",
      "company": "Xunlei Limited",
      "sector": "Technology",
      "country": "China",
      "shares": 10526.0,
      "price": 4.91,
      "cost_basis": 4.75,
      "market_value": 51682.66,
      "unrealized_pnl": 1684.1600000000014,
      "short_percent_of_float": 0.0322,
      "short_ratio": 6.99
    },
    {
      "ticker": "CRWV",
      "company": "CoreWeave, Inc.",
      "sector": "Technology",
      "country": "United States",
      "shares": 468.0,
      "price": 98.45,
      "cost_basis": 106.78134615384614,
      "market_value": 46074.6,
      "unrealized_pnl": -3899.0699999999943,
      "short_percent_of_float": 0.1714,
      "short_ratio": 1.75
    },
    {
      "ticker": "BABA",
      "company": "Alibaba Group Holding Limited",
      "sector": "Consumer Cyclical",
      "country": "Hong Kong",
      "shares": 299.0,
      "price": 119.7,
      "cost_basis": 125.39999999999999,
      "market_value": 35790.3,
      "unrealized_pnl": -1704.2999999999965,
      "short_percent_of_float": 0.0197,
      "short_ratio": 3.3
    },
    {
      "ticker": "PYPL",
      "company": "PayPal Holdings, Inc.",
      "sector": "Financial Services",
      "country": "United States",
      "shares": 830.0,
      "price": 41.46,
      "cost_basis": 45.19,
      "market_value": 34411.8,
      "unrealized_pnl": -3095.8999999999974,
      "short_percent_of_float": 0.0545,
      "short_ratio": 2.87
    },
    {
      "ticker": "ZTS",
      "company": "Zoetis Inc.",
      "sector": "Healthcare",
      "country": "United States",
      "shares": 312.0,
      "price": 82.2,
      "cost_basis": 80.09,
      "market_value": 25646.4,
      "unrealized_pnl": 658.3199999999998,
      "short_percent_of_float": 0.036,
      "short_ratio": 1.79
    },
    {
      "ticker": "AVAV",
      "company": "AeroVironment, Inc.",
      "sector": "Industrials",
      "country": "United States",
      "shares": 122.0,
      "price": 176.51,
      "cost_basis": 204.09,
      "market_value": 21534.219999999998,
      "unrealized_pnl": -3364.7600000000016,
      "short_percent_of_float": 0.12109999,
      "short_ratio": 3.92
    },
    {
      "ticker": "GENC",
      "company": "Gencor Industries, Inc.",
      "sector": "Industrials",
      "country": "United States",
      "shares": 873.0,
      "price": 15.01,
      "cost_basis": 14.32,
      "market_value": 13103.73,
      "unrealized_pnl": 602.3699999999995,
      "short_percent_of_float": 0.0061000003,
      "short_ratio": 2.96
    },
    {
      "ticker": "VST",
      "company": "Vistra Corp.",
      "sector": "Utilities",
      "country": "United States",
      "shares": 81.0,
      "price": 146.22,
      "cost_basis": 154.76,
      "market_value": 11843.82,
      "unrealized_pnl": -691.7399999999993,
      "short_percent_of_float": 0.0461,
      "short_ratio": 2.83
    },
    {
      "ticker": "CEG",
      "company": "Constellation Energy Corporation",
      "sector": "Utilities",
      "country": "United States",
      "shares": 47.0,
      "price": 251.65,
      "cost_basis": 265.7,
      "market_value": 11827.550000000001,
      "unrealized_pnl": -660.3499999999992,
      "short_percent_of_float": 0.0325,
      "short_ratio": 3.35
    },
    {
      "ticker": "OPEN",
      "company": "Opendoor Technologies Inc.",
      "sector": "Real Estate",
      "country": "United States",
      "shares": 2417.0,
      "price": 4.34,
      "cost_basis": 5.171402565163425,
      "market_value": 10489.779999999999,
      "unrealized_pnl": -2009.4999999999986,
      "short_percent_of_float": 0.14819999,
      "short_ratio": 3.26
    }
  ],
  "sector_exposure": [
    {
      "name": "Technology",
      "value": 376259.41000000003,
      "pct": 0.39090524575382585
    },
    {
      "name": "Communication Services",
      "value": 187859.1,
      "pct": 0.19517148462172026
    },
    {
      "name": "Consumer Cyclical",
      "value": 111004.34000000001,
      "pct": 0.11532516570799184
    },
    {
      "name": "Cash",
      "value": 106353.45000000003,
      "pct": 0.11049324057840106
    },
    {
      "name": "Industrials",
      "value": 86837.89,
      "pct": 0.09021804060978486
    },
    {
      "name": "Financial Services",
      "value": 34411.8,
      "pct": 0.035751273664707824
    },
    {
      "name": "Healthcare",
      "value": 25646.4,
      "pct": 0.026644681908954568
    },
    {
      "name": "Utilities",
      "value": 23671.370000000003,
      "pct": 0.0245927741904973
    },
    {
      "name": "Real Estate",
      "value": 10489.779999999999,
      "pct": 0.010898092964116344
    }
  ],
  "geographic_exposure": [
    {
      "name": "United States",
      "value": 650385.63,
      "pct": 0.6757017838567994
    },
    {
      "name": "Kazakhstan",
      "value": 118321.49999999999,
      "pct": 0.12292714495954081
    },
    {
      "name": "Cash",
      "value": 106353.45000000003,
      "pct": 0.11049324057840106
    },
    {
      "name": "China",
      "value": 51682.66,
      "pct": 0.05369439905439554
    },
    {
      "name": "Hong Kong",
      "value": 35790.3,
      "pct": 0.03718343155086315
    }
  ],
  "signals": [
    {
      "ticker": "AVAV",
      "label": "NEUTRAL",
      "composite": 0.0,
      "rsi": 45.4,
      "subs": {
        "rsi": 0.5,
        "macd": 0.5,
        "trend": -0.5,
        "bb": -0.5,
        "vol": 0.0,
        "range": 0.0
      }
    },
    {
      "ticker": "BABA",
      "label": "STRONG SELL",
      "composite": -2.0,
      "rsi": 35.8,
      "subs": {
        "rsi": 0.0,
        "macd": -0.5,
        "trend": -0.5,
        "bb": -0.5,
        "vol": 0.0,
        "range": -0.5
      }
    },
    {
      "ticker": "CEG",
      "label": "STRONG SELL",
      "composite": -2.0,
      "rsi": 35.5,
      "subs": {
        "rsi": 0.0,
        "macd": -0.5,
        "trend": -0.5,
        "bb": -0.5,
        "vol": 0.0,
        "range": -0.5
      }
    },
    {
      "ticker": "CMI",
      "label": "NEUTRAL",
      "composite": 0.0,
      "rsi": 52.2,
      "subs": {
        "rsi": 0.5,
        "macd": -0.5,
        "trend": 0.5,
        "bb": -0.5,
        "vol": 0.0,
        "range": 0.0
      }
    },
    {
      "ticker": "CRWV",
      "label": "SELL",
      "composite": -1.5,
      "rsi": 42.3,
      "subs": {
        "rsi": 0.0,
        "macd": -0.5,
        "trend": 0.0,
        "bb": -0.5,
        "vol": 0.0,
        "range": -0.5
      }
    },
    {
      "ticker": "GENC",
      "label": "STRONG BUY",
      "composite": 2.5,
      "rsi": 54.5,
      "subs": {
        "rsi": 0.5,
        "macd": 0.5,
        "trend": 0.5,
        "bb": 0.5,
        "vol": 0.0,
        "range": 0.5
      }
    },
    {
      "ticker": "GRPN",
      "label": "SELL",
      "composite": -1.0,
      "rsi": 46.5,
      "subs": {
        "rsi": 0.5,
        "macd": -0.5,
        "trend": 0.0,
        "bb": -0.5,
        "vol": 0.0,
        "range": -0.5
      }
    },
    {
      "ticker": "JAKK",
      "label": "BUY",
      "composite": 1.0,
      "rsi": 51.0,
      "subs": {
        "rsi": 0.5,
        "macd": -0.5,
        "trend": 0.5,
        "bb": 0.5,
        "vol": 0.0,
        "range": 0.0
      }
    },
    {
      "ticker": "KSPI",
      "label": "SELL",
      "composite": -1.5,
      "rsi": 29.5,
      "subs": {
        "rsi": -0.5,
        "macd": -0.5,
        "trend": 0.0,
        "bb": 0.0,
        "vol": 0.0,
        "range": -0.5
      }
    },
    {
      "ticker": "OPEN",
      "label": "STRONG SELL",
      "composite": -2.0,
      "rsi": 40.2,
      "subs": {
        "rsi": 0.0,
        "macd": -0.5,
        "trend": -0.5,
        "bb": -0.5,
        "vol": 0.0,
        "range": -0.5
      }
    },
    {
      "ticker": "PYPL",
      "label": "STRONG SELL",
      "composite": -2.0,
      "rsi": 30.9,
      "subs": {
        "rsi": 0.0,
        "macd": -0.5,
        "trend": -0.5,
        "bb": -0.5,
        "vol": 0.0,
        "range": -0.5
      }
    },
    {
      "ticker": "VIA",
      "label": "LEAN BULL",
      "composite": 0.5,
      "rsi": 46.0,
      "subs": {
        "rsi": 0.5,
        "macd": 0.5,
        "trend": -0.5,
        "bb": -0.5,
        "vol": 0.5,
        "range": 0.0
      }
    },
    {
      "ticker": "VST",
      "label": "STRONG SELL",
      "composite": -2.0,
      "rsi": 42.8,
      "subs": {
        "rsi": 0.0,
        "macd": -0.5,
        "trend": -0.5,
        "bb": -0.5,
        "vol": -0.5,
        "range": 0.0
      }
    },
    {
      "ticker": "XNET",
      "label": "SELL",
      "composite": -1.5,
      "rsi": 36.6,
      "subs": {
        "rsi": 0.0,
        "macd": -0.5,
        "trend": -0.5,
        "bb": -0.5,
        "vol": 0.5,
        "range": -0.5
      }
    },
    {
      "ticker": "ZS",
      "label": "STRONG SELL",
      "composite": -2.0,
      "rsi": 40.0,
      "subs": {
        "rsi": 0.0,
        "macd": -0.5,
        "trend": -0.5,
        "bb": -0.5,
        "vol": 0.0,
        "range": -0.5
      }
    },
    {
      "ticker": "ZTS",
      "label": "BUY",
      "composite": 1.0,
      "rsi": 42.0,
      "subs": {
        "rsi": 0.0,
        "macd": 0.5,
        "trend": -0.5,
        "bb": 0.5,
        "vol": 0.0,
        "range": 0.5
      }
    }
  ],
  "volatility": [
    {
      "ticker": "AVAV",
      "hv20": 0.9041475196121159,
      "garch": 0.7594227792531488,
      "expansion": -0.1600676186349046,
      "regime": "HIGH",
      "signal": "WEAK"
    },
    {
      "ticker": "BABA",
      "hv20": 0.4691470073125419,
      "garch": 0.42293216745532275,
      "expansion": -0.09850822692434057,
      "regime": "HIGH",
      "signal": "WEAK"
    },
    {
      "ticker": "CEG",
      "hv20": 0.5543613440656731,
      "garch": 0.5639719376547364,
      "expansion": 0.017336334309639066,
      "regime": "HIGH",
      "signal": "WEAK"
    },
    {
      "ticker": "CMI",
      "hv20": 0.4140422334856976,
      "garch": 0.34358025784706553,
      "expansion": -0.1701806481078845,
      "regime": "HIGH",
      "signal": "WEAK"
    },
    {
      "ticker": "CRWV",
      "hv20": 0.8068502339628638,
      "garch": 0.9790433620438839,
      "expansion": 0.21341399039483383,
      "regime": "LOW",
      "signal": "SIGNAL"
    },
    {
      "ticker": "GENC",
      "hv20": 0.39971097844241543,
      "garch": 0.43151215087030004,
      "expansion": 0.07956041775936874,
      "regime": "NORMAL",
      "signal": "WEAK"
    },
    {
      "ticker": "GRPN",
      "hv20": 0.8668329197500287,
      "garch": 0.7977051755367086,
      "expansion": -0.07974748378644261,
      "regime": "HIGH",
      "signal": "WEAK"
    },
    {
      "ticker": "JAKK",
      "hv20": 0.24673102849674539,
      "garch": 0.4633838245051966,
      "expansion": 0.8780930283817509,
      "regime": "LOW",
      "signal": "SIGNAL"
    },
    {
      "ticker": "KSPI",
      "hv20": 0.2781018711674871,
      "garch": 0.4102123249861719,
      "expansion": 0.4750433834338395,
      "regime": "NORMAL",
      "signal": "SIGNAL"
    },
    {
      "ticker": "OPEN",
      "hv20": 0.7316737433716437,
      "garch": 0.891029670743791,
      "expansion": 0.21779642745934188,
      "regime": "LOW",
      "signal": "SIGNAL"
    },
    {
      "ticker": "PYPL",
      "hv20": 0.23625322449182531,
      "garch": 0.3903440964773381,
      "expansion": 0.6522275931554302,
      "regime": "LOW",
      "signal": "SIGNAL"
    },
    {
      "ticker": "VIA",
      "hv20": 1.0074152037558515,
      "garch": null,
      "expansion": null,
      "regime": "NORMAL",
      "signal": "WEAK"
    },
    {
      "ticker": "VST",
      "hv20": 0.48602030556801334,
      "garch": 0.5601761115111457,
      "expansion": 0.1525775880011149,
      "regime": "NORMAL",
      "signal": "BASE"
    },
    {
      "ticker": "XNET",
      "hv20": 0.768038615207305,
      "garch": 0.7930285096351324,
      "expansion": 0.03253728905425186,
      "regime": "HIGH",
      "signal": "WEAK"
    },
    {
      "ticker": "ZS",
      "hv20": 1.580114542705054,
      "garch": 0.5459299903150203,
      "expansion": -0.6544997368479227,
      "regime": "EXTREME",
      "signal": "WEAK"
    },
    {
      "ticker": "ZTS",
      "hv20": 0.31855379938752687,
      "garch": 0.35864381623164876,
      "expansion": 0.12585006652314829,
      "regime": "HIGH",
      "signal": "BASE"
    }
  ],
  "correlation": {
    "tickers": [
      "AVAV",
      "BABA",
      "CEG",
      "CMI",
      "CRWV",
      "GENC",
      "GRPN",
      "JAKK",
      "KSPI",
      "OPEN",
      "PYPL",
      "VIA",
      "VST",
      "XNET",
      "ZS",
      "ZTS"
    ],
    "matrix": [
      [
        1.0,
        0.131,
        0.262,
        0.248,
        0.309,
        0.095,
        0.229,
        0.081,
        0.098,
        0.335,
        0.198,
        0.034,
        0.301,
        0.327,
        0.176,
        0.06
      ],
      [
        0.131,
        1.0,
        0.181,
        0.334,
        0.352,
        0.131,
        0.191,
        0.117,
        0.213,
        0.196,
        0.244,
        -0.037,
        0.226,
        0.477,
        0.038,
        0.075
      ],
      [
        0.262,
        0.181,
        1.0,
        0.311,
        0.217,
        0.149,
        0.081,
        0.09,
        0.051,
        0.191,
        0.124,
        0.006,
        0.796,
        0.247,
        0.04,
        0.122
      ],
      [
        0.248,
        0.334,
        0.311,
        1.0,
        0.368,
        0.361,
        0.185,
        0.151,
        0.233,
        0.2,
        0.065,
        0.007,
        0.321,
        0.313,
        -0.055,
        0.197
      ],
      [
        0.309,
        0.352,
        0.217,
        0.368,
        1.0,
        0.118,
        0.164,
        0.06,
        0.135,
        0.24,
        0.131,
        0.225,
        0.309,
        0.369,
        0.183,
        0.081
      ],
      [
        0.095,
        0.131,
        0.149,
        0.361,
        0.118,
        1.0,
        0.161,
        0.316,
        0.155,
        0.131,
        0.098,
        0.066,
        0.172,
        0.168,
        0.051,
        0.155
      ],
      [
        0.229,
        0.191,
        0.081,
        0.185,
        0.164,
        0.161,
        1.0,
        0.151,
        0.331,
        0.306,
        0.262,
        0.178,
        0.114,
        0.222,
        0.147,
        0.164
      ],
      [
        0.081,
        0.117,
        0.09,
        0.151,
        0.06,
        0.316,
        0.151,
        1.0,
        0.104,
        0.139,
        0.215,
        0.142,
        0.061,
        0.197,
        -0.052,
        0.138
      ],
      [
        0.098,
        0.213,
        0.051,
        0.233,
        0.135,
        0.155,
        0.331,
        0.104,
        1.0,
        0.246,
        0.252,
        0.15,
        0.084,
        0.187,
        0.157,
        0.191
      ],
      [
        0.335,
        0.196,
        0.191,
        0.2,
        0.24,
        0.131,
        0.306,
        0.139,
        0.246,
        1.0,
        0.239,
        0.163,
        0.263,
        0.342,
        0.063,
        0.164
      ],
      [
        0.198,
        0.244,
        0.124,
        0.065,
        0.131,
        0.098,
        0.262,
        0.215,
        0.252,
        0.239,
        1.0,
        0.159,
        0.063,
        0.327,
        0.205,
        0.171
      ],
      [
        0.034,
        -0.037,
        0.006,
        0.007,
        0.225,
        0.066,
        0.178,
        0.142,
        0.15,
        0.163,
        0.159,
        1.0,
        0.061,
        0.189,
        0.369,
        0.022
      ],
      [
        0.301,
        0.226,
        0.796,
        0.321,
        0.309,
        0.172,
        0.114,
        0.061,
        0.084,
        0.263,
        0.063,
        0.061,
        1.0,
        0.268,
        0.07,
        0.09
      ],
      [
        0.327,
        0.477,
        0.247,
        0.313,
        0.369,
        0.168,
        0.222,
        0.197,
        0.187,
        0.342,
        0.327,
        0.189,
        0.268,
        1.0,
        0.219,
        0.044
      ],
      [
        0.176,
        0.038,
        0.04,
        -0.055,
        0.183,
        0.051,
        0.147,
        -0.052,
        0.157,
        0.063,
        0.205,
        0.369,
        0.07,
        0.219,
        1.0,
        -0.037
      ],
      [
        0.06,
        0.075,
        0.122,
        0.197,
        0.081,
        0.155,
        0.164,
        0.138,
        0.191,
        0.164,
        0.171,
        0.022,
        0.09,
        0.044,
        -0.037,
        1.0
      ]
    ]
  },
  "residual_correlation": {
    "tickers": [
      "AVAV",
      "BABA",
      "CEG",
      "CMI",
      "CRWV",
      "GENC",
      "GRPN",
      "JAKK",
      "KSPI",
      "OPEN",
      "PYPL",
      "VIA",
      "VST",
      "XNET",
      "ZS",
      "ZTS"
    ],
    "matrix": [
      [
        1.0,
        -0.014,
        0.114,
        0.065,
        0.117,
        -0.035,
        0.079,
        -0.058,
        -0.112,
        0.148,
        0.007,
        -0.14,
        0.148,
        0.155,
        0.102,
        -0.062
      ],
      [
        -0.014,
        1.0,
        0.011,
        0.102,
        0.188,
        -0.08,
        0.026,
        -0.046,
        0.035,
        0.041,
        0.123,
        -0.162,
        0.056,
        0.345,
        -0.049,
        -0.022
      ],
      [
        0.114,
        0.011,
        1.0,
        0.031,
        -0.04,
        0.031,
        -0.057,
        -0.014,
        -0.121,
        0.031,
        0.039,
        -0.093,
        0.731,
        0.083,
        0.018,
        0.083
      ],
      [
        0.065,
        0.102,
        0.031,
        1.0,
        0.097,
        0.069,
        -0.064,
        -0.146,
        -0.01,
        -0.067,
        -0.104,
        -0.115,
        -0.005,
        0.016,
        -0.12,
        0.067
      ],
      [
        0.117,
        0.188,
        -0.04,
        0.097,
        1.0,
        0.014,
        -0.042,
        -0.034,
        -0.093,
        0.017,
        -0.043,
        0.107,
        0.056,
        0.105,
        0.129,
        0.042
      ],
      [
        -0.035,
        -0.08,
        0.031,
        0.069,
        0.014,
        1.0,
        -0.025,
        0.063,
        -0.075,
        -0.076,
        0.006,
        -0.01,
        0.033,
        -0.036,
        0.011,
        -0.045
      ],
      [
        0.079,
        0.026,
        -0.057,
        -0.064,
        -0.042,
        -0.025,
        1.0,
        0.009,
        0.161,
        0.11,
        0.091,
        0.054,
        -0.039,
        -0.008,
        0.045,
        0.04
      ],
      [
        -0.058,
        -0.046,
        -0.014,
        -0.146,
        -0.034,
        0.063,
        0.009,
        1.0,
        -0.095,
        -0.028,
        0.103,
        0.081,
        -0.052,
        0.028,
        -0.118,
        -0.049
      ],
      [
        -0.112,
        0.035,
        -0.121,
        -0.01,
        -0.093,
        -0.075,
        0.161,
        -0.095,
        1.0,
        0.064,
        0.072,
        0.019,
        -0.109,
        -0.035,
        0.057,
        0.059
      ],
      [
        0.148,
        0.041,
        0.031,
        -0.067,
        0.017,
        -0.076,
        0.11,
        -0.028,
        0.064,
        1.0,
        0.065,
        0.032,
        0.107,
        0.157,
        -0.044,
        0.024
      ],
      [
        0.007,
        0.123,
        0.039,
        -0.104,
        -0.043,
        0.006,
        0.091,
        0.103,
        0.072,
        0.065,
        1.0,
        0.001,
        -0.044,
        0.182,
        0.066,
        0.026
      ],
      [
        -0.14,
        -0.162,
        -0.093,
        -0.115,
        0.107,
        -0.01,
        0.054,
        0.081,
        0.019,
        0.032,
        0.001,
        1.0,
        -0.037,
        0.054,
        0.303,
        -0.063
      ],
      [
        0.148,
        0.056,
        0.731,
        -0.005,
        0.056,
        0.033,
        -0.039,
        -0.052,
        -0.109,
        0.107,
        -0.044,
        -0.037,
        1.0,
        0.087,
        0.05,
        0.039
      ],
      [
        0.155,
        0.345,
        0.083,
        0.016,
        0.105,
        -0.036,
        -0.008,
        0.028,
        -0.035,
        0.157,
        0.182,
        0.054,
        0.087,
        1.0,
        0.138,
        -0.097
      ],
      [
        0.102,
        -0.049,
        0.018,
        -0.12,
        0.129,
        0.011,
        0.045,
        -0.118,
        0.057,
        -0.044,
        0.066,
        0.303,
        0.05,
        0.138,
        1.0,
        -0.112
      ],
      [
        -0.062,
        -0.022,
        0.083,
        0.067,
        0.042,
        -0.045,
        0.04,
        -0.049,
        0.059,
        0.024,
        0.026,
        -0.063,
        0.039,
        -0.097,
        -0.112,
        1.0
      ]
    ]
  },
  "factor_correlation": {
    "factors": [
      "Market",
      "Size",
      "Value (SMID)",
      "Momentum",
      "Quality",
      "Profitability",
      "Liquidity",
      "Credit"
    ],
    "matrix": [
      [
        1.0,
        0.352,
        -0.474,
        0.378,
        -0.187,
        -0.524,
        0.317,
        0.183
      ],
      [
        0.352,
        1.0,
        -0.157,
        0.229,
        0.137,
        0.159,
        0.332,
        0.048
      ],
      [
        -0.474,
        -0.157,
        1.0,
        -0.526,
        0.268,
        0.563,
        -0.373,
        -0.138
      ],
      [
        0.378,
        0.229,
        -0.526,
        1.0,
        -0.202,
        -0.509,
        0.276,
        0.036
      ],
      [
        -0.187,
        0.137,
        0.268,
        -0.202,
        1.0,
        0.399,
        -0.221,
        -0.13
      ],
      [
        -0.524,
        0.159,
        0.563,
        -0.509,
        0.399,
        1.0,
        -0.271,
        -0.089
      ],
      [
        0.317,
        0.332,
        -0.373,
        0.276,
        -0.221,
        -0.271,
        1.0,
        0.16
      ],
      [
        0.183,
        0.048,
        -0.138,
        0.036,
        -0.13,
        -0.089,
        0.16,
        1.0
      ]
    ]
  },
  "factor_exposures": [
    {
      "ticker": "AVAV",
      "r_squared": 0.17809151417216418,
      "alpha_annual": -0.2668649706291177,
      "idio_vol_annual": 0.6638357274450652,
      "Market": 1.0316868786793787,
      "Size": 0.7510198049245559,
      "Value (SMID)": -2.1442684471437534,
      "Momentum": -0.5731735860366567,
      "Quality": -1.4368739292428445,
      "Profitability": 0.06376077401756558,
      "Liquidity": 0.09996449536334617,
      "Credit": -1.6706900639924946
    },
    {
      "ticker": "BABA",
      "r_squared": 0.1534553680884173,
      "alpha_annual": -0.2991694599707543,
      "idio_vol_annual": 0.3965666464248529,
      "Market": 1.1974543535149813,
      "Size": 0.1767123946495623,
      "Value (SMID)": 0.23509434964894516,
      "Momentum": -0.13454689374604056,
      "Quality": -0.21233738139289776,
      "Profitability": -0.23826806378249038,
      "Liquidity": 0.22401024010930304,
      "Credit": 0.9767436206523975
    },
    {
      "ticker": "CEG",
      "r_squared": 0.2502639284041239,
      "alpha_annual": -0.40035894297040514,
      "idio_vol_annual": 0.40339960026220334,
      "Market": 0.6923035506091217,
      "Size": 0.38414242373317486,
      "Value (SMID)": -0.4815845499910564,
      "Momentum": 0.689017045796129,
      "Quality": -0.6625303580166535,
      "Profitability": -0.6702003974042839,
      "Liquidity": -0.4015539036897507,
      "Credit": -0.9293303774911433
    },
    {
      "ticker": "CMI",
      "r_squared": 0.4990573830242535,
      "alpha_annual": 0.35065456259319333,
      "idio_vol_annual": 0.23288090163748415,
      "Market": 1.1403936395521086,
      "Size": 0.841836422753512,
      "Value (SMID)": 0.4260104909503933,
      "Momentum": 0.7886747398657991,
      "Quality": 0.36423087855490877,
      "Profitability": -0.1959744339055871,
      "Liquidity": -0.30955330556665517,
      "Credit": 0.928748331274133
    },
    {
      "ticker": "CRWV",
      "r_squared": 0.28708341230806156,
      "alpha_annual": -0.8052249378987724,
      "idio_vol_annual": 0.8045967881368765,
      "Market": 0.9149467516353356,
      "Size": 0.7581804988835044,
      "Value (SMID)": -2.164402070027362,
      "Momentum": 1.0216749309997544,
      "Quality": -4.609677021918803,
      "Profitability": -0.011869565618334271,
      "Liquidity": 0.41489521541422486,
      "Credit": 1.5336258041491975
    },
    {
      "ticker": "GENC",
      "r_squared": 0.3349749525361959,
      "alpha_annual": -0.42696293980046585,
      "idio_vol_annual": 0.3268887539086052,
      "Market": 1.4170008435259487,
      "Size": 1.1836228634426496,
      "Value (SMID)": 1.170179905334919,
      "Momentum": -0.011329844505044151,
      "Quality": -0.5184007661532065,
      "Profitability": 0.1313258414462063,
      "Liquidity": -0.16413665716030512,
      "Credit": 0.6086017178332352
    },
    {
      "ticker": "GRPN",
      "r_squared": 0.15458030852843463,
      "alpha_annual": -1.0798204338608868,
      "idio_vol_annual": 0.6309521693848619,
      "Market": 1.843161486258898,
      "Size": 0.27504618103960576,
      "Value (SMID)": -0.9077933213680582,
      "Momentum": -0.14372572057508226,
      "Quality": -1.8278207212166764,
      "Profitability": 1.403941987474481,
      "Liquidity": 0.14646824209200698,
      "Credit": 1.58785237112444
    },
    {
      "ticker": "JAKK",
      "r_squared": 0.2855385385692354,
      "alpha_annual": -0.3242753509677047,
      "idio_vol_annual": 0.36068740688578205,
      "Market": 1.3893782975628963,
      "Size": 0.9957019040888326,
      "Value (SMID)": 0.8225934201192315,
      "Momentum": -0.3976021847543983,
      "Quality": 1.5925256198161497,
      "Profitability": -0.2958532404439583,
      "Liquidity": 0.38698821633117986,
      "Credit": -0.38033162125046266
    },
    {
      "ticker": "KSPI",
      "r_squared": 0.22710794807880463,
      "alpha_annual": -0.3234083808448551,
      "idio_vol_annual": 0.31666631387278127,
      "Market": 1.3198430883597436,
      "Size": 0.33931368173299525,
      "Value (SMID)": -0.29114925410232867,
      "Momentum": -0.5795756229198878,
      "Quality": 0.03746565527071491,
      "Profitability": 0.18265302451597298,
      "Liquidity": 0.008069835701026429,
      "Credit": 0.43355051073064876
    },
    {
      "ticker": "OPEN",
      "r_squared": 0.11889856903579565,
      "alpha_annual": 1.281254508797011,
      "idio_vol_annual": 1.3593697324462637,
      "Market": 2.9968526717942905,
      "Size": 1.1629391942189482,
      "Value (SMID)": -1.7178150121805653,
      "Momentum": -1.6379685494278515,
      "Quality": 1.565002166263574,
      "Profitability": 1.057874943047617,
      "Liquidity": 1.8351748114205346,
      "Credit": -2.9520875002773512
    },
    {
      "ticker": "PYPL",
      "r_squared": 0.3089434964391933,
      "alpha_annual": -0.7612734278374395,
      "idio_vol_annual": 0.33634621990524183,
      "Market": 1.8903521889866943,
      "Size": -0.4212663524789159,
      "Value (SMID)": -0.9230645338191894,
      "Momentum": -0.9463351978882286,
      "Quality": 1.5828476290685638,
      "Profitability": 0.7568446189392718,
      "Liquidity": 0.47145033585842083,
      "Credit": -0.08787086645808728
    },
    {
      "ticker": "VIA",
      "r_squared": 0.1261224221418734,
      "alpha_annual": -1.6878147784951847,
      "idio_vol_annual": 0.6833614894542496,
      "Market": 1.2807912418793777,
      "Size": 0.2931232116692252,
      "Value (SMID)": -1.5122352092273303,
      "Momentum": -1.259622110247481,
      "Quality": -1.76328772263687,
      "Profitability": 0.6621235545582166,
      "Liquidity": 0.5765142485517505,
      "Credit": -0.9414214455986568
    },
    {
      "ticker": "VST",
      "r_squared": 0.2730536561760676,
      "alpha_annual": -0.40137978936331914,
      "idio_vol_annual": 0.41268071180168814,
      "Market": 0.5553447884154217,
      "Size": 0.745006704163085,
      "Value (SMID)": -0.6888245678551945,
      "Momentum": 0.7313047138612607,
      "Quality": -1.6637676996571693,
      "Profitability": -0.5372447330267263,
      "Liquidity": -0.7254135700293782,
      "Credit": -0.7189461940488554
    },
    {
      "ticker": "XNET",
      "r_squared": 0.17161549021707256,
      "alpha_annual": -0.6377618627494052,
      "idio_vol_annual": 0.7248985008612796,
      "Market": 2.009066966116082,
      "Size": 0.20425588911926518,
      "Value (SMID)": -0.6850510025820755,
      "Momentum": -0.6150855036136098,
      "Quality": 0.2906506774782388,
      "Profitability": 0.4910637965805444,
      "Liquidity": 1.318382027422596,
      "Credit": 2.4865078515619734
    },
    {
      "ticker": "ZS",
      "r_squared": 0.09396094223111318,
      "alpha_annual": -1.0116654052252525,
      "idio_vol_annual": 0.595677252522322,
      "Market": 1.3787171761147197,
      "Size": -0.4623837228614843,
      "Value (SMID)": -1.1688808908611756,
      "Momentum": -1.0453443464933265,
      "Quality": -1.069871166111687,
      "Profitability": 0.878579589650285,
      "Liquidity": 0.1807272483103004,
      "Credit": 0.059791736135515916
    },
    {
      "ticker": "ZTS",
      "r_squared": 0.176193492919565,
      "alpha_annual": -0.926184501050044,
      "idio_vol_annual": 0.3437054139460837,
      "Market": 1.3914168999576577,
      "Size": 0.047658675966327835,
      "Value (SMID)": 0.06920106824391209,
      "Momentum": -0.15099834280170438,
      "Quality": 1.4382446095228758,
      "Profitability": 0.8764367938311026,
      "Liquidity": 0.10121442483968429,
      "Credit": -0.6824978184703017
    }
  ],
  "portfolio_factor_exposure": {
    "loadings": {
      "Market": 1.4679184715391798,
      "Size": 0.33502592089560995,
      "Value (SMID)": -0.6450552501896053,
      "Momentum": -0.3574437981359357,
      "Quality": -0.6820785154697823,
      "Profitability": 0.5170957755956465,
      "Liquidity": 0.2556734013291114,
      "Credit": 0.5162325872153096
    },
    "alpha_annual": -0.6962442747675015,
    "r_squared_weighted": 0.2093162754179417
  },
  "stress_tests": [
    {
      "scenario": "COVID Crash (Feb-Mar 2020)",
      "market_move": -0.339,
      "portfolio_impact": -0.5333681646646411,
      "stressed_nav": 449148.79234204016,
      "pnl": -513384.74765796,
      "description": "Rapid 33.9% selloff in SPY over 23 trading days as COVID-19 spread."
    },
    {
      "scenario": "2022 Rate Shock (Jan-Oct)",
      "market_move": -0.252,
      "portfolio_impact": -0.3964860693082288,
      "stressed_nav": 580902.4001480653,
      "pnl": -381631.13985193486,
      "description": "Grinding 9-month decline as the Fed hiked rates aggressively."
    },
    {
      "scenario": "GFC 2008-09",
      "market_move": -0.565,
      "portfolio_impact": -0.888946941107735,
      "stressed_nav": 106892.29390340035,
      "pnl": -855641.2460965998,
      "description": "Credit crisis bear market; SPY drew down 56.5% from Oct 2007 peak."
    },
    {
      "scenario": "Dot-Com Bust (2000-02)",
      "market_move": -0.491,
      "portfolio_impact": -0.7725184921838901,
      "stressed_nav": 218958.58100277794,
      "pnl": -743574.9589972222,
      "description": "Tech bubble burst; SPY -49.1% peak-to-trough over 30 months."
    },
    {
      "scenario": "Black Monday (Oct 1987)",
      "market_move": -0.204,
      "portfolio_impact": -0.3209649132495185,
      "stressed_nav": 653594.0458341482,
      "pnl": -308939.49416585197,
      "description": "Flash crash; -20.4% on a single trading day."
    },
    {
      "scenario": "Aug 2024 Yen Carry Unwind",
      "market_move": -0.084,
      "portfolio_impact": -0.13216202310274291,
      "stressed_nav": 835323.1600493552,
      "pnl": -127210.37995064491,
      "description": "Yen carry unwind shock; SPY -8.4% in one week."
    }
  ],
  "monte_carlo": {
    "horizon_days": 21,
    "n_paths": 10000,
    "current_nav": 962533.5400000002,
    "terminal_return": {
      "p5": -0.16103909569787286,
      "p25": -0.08720267183213504,
      "p50": -0.03405577622108802,
      "p75": 0.024369099206912548,
      "p95": 0.10747853432949699,
      "prob_negative": 0.6542
    },
    "terminal_nav": {
      "p5": 807528.0091395278,
      "p50": 929753.7131564685,
      "p95": 1065985.2341221825
    },
    "max_drawdown": {
      "p5": -0.17779606683435203,
      "p50": -0.08526748865814779,
      "p95": -0.03195933706117935
    },
    "method": "Bootstrap of synthetic portfolio daily returns (current weights \u00d7 each holding's 252-day history). 10,000 paths, 21-trading-day horizon (~1 month)."
  },
  "factor_stress": [
    {
      "scenario": "Tech Selloff -15%",
      "description": "Concentrated drawdown in Tech and Communication Services.",
      "shocks": {
        "sector:Technology": -0.15,
        "sector:Communication Services": -0.1
      },
      "pnl": -75224.82149999999,
      "stressed_nav": 887308.7185000002,
      "portfolio_impact": -0.07815293532524589,
      "equity_at_risk_pct": 0.889506759421599
    },
    {
      "scenario": "Rate Shock (+100bp)",
      "description": "Long-duration growth and rate-sensitive sectors hit; banks benefit.",
      "shocks": {
        "sector:Technology": -0.08,
        "sector:Consumer Cyclical": -0.1,
        "sector:Financial Services": 0.05,
        "sector:Real Estate": -0.12,
        "sector:Utilities": -0.06
      },
      "pnl": -42159.6526,
      "stressed_nav": 920373.8874000001,
      "portfolio_impact": -0.043800710154993656,
      "equity_at_risk_pct": 0.889506759421599
    },
    {
      "scenario": "Energy Spike (+30%)",
      "description": "Oil shock \u2014 producers rally, downstream consumers pinched.",
      "shocks": {
        "sector:Energy": 0.3,
        "sector:Industrials": -0.05,
        "sector:Consumer Cyclical": -0.07,
        "sector:Consumer Defensive": -0.03
      },
      "pnl": -12112.1983,
      "stressed_nav": 950421.3417000001,
      "portfolio_impact": -0.012583663630048671,
      "equity_at_risk_pct": 0.889506759421599
    },
    {
