{
  "generated_at": "2026-06-24T08:04:36.299350Z",
  "market_session": "PRE",
  "fund_name": "Convex Capital",
  "tagline": "Lose small. Win big. \u2014 Paper-traded portfolio. Hypothetical performance for educational purposes only.",
  "summary": {
    "nav": 1003670.41,
    "cash": 4722.310000000056,
    "equity": 998948.1,
    "deposits": 1000000.0,
    "total_return": 0.003670410000000013,
    "realized_pnl": 0.0,
    "open_positions": 16
  },
  "metrics": {
    "annualized_return": -0.16943429239043561,
    "annualized_vol": 0.28059685928080974,
    "sharpe": -0.7624614725732175,
    "sortino": -0.9941008249737646,
    "calmar": -0.46490755298122377,
    "max_drawdown": -0.3644472783974722,
    "var_95_1d": -0.03186959490392441,
    "risk_free_rate": 0.04451000213623047,
    "method": "Synthetic: current weights \u00d7 each holding's 252-day return history. Sortino uses Frank Sortino downside deviation (RMS of shortfalls vs MAR=RF).",
    "beta_benchmark": 0.9818167429358835,
    "benchmark_annualized_return": 0.3518232081248247,
    "treynor": -0.21790654525499112,
    "jensens_alpha": -0.5156695454915718,
    "information_ratio": -1.9095219477043723,
    "tracking_error": 0.2021209430336959,
    "annualized_active_return": -0.3859543768135475,
    "up_capture": 0.6373483846450783,
    "down_capture": 1.0851481131618959,
    "data_basis": "synthetic_252d",
    "days_of_live_nav": 16,
    "benchmark_ticker": "IWM",
    "benchmark_name": "Russell 2000",
    "beta_spy": 0.9818167429358835,
    "beta_spy_stress": 1.529709047102936
  },
  "nav_curve": [
    {
      "date": "2026-06-01",
      "value": 999882.8292976379
    },
    {
      "date": "2026-06-02",
      "value": 1005079.4966617966
    },
    {
      "date": "2026-06-03",
      "value": 995768.7768651581
    },
    {
      "date": "2026-06-04",
      "value": 1004929.1794892884
    },
    {
      "date": "2026-06-05",
      "value": 974274.0015833282
    },
    {
      "date": "2026-06-08",
      "value": 974266.9881036186
    },
    {
      "date": "2026-06-09",
      "value": 979640.5088702394
    },
    {
      "date": "2026-06-10",
      "value": 966884.7384401513
    },
    {
      "date": "2026-06-11",
      "value": 990753.0886875344
    },
    {
      "date": "2026-06-12",
      "value": 996222.4282127572
    },
    {
      "date": "2026-06-15",
      "value": 1017018.2685251809
    },
    {
      "date": "2026-06-16",
      "value": 1019223.7061524964
    },
    {
      "date": "2026-06-17",
      "value": 1004256.765778122
    },
    {
      "date": "2026-06-18",
      "value": 1005956.2144795037
    },
    {
      "date": "2026-06-22",
      "value": 1013145.2704611397
    },
    {
      "date": "2026-06-23",
      "value": 1003670.4086042023
    }
  ],
  "drawdown_curve": [
    {
      "date": "2026-06-01",
      "value": 0.0
    },
    {
      "date": "2026-06-02",
      "value": 0.0
    },
    {
      "date": "2026-06-03",
      "value": -0.009263665040986776
    },
    {
      "date": "2026-06-04",
      "value": -0.00014955749570802555
    },
    {
      "date": "2026-06-05",
      "value": -0.030649809473562682
    },
    {
      "date": "2026-06-08",
      "value": -0.03065678750836781
    },
    {
      "date": "2026-06-09",
      "value": -0.025310423579476604
    },
    {
      "date": "2026-06-10",
      "value": -0.038001728568240384
    },
    {
      "date": "2026-06-11",
      "value": -0.01425400480444075
    },
    {
      "date": "2026-06-12",
      "value": -0.008812306368259061
    },
    {
      "date": "2026-06-15",
      "value": 0.0
    },
    {
      "date": "2026-06-16",
      "value": 0.0
    },
    {
      "date": "2026-06-17",
      "value": -0.014684647034823809
    },
    {
      "date": "2026-06-18",
      "value": -0.01301725184854327
    },
    {
      "date": "2026-06-22",
      "value": -0.005963789553426265
    },
    {
      "date": "2026-06-23",
      "value": -0.015259944852545435
    }
  ],
  "benchmarks": {
    "SPY": [
      {
        "date": "2026-06-01",
        "value": 0.0
      },
      {
        "date": "2026-06-02",
        "value": 0.0013579397972762752
      },
      {
        "date": "2026-06-03",
        "value": -0.005668771434361286
      },
      {
        "date": "2026-06-04",
        "value": -0.0019115061781299625
      },
      {
        "date": "2026-06-05",
        "value": -0.027671542654459702
      },
      {
        "date": "2026-06-08",
        "value": -0.025470023194608782
      },
      {
        "date": "2026-06-09",
        "value": -0.02833070775180091
      },
      {
        "date": "2026-06-10",
        "value": -0.04364962071587053
      },
      {
        "date": "2026-06-11",
        "value": -0.027394678792744487
      },
      {
        "date": "2026-06-12",
        "value": -0.022134588105308994
      },
      {
        "date": "2026-06-15",
        "value": -0.0048909388718152425
      },
      {
        "date": "2026-06-16",
        "value": -0.010823344076597685
      },
      {
        "date": "2026-06-17",
        "value": -0.023176054438276084
      },
      {
        "date": "2026-06-18",
        "value": -0.013020023259145863
      },
      {
        "date": "2026-06-22",
        "value": -0.016126029204297176
      },
      {
        "date": "2026-06-23",
        "value": -0.030413801760312054
      }
    ],
    "IWM": [
      {
        "date": "2026-06-01",
        "value": 0.0
      },
      {
        "date": "2026-06-02",
        "value": 0.009273902616242058
      },
      {
        "date": "2026-06-03",
        "value": -0.004533265755123028
      },
      {
        "date": "2026-06-04",
        "value": 0.010485102307313143
      },
      {
        "date": "2026-06-05",
        "value": -0.025365222965751943
      },
      {
        "date": "2026-06-08",
        "value": -0.016852527916236926
      },
      {
        "date": "2026-06-09",
        "value": -0.013703535746163342
      },
      {
        "date": "2026-06-10",
        "value": -0.023981055236295123
      },
      {
        "date": "2026-06-11",
        "value": 0.00494832553389335
      },
      {
        "date": "2026-06-12",
        "value": 0.01373793881377372
      },
      {
        "date": "2026-06-15",
        "value": 0.022010765090349826
      },
      {
        "date": "2026-06-16",
        "value": 0.013130856989941098
      },
      {
        "date": "2026-06-17",
        "value": 0.005499833171586088
      },
      {
        "date": "2026-06-18",
        "value": 0.025305943833869415
      },
      {
        "date": "2026-06-22",
        "value": 0.03428980212625787
      },
      {
        "date": "2026-06-23",
        "value": 0.02436943940571834
      }
    ]
  },
  "holdings": [
    {
      "ticker": "GRPN",
      "company": "Groupon, Inc.",
      "sector": "Communication Services",
      "country": "United States",
      "shares": 11310.0,
      "price": 16.76,
      "cost_basis": 17.3017824933687,
      "market_value": 189555.6,
      "unrealized_pnl": -6127.559999999999,
      "short_percent_of_float": 0.56310004,
      "short_ratio": 5.75
    },
    {
      "ticker": "TENB",
      "company": "Tenable Holdings, Inc.",
      "sector": "Technology",
      "country": "United States",
      "shares": 4766.0,
      "price": 27.26,
      "cost_basis": 26.224616030214015,
      "market_value": 129921.16,
      "unrealized_pnl": 4934.640000000009,
      "short_percent_of_float": 0.129,
      "short_ratio": 3.05
    },
    {
      "ticker": "KSPI",
      "company": "Joint Stock Company Kaspi.kz",
      "sector": "Technology",
      "country": "Kazakhstan",
      "shares": 1515.0,
      "price": 83.5,
      "cost_basis": 82.53049504950495,
      "market_value": 126502.5,
      "unrealized_pnl": 1468.8000000000013,
      "short_percent_of_float": 0.0159,
      "short_ratio": 3.24
    },
    {
      "ticker": "CMI",
      "company": "Cummins Inc.",
      "sector": "Industrials",
      "country": "United States",
      "shares": 153.0,
      "price": 699.05,
      "cost_basis": 651.1282352941176,
      "market_value": 106954.65,
      "unrealized_pnl": 7332.029999999993,
      "short_percent_of_float": 0.0171,
      "short_ratio": 2.07
    },
    {
      "ticker": "JAKK",
      "company": "JAKKS Pacific, Inc.",
      "sector": "Consumer Cyclical",
      "country": "United States",
      "shares": 3436.0,
      "price": 22.23,
      "cost_basis": 21.83,
      "market_value": 76382.28,
      "unrealized_pnl": 1374.4000000000074,
      "short_percent_of_float": 0.039100002,
      "short_ratio": 7.32
    },
    {
      "ticker": "XNET",
      "company": "Xunlei Limited",
      "sector": "Technology",
      "country": "China",
      "shares": 10526.0,
      "price": 4.89,
      "cost_basis": 4.75,
      "market_value": 51472.14,
      "unrealized_pnl": 1473.6399999999967,
      "short_percent_of_float": 0.0377,
      "short_ratio": 6.03
    },
    {
      "ticker": "CRWV",
      "company": "CoreWeave, Inc.",
      "sector": "Technology",
      "country": "United States",
      "shares": 468.0,
      "price": 105.72,
      "cost_basis": 106.78134615384614,
      "market_value": 49476.96,
      "unrealized_pnl": -496.7099999999959,
      "short_percent_of_float": 0.18190001,
      "short_ratio": 1.91
    },
    {
      "ticker": "VIA",
      "company": "Via Transportation, Inc.",
      "sector": "Technology",
      "country": "United States",
      "shares": 3280.0,
      "price": 15.04,
      "cost_basis": 15.241405487804878,
      "market_value": 49331.2,
      "unrealized_pnl": -660.6100000000016,
      "short_percent_of_float": 0.13520001,
      "short_ratio": 6.88
    },
    {
      "ticker": "ZS",
      "company": "Zscaler, Inc.",
      "sector": "Technology",
      "country": "United States",
      "shares": 365.0,
      "price": 126.17,
      "cost_basis": 136.79813698630136,
      "market_value": 46052.05,
      "unrealized_pnl": -3879.269999999995,
      "short_percent_of_float": 0.114700004,
      "short_ratio": 2.09
    },
    {
      "ticker": "VST",
      "company": "Vistra Corp.",
      "sector": "Utilities",
      "country": "United States",
      "shares": 162.0,
      "price": 162.39,
      "cost_basis": 154.76,
      "market_value": 26307.179999999997,
      "unrealized_pnl": 1236.0599999999993,
      "short_percent_of_float": 0.0539,
      "short_ratio": 2.73
    },
    {
      "ticker": "GENC",
      "company": "Gencor Industries, Inc.",
      "sector": "Industrials",
      "country": "United States",
      "shares": 1746.0,
      "price": 14.89,
      "cost_basis": 14.32,
      "market_value": 25997.940000000002,
      "unrealized_pnl": 995.2200000000005,
      "short_percent_of_float": 0.0064,
      "short_ratio": 2.39
    },
    {
      "ticker": "ESI",
      "company": "Element Solutions Inc",
      "sector": "Basic Materials",
      "country": "United States",
      "shares": 557.0,
      "price": 45.86,
      "cost_basis": 44.92,
      "market_value": 25544.02,
      "unrealized_pnl": 523.5799999999988,
      "short_percent_of_float": 0.0838,
      "short_ratio": 4.45
    },
    {
      "ticker": "CEG",
      "company": "Constellation Energy Corporation",
      "sector": "Utilities",
      "country": "United States",
      "shares": 94.0,
      "price": 270.26,
      "cost_basis": 265.7,
      "market_value": 25404.44,
      "unrealized_pnl": 428.6400000000002,
      "short_percent_of_float": 0.036,
      "short_ratio": 3.46
    },
    {
      "ticker": "ZTS",
      "company": "Zoetis Inc.",
      "sector": "Healthcare",
      "country": "United States",
      "shares": 312.0,
      "price": 76.84,
      "cost_basis": 80.09,
      "market_value": 23974.08,
      "unrealized_pnl": -1014.0,
      "short_percent_of_float": 0.0363,
      "short_ratio": 1.45
    },
    {
      "ticker": "PYPL",
      "company": "PayPal Holdings, Inc.",
      "sector": "Financial Services",
      "country": "United States",
      "shares": 553.0,
      "price": 41.7,
      "cost_basis": 45.19,
      "market_value": 23060.100000000002,
      "unrealized_pnl": -1929.969999999997,
      "short_percent_of_float": 0.0626,
      "short_ratio": 3.16
    },
    {
      "ticker": "OPEN",
      "company": "Opendoor Technologies Inc.",
      "sector": "Real Estate",
      "country": "United States",
      "shares": 5479.0,
      "price": 4.2,
      "cost_basis": 4.562927541522176,
      "market_value": 23011.8,
      "unrealized_pnl": -1988.4799999999998,
      "short_percent_of_float": 0.16149999,
      "short_ratio": 3.77
    }
  ],
  "sector_exposure": [
    {
      "name": "Technology",
      "value": 452756.01,
      "pct": 0.45110028699560845
    },
    {
      "name": "Communication Services",
      "value": 189555.6,
      "pct": 0.18886239756734485
    },
    {
      "name": "Industrials",
      "value": 132952.59,
      "pct": 0.13246638405928496
    },
    {
      "name": "Consumer Cyclical",
      "value": 76382.28,
      "pct": 0.0761029509677385
    },
    {
      "name": "Utilities",
      "value": 51711.619999999995,
      "pct": 0.0515225112594482
    },
    {
      "name": "Basic Materials",
      "value": 25544.02,
      "pct": 0.025450605841812152
    },
    {
      "name": "Healthcare",
      "value": 23974.08,
      "pct": 0.023886407092543457
    },
    {
      "name": "Financial Services",
      "value": 23060.100000000002,
      "pct": 0.02297576950584804
    },
    {
      "name": "Real Estate",
      "value": 23011.8,
      "pct": 0.022927646138337383
    },
    {
      "name": "Cash",
      "value": 4722.310000000056,
      "pct": 0.004705040572034056
    }
  ],
  "geographic_exposure": [
    {
      "name": "United States",
      "value": 820973.46,
      "pct": 0.8179711704363187
    },
    {
      "name": "Kazakhstan",
      "value": 126502.5,
      "pct": 0.1260398819568667
    },
    {
      "name": "China",
      "value": 51472.14,
      "pct": 0.05128390703478047
    },
    {
      "name": "Cash",
      "value": 4722.310000000056,
      "pct": 0.004705040572034056
    }
  ],
  "signals": [
    {
      "ticker": "CEG",
      "label": "BUY",
      "composite": 1.0,
      "rsi": 49.3,
      "subs": {
        "rsi": 0.5,
        "macd": 0.5,
        "trend": -0.5,
        "bb": 0.5,
        "vol": 0.0,
        "range": 0.0
      }
    },
    {
      "ticker": "CMI",
      "label": "STRONG BUY",
      "composite": 2.5,
      "rsi": 55.7,
      "subs": {
        "rsi": 0.5,
        "macd": 0.5,
        "trend": 0.5,
        "bb": 0.5,
        "vol": 0.5,
        "range": 0.0
      }
    },
    {
      "ticker": "CRWV",
      "label": "BUY",
      "composite": 1.0,
      "rsi": 48.0,
      "subs": {
        "rsi": 0.5,
        "macd": 0.5,
        "trend": 0.0,
        "bb": -0.5,
        "vol": 0.5,
        "range": 0.0
      }
    },
    {
      "ticker": "ESI",
      "label": "STRONG BUY",
      "composite": 3.0,
      "rsi": 58.0,
      "subs": {
        "rsi": 0.5,
        "macd": 0.5,
        "trend": 0.5,
        "bb": 0.5,
        "vol": 0.5,
        "range": 0.5
      }
    },
    {
      "ticker": "GENC",
      "label": "STRONG BUY",
      "composite": 2.0,
      "rsi": 52.5,
      "subs": {
        "rsi": 0.5,
        "macd": 0.5,
        "trend": 0.5,
        "bb": 0.5,
        "vol": 0.0,
        "range": 0.0
      }
    },
    {
      "ticker": "GRPN",
      "label": "SELL",
      "composite": -1.0,
      "rsi": 48.1,
      "subs": {
        "rsi": 0.5,
        "macd": -0.5,
        "trend": 0.0,
        "bb": -0.5,
        "vol": 0.0,
        "range": -0.5
      }
    },
    {
      "ticker": "JAKK",
      "label": "STRONG BUY",
      "composite": 2.0,
      "rsi": 53.9,
      "subs": {
        "rsi": 0.5,
        "macd": 0.5,
        "trend": 0.5,
        "bb": 0.5,
        "vol": 0.0,
        "range": 0.0
      }
    },
    {
      "ticker": "KSPI",
      "label": "LEAN BEAR",
      "composite": -0.5,
      "rsi": 47.8,
      "subs": {
        "rsi": 0.5,
        "macd": -0.5,
        "trend": 0.0,
        "bb": -0.5,
        "vol": 0.0,
        "range": 0.0
      }
    },
    {
      "ticker": "OPEN",
      "label": "STRONG SELL",
      "composite": -2.0,
      "rsi": 39.2,
      "subs": {
        "rsi": 0.0,
        "macd": -0.5,
        "trend": -0.5,
        "bb": -0.5,
        "vol": 0.0,
        "range": -0.5
      }
    },
    {
      "ticker": "PYPL",
      "label": "SELL",
      "composite": -1.0,
      "rsi": 40.8,
      "subs": {
        "rsi": 0.0,
        "macd": 0.5,
        "trend": -0.5,
        "bb": -0.5,
        "vol": 0.0,
        "range": -0.5
      }
    },
    {
      "ticker": "TENB",
      "label": "LEAN BEAR",
      "composite": -0.5,
      "rsi": 57.2,
      "subs": {
        "rsi": 0.5,
        "macd": -0.5,
        "trend": 0.0,
        "bb": -0.5,
        "vol": 0.0,
        "range": 0.0
      }
    },
    {
      "ticker": "VIA",
      "label": "BUY",
      "composite": 1.5,
      "rsi": 49.7,
      "subs": {
        "rsi": 0.5,
        "macd": 0.5,
        "trend": -0.5,
        "bb": 0.5,
        "vol": 0.5,
        "range": 0.0
      }
    },
    {
      "ticker": "VST",
      "label": "STRONG BUY",
      "composite": 2.0,
      "rsi": 57.8,
      "subs": {
        "rsi": 0.5,
        "macd": 0.5,
        "trend": 0.0,
        "bb": 0.5,
        "vol": 0.0,
        "range": 0.5
      }
    },
    {
      "ticker": "XNET",
      "label": "LEAN BEAR",
      "composite": -0.5,
      "rsi": 40.1,
      "subs": {
        "rsi": 0.0,
        "macd": 0.5,
        "trend": -0.5,
        "bb": -0.5,
        "vol": 0.5,
        "range": -0.5
      }
    },
    {
      "ticker": "ZS",
      "label": "STRONG SELL",
      "composite": -2.0,
      "rsi": 42.0,
      "subs": {
        "rsi": 0.0,
        "macd": -0.5,
        "trend": -0.5,
        "bb": -0.5,
        "vol": 0.0,
        "range": -0.5
      }
    },
    {
      "ticker": "ZTS",
      "label": "SELL",
      "composite": -1.0,
      "rsi": 36.3,
      "subs": {
        "rsi": 0.0,
        "macd": 0.5,
        "trend": -0.5,
        "bb": -0.5,
        "vol": 0.0,
        "range": -0.5
      }
    }
  ],
  "volatility": [
    {
      "ticker": "CEG",
      "hv20": 0.4702952949675924,
      "garch": 0.5338515586307678,
      "expansion": 0.13514118542809364,
      "regime": "NORMAL",
      "signal": "BASE"
    },
    {
      "ticker": "CMI",
      "hv20": 0.46969205288379573,
      "garch": 0.35745338793395787,
      "expansion": -0.2389622397498948,
      "regime": "HIGH",
      "signal": "WEAK"
    },
    {
      "ticker": "CRWV",
      "hv20": 0.861677255254954,
      "garch": 0.96532573021419,
      "expansion": 0.12028688737823119,
      "regime": "NORMAL",
      "signal": "BASE"
    },
    {
      "ticker": "ESI",
      "hv20": 0.6063201645284347,
      "garch": 0.606127888863505,
      "expansion": -0.00031711903409856776,
      "regime": "EXTREME",
      "signal": "WEAK"
    },
    {
      "ticker": "GENC",
      "hv20": 0.350500411623296,
      "garch": 0.3554943953574854,
      "expansion": 0.014248153692774398,
      "regime": "NORMAL",
      "signal": "WEAK"
    },
    {
      "ticker": "GRPN",
      "hv20": 0.8097896882803411,
      "garch": 0.7836537992134763,
      "expansion": -0.032274909702007505,
      "regime": "HIGH",
      "signal": "WEAK"
    },
    {
      "ticker": "JAKK",
      "hv20": 0.218797358090747,
      "garch": 0.45877027014868843,
      "expansion": 1.0967815797776306,
      "regime": "LOW",
      "signal": "SIGNAL"
    },
    {
      "ticker": "KSPI",
      "hv20": 0.3551509970785628,
      "garch": 0.36473174410999154,
      "expansion": 0.026976545498221975,
      "regime": "HIGH",
      "signal": "WEAK"
    },
    {
      "ticker": "OPEN",
      "hv20": 0.7754234170695824,
      "garch": 0.7530194761161487,
      "expansion": -0.028892525632126048,
      "regime": "NORMAL",
      "signal": "WEAK"
    },
    {
      "ticker": "PYPL",
      "hv20": 0.31031011305698236,
      "garch": 0.3985727896422596,
      "expansion": 0.2844337740583709,
      "regime": "NORMAL",
      "signal": "SIGNAL"
    },
    {
      "ticker": "TENB",
      "hv20": 0.5966060586353632,
      "garch": 0.42109316795637336,
      "expansion": -0.294185565397117,
      "regime": "HIGH",
      "signal": "WEAK"
    },
    {
      "ticker": "VIA",
      "hv20": 0.6865863287683485,
      "garch": null,
      "expansion": null,
      "regime": "NORMAL",
      "signal": "WEAK"
    },
    {
      "ticker": "VST",
      "hv20": 0.4845098985898154,
      "garch": 0.5651121831647298,
      "expansion": 0.1663583856790344,
      "regime": "NORMAL",
      "signal": "BASE"
    },
    {
      "ticker": "XNET",
      "hv20": 0.7851953702488019,
      "garch": 0.7461606425561697,
      "expansion": -0.04971339512644285,
      "regime": "HIGH",
      "signal": "WEAK"
    },
    {
      "ticker": "ZS",
      "hv20": 1.5006090323898487,
      "garch": 0.3840102144343956,
      "expansion": -0.7440970924832924,
      "regime": "EXTREME",
      "signal": "WEAK"
    },
    {
      "ticker": "ZTS",
      "hv20": 0.2950395326889537,
      "garch": 0.3250423443430679,
      "expansion": 0.10169081878849341,
      "regime": "HIGH",
      "signal": "BASE"
    }
  ],
  "correlation": {
    "tickers": [
      "CEG",
      "CMI",
      "CRWV",
      "ESI",
      "GENC",
      "GRPN",
      "JAKK",
      "KSPI",
      "OPEN",
      "PYPL",
      "TENB",
      "VIA",
      "VST",
      "XNET",
      "ZS",
      "ZTS"
    ],
    "matrix": [
      [
        1.0,
        0.331,
        0.233,
        0.302,
        0.151,
        0.09,
        0.088,
        0.06,
        0.19,
        0.141,
        0.058,
        0.006,
        0.798,
        0.252,
        0.044,
        0.12
      ],
      [
        0.331,
        1.0,
        0.374,
        0.62,
        0.346,
        0.195,
        0.132,
        0.249,
        0.185,
        0.084,
        -0.062,
        0.0,
        0.357,
        0.304,
        -0.056,
        0.179
      ],
      [
        0.233,
        0.374,
        1.0,
        0.344,
        0.118,
        0.16,
        0.055,
        0.131,
        0.248,
        0.15,
        0.113,
        0.213,
        0.319,
        0.369,
        0.179,
        0.083
      ],
      [
        0.302,
        0.62,
        0.344,
        1.0,
        0.273,
        0.306,
        0.237,
        0.306,
        0.263,
        0.288,
        0.093,
        0.048,
        0.368,
        0.344,
        0.039,
        0.168
      ],
      [
        0.151,
        0.346,
        0.118,
        0.273,
        1.0,
        0.157,
        0.319,
        0.142,
        0.129,
        0.099,
        0.161,
        0.069,
        0.171,
        0.162,
        0.053,
        0.158
      ],
      [
        0.09,
        0.195,
        0.16,
        0.306,
        0.157,
        1.0,
        0.149,
        0.343,
        0.301,
        0.269,
        0.245,
        0.167,
        0.131,
        0.237,
        0.15,
        0.158
      ],
      [
        0.088,
        0.132,
        0.055,
        0.237,
        0.319,
        0.149,
        1.0,
        0.095,
        0.139,
        0.213,
        -0.032,
        0.145,
        0.058,
        0.196,
        -0.046,
        0.145
      ],
      [
        0.06,
        0.249,
        0.131,
        0.306,
        0.142,
        0.343,
        0.095,
        1.0,
        0.243,
        0.257,
        0.256,
        0.133,
        0.111,
        0.207,
        0.151,
        0.178
      ],
      [
        0.19,
        0.185,
        0.248,
        0.263,
        0.129,
        0.301,
        0.139,
        0.243,
        1.0,
        0.248,
        0.119,
        0.153,
        0.255,
        0.349,
        0.063,
        0.17
      ],
      [
        0.141,
        0.084,
        0.15,
        0.288,
        0.099,
        0.269,
        0.213,
        0.257,
        0.248,
        1.0,
        0.35,
        0.144,
        0.087,
        0.344,
        0.205,
        0.174
      ],
      [
        0.058,
        -0.062,
        0.113,
        0.093,
        0.161,
        0.245,
        -0.032,
        0.256,
        0.119,
        0.35,
        1.0,
        0.337,
        0.067,
        0.147,
        0.56,
        0.101
      ],
      [
        0.006,
        0.0,
        0.213,
        0.048,
        0.069,
        0.167,
        0.145,
        0.133,
        0.153,
        0.144,
        0.337,
        1.0,
        0.055,
        0.163,
        0.368,
        0.022
      ],
      [
        0.798,
        0.357,
        0.319,
        0.368,
        0.171,
        0.131,
        0.058,
        0.111,
        0.255,
        0.087,
        0.067,
        0.055,
        1.0,
        0.277,
        0.07,
        0.086
      ],
      [
        0.252,
        0.304,
        0.369,
        0.344,
        0.162,
        0.237,
        0.196,
        0.207,
        0.349,
        0.344,
        0.147,
        0.163,
        0.277,
        1.0,
        0.217,
        0.045
      ],
      [
        0.044,
        -0.056,
        0.179,
        0.039,
        0.053,
        0.15,
        -0.046,
        0.151,
        0.063,
        0.205,
        0.56,
        0.368,
        0.07,
        0.217,
        1.0,
        -0.033
      ],
      [
        0.12,
        0.179,
        0.083,
        0.168,
        0.158,
        0.158,
        0.145,
        0.178,
        0.17,
        0.174,
        0.101,
        0.022,
        0.086,
        0.045,
        -0.033,
        1.0
      ]
    ]
  },
  "residual_correlation": {
    "tickers": [
      "CEG",
      "CMI",
      "CRWV",
      "ESI",
      "GENC",
      "GRPN",
      "JAKK",
      "KSPI",
      "OPEN",
      "PYPL",
      "TENB",
      "VIA",
      "VST",
      "XNET",
      "ZS",
      "ZTS"
    ],
    "matrix": [
      [
        1.0,
        0.055,
        0.001,
        -0.034,
        0.027,
        -0.059,
        -0.019,
        -0.133,
        0.035,
        0.041,
        -0.021,
        -0.102,
        0.731,
        0.095,
        0.011,
        0.076
      ],
      [
        0.055,
        1.0,
        0.124,
        0.246,
        0.077,
        -0.059,
        -0.149,
        -0.005,
        -0.066,
        -0.096,
        -0.259,
        -0.143,
        0.036,
        0.003,
        -0.142,
        0.064
      ],
      [
        0.001,
        0.124,
        1.0,
        0.038,
        0.014,
        -0.05,
        -0.039,
        -0.108,
        0.044,
        -0.035,
        -0.017,
        0.083,
        0.079,
        0.14,
        0.109,
        0.038
      ],
      [
        -0.034,
        0.246,
        0.038,
        1.0,
        -0.071,
        0.055,
        0.003,
        0.019,
        -0.01,
        0.139,
        -0.104,
        -0.125,
        0.003,
        0.03,
        -0.052,
        -0.019
      ],
      [
        0.027,
        0.077,
        0.014,
        -0.071,
        1.0,
        -0.029,
        0.067,
        -0.078,
        -0.075,
        0.003,
        0.091,
        -0.004,
        0.026,
        -0.054,
        0.006,
        -0.035
      ],
      [
        -0.059,
        -0.059,
        -0.05,
        0.055,
        -0.029,
        1.0,
        0.006,
        0.181,
        0.11,
        0.095,
        0.109,
        0.05,
        -0.035,
        0.012,
        0.049,
        0.026
      ],
      [
        -0.019,
        -0.149,
        -0.039,
        0.003,
        0.067,
        0.006,
        1.0,
        -0.1,
        -0.033,
        0.101,
        -0.128,
        0.09,
        -0.058,
        0.02,
        -0.113,
        -0.039
      ],
      [
        -0.133,
        -0.005,
        -0.108,
        0.019,
        -0.078,
        0.181,
        -0.1,
        1.0,
        0.06,
        0.081,
        0.152,
        0.012,
        -0.1,
        -0.023,
        0.06,
        0.044
      ],
      [
        0.035,
        -0.066,
        0.044,
        -0.01,
        -0.075,
        0.11,
        -0.033,
        0.06,
        1.0,
        0.067,
        -0.02,
        0.03,
        0.106,
        0.16,
        -0.047,
        0.027
      ],
      [
        0.041,
        -0.096,
        -0.035,
        0.139,
        0.003,
        0.095,
        0.101,
        0.081,
        0.067,
        1.0,
        0.236,
        0.007,
        -0.033,
        0.186,
        0.073,
        0.023
      ],
      [
        -0.021,
        -0.259,
        -0.017,
        -0.104,
        0.091,
        0.109,
        -0.128,
        0.152,
        -0.02,
        0.236,
        1.0,
        0.273,
        -0.027,
        0.001,
        0.517,
        -0.007
      ],
      [
        -0.102,
        -0.143,
        0.083,
        -0.125,
        -0.004,
        0.05,
        0.09,
        0.012,
        0.03,
        0.007,
        0.273,
        1.0,
        -0.057,
        0.029,
        0.314,
        -0.059
      ],
      [
        0.731,
        0.036,
        0.079,
        0.003,
        0.026,
        -0.035,
        -0.058,
        -0.1,
        0.106,
        -0.033,
        -0.027,
        -0.057,
        1.0,
        0.106,
        0.04,
        0.031
      ],
      [
        0.095,
        0.003,
        0.14,
        0.03,
        -0.054,
        0.012,
        0.02,
        -0.023,
        0.16,
        0.186,
        0.001,
        0.029,
        0.106,
        1.0,
        0.134,
        -0.108
      ],
      [
        0.011,
        -0.142,
        0.109,
        -0.052,
        0.006,
        0.049,
        -0.113,
        0.06,
        -0.047,
        0.073,
        0.517,
        0.314,
        0.04,
        0.134,
        1.0,
        -0.117
      ],
      [
        0.076,
        0.064,
        0.038,
        -0.019,
        -0.035,
        0.026,
        -0.039,
        0.044,
        0.027,
        0.023,
        -0.007,
        -0.059,
        0.031,
        -0.108,
        -0.117,
        1.0
      ]
    ]
  },
  "factor_correlation": {
    "factors": [
      "Market",
      "Size",
      "Value (SMID)",
      "Momentum",
      "Quality",
      "Profitability",
      "Liquidity",
      "Credit"
    ],
    "matrix": [
      [
        1.0,
        0.321,
        -0.498,
        0.409,
        -0.25,
        -0.543,
        0.305,
        0.181
      ],
      [
        0.321,
        1.0,
        -0.152,
        0.246,
        0.157,
        0.15,
        0.328,
        0.037
      ],
      [
        -0.498,
        -0.152,
        1.0,
        -0.558,
        0.308,
        0.597,
        -0.376,
        -0.14
      ],
      [
        0.409,
        0.246,
        -0.558,
        1.0,
        -0.22,
        -0.547,
        0.286,
        0.046
      ],
      [
        -0.25,
        0.157,
        0.308,
        -0.22,
        1.0,
        0.436,
        -0.237,
        -0.128
      ],
      [
        -0.543,
        0.15,
        0.597,
        -0.547,
        0.436,
        1.0,
        -0.272,
        -0.101
      ],
      [
        0.305,
        0.328,
        -0.376,
        0.286,
        -0.237,
        -0.272,
        1.0,
        0.157
      ],
      [
        0.181,
        0.037,
        -0.14,
        0.046,
        -0.128,
        -0.101,
        0.157,
        1.0
      ]
    ]
  },
  "factor_exposures": [
    {
      "ticker": "CEG",
      "r_squared": 0.24953023483753667,
      "alpha_annual": -0.40449420018135324,
      "idio_vol_annual": 0.4054629678993503,
      "Market": 0.705348623257344,
      "Size": 0.40400260070831157,
      "Value (SMID)": -0.44450277269999766,
      "Momentum": 0.5493812402265477,
      "Quality": -0.8350892682271633,
      "Profitability": -0.6265984758301945,
      "Liquidity": -0.4490470271467054,
      "Credit": -0.9495523599434225
    },
    {
      "ticker": "CMI",
      "r_squared": 0.47553952697611535,
      "alpha_annual": 0.3600190221850662,
      "idio_vol_annual": 0.24630973855867466,
      "Market": 1.1455426997834541,
      "Size": 0.8064602169153644,
      "Value (SMID)": 0.3579170911544527,
      "Momentum": 0.6953601632085582,
      "Quality": -0.034882536827658864,
      "Profitability": -0.15636551993167677,
      "Liquidity": -0.3210147964323446,
      "Credit": 0.7915306636904087
    },
    {
      "ticker": "CRWV",
      "r_squared": 0.27184625098970094,
      "alpha_annual": -1.044167121238729,
      "idio_vol_annual": 0.8035748290168347,
      "Market": 1.0337898737499651,
      "Size": 0.62642017664892,
      "Value (SMID)": -2.039751754510914,
      "Momentum": 0.6200047824945976,
      "Quality": -4.094121227108852,
      "Profitability": -0.041415376727075404,
      "Liquidity": 0.40604398877012565,
      "Credit": 1.8752221022302902
    },
    {
      "ticker": "ESI",
      "r_squared": 0.514420932109587,
      "alpha_annual": 0.272077236619322,
      "idio_vol_annual": 0.28847869100732654,
      "Market": 1.6492731586246128,
      "Size": 0.9930521167193322,
      "Value (SMID)": -0.1714094954759469,
      "Momentum": 0.6780385882360374,
      "Quality": 0.2416945530669018,
      "Profitability": 0.22837904631173717,
      "Liquidity": -0.7258896343598006,
      "Credit": 0.23046182509156599
    },
    {
      "ticker": "GENC",
      "r_squared": 0.3298726536949057,
      "alpha_annual": -0.4115066740232167,
      "idio_vol_annual": 0.3230521095503811,
      "Market": 1.2908351347946878,
      "Size": 1.2395058600992126,
      "Value (SMID)": 1.158086682035512,
      "Momentum": -0.021143744219132676,
      "Quality": -0.7618851898600353,
      "Profitability": 0.0899366429939315,
      "Liquidity": -0.19392214654241513,
      "Credit": 0.6539091429025334
    },
    {
      "ticker": "GRPN",
      "r_squared": 0.16697596556215333,
      "alpha_annual": -1.1511609385906758,
      "idio_vol_annual": 0.6250020086960012,
      "Market": 1.8915990183565032,
      "Size": 0.31782323550787867,
      "Value (SMID)": -0.9240575808758329,
      "Momentum": -0.1287937567529701,
      "Quality": -1.4968774538411724,
      "Profitability": 1.4475752913008235,
      "Liquidity": 0.2160434189722965,
      "Credit": 1.4829155647998806
    },
    {
      "ticker": "JAKK",
      "r_squared": 0.2696659242723468,
      "alpha_annual": -0.2726475393492962,
      "idio_vol_annual": 0.35119623798216526,
      "Market": 1.2321063133800232,
      "Size": 1.0417645566198683,
      "Value (SMID)": 0.8339683432426721,
      "Momentum": -0.35094638504869935,
      "Quality": 1.3397585167112116,
      "Profitability": -0.34472380470776703,
      "Liquidity": 0.3274273364427586,
      "Credit": -0.4300515343666158
    },
    {
      "ticker": "KSPI",
      "r_squared": 0.2152375004376057,
      "alpha_annual": -0.1834654780657997,
      "idio_vol_annual": 0.3224429018504208,
      "Market": 1.1694967291709628,
      "Size": 0.4439735783678244,
      "Value (SMID)": -0.34591992247480846,
      "Momentum": -0.4884670525533498,
      "Quality": 0.04582593882089074,
      "Profitability": 0.08978724898771545,
      "Liquidity": -0.033026039031101795,
      "Credit": 0.5929233176519653
    },
    {
      "ticker": "OPEN",
      "r_squared": 0.12442356706041835,
      "alpha_annual": 1.4589635579524063,
      "idio_vol_annual": 1.3415548354432427,
      "Market": 3.0413867076437757,
      "Size": 1.2926470206591438,
      "Value (SMID)": -1.6559390090228099,
      "Momentum": -1.9082085210327513,
      "Quality": 0.9449650545346693,
      "Profitability": 0.9805144745071831,
      "Liquidity": 1.7731461771065335,
      "Credit": -2.964920550407429
    },
    {
      "ticker": "PYPL",
      "r_squared": 0.2959262278686601,
      "alpha_annual": -0.680125592841147,
      "idio_vol_annual": 0.33762964383521477,
      "Market": 1.8086162761554037,
      "Size": -0.34254388256122703,
      "Value (SMID)": -0.8932743700172925,
      "Momentum": -0.876817196034572,
      "Quality": 1.5288588405733579,
      "Profitability": 0.6223970556347298,
      "Liquidity": 0.3768984167174253,
      "Credit": -0.019817140239292305
    },
    {
      "ticker": "TENB",
      "r_squared": 0.14770324502751764,
      "alpha_annual": -0.316332704875537,
      "idio_vol_annual": 0.41111118841463906,
      "Market": 1.4695883935209832,
      "Size": -0.11072334807065143,
      "Value (SMID)": -0.7865025564249919,
      "Momentum": -0.29331622002058966,
      "Quality": -0.48197658135064503,
      "Profitability": 1.3265560290209102,
      "Liquidity": -0.10542745186049063,
      "Credit": -0.22856276647265952
    },
    {
      "ticker": "VIA",
      "r_squared": 0.1114123408087424,
      "alpha_annual": -1.5529130871330836,
      "idio_vol_annual": 0.6794850148902948,
      "Market": 0.9659315456925857,
      "Size": 0.4505785552550401,
      "Value (SMID)": -1.4136151438165376,
      "Momentum": -1.0238901471305986,
      "Quality": -1.6000353011069766,
      "Profitability": 0.49387732833011255,
      "Liquidity": 0.6520604645814798,
      "Credit": -0.75549081762842
    },
    {
      "ticker": "VST",
      "r_squared": 0.2926192125809519,
      "alpha_annual": -0.42601298141935373,
      "idio_vol_annual": 0.41247983906133245,
      "Market": 0.6069373721512769,
      "Size": 0.7985827798463014,
      "Value (SMID)": -0.6801720900988908,
      "Momentum": 0.6094993439573017,
      "Quality": -1.8209499202025616,
      "Profitability": -0.5056424061633887,
      "Liquidity": -0.776359927975272,
      "Credit": -0.7873901943005943
    },
    {
      "ticker": "XNET",
      "r_squared": 0.17343758061290393,
      "alpha_annual": -0.3156652660721465,
      "idio_vol_annual": 0.671120415204629,
      "Market": 1.7865173175275912,
      "Size": 0.21629294339060834,
      "Value (SMID)": -0.7634150017843178,
      "Momentum": -0.3509292915743456,
      "Quality": 0.2682609265940825,
      "Profitability": 0.6219585767471233,
      "Liquidity": 1.1316670914748748,
      "Credit": 2.507132467236372
    },
    {
      "ticker": "ZS",
      "r_squared": 0.09095448866975397,
      "alpha_annual": -0.9401468461074738,
      "idio_vol_annual": 0.5981580184298918,
      "Market": 1.3414169007271035,
      "Size": -0.3697765127605986,
      "Value (SMID)": -1.0841222956225696,
      "Momentum": -0.9226289603474984,
      "Quality": -0.8768834727348949,
      "Profitability": 0.8595774768859804,
      "Liquidity": 0.20601783784423552,
      "Credit": 0.19886433064788211
    },
    {
      "ticker": "ZTS",
      "r_squared": 0.16845227046486322,
      "alpha_annual": -0.9059339760132922,
      "idio_vol_annual": 0.3439029833186562,
      "Market": 1.3355320407355251,
      "Size": 0.1528552110389833,
      "Value (SMID)": 0.06121808392865,
      "Momentum": -0.2661939683829524,
      "Quality": 1.0745449671203149,
      "Profitability": 0.7424762346754468,
      "Liquidity": 0.08474430516690723,
      "Credit": -0.7840086514611789
    }
  ],
  "portfolio_factor_exposure": {
    "loadings": {
      "Market": 1.4213823711128488,
      "Size": 0.4300026835108858,
      "Value (SMID)": -0.5402609132217735,
      "Momentum": -0.18107572626081472,
      "Quality": -0.5506006478736399,
      "Profitability": 0.5431994957424292,
      "Liquidity": 0.1299940095070826,
      "Credit": 0.4629886022587484
    },
    "alpha_annual": -0.48221691794448845,
    "r_squared_weighted": 0.23131267948965498
  },
  "stress_tests": [
    {
      "scenario": "COVID Crash (Feb-Mar 2020)",
      "market_move": -0.339,
      "portfolio_impact": -0.5185713669678953,
      "stressed_nav": 483195.6735010721,
      "pnl": -520474.73649892793,
      "description": "Rapid 33.9% selloff in SPY over 23 trading days as COVID-19 spread."
    },
    {
      "scenario": "2022 Rate Shock (Jan-Oct)",
      "market_move": -0.252,
      "portfolio_impact": -0.3854866798699399,
      "stressed_nav": 616768.8359653987,
      "pnl": -386901.57403460133,
