{
  "generated_at": "2026-06-26T19:18:39.107141Z",
  "market_session": "OPEN",
  "fund_name": "Convex Capital",
  "tagline": "Lose small. Win big. \u2014 Paper-traded portfolio. Hypothetical performance for educational purposes only.",
  "summary": {
    "nav": 1099774.993391571,
    "cash": 4722.310000000056,
    "equity": 1095052.683391571,
    "deposits": 1000000.0,
    "total_return": 0.09977499339157103,
    "realized_pnl": 0.0,
    "open_positions": 16
  },
  "metrics": {
    "period_return": 0.09943899074236295,
    "calendar_days_since_inception": 25,
    "trading_days_observed": 18,
    "annualized_return": 2.9911547610654354,
    "annualized_return_arithmetic": 1.37398352638449,
    "annualized_vol": 0.30495823223050206,
    "sharpe": 4.365150686328146,
    "sortino": 9.139675821862832,
    "calmar": 78.71101851838569,
    "max_drawdown": -0.038001728568240384,
    "var_95_1d": -0.01705767210982133,
    "risk_free_rate": 0.043720002174377444,
    "beta_benchmark": 0.8278813764710745,
    "benchmark_annualized_return": 0.2640684313798538,
    "benchmark_annualized_return_arithmetic": 0.23444442134321347,
    "benchmark_period_return": 0.030231510415343443,
    "period_active_return": 0.06920748032701951,
    "treynor": 1.6068286617105594,
    "jensens_alpha": 1.1723663295419704,
    "information_ratio": 3.902957561288566,
    "tracking_error": 0.23840326869313908,
    "annualized_active_return": 1.5313790208115519,
    "annualized_active_return_arithmetic": 0.9304778401817968,
    "up_capture": 1.3295884556784305,
    "down_capture": 0.7104043453972079,
    "data_basis": "realized_nav",
    "days_of_live_nav": 19,
    "benchmark_ticker": "IWM",
    "benchmark_name": "Russell 2000",
    "beta_spy": 0.8278813764710745,
    "beta_spy_stress": 1.538717804096605
  },
  "nav_curve": [
    {
      "date": "2026-06-01",
      "value": 999882.8292976379
    },
    {
      "date": "2026-06-02",
      "value": 1005079.4966617966
    },
    {
      "date": "2026-06-03",
      "value": 995768.7768651581
    },
    {
      "date": "2026-06-04",
      "value": 1004929.1794892884
    },
    {
      "date": "2026-06-05",
      "value": 974274.0015833282
    },
    {
      "date": "2026-06-08",
      "value": 974266.9881036186
    },
    {
      "date": "2026-06-09",
      "value": 979640.5088702394
    },
    {
      "date": "2026-06-10",
      "value": 966884.7384401513
    },
    {
      "date": "2026-06-11",
      "value": 990753.0886875344
    },
    {
      "date": "2026-06-12",
      "value": 996222.4282127572
    },
    {
      "date": "2026-06-15",
      "value": 1017018.2685251809
    },
    {
      "date": "2026-06-16",
      "value": 1019223.7061524964
    },
    {
      "date": "2026-06-17",
      "value": 1004256.765778122
    },
    {
      "date": "2026-06-18",
      "value": 1005956.2144795037
    },
    {
      "date": "2026-06-22",
      "value": 1013145.2704611397
    },
    {
      "date": "2026-06-23",
      "value": 1003670.4086042023
    },
    {
      "date": "2026-06-24",
      "value": 1028642.2278996087
    },
    {
      "date": "2026-06-25",
      "value": 1087855.2699132538
    },
    {
      "date": "2026-06-26",
      "value": 1099310.1687036133
    }
  ],
  "drawdown_curve": [
    {
      "date": "2026-06-01",
      "value": 0.0
    },
    {
      "date": "2026-06-02",
      "value": 0.0
    },
    {
      "date": "2026-06-03",
      "value": -0.009263665040986776
    },
    {
      "date": "2026-06-04",
      "value": -0.00014955749570802555
    },
    {
      "date": "2026-06-05",
      "value": -0.030649809473562682
    },
    {
      "date": "2026-06-08",
      "value": -0.03065678750836781
    },
    {
      "date": "2026-06-09",
      "value": -0.025310423579476604
    },
    {
      "date": "2026-06-10",
      "value": -0.038001728568240384
    },
    {
      "date": "2026-06-11",
      "value": -0.01425400480444075
    },
    {
      "date": "2026-06-12",
      "value": -0.008812306368259061
    },
    {
      "date": "2026-06-15",
      "value": 0.0
    },
    {
      "date": "2026-06-16",
      "value": 0.0
    },
    {
      "date": "2026-06-17",
      "value": -0.014684647034823809
    },
    {
      "date": "2026-06-18",
      "value": -0.01301725184854327
    },
    {
      "date": "2026-06-22",
      "value": -0.005963789553426265
    },
    {
      "date": "2026-06-23",
      "value": -0.015259944852545435
    },
    {
      "date": "2026-06-24",
      "value": 0.0
    },
    {
      "date": "2026-06-25",
      "value": 0.0
    },
    {
      "date": "2026-06-26",
      "value": 0.0
    }
  ],
  "benchmarks": {
    "SPY": [
      {
        "date": "2026-06-01",
        "value": 0.0
      },
      {
        "date": "2026-06-02",
        "value": 0.0013579397972762752
      },
      {
        "date": "2026-06-03",
        "value": -0.005668771434361286
      },
      {
        "date": "2026-06-04",
        "value": -0.0019115061781299625
      },
      {
        "date": "2026-06-05",
        "value": -0.027671542654459702
      },
      {
        "date": "2026-06-08",
        "value": -0.025470023194608782
      },
      {
        "date": "2026-06-09",
        "value": -0.02833070775180091
      },
      {
        "date": "2026-06-10",
        "value": -0.04364962071587053
      },
      {
        "date": "2026-06-11",
        "value": -0.027394678792744487
      },
      {
        "date": "2026-06-12",
        "value": -0.022134588105308994
      },
      {
        "date": "2026-06-15",
        "value": -0.0048909388718152425
      },
      {
        "date": "2026-06-16",
        "value": -0.010823344076597685
      },
      {
        "date": "2026-06-17",
        "value": -0.023176054438276084
      },
      {
        "date": "2026-06-18",
        "value": -0.013020023259145863
      },
      {
        "date": "2026-06-22",
        "value": -0.016126029204297176
      },
      {
        "date": "2026-06-23",
        "value": -0.030413801760312054
      },
      {
        "date": "2026-06-24",
        "value": -0.03086322150786902
      },
      {
        "date": "2026-06-25",
        "value": -0.029462203242598517
      },
      {
        "date": "2026-06-26",
        "value": -0.03147777538273688
      }
    ],
    "IWM": [
      {
        "date": "2026-06-01",
        "value": 0.0
      },
      {
        "date": "2026-06-02",
        "value": 0.009273902616242058
      },
      {
        "date": "2026-06-03",
        "value": -0.004533265755123028
      },
      {
        "date": "2026-06-04",
        "value": 0.010485102307313143
      },
      {
        "date": "2026-06-05",
        "value": -0.025365222965751943
      },
      {
        "date": "2026-06-08",
        "value": -0.016852527916236926
      },
      {
        "date": "2026-06-09",
        "value": -0.013703535746163342
      },
      {
        "date": "2026-06-10",
        "value": -0.023981055236295123
      },
      {
        "date": "2026-06-11",
        "value": 0.00494832553389335
      },
      {
        "date": "2026-06-12",
        "value": 0.01373793881377372
      },
      {
        "date": "2026-06-15",
        "value": 0.022010765090349826
      },
      {
        "date": "2026-06-16",
        "value": 0.013130856989941098
      },
      {
        "date": "2026-06-17",
        "value": 0.005499833171586088
      },
      {
        "date": "2026-06-18",
        "value": 0.025305943833869415
      },
      {
        "date": "2026-06-22",
        "value": 0.03428980212625787
      },
      {
        "date": "2026-06-23",
        "value": 0.02436943940571834
      },
      {
        "date": "2026-06-24",
        "value": 0.0291215086708434
      },
      {
        "date": "2026-06-25",
        "value": 0.036821973757975135
      },
      {
        "date": "2026-06-26",
        "value": 0.030231510415343443
      }
    ]
  },
  "holdings": [
    {
      "ticker": "GRPN",
      "company": "Groupon, Inc.",
      "sector": "Communication Services",
      "country": "United States",
      "shares": 11310.0,
      "price": 22.360000610351562,
      "cost_basis": 17.3017824933687,
      "market_value": 252891.60690307617,
      "unrealized_pnl": 57208.446903076154,
      "short_percent_of_float": 0.5577,
      "short_ratio": 7.12
    },
    {
      "ticker": "TENB",
      "company": "Tenable Holdings, Inc.",
      "sector": "Technology",
      "country": "United States",
      "shares": 4766.0,
      "price": 29.829999923706055,
      "cost_basis": 26.224616030214015,
      "market_value": 142169.77963638306,
      "unrealized_pnl": 17183.25963638306,
      "short_percent_of_float": 0.1225,
      "short_ratio": 3.03
    },
    {
      "ticker": "KSPI",
      "company": "Joint Stock Company Kaspi.kz",
      "sector": "Technology",
      "country": "Kazakhstan",
      "shares": 1515.0,
      "price": 88.62999725341797,
      "cost_basis": 82.53049504950495,
      "market_value": 134274.44583892822,
      "unrealized_pnl": 9240.745838928224,
      "short_percent_of_float": 0.019199999,
      "short_ratio": 3.76
    },
    {
      "ticker": "CMI",
      "company": "Cummins Inc.",
      "sector": "Industrials",
      "country": "United States",
      "shares": 153.0,
      "price": 685.4299926757812,
      "cost_basis": 651.1282352941176,
      "market_value": 104870.78887939453,
      "unrealized_pnl": 5248.168879394531,
      "short_percent_of_float": 0.0214,
      "short_ratio": 2.63
    },
    {
      "ticker": "JAKK",
      "company": "JAKKS Pacific, Inc.",
      "sector": "Consumer Cyclical",
      "country": "United States",
      "shares": 3436.0,
      "price": 23.700000762939453,
      "cost_basis": 21.83,
      "market_value": 81433.20262145996,
      "unrealized_pnl": 6425.322621459967,
      "short_percent_of_float": 0.0436,
      "short_ratio": 10.5
    },
    {
      "ticker": "XNET",
      "company": "Xunlei Limited",
      "sector": "Technology",
      "country": "China",
      "shares": 10526.0,
      "price": 5.369999885559082,
      "cost_basis": 4.75,
      "market_value": 56524.6187953949,
      "unrealized_pnl": 6526.1187953948975,
      "short_percent_of_float": 0.0537,
      "short_ratio": 5.2
    },
    {
      "ticker": "VIA",
      "company": "Via Transportation, Inc.",
      "sector": "Technology",
      "country": "United States",
      "shares": 3280.0,
      "price": 17.209999084472656,
      "cost_basis": 15.241405487804878,
      "market_value": 56448.79699707031,
      "unrealized_pnl": 6456.986997070314,
      "short_percent_of_float": 0.16370001,
      "short_ratio": 7.41
    },
    {
      "ticker": "ZS",
      "company": "Zscaler, Inc.",
      "sector": "Technology",
      "country": "United States",
      "shares": 365.0,
      "price": 131.0800018310547,
      "cost_basis": 136.79813698630136,
      "market_value": 47844.20066833496,
      "unrealized_pnl": -2087.1193316650347,
      "short_percent_of_float": 0.1129,
      "short_ratio": 1.62
    },
    {
      "ticker": "CRWV",
      "company": "CoreWeave, Inc.",
      "sector": "Technology",
      "country": "United States",
      "shares": 468.0,
      "price": 95.62999725341797,
      "cost_basis": 106.78134615384614,
      "market_value": 44754.83871459961,
      "unrealized_pnl": -5218.831285400386,
      "short_percent_of_float": 0.2299,
      "short_ratio": 2.46
    },
    {
      "ticker": "VST",
      "company": "Vistra Corp.",
      "sector": "Utilities",
      "country": "United States",
      "shares": 162.0,
      "price": 164.13499450683594,
      "cost_basis": 154.76,
      "market_value": 26589.869110107422,
      "unrealized_pnl": 1518.7491101074233,
      "short_percent_of_float": 0.052699998,
      "short_ratio": 3.04
    },
    {
      "ticker": "GENC",
      "company": "Gencor Industries, Inc.",
      "sector": "Industrials",
      "country": "United States",
      "shares": 1746.0,
      "price": 14.899999618530273,
      "cost_basis": 14.32,
      "market_value": 26015.399333953857,
      "unrealized_pnl": 1012.6793339538569,
      "short_percent_of_float": 0.006,
      "short_ratio": 1.66
    },
    {
      "ticker": "ESI",
      "company": "Element Solutions Inc",
      "sector": "Basic Materials",
      "country": "United States",
      "shares": 557.0,
      "price": 45.11000061035156,
      "cost_basis": 44.92,
      "market_value": 25126.27033996582,
      "unrealized_pnl": 105.83033996581936,
      "short_percent_of_float": 0.087,
      "short_ratio": 5.6
    },
    {
      "ticker": "CEG",
      "company": "Constellation Energy Corporation",
      "sector": "Utilities",
      "country": "United States",
      "shares": 94.0,
      "price": 261.9649963378906,
      "cost_basis": 265.7,
      "market_value": 24624.70965576172,
      "unrealized_pnl": -351.0903442382802,
      "short_percent_of_float": 0.0356,
      "short_ratio": 2.75
    },
    {
      "ticker": "PYPL",
      "company": "PayPal Holdings, Inc.",
      "sector": "Financial Services",
      "country": "United States",
      "shares": 553.0,
      "price": 44.1349983215332,
      "cost_basis": 45.19,
      "market_value": 24406.65407180786,
      "unrealized_pnl": -583.4159281921375,
      "short_percent_of_float": 0.0687,
      "short_ratio": 3.63
    },
    {
      "ticker": "ZTS",
      "company": "Zoetis Inc.",
      "sector": "Healthcare",
      "country": "United States",
      "shares": 312.0,
      "price": 76.08000183105469,
      "cost_basis": 80.09,
      "market_value": 23736.960571289062,
      "unrealized_pnl": -1251.1194287109386,
      "short_percent_of_float": 0.0434,
      "short_ratio": 2.25
    },
    {
      "ticker": "OPEN",
      "company": "Opendoor Technologies Inc.",
      "sector": "Real Estate",
      "country": "United States",
      "shares": 5479.0,
      "price": 4.260000228881836,
      "cost_basis": 4.562927541522176,
      "market_value": 23340.54125404358,
      "unrealized_pnl": -1659.7387459564218,
      "short_percent_of_float": 0.17889999,
      "short_ratio": 4.06
    }
  ],
  "sector_exposure": [
    {
      "name": "Technology",
      "value": 482016.68065071106,
      "pct": 0.4382866345817073
    },
    {
      "name": "Communication Services",
      "value": 252891.60690307617,
      "pct": 0.22994849712229726
    },
    {
      "name": "Industrials",
      "value": 130886.18821334839,
      "pct": 0.11901178786554462
    },
    {
      "name": "Consumer Cyclical",
      "value": 81433.20262145996,
      "pct": 0.07404533028190609
    },
    {
      "name": "Utilities",
      "value": 51214.57876586914,
      "pct": 0.04656823356924098
    },
    {
      "name": "Basic Materials",
      "value": 25126.27033996582,
      "pct": 0.022846737278940564
    },
    {
      "name": "Financial Services",
      "value": 24406.65407180786,
      "pct": 0.02219240682727358
    },
    {
      "name": "Healthcare",
      "value": 23736.960571289062,
      "pct": 0.02158346999515527
    },
    {
      "name": "Real Estate",
      "value": 23340.54125404358,
      "pct": 0.021223015066076576
    },
    {
      "name": "Cash",
      "value": 4722.310000000056,
      "pct": 0.004293887411857794
    }
  ],
  "geographic_exposure": [
    {
      "name": "United States",
      "value": 904253.6187572479,
      "pct": 0.8222169300000546
    },
    {
      "name": "Kazakhstan",
      "value": 134274.44583892822,
      "pct": 0.12209265226593516
    },
    {
      "name": "China",
      "value": 56524.6187953949,
      "pct": 0.05139653032215245
    },
    {
      "name": "Cash",
      "value": 4722.310000000056,
      "pct": 0.004293887411857794
    }
  ],
  "signals": [
    {
      "ticker": "CEG",
      "label": "LEAN BEAR",
      "composite": -0.5,
      "rsi": 44.4,
      "subs": {
        "rsi": 0.0,
        "macd": 0.5,
        "trend": -0.5,
        "bb": -0.5,
        "vol": 0.0,
        "range": 0.0
      }
    },
    {
      "ticker": "CMI",
      "label": "STRONG BUY",
      "composite": 2.0,
      "rsi": 50.8,
      "subs": {
        "rsi": 0.5,
        "macd": 0.5,
        "trend": 0.5,
        "bb": 0.5,
        "vol": 0.0,
        "range": 0.0
      }
    },
    {
      "ticker": "CRWV",
      "label": "SELL",
      "composite": -1.5,
      "rsi": 40.9,
      "subs": {
        "rsi": 0.0,
        "macd": -0.5,
        "trend": 0.0,
        "bb": -0.5,
        "vol": 0.0,
        "range": -0.5
      }
    },
    {
      "ticker": "ESI",
      "label": "STRONG BUY",
      "composite": 2.5,
      "rsi": 53.9,
      "subs": {
        "rsi": 0.5,
        "macd": 0.5,
        "trend": 0.5,
        "bb": 0.5,
        "vol": 0.5,
        "range": 0.0
      }
    },
    {
      "ticker": "GENC",
      "label": "STRONG BUY",
      "composite": 2.0,
      "rsi": 52.5,
      "subs": {
        "rsi": 0.5,
        "macd": 0.5,
        "trend": 0.5,
        "bb": 0.5,
        "vol": 0.0,
        "range": 0.0
      }
    },
    {
      "ticker": "GRPN",
      "label": "STRONG BUY",
      "composite": 2.0,
      "rsi": 68.0,
      "subs": {
        "rsi": 0.5,
        "macd": 0.5,
        "trend": 0.5,
        "bb": 0.0,
        "vol": 0.0,
        "range": 0.5
      }
    },
    {
      "ticker": "JAKK",
      "label": "STRONG BUY",
      "composite": 2.0,
      "rsi": 67.9,
      "subs": {
        "rsi": 0.5,
        "macd": 0.5,
        "trend": 0.5,
        "bb": 0.0,
        "vol": 0.0,
        "range": 0.5
      }
    },
    {
      "ticker": "KSPI",
      "label": "STRONG BUY",
      "composite": 2.5,
      "rsi": 59.0,
      "subs": {
        "rsi": 0.5,
        "macd": 0.5,
        "trend": 0.5,
        "bb": 0.5,
        "vol": 0.0,
        "range": 0.5
      }
    },
    {
      "ticker": "OPEN",
      "label": "STRONG SELL",
      "composite": -2.0,
      "rsi": 41.3,
      "subs": {
        "rsi": 0.0,
        "macd": -0.5,
        "trend": -0.5,
        "bb": -0.5,
        "vol": 0.0,
        "range": -0.5
      }
    },
    {
      "ticker": "PYPL",
      "label": "BUY",
      "composite": 1.5,
      "rsi": 55.2,
      "subs": {
        "rsi": 0.5,
        "macd": 0.5,
        "trend": -0.5,
        "bb": 0.5,
        "vol": 0.0,
        "range": 0.5
      }
    },
    {
      "ticker": "TENB",
      "label": "LEAN BULL",
      "composite": 0.5,
      "rsi": 66.6,
      "subs": {
        "rsi": 0.5,
        "macd": -0.5,
        "trend": 0.0,
        "bb": 0.5,
        "vol": -0.5,
        "range": 0.5
      }
    },
    {
      "ticker": "VIA",
      "label": "STRONG BUY",
      "composite": 2.0,
      "rsi": 64.2,
      "subs": {
        "rsi": 0.5,
        "macd": 0.5,
        "trend": 0.5,
        "bb": 0.0,
        "vol": 0.0,
        "range": 0.5
      }
    },
    {
      "ticker": "VST",
      "label": "STRONG BUY",
      "composite": 2.0,
      "rsi": 57.8,
      "subs": {
        "rsi": 0.5,
        "macd": 0.5,
        "trend": 0.0,
        "bb": 0.5,
        "vol": 0.0,
        "range": 0.5
      }
    },
    {
      "ticker": "XNET",
      "label": "BUY",
      "composite": 1.0,
      "rsi": 51.3,
      "subs": {
        "rsi": 0.5,
        "macd": 0.5,
        "trend": -0.5,
        "bb": 0.5,
        "vol": 0.0,
        "range": 0.0
      }
    },
    {
      "ticker": "ZS",
      "label": "NEUTRAL",
      "composite": 0.0,
      "rsi": 47.4,
      "subs": {
        "rsi": 0.5,
        "macd": 0.5,
        "trend": -0.5,
        "bb": 0.5,
        "vol": -0.5,
        "range": -0.5
      }
    },
    {
      "ticker": "ZTS",
      "label": "SELL",
      "composite": -1.0,
      "rsi": 36.2,
      "subs": {
        "rsi": 0.0,
        "macd": 0.5,
        "trend": -0.5,
        "bb": -0.5,
        "vol": 0.0,
        "range": -0.5
      }
    }
  ],
  "volatility": [
    {
      "ticker": "CEG",
      "hv20": 0.4419970185944801,
      "garch": 0.5222851901281229,
      "expansion": 0.1816486721764632,
      "regime": "NORMAL",
      "signal": "BASE"
    },
    {
      "ticker": "CMI",
      "hv20": 0.5241112205760703,
      "garch": 0.4583286839431442,
      "expansion": -0.12551255163097264,
      "regime": "EXTREME",
      "signal": "WEAK"
    },
    {
      "ticker": "CRWV",
      "hv20": 0.8787224720951597,
      "garch": 0.9326617495614474,
      "expansion": 0.06138374649470262,
      "regime": "NORMAL",
      "signal": "WEAK"
    },
    {
      "ticker": "ESI",
      "hv20": 0.6153356267003118,
      "garch": 0.5981338171203728,
      "expansion": -0.027955165983452525,
      "regime": "EXTREME",
      "signal": "WEAK"
    },
    {
      "ticker": "GENC",
      "hv20": 0.32012015032546104,
      "garch": 0.3392974671496159,
      "expansion": 0.05990662195009463,
      "regime": "LOW",
      "signal": "WEAK"
    },
    {
      "ticker": "GRPN",
      "hv20": 1.1432996820765655,
      "garch": 0.9451517012195538,
      "expansion": -0.17331237291793625,
      "regime": "EXTREME",
      "signal": "WEAK"
    },
    {
      "ticker": "JAKK",
      "hv20": 0.23272127841548926,
      "garch": 0.4668519084147795,
      "expansion": 1.0060559635689386,
      "regime": "LOW",
      "signal": "SIGNAL"
    },
    {
      "ticker": "KSPI",
      "hv20": 0.38016422397536004,
      "garch": 0.38286403761255616,
      "expansion": 0.007101703597893289,
      "regime": "HIGH",
      "signal": "WEAK"
    },
    {
      "ticker": "OPEN",
      "hv20": 0.6983765950711154,
      "garch": 0.6815721101763884,
      "expansion": -0.024062210866353236,
      "regime": "LOW",
      "signal": "WEAK"
    },
    {
      "ticker": "PYPL",
      "hv20": 0.34670493384480255,
      "garch": 0.40023832641579365,
      "expansion": 0.15440620350373943,
      "regime": "NORMAL",
      "signal": "BASE"
    },
    {
      "ticker": "TENB",
      "hv20": 0.5991979167754536,
      "garch": 0.5637507899240303,
      "expansion": -0.059157626986054763,
      "regime": "HIGH",
      "signal": "WEAK"
    },
    {
      "ticker": "VIA",
      "hv20": 0.7756248929350796,
      "garch": null,
      "expansion": null,
      "regime": "NORMAL",
      "signal": "WEAK"
    },
    {
      "ticker": "VST",
      "hv20": 0.45627615541646954,
      "garch": 0.5539291700021546,
      "expansion": 0.21402173536013844,
      "regime": "NORMAL",
      "signal": "SIGNAL"
    },
    {
      "ticker": "XNET",
      "hv20": 0.7615283425466228,
      "garch": 0.7768620552623847,
      "expansion": 0.02013544586467328,
      "regime": "HIGH",
      "signal": "WEAK"
    },
    {
      "ticker": "ZS",
      "hv20": 0.6942023901430057,
      "garch": 0.7884224398514007,
      "expansion": 0.1357241793549367,
      "regime": "HIGH",
      "signal": "BASE"
    },
    {
      "ticker": "ZTS",
      "hv20": 0.3044214086967584,
      "garch": 0.3269509251667834,
      "expansion": 0.07400766117755946,
      "regime": "HIGH",
      "signal": "WEAK"
    }
  ],
  "correlation": {
    "tickers": [
      "CEG",
      "CMI",
      "CRWV",
      "ESI",
      "GENC",
      "GRPN",
      "JAKK",
      "KSPI",
      "OPEN",
      "PYPL",
      "TENB",
      "VIA",
      "VST",
      "XNET",
      "ZS",
      "ZTS"
    ],
    "matrix": [
      [
        1.0,
        0.333,
        0.235,
        0.306,
        0.149,
        0.086,
        0.084,
        0.055,
        0.189,
        0.133,
        0.045,
        -0.004,
        0.797,
        0.243,
        0.037,
        0.121
      ],
      [
        0.333,
        1.0,
        0.368,
        0.632,
        0.329,
        0.224,
        0.123,
        0.231,
        0.182,
        0.058,
        -0.102,
        -0.03,
        0.364,
        0.279,
        -0.078,
        0.182
      ],
      [
        0.235,
        0.368,
        1.0,
        0.342,
        0.117,
        0.133,
        0.047,
        0.121,
        0.246,
        0.14,
        0.1,
        0.199,
        0.316,
        0.358,
        0.173,
        0.082
      ],
      [
        0.306,
        0.632,
        0.342,
        1.0,
        0.263,
        0.313,
        0.23,
        0.293,
        0.262,
        0.266,
        0.059,
        0.023,
        0.374,
        0.323,
        0.021,
        0.173
      ],
      [
        0.149,
        0.329,
        0.117,
        0.263,
        1.0,
        0.137,
        0.318,
        0.142,
        0.129,
        0.101,
        0.163,
        0.071,
        0.168,
        0.161,
        0.056,
        0.157
      ],
      [
        0.086,
        0.224,
        0.133,
        0.313,
        0.137,
        1.0,
        0.16,
        0.34,
        0.288,
        0.251,
        0.211,
        0.16,
        0.147,
        0.235,
        0.125,
        0.155
      ],
      [
        0.084,
        0.123,
        0.047,
        0.23,
        0.318,
        0.16,
        1.0,
        0.105,
        0.14,
        0.219,
        -0.02,
        0.154,
        0.059,
        0.202,
        -0.041,
        0.144
      ],
      [
        0.055,
        0.231,
        0.121,
        0.293,
        0.142,
        0.34,
        0.105,
        1.0,
        0.244,
        0.266,
        0.265,
        0.144,
        0.11,
        0.214,
        0.156,
        0.178
      ],
      [
        0.189,
        0.182,
        0.246,
        0.262,
        0.129,
        0.288,
        0.14,
        0.244,
        1.0,
        0.247,
        0.116,
        0.149,
        0.255,
        0.345,
        0.062,
        0.172
      ],
      [
        0.133,
        0.058,
        0.14,
        0.266,
        0.101,
        0.251,
        0.219,
        0.266,
        0.247,
        1.0,
        0.365,
        0.162,
        0.081,
        0.351,
        0.214,
        0.169
      ],
      [
        0.045,
        -0.102,
        0.1,
        0.059,
        0.163,
        0.211,
        -0.02,
        0.265,
        0.116,
        0.365,
        1.0,
        0.359,
        0.054,
        0.163,
        0.567,
        0.092
      ],
      [
        -0.004,
        -0.03,
        0.199,
        0.023,
        0.071,
        0.16,
        0.154,
        0.144,
        0.149,
        0.162,
        0.359,
        1.0,
        0.048,
        0.183,
        0.377,
        0.013
      ],
      [
        0.797,
        0.364,
        0.316,
        0.374,
        0.168,
        0.147,
        0.059,
        0.11,
        0.255,
        0.081,
        0.054,
        0.048,
        1.0,
        0.272,
        0.063,
        0.088
      ],
      [
        0.243,
        0.279,
        0.358,
        0.323,
        0.161,
        0.235,
        0.202,
        0.214,
        0.345,
        0.351,
        0.163,
        0.183,
        0.272,
        1.0,
        0.223,
        0.038
      ],
      [
        0.037,
        -0.078,
        0.173,
        0.021,
        0.056,
        0.125,
        -0.041,
        0.156,
        0.062,
        0.214,
        0.567,
        0.377,
        0.063,
        0.223,
        1.0,
        -0.037
      ],
      [
        0.121,
        0.182,
        0.082,
        0.173,
        0.157,
        0.155,
        0.144,
        0.178,
        0.172,
        0.169,
        0.092,
        0.013,
        0.088,
        0.038,
        -0.037,
        1.0
      ]
    ]
  },
  "residual_correlation": {
    "tickers": [
      "CEG",
      "CMI",
      "CRWV",
      "ESI",
      "GENC",
      "GRPN",
      "JAKK",
      "KSPI",
      "OPEN",
      "PYPL",
      "TENB",
      "VIA",
      "VST",
      "XNET",
      "ZS",
      "ZTS"
    ],
    "matrix": [
      [
        1.0,
        0.051,
        0.004,
        -0.036,
        0.032,
        -0.075,
        -0.024,
        -0.135,
        0.033,
        0.035,
        -0.017,
        -0.1,
        0.73,
        0.094,
        0.011,
        0.07
      ],
      [
        0.051,
        1.0,
        0.122,
        0.252,
        0.067,
        -0.035,
        -0.143,
        -0.01,
        -0.061,
        -0.092,
        -0.272,
        -0.152,
        0.028,
        -0.006,
        -0.146,
        0.075
      ],
      [
        0.004,
        0.122,
        1.0,
        0.038,
        0.016,
        -0.068,
        -0.047,
        -0.111,
        0.045,
        -0.041,
        -0.017,
        0.079,
        0.079,
        0.135,
        0.107,
        0.035
      ],
      [
        -0.036,
        0.252,
        0.038,
        1.0,
        -0.074,
        0.048,
        0.003,
        0.012,
        -0.007,
        0.136,
        -0.116,
        -0.136,
        -0.004,
        0.018,
        -0.056,
        -0.01
      ],
      [
        0.032,
        0.067,
        0.016,
        -0.074,
        1.0,
        -0.05,
        0.061,
        -0.08,
        -0.08,
        -0.002,
        0.1,
        -0.001,
        0.029,
        -0.052,
        0.008,
        -0.042
      ],
      [
        -0.075,
        -0.035,
        -0.068,
        0.048,
        -0.05,
        1.0,
        0.045,
        0.202,
        0.121,
        0.131,
        0.096,
        0.075,
        -0.033,
        0.048,
        0.052,
        0.038
      ],
      [
        -0.024,
        -0.143,
        -0.047,
        0.003,
        0.061,
        0.045,
        1.0,
        -0.088,
        -0.027,
        0.112,
        -0.124,
        0.095,
        -0.058,
        0.028,
        -0.11,
        -0.035
      ],
      [
        -0.135,
        -0.01,
        -0.111,
        0.012,
        -0.08,
        0.202,
        -0.088,
        1.0,
        0.06,
        0.092,
        0.161,
        0.027,
        -0.095,
        -0.008,
        0.066,
        0.041
      ],
      [
        0.033,
        -0.061,
        0.045,
        -0.007,
        -0.08,
        0.121,
        -0.027,
        0.06,
        1.0,
        0.071,
        -0.026,
        0.028,
        0.105,
        0.155,
        -0.047,
        0.034
      ],
      [
        0.035,
        -0.092,
        -0.041,
        0.136,
        -0.002,
        0.131,
        0.112,
        0.092,
        0.071,
        1.0,
        0.233,
        0.018,
        -0.031,
        0.195,
        0.075,
        0.025
      ],
      [
        -0.017,
        -0.272,
        -0.017,
        -0.116,
        0.1,
        0.096,
        -0.124,
        0.161,
        -0.026,
        0.233,
        1.0,
        0.289,
        -0.014,
        0.02,
        0.518,
        -0.025
      ],
      [
        -0.1,
        -0.152,
        0.079,
        -0.136,
        -0.001,
        0.075,
        0.095,
        0.027,
        0.028,
        0.018,
        0.289,
        1.0,
        -0.044,
        0.055,
        0.318,
        -0.072
      ],
      [
        0.73,
        0.028,
        0.079,
        -0.004,
        0.029,
        -0.033,
        -0.058,
        -0.095,
        0.105,
        -0.031,
        -0.014,
        -0.044,
        1.0,
        0.114,
        0.044,
        0.022
      ],
      [
        0.094,
        -0.006,
        0.135,
        0.018,
        -0.052,
        0.048,
        0.028,
        -0.008,
        0.155,
        0.195,
        0.02,
        0.055,
        0.114,
        1.0,
        0.141,
        -0.117
      ],
      [
        0.011,
        -0.146,
        0.107,
        -0.056,
        0.008,
        0.052,
        -0.11,
        0.066,
        -0.047,
        0.075,
        0.518,
        0.318,
        0.044,
        0.141,
        1.0,
        -0.121
      ],
      [
        0.07,
        0.075,
        0.035,
        -0.01,
        -0.042,
        0.038,
        -0.035,
        0.041,
        0.034,
        0.025,
        -0.025,
        -0.072,
        0.022,
        -0.117,
        -0.121,
        1.0
      ]
    ]
  },
  "factor_correlation": {
    "factors": [
      "Market",
      "Size",
      "Value (SMID)",
      "Momentum",
      "Quality",
      "Profitability",
      "Liquidity",
      "Credit"
    ],
    "matrix": [
      [
        1.0,
        0.323,
        -0.5,
        0.395,
        -0.256,
        -0.538,
        0.299,
        0.188
      ],
      [
        0.323,
        1.0,
        -0.153,
        0.246,
        0.143,
        0.142,
        0.32,
        0.035
      ],
      [
        -0.5,
        -0.153,
        1.0,
        -0.546,
        0.314,
        0.604,
        -0.365,
        -0.145
      ],
      [
        0.395,
        0.246,
        -0.546,
        1.0,
        -0.257,
        -0.552,
        0.239,
        0.049
      ],
      [
        -0.256,
        0.143,
        0.314,
        -0.257,
        1.0,
        0.452,
        -0.218,
        -0.13
      ],
      [
        -0.538,
        0.142,
        0.604,
        -0.552,
        0.452,
        1.0,
        -0.26,
        -0.114
      ],
      [
        0.299,
        0.32,
        -0.365,
        0.239,
        -0.218,
        -0.26,
        1.0,
        0.166
      ],
      [
        0.188,
        0.035,
        -0.145,
        0.049,
        -0.13,
        -0.114,
        0.166,
        1.0
      ]
    ]
  },
  "factor_exposures": [
    {
      "ticker": "CEG",
      "r_squared": 0.24516965169969296,
      "alpha_annual": -0.41622023259541163,
      "idio_vol_annual": 0.4056419453111957,
      "Market": 0.7068421326214221,
      "Size": 0.372034225623143,
      "Value (SMID)": -0.49682617653041294,
      "Momentum": 0.4620637676831072,
      "Quality": -0.7800030440396788,
      "Profitability": -0.6201112225488115,
      "Liquidity": -0.37679985507961655,
      "Credit": -0.9210627897272733
    },
    {
      "ticker": "CMI",
      "r_squared": 0.4939699319190045,
      "alpha_annual": 0.33696361454145396,
      "idio_vol_annual": 0.24719601838760621,
      "Market": 1.1192387497132217,
      "Size": 0.8386638950515101,
      "Value (SMID)": 0.4350655473058776,
      "Momentum": 0.7913473930928515,
      "Quality": -0.17024083916109586,
      "Profitability": -0.1890777070304308,
      "Liquidity": -0.40671329640475373,
      "Credit": 0.8618830048851722
    },
    {
      "ticker": "CRWV",
      "r_squared": 0.27407116446732405,
      "alpha_annual": -0.9245729739439149,
      "idio_vol_annual": 0.7998635869074269,
      "Market": 1.10156316150447,
      "Size": 0.5497518344114567,
      "Value (SMID)": -1.9915379266571656,
      "Momentum": 0.4118773149281789,
      "Quality": -3.773170604541823,
      "Profitability": -0.25342321653183775,
      "Liquidity": 0.5857488093459948,
      "Credit": 1.8755482827014314
    },
    {
      "ticker": "ESI",
      "r_squared": 0.5287051552712934,
      "alpha_annual": 0.20586500121731846,
      "idio_vol_annual": 0.28732247490560714,
      "Market": 1.6291357645768068,
      "Size": 1.0397120747214184,
      "Value (SMID)": -0.1646789484607874,
      "Momentum": 0.7453551626451616,
      "Quality": 0.13675521380926384,
      "Profitability": 0.2503660335825476,
      "Liquidity": -0.7946350059212914,
      "Credit": 0.23588205311033472
    },
    {
      "ticker": "GENC",
      "r_squared": 0.32426653210043566,
      "alpha_annual": -0.40784032619746585,
      "idio_vol_annual": 0.3235045836439369,
      "Market": 1.2987462314039284,
      "Size": 1.21761128628962,
      "Value (SMID)": 1.1297855131929515,
      "Momentum": -0.0901895909214051,
      "Quality": -0.6951646062149104,
      "Profitability": 0.08536060078178218,
      "Liquidity": -0.14073088764635222,
      "Credit": 0.6576418626370564
    },
    {
      "ticker": "GRPN",
      "r_squared": 0.1555896357432759,
      "alpha_annual": -0.8878618266481835,
      "idio_vol_annual": 0.6674306307535997,
      "Market": 1.8874470937581707,
      "Size": 0.3714131800709587,
      "Value (SMID)": -0.8287025318867925,
      "Momentum": 0.4056538123963843,
      "Quality": -1.8568875459874468,
      "Profitability": 1.7282731063695147,
      "Liquidity": -0.1376874929427544,
      "Credit": 1.1454346709064387
    },
    {
      "ticker": "JAKK",
      "r_squared": 0.27048106120012483,
      "alpha_annual": -0.20476350071587648,
      "idio_vol_annual": 0.3520270354497776,
      "Market": 1.2507345755836181,
      "Size": 1.046420067860033,
      "Value (SMID)": 0.8712450354647882,
      "Momentum": -0.30693352877815827,
      "Quality": 1.371120543464617,
      "Profitability": -0.34466419919941327,
      "Liquidity": 0.2954089402172545,
      "Credit": -0.5083051563103405
    },
    {
      "ticker": "KSPI",
      "r_squared": 0.21327792751842045,
      "alpha_annual": -0.12629494268639513,
      "idio_vol_annual": 0.32329340856780325,
      "Market": 1.1899613432360736,
      "Size": 0.4603334042998136,
      "Value (SMID)": -0.3087011881256021,
      "Momentum": -0.44007320857582355,
      "Quality": 0.09573877776168968,
      "Profitability": 0.10716266815818559,
      "Liquidity": -0.07591777129360117,
      "Credit": 0.49925035366346515
    },
    {
      "ticker": "OPEN",
      "r_squared": 0.11921853752571132,
      "alpha_annual": 1.5010635831106345,
      "idio_vol_annual": 1.3432220419522214,
      "Market": 2.9879982110766936,
      "Size": 1.3351607619634045,
      "Value (SMID)": -1.4853513981503395,
      "Momentum": -1.665539082875041,
      "Quality": 0.5370261123509787,
      "Profitability": 0.8690940139243677,
      "Liquidity": 1.5758001868260525,
      "Credit": -2.8801446350878046
    },
    {
      "ticker": "PYPL",
      "r_squared": 0.2969699009537371,
      "alpha_annual": -0.6489353941732282,
      "idio_vol_annual": 0.33817931261213663,
      "Market": 1.7971140002868582,
      "Size": -0.35101459085129305,
      "Value (SMID)": -0.9216916307102214,
      "Momentum": -0.8182610450507932,
      "Quality": 1.4398970439846293,
      "Profitability": 0.7034103082491023,
      "Liquidity": 0.3409844575706966,
      "Credit": -0.0602457465686275
    },
    {
      "ticker": "TENB",
      "r_squared": 0.16335104233088082,
      "alpha_annual": -0.25868970402035557,
      "idio_vol_annual": 0.41389053440936346,
      "Market": 1.513114934628491,
      "Size": -0.18233309971272038,
      "Value (SMID)": -0.9383853785502222,
      "Momentum": -0.4442985753276556,
      "Quality": -0.23512219232803122,
      "Profitability": 1.4414292847702734,
      "Liquidity": 0.04695813083229983,
      "Credit": -0.3466921547337226
    },
    {
      "ticker": "VIA",
      "r_squared": 0.11517949762976065,
      "alpha_annual": -1.3603581767755413,
      "idio_vol_annual": 0.6848275530977547,
      "Market": 1.0592539036484914,
      "Size": 0.3483924833914865,
      "Value (SMID)": -1.4400773654770753,
      "Momentum": -1.0702374179754013,
      "Quality": -1.1243444948593255,
      "Profitability": 0.6077927124893495,
      "Liquidity": 0.8179199063223287,
      "Credit": -0.8653466831655718
    },
    {
      "ticker": "VST",
      "r_squared": 0.2943655783770366,
      "alpha_annual": -0.3864778838098297,
      "idio_vol_annual": 0.4130814443455978,
      "Market": 0.6426466062505457,
      "Size": 0.7759472967420555,
      "Value (SMID)": -0.7178948860282209,
      "Momentum": 0.5489861830994478,
      "Quality": -1.6477738895282785,
      "Profitability": -0.48861008865461175,
      "Liquidity": -0.7081239016124854,
      "Credit": -0.8590152433623198
    },
    {
      "ticker": "XNET",
      "r_squared": 0.17239801868844606,
      "alpha_annual": -0.15317479036590048,
      "idio_vol_annual": 0.6724747903115682,
      "Market": 1.822083700957803,
      "Size": 0.14334305681573611,
      "Value (SMID)": -0.7263637568908837,
      "Momentum": -0.34793207833790074,
      "Quality": 0.4251054632895576,
      "Profitability": 0.6270490171924954,
      "Liquidity": 1.1872466233664665,
      "Credit": 2.488536990199724
    },
    {
      "ticker": "ZS",
      "r_squared": 0.1010649315975013,
      "alpha_annual": -0.9081329400785929,
      "idio_vol_annual": 0.5973810551506847,
      "Market": 1.3609672687517216,
      "Size": -0.40665183621408757,
      "Value (SMID)": -1.1894338159304065,
      "Momentum": -0.9781021721221055,
      "Quality": -0.788220734734239,
      "Profitability": 0.9534782546279543,
