{
  "generated_at": "2026-06-18T20:43:55.796715Z",
  "market_session": "AFTER",
  "fund_name": "Convex Capital",
  "tagline": "Lose small. Win big. \u2014 Paper-traded portfolio. Hypothetical performance for educational purposes only.",
  "summary": {
    "nav": 987002.235,
    "cash": 359.3200000000179,
    "equity": 986642.9149999999,
    "deposits": 1000000.0,
    "total_return": -0.01299776500000005,
    "realized_pnl": 0.0,
    "open_positions": 16
  },
  "metrics": {
    "annualized_return": -0.24695229114876405,
    "annualized_vol": 0.28390870181813,
    "sharpe": -1.0266056892589777,
    "sortino": -1.304261376178138,
    "calmar": -0.5944434706866475,
    "max_drawdown": -0.4154344413330119,
    "var_95_1d": -0.03573227963268391,
    "risk_free_rate": 0.044509997367858885,
    "method": "Synthetic: current weights \u00d7 each holding's 252-day return history. Sortino uses Frank Sortino downside deviation (RMS of shortfalls vs MAR=RF).",
    "beta_spy": 1.5099757810815835,
    "benchmark_annualized_return": 0.22813888010747152,
    "treynor": -0.19302447904684328,
    "jensens_alpha": -0.568737454160508,
    "information_ratio": -1.7486083355048871,
    "tracking_error": 0.22136642331273598,
    "annualized_active_return": -0.3870831730055535,
    "up_capture": 1.2294447199212069,
    "down_capture": 1.5315622152334978,
    "data_basis": "synthetic_252d",
    "days_of_live_nav": 14
  },
  "nav_curve": [
    {
      "date": "2026-06-01",
      "value": 999535.5476397705
    },
    {
      "date": "2026-06-02",
      "value": 1003670.4372289658
    },
    {
      "date": "2026-06-03",
      "value": 989912.289704628
    },
    {
      "date": "2026-06-04",
      "value": 1000539.2173751069
    },
    {
      "date": "2026-06-05",
      "value": 965555.7467515564
    },
    {
      "date": "2026-06-08",
      "value": 964274.7760765648
    },
    {
      "date": "2026-06-09",
      "value": 967825.7974829102
    },
    {
      "date": "2026-06-10",
      "value": 956183.703109684
    },
    {
      "date": "2026-06-11",
      "value": 978161.2303819085
    },
    {
      "date": "2026-06-12",
      "value": 984267.0327100182
    },
    {
      "date": "2026-06-15",
      "value": 1003568.5058687401
    },
    {
      "date": "2026-06-16",
      "value": 1002557.4686825944
    },
    {
      "date": "2026-06-17",
      "value": 985672.0383361054
    },
    {
      "date": "2026-06-18",
      "value": 987002.240024395
    }
  ],
  "drawdown_curve": [
    {
      "date": "2026-06-01",
      "value": 0.0
    },
    {
      "date": "2026-06-02",
      "value": 0.0
    },
    {
      "date": "2026-06-03",
      "value": -0.01370783378089986
    },
    {
      "date": "2026-06-04",
      "value": -0.0031197689378038426
    },
    {
      "date": "2026-06-05",
      "value": -0.03797530450596938
    },
    {
      "date": "2026-06-08",
      "value": -0.03925159065277294
    },
    {
      "date": "2026-06-09",
      "value": -0.03571355538279983
    },
    {
      "date": "2026-06-10",
      "value": -0.04731307444940582
    },
    {
      "date": "2026-06-11",
      "value": -0.02541591931061127
    },
    {
      "date": "2026-06-12",
      "value": -0.0193324459894609
    },
    {
      "date": "2026-06-15",
      "value": -0.00010155859577480553
    },
    {
      "date": "2026-06-16",
      "value": -0.0011088984043848464
    },
    {
      "date": "2026-06-17",
      "value": -0.01793257848916242
    },
    {
      "date": "2026-06-18",
      "value": -0.01660724136758475
    }
  ],
  "benchmarks": {
    "SPY": [
      {
        "date": "2026-06-01",
        "value": 0.0
      },
      {
        "date": "2026-06-02",
        "value": 0.0013579103629497435
      },
      {
        "date": "2026-06-03",
        "value": -0.005668768842152949
      },
      {
        "date": "2026-06-04",
        "value": -0.0019115026417536596
      },
      {
        "date": "2026-06-05",
        "value": -0.027671567540792585
      },
      {
        "date": "2026-06-08",
        "value": -0.02546999220062507
      },
      {
        "date": "2026-06-09",
        "value": -0.028330728579740505
      },
      {
        "date": "2026-06-10",
        "value": -0.04364962468776956
      },
      {
        "date": "2026-06-11",
        "value": -0.02739469093739666
      },
      {
        "date": "2026-06-12",
        "value": -0.022134598720831677
      },
      {
        "date": "2026-06-15",
        "value": -0.004890923412037007
      },
      {
        "date": "2026-06-16",
        "value": -0.01082337276256784
      },
      {
        "date": "2026-06-17",
        "value": -0.02317604419533148
      },
      {
        "date": "2026-06-18",
        "value": -0.015556184426370967
      }
    ],
    "IWM": [
      {
        "date": "2026-06-01",
        "value": 0.0
      },
      {
        "date": "2026-06-02",
        "value": 0.009273902616242058
      },
      {
        "date": "2026-06-03",
        "value": -0.004533265755123028
      },
      {
        "date": "2026-06-04",
        "value": 0.010485102307313143
      },
      {
        "date": "2026-06-05",
        "value": -0.025365222965751943
      },
      {
        "date": "2026-06-08",
        "value": -0.016852527916236926
      },
      {
        "date": "2026-06-09",
        "value": -0.013703535746163342
      },
      {
        "date": "2026-06-10",
        "value": -0.023981055236295123
      },
      {
        "date": "2026-06-11",
        "value": 0.00494832553389335
      },
      {
        "date": "2026-06-12",
        "value": 0.01373793881377372
      },
      {
        "date": "2026-06-15",
        "value": 0.022010765090349826
      },
      {
        "date": "2026-06-16",
        "value": 0.013130856989941098
      },
      {
        "date": "2026-06-17",
        "value": 0.005499833171586088
      },
      {
        "date": "2026-06-18",
        "value": 0.025305943833869415
      }
    ]
  },
  "holdings": [
    {
      "ticker": "GRPN",
      "company": "Groupon, Inc.",
      "sector": "Communication Services",
      "country": "United States",
      "shares": 11310.0,
      "price": 16.19,
      "cost_basis": 17.682836427939876,
      "market_value": 183108.90000000002,
      "unrealized_pnl": -16883.979999999978,
      "short_percent_of_float": 0.56310004,
      "short_ratio": 5.75
    },
    {
      "ticker": "TENB",
      "company": "Tenable Holdings, Inc.",
      "sector": "Technology",
      "country": "United States",
      "shares": 4766.0,
      "price": 26.87,
      "cost_basis": 26.224616030214015,
      "market_value": 128062.42,
      "unrealized_pnl": 3075.9000000000074,
      "short_percent_of_float": 0.129,
      "short_ratio": 3.05
    },
    {
      "ticker": "KSPI",
      "company": "Joint Stock Company Kaspi.kz",
      "sector": "Technology",
      "country": "Kazakhstan",
      "shares": 1515.0,
      "price": 82.205,
      "cost_basis": 82.53049504950495,
      "market_value": 124540.575,
      "unrealized_pnl": -493.12500000000125,
      "short_percent_of_float": 0.0159,
      "short_ratio": 3.24
    },
    {
      "ticker": "CMI",
      "company": "Cummins Inc.",
      "sector": "Industrials",
      "country": "United States",
      "shares": 114.0,
      "price": 716.86,
      "cost_basis": 653.737894736842,
      "market_value": 81722.04000000001,
      "unrealized_pnl": 7195.920000000013,
      "short_percent_of_float": 0.0171,
      "short_ratio": 2.07
    },
    {
      "ticker": "JAKK",
      "company": "JAKKS Pacific, Inc.",
      "sector": "Consumer Cyclical",
      "country": "United States",
      "shares": 3436.0,
      "price": 22.15,
      "cost_basis": 21.83,
      "market_value": 76107.4,
      "unrealized_pnl": 1099.520000000001,
      "short_percent_of_float": 0.039100002,
      "short_ratio": 7.32
    },
    {
      "ticker": "VIA",
      "company": "Via Transportation, Inc.",
      "sector": "Technology",
      "country": "United States",
      "shares": 4921.0,
      "price": 15.29,
      "cost_basis": 15.241408250355619,
      "market_value": 75242.09,
      "unrealized_pnl": 239.11999999999594,
      "short_percent_of_float": 0.13520001,
      "short_ratio": 6.88
    },
    {
      "ticker": "ZS",
      "company": "Zscaler, Inc.",
      "sector": "Technology",
      "country": "United States",
      "shares": 549.0,
      "price": 124.85,
      "cost_basis": 136.8013843351548,
      "market_value": 68542.65,
      "unrealized_pnl": -6561.309999999992,
      "short_percent_of_float": 0.114700004,
      "short_ratio": 2.09
    },
    {
      "ticker": "CRWV",
      "company": "CoreWeave, Inc.",
      "sector": "Technology",
      "country": "United States",
      "shares": 468.0,
      "price": 117.95,
      "cost_basis": 106.78134615384614,
      "market_value": 55200.6,
      "unrealized_pnl": 5226.930000000006,
      "short_percent_of_float": 0.18190001,
      "short_ratio": 1.91
    },
    {
      "ticker": "XNET",
      "company": "Xunlei Limited",
      "sector": "Technology",
      "country": "China",
      "shares": 10526.0,
      "price": 4.96,
      "cost_basis": 4.75,
      "market_value": 52208.96,
      "unrealized_pnl": 2210.4599999999996,
      "short_percent_of_float": 0.0377,
      "short_ratio": 6.03
    },
    {
      "ticker": "PYPL",
      "company": "PayPal Holdings, Inc.",
      "sector": "Financial Services",
      "country": "United States",
      "shares": 830.0,
      "price": 42.51,
      "cost_basis": 45.19,
      "market_value": 35283.299999999996,
      "unrealized_pnl": -2224.3999999999996,
      "short_percent_of_float": 0.0626,
      "short_ratio": 3.16
    },
    {
      "ticker": "BABA",
      "company": "Alibaba Group Holding Limited",
      "sector": "Consumer Cyclical",
      "country": "China",
      "shares": 299.0,
      "price": 107.1,
      "cost_basis": 125.39999999999999,
      "market_value": 32022.899999999998,
      "unrealized_pnl": -5471.699999999999,
      "short_percent_of_float": 0.0165,
      "short_ratio": 3.21
    },
    {
      "ticker": "ZTS",
      "company": "Zoetis Inc.",
      "sector": "Healthcare",
      "country": "United States",
      "shares": 312.0,
      "price": 78.71,
      "cost_basis": 80.09,
      "market_value": 24557.519999999997,
      "unrealized_pnl": -430.560000000003,
      "short_percent_of_float": 0.0363,
      "short_ratio": 1.45
    },
    {
      "ticker": "VST",
      "company": "Vistra Corp.",
      "sector": "Utilities",
      "country": "United States",
      "shares": 81.0,
      "price": 163.75,
      "cost_basis": 154.76,
      "market_value": 13263.75,
      "unrealized_pnl": 728.1900000000007,
      "short_percent_of_float": 0.0539,
      "short_ratio": 2.73
    },
    {
      "ticker": "GENC",
      "company": "Gencor Industries, Inc.",
      "sector": "Industrials",
      "country": "United States",
      "shares": 873.0,
      "price": 15.0,
      "cost_basis": 14.32,
      "market_value": 13095.0,
      "unrealized_pnl": 593.6399999999998,
      "short_percent_of_float": 0.0064,
      "short_ratio": 2.39
    },
    {
      "ticker": "CEG",
      "company": "Constellation Energy Corporation",
      "sector": "Utilities",
      "country": "United States",
      "shares": 47.0,
      "price": 274.06,
      "cost_basis": 265.7,
      "market_value": 12880.82,
      "unrealized_pnl": 392.92000000000064,
      "short_percent_of_float": 0.036,
      "short_ratio": 3.46
    },
    {
      "ticker": "OPEN",
      "company": "Opendoor Technologies Inc.",
      "sector": "Real Estate",
      "country": "United States",
      "shares": 2417.0,
      "price": 4.47,
      "cost_basis": 5.171402565163425,
      "market_value": 10803.99,
      "unrealized_pnl": -1695.2899999999988,
      "short_percent_of_float": 0.16149999,
      "short_ratio": 3.77
    }
  ],
  "sector_exposure": [
    {
      "name": "Technology",
      "value": 503797.295,
      "pct": 0.5104317671580552
    },
    {
      "name": "Communication Services",
      "value": 183108.90000000002,
      "pct": 0.185520248593966
    },
    {
      "name": "Consumer Cyclical",
      "value": 108130.29999999999,
      "pct": 0.10955426053315877
    },
    {
      "name": "Industrials",
      "value": 94817.04000000001,
      "pct": 0.09606567912179045
    },
    {
      "name": "Financial Services",
      "value": 35283.299999999996,
      "pct": 0.03574794336711912
    },
    {
      "name": "Utilities",
      "value": 26144.57,
      "pct": 0.026488866056113846
    },
    {
      "name": "Healthcare",
      "value": 24557.519999999997,
      "pct": 0.02488091630309226
    },
    {
      "name": "Real Estate",
      "value": 10803.99,
      "pct": 0.010946267006173497
    },
    {
      "name": "Cash",
      "value": 359.3200000000179,
      "pct": 0.00036405186053101277
    }
  ],
  "geographic_exposure": [
    {
      "name": "United States",
      "value": 777870.48,
      "pct": 0.7881142032064395
    },
    {
      "name": "Kazakhstan",
      "value": 124540.575,
      "pct": 0.1261806413234718
    },
    {
      "name": "China",
      "value": 84231.86,
      "pct": 0.08534110360955768
    },
    {
      "name": "Cash",
      "value": 359.3200000000179,
      "pct": 0.00036405186053101277
    }
  ],
  "signals": [
    {
      "ticker": "BABA",
      "label": "STRONG SELL",
      "composite": -2.5,
      "rsi": 25.2,
      "subs": {
        "rsi": -0.5,
        "macd": -0.5,
        "trend": -0.5,
        "bb": -0.5,
        "vol": 0.0,
        "range": -0.5
      }
    },
    {
      "ticker": "CEG",
      "label": "BUY",
      "composite": 1.0,
      "rsi": 51.7,
      "subs": {
        "rsi": 0.5,
        "macd": 0.5,
        "trend": -0.5,
        "bb": 0.5,
        "vol": 0.0,
        "range": 0.0
      }
    },
    {
      "ticker": "CMI",
      "label": "STRONG BUY",
      "composite": 2.0,
      "rsi": 61.8,
      "subs": {
        "rsi": 0.5,
        "macd": 0.5,
        "trend": 0.5,
        "bb": 0.0,
        "vol": 0.0,
        "range": 0.5
      }
    },
    {
      "ticker": "CRWV",
      "label": "STRONG BUY",
      "composite": 2.0,
      "rsi": 58.1,
      "subs": {
        "rsi": 0.5,
        "macd": 0.5,
        "trend": 0.5,
        "bb": 0.5,
        "vol": 0.0,
        "range": 0.0
      }
    },
    {
      "ticker": "GENC",
      "label": "STRONG BUY",
      "composite": 2.0,
      "rsi": 54.5,
      "subs": {
        "rsi": 0.5,
        "macd": 0.5,
        "trend": 0.5,
        "bb": 0.5,
        "vol": 0.0,
        "range": 0.0
      }
    },
    {
      "ticker": "GRPN",
      "label": "STRONG SELL",
      "composite": -2.5,
      "rsi": 44.7,
      "subs": {
        "rsi": 0.0,
        "macd": -0.5,
        "trend": -0.5,
        "bb": -0.5,
        "vol": -0.5,
        "range": -0.5
      }
    },
    {
      "ticker": "JAKK",
      "label": "BUY",
      "composite": 1.0,
      "rsi": 53.0,
      "subs": {
        "rsi": 0.5,
        "macd": -0.5,
        "trend": 0.5,
        "bb": 0.5,
        "vol": 0.0,
        "range": 0.0
      }
    },
    {
      "ticker": "KSPI",
      "label": "SELL",
      "composite": -1.5,
      "rsi": 44.3,
      "subs": {
        "rsi": 0.0,
        "macd": -0.5,
        "trend": 0.0,
        "bb": -0.5,
        "vol": 0.0,
        "range": -0.5
      }
    },
    {
      "ticker": "OPEN",
      "label": "STRONG SELL",
      "composite": -2.0,
      "rsi": 44.7,
      "subs": {
        "rsi": 0.0,
        "macd": -0.5,
        "trend": -0.5,
        "bb": -0.5,
        "vol": 0.0,
        "range": -0.5
      }
    },
    {
      "ticker": "PYPL",
      "label": "LEAN BEAR",
      "composite": -0.5,
      "rsi": 44.8,
      "subs": {
        "rsi": 0.0,
        "macd": 0.5,
        "trend": -0.5,
        "bb": -0.5,
        "vol": 0.0,
        "range": 0.0
      }
    },
    {
      "ticker": "TENB",
      "label": "SELL",
      "composite": -1.0,
      "rsi": 55.7,
      "subs": {
        "rsi": 0.5,
        "macd": -0.5,
        "trend": 0.0,
        "bb": -0.5,
        "vol": -0.5,
        "range": 0.0
      }
    },
    {
      "ticker": "VIA",
      "label": "BUY",
      "composite": 1.5,
      "rsi": 51.5,
      "subs": {
        "rsi": 0.5,
        "macd": 0.5,
        "trend": -0.5,
        "bb": 0.5,
        "vol": 0.5,
        "range": 0.0
      }
    },
    {
      "ticker": "VST",
      "label": "STRONG BUY",
      "composite": 2.0,
      "rsi": 60.7,
      "subs": {
        "rsi": 0.5,
        "macd": 0.5,
        "trend": 0.0,
        "bb": 0.5,
        "vol": 0.0,
        "range": 0.5
      }
    },
    {
      "ticker": "XNET",
      "label": "LEAN BEAR",
      "composite": -0.5,
      "rsi": 40.5,
      "subs": {
        "rsi": 0.0,
        "macd": 0.5,
        "trend": -0.5,
        "bb": -0.5,
        "vol": 0.5,
        "range": -0.5
      }
    },
    {
      "ticker": "ZS",
      "label": "STRONG SELL",
      "composite": -2.0,
      "rsi": 40.5,
      "subs": {
        "rsi": 0.0,
        "macd": -0.5,
        "trend": -0.5,
        "bb": -0.5,
        "vol": 0.0,
        "range": -0.5
      }
    },
    {
      "ticker": "ZTS",
      "label": "LEAN BEAR",
      "composite": -0.5,
      "rsi": 38.2,
      "subs": {
        "rsi": 0.0,
        "macd": 0.5,
        "trend": -0.5,
        "bb": -0.5,
        "vol": 0.0,
        "range": 0.0
      }
    }
  ],
  "volatility": [
    {
      "ticker": "BABA",
      "hv20": 0.28376476509508813,
      "garch": 0.4050168884335725,
      "expansion": 0.42729802376222914,
      "regime": "LOW",
      "signal": "SIGNAL"
    },
    {
      "ticker": "CEG",
      "hv20": 0.4840370265281281,
      "garch": 0.5450607163744278,
      "expansion": 0.1260723591416276,
      "regime": "NORMAL",
      "signal": "BASE"
    },
    {
      "ticker": "CMI",
      "hv20": 0.4832562010595859,
      "garch": 0.3443100492509281,
      "expansion": -0.28752068054999586,
      "regime": "EXTREME",
      "signal": "WEAK"
    },
    {
      "ticker": "CRWV",
      "hv20": 0.837094992113126,
      "garch": 0.9589983097479523,
      "expansion": 0.14562662395948506,
      "regime": "NORMAL",
      "signal": "BASE"
    },
    {
      "ticker": "GENC",
      "hv20": 0.3609283845098785,
      "garch": 0.3700345281637216,
      "expansion": 0.025229779769770002,
      "regime": "NORMAL",
      "signal": "WEAK"
    },
    {
      "ticker": "GRPN",
      "hv20": 0.8310476352859449,
      "garch": 0.7842948585135796,
      "expansion": -0.05625763769399181,
      "regime": "HIGH",
      "signal": "WEAK"
    },
    {
      "ticker": "JAKK",
      "hv20": 0.21961542731503436,
      "garch": 0.4704989741747364,
      "expansion": 1.1423766987909012,
      "regime": "LOW",
      "signal": "SIGNAL"
    },
    {
      "ticker": "KSPI",
      "hv20": 0.33026299523469604,
      "garch": 0.35520056959393,
      "expansion": 0.07550823046800159,
      "regime": "HIGH",
      "signal": "WEAK"
    },
    {
      "ticker": "OPEN",
      "hv20": 0.7715249351875108,
      "garch": 0.778673056024515,
      "expansion": 0.009264925229237019,
      "regime": "NORMAL",
      "signal": "WEAK"
    },
    {
      "ticker": "PYPL",
      "hv20": 0.30672818040550076,
      "garch": 0.3916438536539962,
      "expansion": 0.2768434029642637,
      "regime": "NORMAL",
      "signal": "SIGNAL"
    },
    {
      "ticker": "TENB",
      "hv20": 0.583292263421048,
      "garch": 0.4113630704671924,
      "expansion": -0.29475651184790186,
      "regime": "HIGH",
      "signal": "WEAK"
    },
    {
      "ticker": "VIA",
      "hv20": 0.6894905436040715,
      "garch": null,
      "expansion": null,
      "regime": "NORMAL",
      "signal": "WEAK"
    },
    {
      "ticker": "VST",
      "hv20": 0.5018513114061199,
      "garch": 0.5722765056826274,
      "expansion": 0.14033079654446967,
      "regime": "NORMAL",
      "signal": "BASE"
    },
    {
      "ticker": "XNET",
      "hv20": 0.7737622206459568,
      "garch": 0.8230416777034941,
      "expansion": 0.06368811469807555,
      "regime": "HIGH",
      "signal": "WEAK"
    },
    {
      "ticker": "ZS",
      "hv20": 1.5242830683669484,
      "garch": 0.3859713711844554,
      "expansion": -0.7467849776761158,
      "regime": "EXTREME",
      "signal": "WEAK"
    },
    {
      "ticker": "ZTS",
      "hv20": 0.2698441165667653,
      "garch": 0.32550963829482554,
      "expansion": 0.20628769838043645,
      "regime": "NORMAL",
      "signal": "SIGNAL"
    }
  ],
  "correlation": {
    "tickers": [
      "BABA",
      "CEG",
      "CMI",
      "CRWV",
      "GENC",
      "GRPN",
      "JAKK",
      "KSPI",
      "OPEN",
      "PYPL",
      "TENB",
      "VIA",
      "VST",
      "XNET",
      "ZS",
      "ZTS"
    ],
    "matrix": [
      [
        1.0,
        0.183,
        0.326,
        0.346,
        0.133,
        0.196,
        0.118,
        0.2,
        0.193,
        0.246,
        0.064,
        -0.042,
        0.222,
        0.47,
        0.042,
        0.081
      ],
      [
        0.183,
        1.0,
        0.328,
        0.232,
        0.152,
        0.089,
        0.089,
        0.057,
        0.19,
        0.14,
        0.063,
        0.007,
        0.798,
        0.249,
        0.045,
        0.124
      ],
      [
        0.326,
        0.328,
        1.0,
        0.372,
        0.349,
        0.194,
        0.137,
        0.243,
        0.186,
        0.081,
        -0.051,
        0.003,
        0.352,
        0.298,
        -0.052,
        0.189
      ],
      [
        0.346,
        0.232,
        0.372,
        1.0,
        0.117,
        0.166,
        0.055,
        0.136,
        0.245,
        0.148,
        0.116,
        0.213,
        0.321,
        0.371,
        0.182,
        0.08
      ],
      [
        0.133,
        0.152,
        0.349,
        0.117,
        1.0,
        0.159,
        0.319,
        0.145,
        0.128,
        0.099,
        0.16,
        0.068,
        0.173,
        0.164,
        0.053,
        0.157
      ],
      [
        0.196,
        0.089,
        0.194,
        0.166,
        0.159,
        1.0,
        0.151,
        0.338,
        0.306,
        0.27,
        0.252,
        0.169,
        0.127,
        0.234,
        0.151,
        0.166
      ],
      [
        0.118,
        0.089,
        0.137,
        0.055,
        0.319,
        0.151,
        1.0,
        0.1,
        0.139,
        0.213,
        -0.035,
        0.145,
        0.061,
        0.2,
        -0.047,
        0.142
      ],
      [
        0.2,
        0.057,
        0.243,
        0.136,
        0.145,
        0.338,
        0.1,
        1.0,
        0.25,
        0.258,
        0.268,
        0.137,
        0.103,
        0.201,
        0.154,
        0.192
      ],
      [
        0.193,
        0.19,
        0.186,
        0.245,
        0.128,
        0.306,
        0.139,
        0.25,
        1.0,
        0.248,
        0.119,
        0.152,
        0.257,
        0.352,
        0.064,
        0.168
      ],
      [
        0.246,
        0.14,
        0.081,
        0.148,
        0.099,
        0.27,
        0.213,
        0.258,
        0.248,
        1.0,
        0.354,
        0.145,
        0.085,
        0.343,
        0.206,
        0.176
      ],
      [
        0.064,
        0.063,
        -0.051,
        0.116,
        0.16,
        0.252,
        -0.035,
        0.268,
        0.119,
        0.354,
        1.0,
        0.336,
        0.075,
        0.156,
        0.56,
        0.094
      ],
      [
        -0.042,
        0.007,
        0.003,
        0.213,
        0.068,
        0.169,
        0.145,
        0.137,
        0.152,
        0.145,
        0.336,
        1.0,
        0.058,
        0.166,
        0.368,
        0.019
      ],
      [
        0.222,
        0.798,
        0.352,
        0.321,
        0.173,
        0.127,
        0.061,
        0.103,
        0.257,
        0.085,
        0.075,
        0.058,
        1.0,
        0.272,
        0.073,
        0.095
      ],
      [
        0.47,
        0.249,
        0.298,
        0.371,
        0.164,
        0.234,
        0.2,
        0.201,
        0.352,
        0.343,
        0.156,
        0.166,
        0.272,
        1.0,
        0.221,
        0.053
      ],
      [
        0.042,
        0.045,
        -0.052,
        0.182,
        0.053,
        0.151,
        -0.047,
        0.154,
        0.064,
        0.206,
        0.56,
        0.368,
        0.073,
        0.221,
        1.0,
        -0.035
      ],
      [
        0.081,
        0.124,
        0.189,
        0.08,
        0.157,
        0.166,
        0.142,
        0.192,
        0.168,
        0.176,
        0.094,
        0.019,
        0.095,
        0.053,
        -0.035,
        1.0
      ]
    ]
  },
  "residual_correlation": {
    "tickers": [
      "BABA",
      "CEG",
      "CMI",
      "CRWV",
      "GENC",
      "GRPN",
      "JAKK",
      "KSPI",
      "OPEN",
      "PYPL",
      "TENB",
      "VIA",
      "VST",
      "XNET",
      "ZS",
      "ZTS"
    ],
    "matrix": [
      [
        1.0,
        0.019,
        0.101,
        0.192,
        -0.075,
        0.024,
        -0.046,
        0.014,
        0.037,
        0.108,
        -0.06,
        -0.163,
        0.056,
        0.337,
        -0.056,
        -0.025
      ],
      [
        0.019,
        1.0,
        0.053,
        -0.003,
        0.027,
        -0.058,
        -0.019,
        -0.13,
        0.034,
        0.046,
        -0.027,
        -0.102,
        0.731,
        0.097,
        0.011,
        0.074
      ],
      [
        0.101,
        0.053,
        1.0,
        0.116,
        0.074,
        -0.055,
        -0.149,
        0.001,
        -0.067,
        -0.095,
        -0.262,
        -0.145,
        0.035,
        0.006,
        -0.142,
        0.06
      ],
      [
        0.192,
        -0.003,
        0.116,
        1.0,
        0.011,
        -0.039,
        -0.039,
        -0.096,
        0.037,
        -0.026,
        -0.022,
        0.084,
        0.08,
        0.147,
        0.115,
        0.03
      ],
      [
        -0.075,
        0.027,
        0.074,
        0.011,
        1.0,
        -0.028,
        0.067,
        -0.077,
        -0.073,
        0.005,
        0.093,
        -0.003,
        0.026,
        -0.054,
        0.008,
        -0.036
      ],
      [
        0.024,
        -0.058,
        -0.055,
        -0.039,
        -0.028,
        1.0,
        0.008,
        0.169,
        0.113,
        0.091,
        0.11,
        0.05,
        -0.036,
        0.005,
        0.044,
        0.034
      ],
      [
        -0.046,
        -0.019,
        -0.149,
        -0.039,
        0.067,
        0.008,
        1.0,
        -0.101,
        -0.033,
        0.103,
        -0.129,
        0.091,
        -0.057,
        0.019,
        -0.112,
        -0.041
      ],
      [
        0.014,
        -0.13,
        0.001,
        -0.096,
        -0.077,
        0.169,
        -0.101,
        1.0,
        0.066,
        0.071,
        0.161,
        0.012,
        -0.103,
        -0.032,
        0.055,
        0.058
      ],
      [
        0.037,
        0.034,
        -0.067,
        0.037,
        -0.073,
        0.113,
        -0.033,
        0.066,
        1.0,
        0.067,
        -0.018,
        0.03,
        0.104,
        0.166,
        -0.045,
        0.024
      ],
      [
        0.108,
        0.046,
        -0.095,
        -0.026,
        0.005,
        0.091,
        0.103,
        0.071,
        0.067,
        1.0,
        0.243,
        0.008,
        -0.031,
        0.182,
        0.072,
        0.029
      ],
      [
        -0.06,
        -0.027,
        -0.262,
        -0.022,
        0.093,
        0.11,
        -0.129,
        0.161,
        -0.018,
        0.243,
        1.0,
        0.274,
        -0.031,
        0.005,
        0.52,
        -0.01
      ],
      [
        -0.163,
        -0.102,
        -0.145,
        0.084,
        -0.003,
        0.05,
        0.091,
        0.012,
        0.03,
        0.008,
        0.274,
        1.0,
        -0.057,
        0.029,
        0.315,
        -0.058
      ],
      [
        0.056,
        0.731,
        0.035,
        0.08,
        0.026,
        -0.036,
        -0.057,
        -0.103,
        0.104,
        -0.031,
        -0.031,
        -0.057,
        1.0,
        0.105,
        0.039,
        0.031
      ],
      [
        0.337,
        0.097,
        0.006,
        0.147,
        -0.054,
        0.005,
        0.019,
        -0.032,
        0.166,
        0.182,
        0.005,
        0.029,
        0.105,
        1.0,
        0.132,
        -0.103
      ],
      [
        -0.056,
        0.011,
        -0.142,
        0.115,
        0.008,
        0.044,
        -0.112,
        0.055,
        -0.045,
        0.072,
        0.52,
        0.315,
        0.039,
        0.132,
        1.0,
        -0.113
      ],
      [
        -0.025,
        0.074,
        0.06,
        0.03,
        -0.036,
        0.034,
        -0.041,
        0.058,
        0.024,
        0.029,
        -0.01,
        -0.058,
        0.031,
        -0.103,
        -0.113,
        1.0
      ]
    ]
  },
  "factor_correlation": {
    "factors": [
      "Market",
      "Size",
      "Value (SMID)",
      "Momentum",
      "Quality",
      "Profitability",
      "Liquidity",
      "Credit"
    ],
    "matrix": [
      [
        1.0,
        0.332,
        -0.492,
        0.402,
        -0.234,
        -0.532,
        0.31,
        0.175
      ],
      [
        0.332,
        1.0,
        -0.154,
        0.255,
        0.144,
        0.145,
        0.33,
        0.036
      ],
      [
        -0.492,
        -0.154,
        1.0,
        -0.545,
        0.303,
        0.588,
        -0.382,
        -0.13
      ],
      [
        0.402,
        0.255,
        -0.545,
        1.0,
        -0.223,
        -0.531,
        0.302,
        0.026
      ],
      [
        -0.234,
        0.144,
        0.303,
        -0.223,
        1.0,
        0.427,
        -0.234,
        -0.135
      ],
      [
        -0.532,
        0.145,
        0.588,
        -0.531,
        0.427,
        1.0,
        -0.282,
        -0.09
      ],
      [
        0.31,
        0.33,
        -0.382,
        0.302,
        -0.234,
        -0.282,
        1.0,
        0.157
      ],
      [
        0.175,
        0.036,
        -0.13,
        0.026,
        -0.135,
        -0.09,
        0.157,
        1.0
      ]
    ]
  },
  "factor_exposures": [
    {
      "ticker": "BABA",
      "r_squared": 0.14939875583126982,
      "alpha_annual": -0.39652006900080955,
      "idio_vol_annual": 0.39778828596101423,
      "Market": 1.2357612654882517,
      "Size": 0.11104930023862974,
      "Value (SMID)": 0.24476254739007697,
      "Momentum": -0.17404646970035154,
      "Quality": -0.27701973445099554,
      "Profitability": -0.14777835492900054,
      "Liquidity": 0.20869871440367838,
      "Credit": 1.0394285548406168
    },
    {
      "ticker": "CEG",
      "r_squared": 0.2524662255847526,
      "alpha_annual": -0.4339612344515114,
      "idio_vol_annual": 0.4043349854717916,
      "Market": 0.7106924365623353,
      "Size": 0.38842404653330187,
      "Value (SMID)": -0.44225544345858936,
      "Momentum": 0.6151189155205012,
      "Quality": -0.7643852668522956,
      "Profitability": -0.6508405042027778,
      "Liquidity": -0.4846348684390023,
      "Credit": -0.8899331369690895
    },
    {
      "ticker": "CMI",
      "r_squared": 0.46845953144732855,
      "alpha_annual": 0.36169254924135713,
      "idio_vol_annual": 0.24625129143912092,
      "Market": 1.1445856029583363,
      "Size": 0.8078736119313306,
      "Value (SMID)": 0.3551923753711338,
      "Momentum": 0.6956076239684462,
      "Quality": -0.025646418442819827,
      "Profitability": -0.16099422609845188,
      "Liquidity": -0.3233522863373565,
      "Credit": 0.7891527222621805
    },
    {
      "ticker": "CRWV",
      "r_squared": 0.2745310786635603,
      "alpha_annual": -0.9516262619443986,
      "idio_vol_annual": 0.8023923574108985,
      "Market": 0.9522840260704215,
      "Size": 0.6513591074225538,
      "Value (SMID)": -2.0811984116849667,
      "Momentum": 0.8216406904043727,
      "Quality": -3.902299846004627,
      "Profitability": -0.03233855040025402,
      "Liquidity": 0.2805271167960676,
      "Credit": 2.2024927056994046
    },
    {
      "ticker": "GENC",
      "r_squared": 0.32758377327168586,
      "alpha_annual": -0.4283681912732318,
      "idio_vol_annual": 0.32582524911369704,
      "Market": 1.2797929612313796,
      "Size": 1.2626951711425574,
      "Value (SMID)": 1.1635194929563661,
      "Momentum": -0.03042386812634823,
      "Quality": -0.7154017908268873,
      "Profitability": 0.049796853069835834,
      "Liquidity": -0.1844146506081195,
      "Credit": 0.5996091580391755
    },
    {
      "ticker": "GRPN",
      "r_squared": 0.1697798025844054,
      "alpha_annual": -1.2071077004885005,
      "idio_vol_annual": 0.623250632930285,
      "Market": 1.9497555007291085,
      "Size": 0.30013289504481167,
      "Value (SMID)": -0.8854762422754192,
      "Momentum": -0.2146964903316776,
      "Quality": -1.7395613258609124,
      "Profitability": 1.4221697021914999,
      "Liquidity": 0.24417593897884537,
      "Credit": 1.3474867873302174
    },
    {
      "ticker": "JAKK",
      "r_squared": 0.27011891451973236,
      "alpha_annual": -0.2744504427746576,
      "idio_vol_annual": 0.35184804215485505,
      "Market": 1.218261742938696,
      "Size": 1.059963323599396,
      "Value (SMID)": 0.8382215941110304,
      "Momentum": -0.34195617769469455,
      "Quality": 1.3285496378469133,
      "Profitability": -0.3648776923248454,
      "Liquidity": 0.32042017480036195,
      "Credit": -0.4313393119782596
    },
    {
      "ticker": "KSPI",
      "r_squared": 0.22122099986517763,
      "alpha_annual": -0.2490691209688755,
      "idio_vol_annual": 0.32099833172349806,
      "Market": 1.2390076730949877,
      "Size": 0.3888715090985412,
      "Value (SMID)": -0.33536919182871405,
      "Momentum": -0.5735739059103826,
      "Quality": 0.09075155587047594,
      "Profitability": 0.1020300516857291,
      "Liquidity": 0.033967847028826936,
      "Credit": 0.4426568093543775
    },
    {
      "ticker": "OPEN",
      "r_squared": 0.12587185109495969,
      "alpha_annual": 1.5045511290764404,
      "idio_vol_annual": 1.3419844847736606,
      "Market": 2.9913774615166817,
      "Size": 1.3765665574012709,
      "Value (SMID)": -1.659928684797917,
      "Momentum": -2.0131617835407605,
      "Quality": 0.9661145711033343,
      "Profitability": 0.9429318406782926,
      "Liquidity": 1.8344829387363015,
      "Credit": -3.1250864550925623
    },
    {
      "ticker": "PYPL",
      "r_squared": 0.29592420196078373,
      "alpha_annual": -0.6543219564123355,
      "idio_vol_annual": 0.3388371971408979,
      "Market": 1.818359356945924,
      "Size": -0.3548662011518901,
      "Value (SMID)": -0.8974425945482745,
      "Momentum": -0.9101789115286361,
      "Quality": 1.4813247294784826,
      "Profitability": 0.6661642156350089,
      "Liquidity": 0.39519930579215273,
      "Credit": -0.02021443387672884
    },
    {
      "ticker": "TENB",
      "r_squared": 0.14678730113749294,
      "alpha_annual": -0.3588734806141019,
      "idio_vol_annual": 0.4098618961469294,
      "Market": 1.4739853540352963,
      "Size": -0.12531684271573462,
      "Value (SMID)": -0.7819248932219725,
      "Momentum": -0.21896032820902955,
      "Quality": -0.3817339236937255,
      "Profitability": 1.2911177330612418,
      "Liquidity": -0.14110368683465452,
      "Credit": -0.1745712532586548
    },
    {
      "ticker": "VIA",
      "r_squared": 0.10915629477816813,
      "alpha_annual": -1.5511474953738418,
      "idio_vol_annual": 0.6834933157695045,
      "Market": 0.9532295774658937,
      "Size": 0.4567130823069733,
      "Value (SMID)": -1.4186694357724718,
      "Momentum": -1.0028749752823614,
      "Quality": -1.5221977551063302,
      "Profitability": 0.4852885862552439,
      "Liquidity": 0.6470538497993975,
      "Credit": -0.7386114787798195
    },
    {
      "ticker": "VST",
      "r_squared": 0.29153123606521203,
      "alpha_annual": -0.4257303045770782,
      "idio_vol_annual": 0.4123927024376472,
      "Market": 0.6099315167147195,
      "Size": 0.794838815864783,
      "Value (SMID)": -0.6720557682436215,
      "Momentum": 0.6455165784775092,
      "Quality": -1.9054512665302572,
      "Profitability": -0.5132618858338114,
      "Liquidity": -0.8130073928630968,
      "Credit": -0.7262645189183596
    },
    {
      "ticker": "XNET",
      "r_squared": 0.1714669310156156,
      "alpha_annual": -0.3946684826940778,
      "idio_vol_annual": 0.6756979476886075,
      "Market": 1.8301629058878635,
      "Size": 0.21401459833107234,
      "Value (SMID)": -0.7424789226224332,
      "Momentum": -0.47641782504055097,
      "Quality": 0.3272244703853306,
      "Profitability": 0.5712568559259281,
      "Liquidity": 1.2232104477039387,
      "Credit": 2.245420398494665
    },
    {
      "ticker": "ZS",
      "r_squared": 0.09106123240781394,
      "alpha_annual": -0.9788586379527334,
      "idio_vol_annual": 0.5978223594686528,
      "Market": 1.3699273287094949,
      "Size": -0.39318040421354084,
      "Value (SMID)": -1.07255825600345,
      "Momentum": -0.924732221975023,
      "Quality": -0.8595089528395452,
      "Profitability": 0.8479831565253332,
      "Liquidity": 0.21176287049774095,
      "Credit": 0.17103153344874464
    },
    {
      "ticker": "ZTS",
      "r_squared": 0.16705995400459983,
      "alpha_annual": -0.8894542241359973,
      "idio_vol_annual": 0.3446938904077056,
      "Market": 1.3156527293039666,
      "Size": 0.13688138890250096,
      "Value (SMID)": 0.035671725647709054,
      "Momentum": -0.18822906790016536,
      "Quality": 1.2843508453555914,
      "Profitability": 0.7682457924312778,
      "Liquidity": 0.06139737529775985,
      "Credit": -0.6719009666386889
    }
  ],
  "portfolio_factor_exposure": {
    "loadings": {
      "Market": 1.4214297208176399,
      "Size": 0.3343907441045448,
      "Value (SMID)": -0.5933097946077827,
      "Momentum": -0.27801263914670915,
      "Quality": -0.5959418618227857,
      "Profitability": 0.5609925589032687,
      "Liquidity": 0.1965192737412365,
      "Credit": 0.4816284980247598
    },
    "alpha_annual": -0.6126814251038651,
    "r_squared_weighted": 0.20973757537931775
  },
  "stress_tests": [
    {
      "scenario": "COVID Crash (Feb-Mar 2020)",
      "market_move": -0.339,
      "portfolio_impact": -0.5118817897866569,
      "stressed_nav": 481773.7644247695,
      "pnl": -505228.4705752305,
      "description": "Rapid 33.9% selloff in SPY over 23 trading days as COVID-19 spread."
    },
    {
      "scenario": "2022 Rate Shock (Jan-Oct)",
      "market_move": -0.252,
      "portfolio_impact": -0.38051389683255904,
      "stressed_nav": 611434.1683777048,
      "pnl": -375568.0666222952,
      "description": "Grinding 9-month decline as the Fed hiked rates aggressively."
    },
    {
      "scenario": "GFC 2008-09",
      "market_move": -0.565,
      "portfolio_impact": -0.8531363163110945,
      "stressed_nav": 144954.78404128272,
      "pnl": -842047.4509587173,
      "description": "Credit crisis bear market; SPY drew down 56.5% from Oct 2007 peak."
    },
    {
      "scenario": "Dot-Com Bust (2000-02)",
      "market_move": -0.491,
      "portfolio_impact": -0.7413981085110575,
      "stressed_nav": 255240.64487481373,
      "pnl": -731761.5901251863,
      "description": "Tech bubble burst; SPY -49.1% peak-to-trough over 30 months."
    },
    {
      "scenario": "Black Monday (Oct 1987)",
      "market_move": -0.204,
