{
  "generated_at": "2026-06-23T14:01:10.756869Z",
  "market_session": "OPEN",
  "fund_name": "Convex Capital",
  "tagline": "Lose small. Win big. \u2014 Paper-traded portfolio. Hypothetical performance for educational purposes only.",
  "summary": {
    "nav": 1007561.5416589356,
    "cash": 4722.310000000056,
    "equity": 1002839.2316589355,
    "deposits": 1000000.0,
    "total_return": 0.007561541658935633,
    "realized_pnl": 0.0,
    "open_positions": 16
  },
  "metrics": {
    "annualized_return": -0.1667073888049888,
    "annualized_vol": 0.2818741480524035,
    "sharpe": -0.7505384471527713,
    "sortino": -0.9791219468478304,
    "calmar": -0.45628127684040437,
    "max_drawdown": -0.36536101143439825,
    "var_95_1d": -0.03212596850948564,
    "risk_free_rate": 0.04484999656677246,
    "method": "Synthetic: current weights \u00d7 each holding's 252-day return history. Sortino uses Frank Sortino downside deviation (RMS of shortfalls vs MAR=RF).",
    "beta_benchmark": 0.9856922814844928,
    "benchmark_annualized_return": 0.35609050051610946,
    "treynor": -0.21462822560926134,
    "jensens_alpha": -0.5183447477999665,
    "information_ratio": -1.8982442213879016,
    "tracking_error": 0.2032829070712551,
    "annualized_active_return": -0.3858806036549438,
    "up_capture": 0.6413835401230482,
    "down_capture": 1.087443874180119,
    "data_basis": "synthetic_252d",
    "days_of_live_nav": 16,
    "benchmark_ticker": "IWM",
    "benchmark_name": "Russell 2000",
    "beta_spy": 0.9856922814844928,
    "beta_spy_stress": 1.5445139297199357
  },
  "nav_curve": [
    {
      "date": "2026-06-01",
      "value": 999882.8292976379
    },
    {
      "date": "2026-06-02",
      "value": 1005079.4966617966
    },
    {
      "date": "2026-06-03",
      "value": 995768.7768651581
    },
    {
      "date": "2026-06-04",
      "value": 1004929.1794892884
    },
    {
      "date": "2026-06-05",
      "value": 974274.0015833282
    },
    {
      "date": "2026-06-08",
      "value": 974266.9881036186
    },
    {
      "date": "2026-06-09",
      "value": 979640.5088702394
    },
    {
      "date": "2026-06-10",
      "value": 966884.7384401513
    },
    {
      "date": "2026-06-11",
      "value": 990753.0886875344
    },
    {
      "date": "2026-06-12",
      "value": 996222.4282127572
    },
    {
      "date": "2026-06-15",
      "value": 1017018.2685251809
    },
    {
      "date": "2026-06-16",
      "value": 1019223.7061524964
    },
    {
      "date": "2026-06-17",
      "value": 1004256.765778122
    },
    {
      "date": "2026-06-18",
      "value": 1005956.2144795037
    },
    {
      "date": "2026-06-22",
      "value": 1013145.2704611397
    },
    {
      "date": "2026-06-23",
      "value": 1007919.058199463
    }
  ],
  "drawdown_curve": [
    {
      "date": "2026-06-01",
      "value": 0.0
    },
    {
      "date": "2026-06-02",
      "value": 0.0
    },
    {
      "date": "2026-06-03",
      "value": -0.009263665040986776
    },
    {
      "date": "2026-06-04",
      "value": -0.00014955749570802555
    },
    {
      "date": "2026-06-05",
      "value": -0.030649809473562682
    },
    {
      "date": "2026-06-08",
      "value": -0.03065678750836781
    },
    {
      "date": "2026-06-09",
      "value": -0.025310423579476604
    },
    {
      "date": "2026-06-10",
      "value": -0.038001728568240384
    },
    {
      "date": "2026-06-11",
      "value": -0.01425400480444075
    },
    {
      "date": "2026-06-12",
      "value": -0.008812306368259061
    },
    {
      "date": "2026-06-15",
      "value": 0.0
    },
    {
      "date": "2026-06-16",
      "value": 0.0
    },
    {
      "date": "2026-06-17",
      "value": -0.014684647034823809
    },
    {
      "date": "2026-06-18",
      "value": -0.01301725184854327
    },
    {
      "date": "2026-06-22",
      "value": -0.005963789553426265
    },
    {
      "date": "2026-06-23",
      "value": -0.011091429570165477
    }
  ],
  "benchmarks": {
    "SPY": [
      {
        "date": "2026-06-01",
        "value": 0.0
      },
      {
        "date": "2026-06-02",
        "value": 0.0013579397972762752
      },
      {
        "date": "2026-06-03",
        "value": -0.005668771434361286
      },
      {
        "date": "2026-06-04",
        "value": -0.0019115061781299625
      },
      {
        "date": "2026-06-05",
        "value": -0.027671542654459702
      },
      {
        "date": "2026-06-08",
        "value": -0.025470023194608782
      },
      {
        "date": "2026-06-09",
        "value": -0.02833070775180091
      },
      {
        "date": "2026-06-10",
        "value": -0.04364962071587053
      },
      {
        "date": "2026-06-11",
        "value": -0.027394678792744487
      },
      {
        "date": "2026-06-12",
        "value": -0.022134588105308994
      },
      {
        "date": "2026-06-15",
        "value": -0.0048909388718152425
      },
      {
        "date": "2026-06-16",
        "value": -0.010823344076597685
      },
      {
        "date": "2026-06-17",
        "value": -0.023176054438276084
      },
      {
        "date": "2026-06-18",
        "value": -0.013020023259145863
      },
      {
        "date": "2026-06-22",
        "value": -0.016126029204297176
      },
      {
        "date": "2026-06-23",
        "value": -0.025259148446787227
      }
    ],
    "IWM": [
      {
        "date": "2026-06-01",
        "value": 0.0
      },
      {
        "date": "2026-06-02",
        "value": 0.009273902616242058
      },
      {
        "date": "2026-06-03",
        "value": -0.004533265755123028
      },
      {
        "date": "2026-06-04",
        "value": 0.010485102307313143
      },
      {
        "date": "2026-06-05",
        "value": -0.025365222965751943
      },
      {
        "date": "2026-06-08",
        "value": -0.016852527916236926
      },
      {
        "date": "2026-06-09",
        "value": -0.013703535746163342
      },
      {
        "date": "2026-06-10",
        "value": -0.023981055236295123
      },
      {
        "date": "2026-06-11",
        "value": 0.00494832553389335
      },
      {
        "date": "2026-06-12",
        "value": 0.01373793881377372
      },
      {
        "date": "2026-06-15",
        "value": 0.022010765090349826
      },
      {
        "date": "2026-06-16",
        "value": 0.013130856989941098
      },
      {
        "date": "2026-06-17",
        "value": 0.005499833171586088
      },
      {
        "date": "2026-06-18",
        "value": 0.025305943833869415
      },
      {
        "date": "2026-06-22",
        "value": 0.03428980212625787
      },
      {
        "date": "2026-06-23",
        "value": 0.027491226688481474
      }
    ]
  },
  "holdings": [
    {
      "ticker": "GRPN",
      "company": "Groupon, Inc.",
      "sector": "Communication Services",
      "country": "United States",
      "shares": 11310.0,
      "price": 17.059999465942383,
      "cost_basis": 17.3017824933687,
      "market_value": 192948.59395980835,
      "unrealized_pnl": -2734.566040191666,
      "short_percent_of_float": 0.56310004,
      "short_ratio": 5.75
    },
    {
      "ticker": "TENB",
      "company": "Tenable Holdings, Inc.",
      "sector": "Technology",
      "country": "United States",
      "shares": 4766.0,
      "price": 26.795000076293945,
      "cost_basis": 26.224616030214015,
      "market_value": 127704.97036361694,
      "unrealized_pnl": 2718.4503636169457,
      "short_percent_of_float": 0.129,
      "short_ratio": 3.05
    },
    {
      "ticker": "KSPI",
      "company": "Joint Stock Company Kaspi.kz",
      "sector": "Technology",
      "country": "Kazakhstan",
      "shares": 1515.0,
      "price": 83.0,
      "cost_basis": 82.53049504950495,
      "market_value": 125745.0,
      "unrealized_pnl": 711.3000000000013,
      "short_percent_of_float": 0.0159,
      "short_ratio": 3.24
    },
    {
      "ticker": "CMI",
      "company": "Cummins Inc.",
      "sector": "Industrials",
      "country": "United States",
      "shares": 153.0,
      "price": 698.4299926757812,
      "cost_basis": 651.1282352941176,
      "market_value": 106859.78887939453,
      "unrealized_pnl": 7237.168879394531,
      "short_percent_of_float": 0.0171,
      "short_ratio": 2.07
    },
    {
      "ticker": "JAKK",
      "company": "JAKKS Pacific, Inc.",
      "sector": "Consumer Cyclical",
      "country": "United States",
      "shares": 3436.0,
      "price": 21.969999313354492,
      "cost_basis": 21.83,
      "market_value": 75488.91764068604,
      "unrealized_pnl": 481.037640686041,
      "short_percent_of_float": 0.039100002,
      "short_ratio": 7.32
    },
    {
      "ticker": "XNET",
      "company": "Xunlei Limited",
      "sector": "Technology",
      "country": "China",
      "shares": 10526.0,
      "price": 5.010000228881836,
      "cost_basis": 4.75,
      "market_value": 52735.262409210205,
      "unrealized_pnl": 2736.762409210205,
      "short_percent_of_float": 0.0377,
      "short_ratio": 6.03
    },
    {
      "ticker": "CRWV",
      "company": "CoreWeave, Inc.",
      "sector": "Technology",
      "country": "United States",
      "shares": 468.0,
      "price": 108.9000015258789,
      "cost_basis": 106.78134615384614,
      "market_value": 50965.20071411133,
      "unrealized_pnl": 991.5307141113328,
      "short_percent_of_float": 0.18190001,
      "short_ratio": 1.91
    },
    {
      "ticker": "VIA",
      "company": "Via Transportation, Inc.",
      "sector": "Technology",
      "country": "United States",
      "shares": 3280.0,
      "price": 15.225000381469727,
      "cost_basis": 15.241405487804878,
      "market_value": 49938.0012512207,
      "unrealized_pnl": -53.80874877929571,
      "short_percent_of_float": 0.13520001,
      "short_ratio": 6.88
    },
    {
      "ticker": "ZS",
      "company": "Zscaler, Inc.",
      "sector": "Technology",
      "country": "United States",
      "shares": 365.0,
      "price": 124.44999694824219,
      "cost_basis": 136.79813698630136,
      "market_value": 45424.2488861084,
      "unrealized_pnl": -4507.071113891598,
      "short_percent_of_float": 0.114700004,
      "short_ratio": 2.09
    },
    {
      "ticker": "ESI",
      "company": "Element Solutions Inc",
      "sector": "Basic Materials",
      "country": "United States",
      "shares": 557.0,
      "price": 47.57500076293945,
      "cost_basis": 44.92,
      "market_value": 26499.275424957275,
      "unrealized_pnl": 1478.8354249572744,
      "short_percent_of_float": 0.0838,
      "short_ratio": 4.45
    },
    {
      "ticker": "VST",
      "company": "Vistra Corp.",
      "sector": "Utilities",
      "country": "United States",
      "shares": 162.0,
      "price": 162.8800048828125,
      "cost_basis": 154.76,
      "market_value": 26386.560791015625,
      "unrealized_pnl": 1315.4407910156265,
      "short_percent_of_float": 0.0539,
      "short_ratio": 2.73
    },
    {
      "ticker": "GENC",
      "company": "Gencor Industries, Inc.",
      "sector": "Industrials",
      "country": "United States",
      "shares": 1746.0,
      "price": 14.890000343322754,
      "cost_basis": 14.32,
      "market_value": 25997.94059944153,
      "unrealized_pnl": 995.2205994415278,
      "short_percent_of_float": 0.0064,
      "short_ratio": 2.39
    },
    {
      "ticker": "CEG",
      "company": "Constellation Energy Corporation",
      "sector": "Utilities",
      "country": "United States",
      "shares": 94.0,
      "price": 271.6000061035156,
      "cost_basis": 265.7,
      "market_value": 25530.40057373047,
      "unrealized_pnl": 554.6005737304698,
      "short_percent_of_float": 0.036,
      "short_ratio": 3.46
    },
    {
      "ticker": "ZTS",
      "company": "Zoetis Inc.",
      "sector": "Healthcare",
      "country": "United States",
      "shares": 312.0,
      "price": 76.98999786376953,
      "cost_basis": 80.09,
      "market_value": 24020.879333496094,
      "unrealized_pnl": -967.2006665039073,
      "short_percent_of_float": 0.0363,
      "short_ratio": 1.45
    },
    {
      "ticker": "OPEN",
      "company": "Opendoor Technologies Inc.",
      "sector": "Real Estate",
      "country": "United States",
      "shares": 5479.0,
      "price": 4.260000228881836,
      "cost_basis": 4.562927541522176,
      "market_value": 23340.54125404358,
      "unrealized_pnl": -1659.7387459564218,
      "short_percent_of_float": 0.16149999,
      "short_ratio": 3.77
    },
    {
      "ticker": "PYPL",
      "company": "PayPal Holdings, Inc.",
      "sector": "Financial Services",
      "country": "United States",
      "shares": 553.0,
      "price": 42.04999923706055,
      "cost_basis": 45.19,
      "market_value": 23253.649578094482,
      "unrealized_pnl": -1736.4204219055164,
      "short_percent_of_float": 0.0626,
      "short_ratio": 3.16
    }
  ],
  "sector_exposure": [
    {
      "name": "Technology",
      "value": 452512.6836242676,
      "pct": 0.44911666922023635
    },
    {
      "name": "Communication Services",
      "value": 192948.59395980835,
      "pct": 0.1915005545389528
    },
    {
      "name": "Industrials",
      "value": 132857.72947883606,
      "pct": 0.13186065960803517
    },
    {
      "name": "Consumer Cyclical",
      "value": 75488.91764068604,
      "pct": 0.07492238887601309
    },
    {
      "name": "Utilities",
      "value": 51916.961364746094,
      "pct": 0.05152733527250907
    },
    {
      "name": "Basic Materials",
      "value": 26499.275424957275,
      "pct": 0.026300403825781797
    },
    {
      "name": "Healthcare",
      "value": 24020.879333496094,
      "pct": 0.023840607586059766
    },
    {
      "name": "Real Estate",
      "value": 23340.54125404358,
      "pct": 0.023165375303640226
    },
    {
      "name": "Financial Services",
      "value": 23253.649578094482,
      "pct": 0.0230791357318062
    },
    {
      "name": "Cash",
      "value": 4722.310000000056,
      "pct": 0.004686870036965524
    }
  ],
  "geographic_exposure": [
    {
      "name": "United States",
      "value": 824358.9692497253,
      "pct": 0.8181723251290737
    },
    {
      "name": "Kazakhstan",
      "value": 125745.0,
      "pct": 0.12480130969763163
    },
    {
      "name": "China",
      "value": 52735.262409210205,
      "pct": 0.0523394951363292
    },
    {
      "name": "Cash",
      "value": 4722.310000000056,
      "pct": 0.004686870036965524
    }
  ],
  "signals": [
    {
      "ticker": "CEG",
      "label": "BUY",
      "composite": 1.0,
      "rsi": 49.9,
      "subs": {
        "rsi": 0.5,
        "macd": 0.5,
        "trend": -0.5,
        "bb": 0.5,
        "vol": 0.0,
        "range": 0.0
      }
    },
    {
      "ticker": "CMI",
      "label": "STRONG BUY",
      "composite": 2.5,
      "rsi": 55.2,
      "subs": {
        "rsi": 0.5,
        "macd": 0.5,
        "trend": 0.5,
        "bb": 0.5,
        "vol": 0.5,
        "range": 0.0
      }
    },
    {
      "ticker": "CRWV",
      "label": "BUY",
      "composite": 1.5,
      "rsi": 50.1,
      "subs": {
        "rsi": 0.5,
        "macd": 0.5,
        "trend": 0.0,
        "bb": 0.5,
        "vol": 0.0,
        "range": 0.0
      }
    },
    {
      "ticker": "ESI",
      "label": "STRONG BUY",
      "composite": 2.5,
      "rsi": 64.0,
      "subs": {
        "rsi": 0.5,
        "macd": 0.5,
        "trend": 0.5,
        "bb": 0.5,
        "vol": 0.0,
        "range": 0.5
      }
    },
    {
      "ticker": "GENC",
      "label": "STRONG BUY",
      "composite": 2.0,
      "rsi": 52.5,
      "subs": {
        "rsi": 0.5,
        "macd": 0.5,
        "trend": 0.5,
        "bb": 0.5,
        "vol": 0.0,
        "range": 0.0
      }
    },
    {
      "ticker": "GRPN",
      "label": "SELL",
      "composite": -1.5,
      "rsi": 50.1,
      "subs": {
        "rsi": 0.5,
        "macd": -0.5,
        "trend": 0.0,
        "bb": -0.5,
        "vol": -0.5,
        "range": -0.5
      }
    },
    {
      "ticker": "JAKK",
      "label": "LEAN BEAR",
      "composite": -0.5,
      "rsi": 50.5,
      "subs": {
        "rsi": 0.5,
        "macd": -0.5,
        "trend": 0.0,
        "bb": -0.5,
        "vol": 0.0,
        "range": 0.0
      }
    },
    {
      "ticker": "KSPI",
      "label": "LEAN BEAR",
      "composite": -0.5,
      "rsi": 47.2,
      "subs": {
        "rsi": 0.5,
        "macd": -0.5,
        "trend": 0.0,
        "bb": -0.5,
        "vol": 0.0,
        "range": 0.0
      }
    },
    {
      "ticker": "OPEN",
      "label": "STRONG SELL",
      "composite": -2.0,
      "rsi": 40.0,
      "subs": {
        "rsi": 0.0,
        "macd": -0.5,
        "trend": -0.5,
        "bb": -0.5,
        "vol": 0.0,
        "range": -0.5
      }
    },
    {
      "ticker": "PYPL",
      "label": "SELL",
      "composite": -1.0,
      "rsi": 42.3,
      "subs": {
        "rsi": 0.0,
        "macd": 0.5,
        "trend": -0.5,
        "bb": -0.5,
        "vol": 0.0,
        "range": -0.5
      }
    },
    {
      "ticker": "TENB",
      "label": "SELL",
      "composite": -1.0,
      "rsi": 54.7,
      "subs": {
        "rsi": 0.5,
        "macd": -0.5,
        "trend": 0.0,
        "bb": -0.5,
        "vol": -0.5,
        "range": 0.0
      }
    },
    {
      "ticker": "VIA",
      "label": "BUY",
      "composite": 1.5,
      "rsi": 51.1,
      "subs": {
        "rsi": 0.5,
        "macd": 0.5,
        "trend": -0.5,
        "bb": 0.5,
        "vol": 0.5,
        "range": 0.0
      }
    },
    {
      "ticker": "VST",
      "label": "STRONG BUY",
      "composite": 2.0,
      "rsi": 58.3,
      "subs": {
        "rsi": 0.5,
        "macd": 0.5,
        "trend": 0.0,
        "bb": 0.5,
        "vol": 0.0,
        "range": 0.5
      }
    },
    {
      "ticker": "XNET",
      "label": "LEAN BEAR",
      "composite": -0.5,
      "rsi": 42.0,
      "subs": {
        "rsi": 0.0,
        "macd": 0.5,
        "trend": -0.5,
        "bb": -0.5,
        "vol": 0.5,
        "range": -0.5
      }
    },
    {
      "ticker": "ZS",
      "label": "STRONG SELL",
      "composite": -2.0,
      "rsi": 40.4,
      "subs": {
        "rsi": 0.0,
        "macd": -0.5,
        "trend": -0.5,
        "bb": -0.5,
        "vol": 0.0,
        "range": -0.5
      }
    },
    {
      "ticker": "ZTS",
      "label": "SELL",
      "composite": -1.0,
      "rsi": 36.2,
      "subs": {
        "rsi": 0.0,
        "macd": 0.5,
        "trend": -0.5,
        "bb": -0.5,
        "vol": 0.0,
        "range": -0.5
      }
    }
  ],
  "volatility": [
    {
      "ticker": "CEG",
      "hv20": 0.4690267927442556,
      "garch": 0.5331199190175419,
      "expansion": 0.13665131132121494,
      "regime": "NORMAL",
      "signal": "BASE"
    },
    {
      "ticker": "CMI",
      "hv20": 0.4727243462791952,
      "garch": 0.36335284535549534,
      "expansion": -0.23136422269037116,
      "regime": "HIGH",
      "signal": "WEAK"
    },
    {
      "ticker": "CRWV",
      "hv20": 0.8457094704056768,
      "garch": 0.9486772062286077,
      "expansion": 0.12175308356608393,
      "regime": "NORMAL",
      "signal": "BASE"
    },
    {
      "ticker": "ESI",
      "hv20": 0.558319694806365,
      "garch": 0.5375124096433146,
      "expansion": -0.0372676897422842,
      "regime": "EXTREME",
      "signal": "WEAK"
    },
    {
      "ticker": "GENC",
      "hv20": 0.350500411623296,
      "garch": 0.3554943514331841,
      "expansion": 0.014248028373944946,
      "regime": "NORMAL",
      "signal": "WEAK"
    },
    {
      "ticker": "GRPN",
      "hv20": 0.8126961683252704,
      "garch": 0.7842228407485412,
      "expansion": -0.03503563654717897,
      "regime": "HIGH",
      "signal": "WEAK"
    },
    {
      "ticker": "JAKK",
      "hv20": 0.21614572732084497,
      "garch": 0.45682906312100807,
      "expansion": 1.1135234491260366,
      "regime": "LOW",
      "signal": "SIGNAL"
    },
    {
      "ticker": "KSPI",
      "hv20": 0.3569158353963521,
      "garch": 0.3788228027018039,
      "expansion": 0.061378524382714274,
      "regime": "HIGH",
      "signal": "WEAK"
    },
    {
      "ticker": "OPEN",
      "hv20": 0.7737055004370325,
      "garch": 0.7488891912514111,
      "expansion": -0.032074619052861505,
      "regime": "NORMAL",
      "signal": "WEAK"
    },
    {
      "ticker": "PYPL",
      "hv20": 0.30741494917237494,
      "garch": 0.3963594161798855,
      "expansion": 0.28933032452379953,
      "regime": "NORMAL",
      "signal": "SIGNAL"
    },
    {
      "ticker": "TENB",
      "hv20": 0.587439173536409,
      "garch": 0.38362288196185773,
      "expansion": -0.3469572693757695,
      "regime": "HIGH",
      "signal": "WEAK"
    },
    {
      "ticker": "VIA",
      "hv20": 0.6894721367588751,
      "garch": null,
      "expansion": null,
      "regime": "NORMAL",
      "signal": "WEAK"
    },
    {
      "ticker": "VST",
      "hv20": 0.4823617917492536,
      "garch": 0.5642198479713556,
      "expansion": 0.16970261248356575,
      "regime": "NORMAL",
      "signal": "BASE"
    },
    {
      "ticker": "XNET",
      "hv20": 0.7765862455844779,
      "garch": 0.7030659316392132,
      "expansion": -0.09467115128974697,
      "regime": "HIGH",
      "signal": "WEAK"
    },
    {
      "ticker": "ZS",
      "hv20": 1.4971151818198272,
      "garch": 0.3280261666787837,
      "expansion": -0.7808945025324976,
      "regime": "EXTREME",
      "signal": "WEAK"
    },
    {
      "ticker": "ZTS",
      "hv20": 0.29486222054908295,
      "garch": 0.32487283166252123,
      "expansion": 0.10177842063847137,
      "regime": "HIGH",
      "signal": "BASE"
    }
  ],
  "correlation": {
    "tickers": [
      "CEG",
      "CMI",
      "CRWV",
      "ESI",
      "GENC",
      "GRPN",
      "JAKK",
      "KSPI",
      "OPEN",
      "PYPL",
      "TENB",
      "VIA",
      "VST",
      "XNET",
      "ZS",
      "ZTS"
    ],
    "matrix": [
      [
        1.0,
        0.33,
        0.231,
        0.301,
        0.151,
        0.089,
        0.089,
        0.061,
        0.189,
        0.14,
        0.061,
        0.005,
        0.798,
        0.25,
        0.045,
        0.12
      ],
      [
        0.33,
        1.0,
        0.37,
        0.616,
        0.345,
        0.191,
        0.136,
        0.25,
        0.184,
        0.082,
        -0.057,
        -0.002,
        0.357,
        0.299,
        -0.053,
        0.179
      ],
      [
        0.231,
        0.37,
        1.0,
        0.34,
        0.118,
        0.158,
        0.057,
        0.13,
        0.248,
        0.148,
        0.117,
        0.213,
        0.317,
        0.367,
        0.181,
        0.085
      ],
      [
        0.301,
        0.616,
        0.34,
        1.0,
        0.276,
        0.306,
        0.245,
        0.305,
        0.264,
        0.287,
        0.107,
        0.049,
        0.366,
        0.339,
        0.045,
        0.174
      ],
      [
        0.151,
        0.345,
        0.118,
        0.276,
        1.0,
        0.157,
        0.319,
        0.141,
        0.129,
        0.099,
        0.161,
        0.069,
        0.172,
        0.162,
        0.053,
        0.158
      ],
      [
        0.089,
        0.191,
        0.158,
        0.306,
        0.157,
        1.0,
        0.149,
        0.341,
        0.301,
        0.268,
        0.248,
        0.168,
        0.128,
        0.236,
        0.151,
        0.159
      ],
      [
        0.089,
        0.136,
        0.057,
        0.245,
        0.319,
        0.149,
        1.0,
        0.097,
        0.139,
        0.214,
        -0.035,
        0.145,
        0.06,
        0.198,
        -0.047,
        0.143
      ],
      [
        0.061,
        0.25,
        0.13,
        0.305,
        0.141,
        0.341,
        0.097,
        1.0,
        0.243,
        0.256,
        0.259,
        0.131,
        0.111,
        0.206,
        0.152,
        0.178
      ],
      [
        0.189,
        0.184,
        0.248,
        0.264,
        0.129,
        0.301,
        0.139,
        0.243,
        1.0,
        0.248,
        0.12,
        0.153,
        0.254,
        0.348,
        0.064,
        0.171
      ],
      [
        0.14,
        0.082,
        0.148,
        0.287,
        0.099,
        0.268,
        0.214,
        0.256,
        0.248,
        1.0,
        0.353,
        0.144,
        0.086,
        0.343,
        0.206,
        0.175
      ],
      [
        0.061,
        -0.057,
        0.117,
        0.107,
        0.161,
        0.248,
        -0.035,
        0.259,
        0.12,
        0.353,
        1.0,
        0.338,
        0.07,
        0.152,
        0.559,
        0.099
      ],
      [
        0.005,
        -0.002,
        0.213,
        0.049,
        0.069,
        0.168,
        0.145,
        0.131,
        0.153,
        0.144,
        0.338,
        1.0,
        0.054,
        0.164,
        0.368,
        0.023
      ],
      [
        0.798,
        0.357,
        0.317,
        0.366,
        0.172,
        0.128,
        0.06,
        0.111,
        0.254,
        0.086,
        0.07,
        0.054,
        1.0,
        0.275,
        0.072,
        0.087
      ],
      [
        0.25,
        0.299,
        0.367,
        0.339,
        0.162,
        0.236,
        0.198,
        0.206,
        0.348,
        0.343,
        0.152,
        0.164,
        0.275,
        1.0,
        0.22,
        0.047
      ],
      [
        0.045,
        -0.053,
        0.181,
        0.045,
        0.053,
        0.151,
        -0.047,
        0.152,
        0.064,
        0.206,
        0.559,
        0.368,
        0.072,
        0.22,
        1.0,
        -0.034
      ],
      [
        0.12,
        0.179,
        0.085,
        0.174,
        0.158,
        0.159,
        0.143,
        0.178,
        0.171,
        0.175,
        0.099,
        0.023,
        0.087,
        0.047,
        -0.034,
        1.0
      ]
    ]
  },
  "residual_correlation": {
    "tickers": [
      "CEG",
      "CMI",
      "CRWV",
      "ESI",
      "GENC",
      "GRPN",
      "JAKK",
      "KSPI",
      "OPEN",
      "PYPL",
      "TENB",
      "VIA",
      "VST",
      "XNET",
      "ZS",
      "ZTS"
    ],
    "matrix": [
      [
        1.0,
        0.054,
        0.0,
        -0.028,
        0.028,
        -0.058,
        -0.02,
        -0.133,
        0.036,
        0.043,
        -0.024,
        -0.102,
        0.73,
        0.097,
        0.01,
        0.076
      ],
      [
        0.054,
        1.0,
        0.123,
        0.247,
        0.077,
        -0.06,
        -0.147,
        -0.003,
        -0.066,
        -0.095,
        -0.261,
        -0.143,
        0.036,
        0.003,
        -0.142,
        0.063
      ],
      [
        0.0,
        0.123,
        1.0,
        0.04,
        0.014,
        -0.049,
        -0.04,
        -0.109,
        0.044,
        -0.035,
        -0.018,
        0.084,
        0.078,
        0.14,
        0.108,
        0.038
      ],
      [
        -0.028,
        0.247,
        0.04,
        1.0,
        -0.073,
        0.057,
        0.003,
        0.014,
        -0.012,
        0.134,
        -0.095,
        -0.125,
        0.008,
        0.028,
        -0.051,
        -0.017
      ],
      [
        0.028,
        0.077,
        0.014,
        -0.073,
        1.0,
        -0.03,
        0.068,
        -0.078,
        -0.075,
        0.003,
        0.092,
        -0.004,
        0.026,
        -0.054,
        0.006,
        -0.035
      ],
      [
        -0.058,
        -0.06,
        -0.049,
        0.057,
        -0.03,
        1.0,
        0.005,
        0.178,
        0.109,
        0.094,
        0.11,
        0.051,
        -0.034,
        0.013,
        0.048,
        0.027
      ],
      [
        -0.02,
        -0.147,
        -0.04,
        0.003,
        0.068,
        0.005,
        1.0,
        -0.098,
        -0.032,
        0.102,
        -0.13,
        0.09,
        -0.059,
        0.02,
        -0.113,
        -0.04
      ],
      [
        -0.133,
        -0.003,
        -0.109,
        0.014,
        -0.078,
        0.178,
        -0.098,
        1.0,
        0.06,
        0.081,
        0.153,
        0.011,
        -0.1,
        -0.024,
        0.062,
        0.043
      ],
      [
        0.036,
        -0.066,
        0.044,
        -0.012,
        -0.075,
        0.109,
        -0.032,
        0.06,
        1.0,
        0.067,
        -0.019,
        0.03,
        0.106,
        0.159,
        -0.047,
        0.027
      ],
      [
        0.043,
        -0.095,
        -0.035,
        0.134,
        0.003,
        0.094,
        0.102,
        0.081,
        0.067,
        1.0,
        0.239,
        0.007,
        -0.032,
        0.184,
        0.074,
        0.022
      ],
      [
        -0.024,
        -0.261,
        -0.018,
        -0.095,
        0.092,
        0.11,
        -0.13,
        0.153,
        -0.019,
        0.239,
        1.0,
        0.274,
        -0.03,
        0.003,
        0.517,
        -0.008
      ],
      [
        -0.102,
        -0.143,
        0.084,
        -0.125,
        -0.004,
        0.051,
        0.09,
        0.011,
        0.03,
        0.007,
        0.274,
        1.0,
        -0.057,
        0.029,
        0.314,
        -0.059
      ],
      [
        0.73,
        0.036,
        0.078,
        0.008,
        0.026,
        -0.034,
        -0.059,
        -0.1,
        0.106,
        -0.032,
        -0.03,
        -0.057,
        1.0,
        0.107,
        0.039,
        0.03
      ],
      [
        0.097,
        0.003,
        0.14,
        0.028,
        -0.054,
        0.013,
        0.02,
        -0.024,
        0.159,
        0.184,
        0.003,
        0.029,
        0.107,
        1.0,
        0.134,
        -0.108
      ],
      [
        0.01,
        -0.142,
        0.108,
        -0.051,
        0.006,
        0.048,
        -0.113,
        0.062,
        -0.047,
        0.074,
        0.517,
        0.314,
        0.039,
        0.134,
        1.0,
        -0.118
      ],
      [
        0.076,
        0.063,
        0.038,
        -0.017,
        -0.035,
        0.027,
        -0.04,
        0.043,
        0.027,
        0.022,
        -0.008,
        -0.059,
        0.03,
        -0.108,
        -0.118,
        1.0
      ]
    ]
  },
  "factor_correlation": {
    "factors": [
      "Market",
      "Size",
      "Value (SMID)",
      "Momentum",
      "Quality",
      "Profitability",
      "Liquidity",
      "Credit"
    ],
    "matrix": [
      [
        1.0,
        0.326,
        -0.494,
        0.401,
        -0.245,
        -0.537,
        0.305,
        0.179
      ],
      [
        0.326,
        1.0,
        -0.156,
        0.252,
        0.155,
        0.147,
        0.328,
        0.038
      ],
      [
        -0.494,
        -0.156,
        1.0,
        -0.551,
        0.303,
        0.591,
        -0.376,
        -0.138
      ],
      [
        0.401,
        0.252,
        -0.551,
        1.0,
        -0.207,
        -0.533,
        0.282,
        0.044
      ],
      [
        -0.245,
        0.155,
        0.303,
        -0.207,
        1.0,
        0.433,
        -0.238,
        -0.125
      ],
      [
        -0.537,
        0.147,
        0.591,
        -0.533,
        0.433,
        1.0,
        -0.275,
        -0.097
      ],
      [
        0.305,
        0.328,
        -0.376,
        0.282,
        -0.238,
        -0.275,
        1.0,
        0.156
      ],
      [
        0.179,
        0.038,
        -0.138,
        0.044,
        -0.125,
        -0.097,
        0.156,
        1.0
      ]
    ]
  },
  "factor_exposures": [
    {
      "ticker": "CEG",
      "r_squared": 0.25116640037902294,
      "alpha_annual": -0.4173020633122568,
      "idio_vol_annual": 0.40491502364220716,
      "Market": 0.7082481528748247,
      "Size": 0.4004254125405204,
      "Value (SMID)": -0.44152502851126824,
      "Momentum": 0.5596271975463064,
      "Quality": -0.8359770497657721,
      "Profitability": -0.65230053945217,
      "Liquidity": -0.45973799560015566,
      "Credit": -0.9372855389886251
    },
    {
      "ticker": "CMI",
      "r_squared": 0.47563381509617475,
      "alpha_annual": 0.3512439129097496,
      "idio_vol_annual": 0.24651056778762165,
      "Market": 1.150114165865764,
      "Size": 0.7983706835453475,
      "Value (SMID)": 0.3587097074943694,
      "Momentum": 0.7133510119571496,
      "Quality": -0.01713462102453902,
      "Profitability": -0.1489120063459774,
      "Liquidity": -0.32731615295964855,
      "Credit": 0.8051880226789938
    },
    {
      "ticker": "CRWV",
      "r_squared": 0.2702236954919214,
      "alpha_annual": -1.0438825569544452,
      "idio_vol_annual": 0.8036064838414158,
      "Market": 1.0309201942036694,
      "Size": 0.6326066575366808,
      "Value (SMID)": -2.038454153771974,
      "Momentum": 0.6079036457478876,
      "Quality": -4.114102594042807,
      "Profitability": -0.0679733664610475,
      "Liquidity": 0.40516256866713324,
      "Credit": 1.86933211994546
    },
    {
      "ticker": "ESI",
      "r_squared": 0.5087871524395933,
      "alpha_annual": 0.31189915570155513,
      "idio_vol_annual": 0.2868018593955685,
      "Market": 1.6337466633783668,
      "Size": 1.0183567051685418,
      "Value (SMID)": -0.17751247753169794,
      "Momentum": 0.618567636823998,
      "Quality": 0.19820869991746418,
      "Profitability": 0.24518210187003192,
      "Liquidity": -0.6952227613599351,
      "Credit": 0.17919407654167466
    },
    {
      "ticker": "GENC",
      "r_squared": 0.3298762863906678,
      "alpha_annual": -0.41106978605539335,
      "idio_vol_annual": 0.32305123393201823,
      "Market": 1.2907797961475604,
      "Size": 1.2395168028526877,
      "Value (SMID)": 1.157944099307963,
      "Momentum": -0.021275190041898873,
      "Quality": -0.7614726146616523,
      "Profitability": 0.09129324180674282,
      "Liquidity": -0.19354338654284645,
      "Credit": 0.6535830012515279
    },
    {
      "ticker": "GRPN",
      "r_squared": 0.16615309356393027,
      "alpha_annual": -1.1291109972927025,
      "idio_vol_annual": 0.6254747812580485,
      "Market": 1.8802140363094924,
      "Size": 0.3379175523496603,
      "Value (SMID)": -0.9260921417662036,
      "Momentum": -0.17355230068768487,
      "Quality": -1.540777814775945,
      "Profitability": 1.4298502016880719,
      "Liquidity": 0.23190788234349605,
      "Credit": 1.448886072348256
    },
    {
      "ticker": "JAKK",
      "r_squared": 0.269196612014885,
      "alpha_annual": -0.2873924742343635,
      "idio_vol_annual": 0.35122249658862664,
      "Market": 1.2385795325476257,
      "Size": 1.030800050351564,
      "Value (SMID)": 0.8358727748713937,
      "Momentum": -0.32581787588202477,
      "Quality": 1.3611087522988317,
      "Profitability": -0.34386549966735624,
      "Liquidity": 0.3163648462738523,
      "Credit": -0.4095423027271684
    },
    {
      "ticker": "KSPI",
      "r_squared": 0.21409118888198364,
      "alpha_annual": -0.19276477549240525,
      "idio_vol_annual": 0.3228378579458123,
      "Market": 1.1753190606850237,
      "Size": 0.4332677864654698,
      "Value (SMID)": -0.34555809060535025,
      "Momentum": -0.46524206122229517,
      "Quality": 0.07163332948094175,
      "Profitability": 0.10718381450135954,
      "Liquidity": -0.039306982320866914,
      "Credit": 0.6093193918023079
    },
    {
      "ticker": "OPEN",
      "r_squared": 0.12436952759112141,
      "alpha_annual": 1.464300654119076,
      "idio_vol_annual": 1.341458112860329,
      "Market": 3.045396106837592,
      "Size": 1.2827446584832152,
      "Value (SMID)": -1.6596625952639286,
      "Momentum": -1.8902608653760762,
      "Quality": 0.9824721507015516,
      "Profitability": 1.0419769536174015,
      "Liquidity": 1.7796956293745518,
      "Credit": -2.9590977316010427
    },
    {
      "ticker": "PYPL",
      "r_squared": 0.29601865136711925,
      "alpha_annual": -0.6743187200916338,
      "idio_vol_annual": 0.33745765515215537,
      "Market": 1.807672946588607,
      "Size": -0.34172682734311827,
      "Value (SMID)": -0.8947952224336746,
      "Momentum": -0.879914845866774,
      "Quality": 1.5318682569689708,
      "Profitability": 0.6375922551317049,
      "Liquidity": 0.3819064974985558,
      "Credit": -0.02461062282465791
    },
    {
      "ticker": "TENB",
      "r_squared": 0.14785502299564746,
      "alpha_annual": -0.3374387302292588,
      "idio_vol_annual": 0.4100839081704209,
      "Market": 1.475769760172164,
      "Size": -0.11966049841850451,
      "Value (SMID)": -0.7822782741542172,
      "Momentum": -0.2705150418214605,
      "Quality": -0.4735499674653005,
      "Profitability": 1.2977402538241924,
      "Liquidity": -0.12249967232605273,
      "Credit": -0.2055785889513875
    },
    {
      "ticker": "VIA",
      "r_squared": 0.11236420135870107,
      "alpha_annual": -1.5462412669164618,
      "idio_vol_annual": 0.6795130424373655,
      "Market": 0.9639883839912364,
      "Size": 0.45704974732497294,
      "Value (SMID)": -1.4136870155731678,
      "Momentum": -1.0352672463344832,
      "Quality": -1.6117121352178962,
      "Profitability": 0.48872933545463415,
      "Liquidity": 0.6549565289642927,
      "Credit": -0.7647415774428205
    },
    {
      "ticker": "VST",
      "r_squared": 0.29339752810577324,
      "alpha_annual": -0.43956818932736985,
      "idio_vol_annual": 0.4121299767225107,
      "Market": 0.6112454619235147,
      "Size": 0.7920929330562902,
      "Value (SMID)": -0.6776201818617006,
      "Momentum": 0.6255976066281171,
      "Quality": -1.8131090541193757,
      "Profitability": -0.520836714600075,
      "Liquidity": -0.7871746100288516,
      "Credit": -0.7719419623570509
    },
    {
      "ticker": "XNET",
      "r_squared": 0.17238703284577128,
      "alpha_annual": -0.2945656695135371,
      "idio_vol_annual": 0.6707534325244867,
      "Market": 1.7790683376208347,
      "Size": 0.22800910494566645,
      "Value (SMID)": -0.7670171369665594,
      "Momentum": -0.37916452651444604,
      "Quality": 0.25071572012304266,
      "Profitability": 0.638353080391608,
      "Liquidity": 1.1482283152686985,
      "Credit": 2.4815713990579176
    },
    {
      "ticker": "ZS",
      "r_squared": 0.09042411382017157,
      "alpha_annual": -0.9620470741731485,
      "idio_vol_annual": 0.5980506250873521,
      "Market": 1.3504938220509701,
      "Size": -0.3848712890130328,
      "Value (SMID)": -1.081025445278178,
      "Momentum": -0.887639249135023,
      "Quality": -0.8491246443781305,
      "Profitability": 0.8555503235273012,
      "Liquidity": 0.1893784210570231,
      "Credit": 0.2281818384002429
    },
    {
      "ticker": "ZTS",
      "r_squared": 0.16792669465186993,
      "alpha_annual": -0.9018375043030793,
      "idio_vol_annual": 0.34400212802598273,
      "Market": 1.3326937164181505,
      "Size": 0.1581759143580469,
      "Value (SMID)": 0.061198125999441695,
      "Momentum": -0.2775915230534586,
      "Quality": 1.0612144980857197,
      "Profitability": 0.7321429928052153,
      "Liquidity": 0.08739604535093949,
      "Credit": -0.7918175288680517
    }
  ],
  "portfolio_factor_exposure": {
    "loadings": {
      "Market": 1.4234322312372658,
      "Size": 0.4320358057651827,
      "Value (SMID)": -0.5449306036763678,
      "Momentum": -0.18003908788631356,
      "Quality": -0.5614420222933528,
      "Profitability": 0.5403640467373254,
      "Liquidity": 0.13175809919867104,
      "Credit": 0.47081086764828717
    },
    "alpha_annual": -0.48546725659888373,
    "r_squared_weighted": 0.23096785218612895
  },
  "stress_tests": [
    {
      "scenario": "COVID Crash (Feb-Mar 2020)",
      "market_move": -0.339,
      "portfolio_impact": -0.5235902221750582,
