{
  "generated_at": "2026-06-25T09:59:50.761710Z",
  "market_session": "PRE",
  "fund_name": "Convex Capital",
  "tagline": "Lose small. Win big. \u2014 Paper-traded portfolio. Hypothetical performance for educational purposes only.",
  "summary": {
    "nav": 1028642.23,
    "cash": 4722.310000000056,
    "equity": 1023919.9199999999,
    "deposits": 1000000.0,
    "total_return": 0.02864222999999999,
    "realized_pnl": 0.0,
    "open_positions": 16
  },
  "metrics": {
    "annualized_return": -0.15364012062258325,
    "annualized_vol": 0.2851743600020547,
    "sharpe": -0.6948384937460227,
    "sortino": -0.9105674395001139,
    "calmar": -0.41218108976683804,
    "max_drawdown": -0.3727490766485531,
    "var_95_1d": -0.03260258231578019,
    "risk_free_rate": 0.04451000213623047,
    "method": "Synthetic: current weights \u00d7 each holding's 252-day return history. Sortino uses Frank Sortino downside deviation (RMS of shortfalls vs MAR=RF).",
    "beta_benchmark": 0.9910055810463821,
    "benchmark_annualized_return": 0.3797744094449411,
    "treynor": -0.19994854373028972,
    "jensens_alpha": -0.5303990215279535,
    "information_ratio": -1.8665586428601926,
    "tracking_error": 0.20732213981064104,
    "annualized_active_return": -0.38697893191982125,
    "up_capture": 0.6525412745466754,
    "down_capture": 1.0949808300655228,
    "data_basis": "synthetic_252d",
    "days_of_live_nav": 17,
    "benchmark_ticker": "IWM",
    "benchmark_name": "Russell 2000",
    "beta_spy": 0.9910055810463821,
    "beta_spy_stress": 1.529900088060798
  },
  "nav_curve": [
    {
      "date": "2026-06-01",
      "value": 999882.8292976379
    },
    {
      "date": "2026-06-02",
      "value": 1005079.4966617966
    },
    {
      "date": "2026-06-03",
      "value": 995768.7768651581
    },
    {
      "date": "2026-06-04",
      "value": 1004929.1794892884
    },
    {
      "date": "2026-06-05",
      "value": 974274.0015833282
    },
    {
      "date": "2026-06-08",
      "value": 974266.9881036186
    },
    {
      "date": "2026-06-09",
      "value": 979640.5088702394
    },
    {
      "date": "2026-06-10",
      "value": 966884.7384401513
    },
    {
      "date": "2026-06-11",
      "value": 990753.0886875344
    },
    {
      "date": "2026-06-12",
      "value": 996222.4282127572
    },
    {
      "date": "2026-06-15",
      "value": 1017018.2685251809
    },
    {
      "date": "2026-06-16",
      "value": 1019223.7061524964
    },
    {
      "date": "2026-06-17",
      "value": 1004256.765778122
    },
    {
      "date": "2026-06-18",
      "value": 1005956.2144795037
    },
    {
      "date": "2026-06-22",
      "value": 1013145.2704611397
    },
    {
      "date": "2026-06-23",
      "value": 1003670.4086042023
    },
    {
      "date": "2026-06-24",
      "value": 1028642.2278996087
    }
  ],
  "drawdown_curve": [
    {
      "date": "2026-06-01",
      "value": 0.0
    },
    {
      "date": "2026-06-02",
      "value": 0.0
    },
    {
      "date": "2026-06-03",
      "value": -0.009263665040986776
    },
    {
      "date": "2026-06-04",
      "value": -0.00014955749570802555
    },
    {
      "date": "2026-06-05",
      "value": -0.030649809473562682
    },
    {
      "date": "2026-06-08",
      "value": -0.03065678750836781
    },
    {
      "date": "2026-06-09",
      "value": -0.025310423579476604
    },
    {
      "date": "2026-06-10",
      "value": -0.038001728568240384
    },
    {
      "date": "2026-06-11",
      "value": -0.01425400480444075
    },
    {
      "date": "2026-06-12",
      "value": -0.008812306368259061
    },
    {
      "date": "2026-06-15",
      "value": 0.0
    },
    {
      "date": "2026-06-16",
      "value": 0.0
    },
    {
      "date": "2026-06-17",
      "value": -0.014684647034823809
    },
    {
      "date": "2026-06-18",
      "value": -0.01301725184854327
    },
    {
      "date": "2026-06-22",
      "value": -0.005963789553426265
    },
    {
      "date": "2026-06-23",
      "value": -0.015259944852545435
    },
    {
      "date": "2026-06-24",
      "value": 0.0
    }
  ],
  "benchmarks": {
    "SPY": [
      {
        "date": "2026-06-01",
        "value": 0.0
      },
      {
        "date": "2026-06-02",
        "value": 0.0013579397972762752
      },
      {
        "date": "2026-06-03",
        "value": -0.005668771434361286
      },
      {
        "date": "2026-06-04",
        "value": -0.0019115061781299625
      },
      {
        "date": "2026-06-05",
        "value": -0.027671542654459702
      },
      {
        "date": "2026-06-08",
        "value": -0.025470023194608782
      },
      {
        "date": "2026-06-09",
        "value": -0.02833070775180091
      },
      {
        "date": "2026-06-10",
        "value": -0.04364962071587053
      },
      {
        "date": "2026-06-11",
        "value": -0.027394678792744487
      },
      {
        "date": "2026-06-12",
        "value": -0.022134588105308994
      },
      {
        "date": "2026-06-15",
        "value": -0.0048909388718152425
      },
      {
        "date": "2026-06-16",
        "value": -0.010823344076597685
      },
      {
        "date": "2026-06-17",
        "value": -0.023176054438276084
      },
      {
        "date": "2026-06-18",
        "value": -0.013020023259145863
      },
      {
        "date": "2026-06-22",
        "value": -0.016126029204297176
      },
      {
        "date": "2026-06-23",
        "value": -0.030413801760312054
      },
      {
        "date": "2026-06-24",
        "value": -0.03086322150786902
      }
    ],
    "IWM": [
      {
        "date": "2026-06-01",
        "value": 0.0
      },
      {
        "date": "2026-06-02",
        "value": 0.009273902616242058
      },
      {
        "date": "2026-06-03",
        "value": -0.004533265755123028
      },
      {
        "date": "2026-06-04",
        "value": 0.010485102307313143
      },
      {
        "date": "2026-06-05",
        "value": -0.025365222965751943
      },
      {
        "date": "2026-06-08",
        "value": -0.016852527916236926
      },
      {
        "date": "2026-06-09",
        "value": -0.013703535746163342
      },
      {
        "date": "2026-06-10",
        "value": -0.023981055236295123
      },
      {
        "date": "2026-06-11",
        "value": 0.00494832553389335
      },
      {
        "date": "2026-06-12",
        "value": 0.01373793881377372
      },
      {
        "date": "2026-06-15",
        "value": 0.022010765090349826
      },
      {
        "date": "2026-06-16",
        "value": 0.013130856989941098
      },
      {
        "date": "2026-06-17",
        "value": 0.005499833171586088
      },
      {
        "date": "2026-06-18",
        "value": 0.025305943833869415
      },
      {
        "date": "2026-06-22",
        "value": 0.03428980212625787
      },
      {
        "date": "2026-06-23",
        "value": 0.02436943940571834
      },
      {
        "date": "2026-06-24",
        "value": 0.0291215086708434
      }
    ]
  },
  "holdings": [
    {
      "ticker": "GRPN",
      "company": "Groupon, Inc.",
      "sector": "Communication Services",
      "country": "United States",
      "shares": 11310.0,
      "price": 18.32,
      "cost_basis": 17.3017824933687,
      "market_value": 207199.2,
      "unrealized_pnl": 11516.039999999988,
      "short_percent_of_float": 0.56310004,
      "short_ratio": 5.75
    },
    {
      "ticker": "TENB",
      "company": "Tenable Holdings, Inc.",
      "sector": "Technology",
      "country": "United States",
      "shares": 4766.0,
      "price": 27.92,
      "cost_basis": 26.224616030214015,
      "market_value": 133066.72,
      "unrealized_pnl": 8080.200000000011,
      "short_percent_of_float": 0.129,
      "short_ratio": 3.05
    },
    {
      "ticker": "KSPI",
      "company": "Joint Stock Company Kaspi.kz",
      "sector": "Technology",
      "country": "Kazakhstan",
      "shares": 1515.0,
      "price": 85.8,
      "cost_basis": 82.53049504950495,
      "market_value": 129987.0,
      "unrealized_pnl": 4953.299999999997,
      "short_percent_of_float": 0.0159,
      "short_ratio": 3.24
    },
    {
      "ticker": "CMI",
      "company": "Cummins Inc.",
      "sector": "Industrials",
      "country": "United States",
      "shares": 153.0,
      "price": 694.87,
      "cost_basis": 651.1282352941176,
      "market_value": 106315.11,
      "unrealized_pnl": 6692.490000000002,
      "short_percent_of_float": 0.0171,
      "short_ratio": 2.07
    },
    {
      "ticker": "JAKK",
      "company": "JAKKS Pacific, Inc.",
      "sector": "Consumer Cyclical",
      "country": "United States",
      "shares": 3436.0,
      "price": 22.8,
      "cost_basis": 21.83,
      "market_value": 78340.8,
      "unrealized_pnl": 3332.9200000000083,
      "short_percent_of_float": 0.039100002,
      "short_ratio": 7.32
    },
    {
      "ticker": "XNET",
      "company": "Xunlei Limited",
      "sector": "Technology",
      "country": "China",
      "shares": 10526.0,
      "price": 4.86,
      "cost_basis": 4.75,
      "market_value": 51156.36,
      "unrealized_pnl": 1157.8600000000033,
      "short_percent_of_float": 0.0377,
      "short_ratio": 6.03
    },
    {
      "ticker": "VIA",
      "company": "Via Transportation, Inc.",
      "sector": "Technology",
      "country": "United States",
      "shares": 3280.0,
      "price": 15.1,
      "cost_basis": 15.241405487804878,
      "market_value": 49528.0,
      "unrealized_pnl": -463.81,
      "short_percent_of_float": 0.13520001,
      "short_ratio": 6.88
    },
    {
      "ticker": "CRWV",
      "company": "CoreWeave, Inc.",
      "sector": "Technology",
      "country": "United States",
      "shares": 468.0,
      "price": 100.88,
      "cost_basis": 106.78134615384614,
      "market_value": 47211.84,
      "unrealized_pnl": -2761.8299999999977,
      "short_percent_of_float": 0.18190001,
      "short_ratio": 1.91
    },
    {
      "ticker": "ZS",
      "company": "Zscaler, Inc.",
      "sector": "Technology",
      "country": "United States",
      "shares": 365.0,
      "price": 127.27,
      "cost_basis": 136.79813698630136,
      "market_value": 46453.549999999996,
      "unrealized_pnl": -3477.7699999999973,
      "short_percent_of_float": 0.114700004,
      "short_ratio": 2.09
    },
    {
      "ticker": "VST",
      "company": "Vistra Corp.",
      "sector": "Utilities",
      "country": "United States",
      "shares": 162.0,
      "price": 162.87,
      "cost_basis": 154.76,
      "market_value": 26384.940000000002,
      "unrealized_pnl": 1313.8200000000022,
      "short_percent_of_float": 0.0539,
      "short_ratio": 2.73
    },
    {
      "ticker": "GENC",
      "company": "Gencor Industries, Inc.",
      "sector": "Industrials",
      "country": "United States",
      "shares": 1746.0,
      "price": 14.93,
      "cost_basis": 14.32,
      "market_value": 26067.78,
      "unrealized_pnl": 1065.059999999999,
      "short_percent_of_float": 0.0064,
      "short_ratio": 2.39
    },
    {
      "ticker": "ESI",
      "company": "Element Solutions Inc",
      "sector": "Basic Materials",
      "country": "United States",
      "shares": 557.0,
      "price": 46.12,
      "cost_basis": 44.92,
      "market_value": 25688.84,
      "unrealized_pnl": 668.3999999999976,
      "short_percent_of_float": 0.0838,
      "short_ratio": 4.45
    },
    {
      "ticker": "CEG",
      "company": "Constellation Energy Corporation",
      "sector": "Utilities",
      "country": "United States",
      "shares": 94.0,
      "price": 267.97,
      "cost_basis": 265.7,
      "market_value": 25189.180000000004,
      "unrealized_pnl": 213.38000000000363,
      "short_percent_of_float": 0.036,
      "short_ratio": 3.46
    },
    {
      "ticker": "ZTS",
      "company": "Zoetis Inc.",
      "sector": "Healthcare",
      "country": "United States",
      "shares": 312.0,
      "price": 78.17,
      "cost_basis": 80.09,
      "market_value": 24389.04,
      "unrealized_pnl": -599.0400000000005,
      "short_percent_of_float": 0.0363,
      "short_ratio": 1.45
    },
    {
      "ticker": "PYPL",
      "company": "PayPal Holdings, Inc.",
      "sector": "Financial Services",
      "country": "United States",
      "shares": 553.0,
      "price": 42.48,
      "cost_basis": 45.19,
      "market_value": 23491.44,
      "unrealized_pnl": -1498.6300000000006,
      "short_percent_of_float": 0.0626,
      "short_ratio": 3.16
    },
    {
      "ticker": "OPEN",
      "company": "Opendoor Technologies Inc.",
      "sector": "Real Estate",
      "country": "United States",
      "shares": 5479.0,
      "price": 4.28,
      "cost_basis": 4.562927541522176,
      "market_value": 23450.120000000003,
      "unrealized_pnl": -1550.1599999999994,
      "short_percent_of_float": 0.16149999,
      "short_ratio": 3.77
    }
  ],
  "sector_exposure": [
    {
      "name": "Technology",
      "value": 457403.47,
      "pct": 0.44466720951170746
    },
    {
      "name": "Communication Services",
      "value": 207199.2,
      "pct": 0.20142980130224677
    },
    {
      "name": "Industrials",
      "value": 132382.89,
      "pct": 0.12869672869642929
    },
    {
      "name": "Consumer Cyclical",
      "value": 78340.8,
      "pct": 0.07615942425385355
    },
    {
      "name": "Utilities",
      "value": 51574.12000000001,
      "pct": 0.05013805431651393
    },
    {
      "name": "Basic Materials",
      "value": 25688.84,
      "pct": 0.02497354206428021
    },
    {
      "name": "Healthcare",
      "value": 24389.04,
      "pct": 0.023709934599904576
    },
    {
      "name": "Financial Services",
      "value": 23491.44,
      "pct": 0.0228373279988709
    },
    {
      "name": "Real Estate",
      "value": 23450.120000000003,
      "pct": 0.022797158541702108
    },
    {
      "name": "Cash",
      "value": 4722.310000000056,
      "pct": 0.004590818714491292
    }
  ],
  "geographic_exposure": [
    {
      "name": "United States",
      "value": 842776.5599999999,
      "pct": 0.8193097030441769
    },
    {
      "name": "Kazakhstan",
      "value": 129987.0,
      "pct": 0.1263675515246929
    },
    {
      "name": "China",
      "value": 51156.36,
      "pct": 0.04973192671663888
    },
    {
      "name": "Cash",
      "value": 4722.310000000056,
      "pct": 0.004590818714491292
    }
  ],
  "signals": [
    {
      "ticker": "CEG",
      "label": "BUY",
      "composite": 1.0,
      "rsi": 48.0,
      "subs": {
        "rsi": 0.5,
        "macd": 0.5,
        "trend": -0.5,
        "bb": 0.5,
        "vol": 0.0,
        "range": 0.0
      }
    },
    {
      "ticker": "CMI",
      "label": "STRONG BUY",
      "composite": 2.5,
      "rsi": 54.5,
      "subs": {
        "rsi": 0.5,
        "macd": 0.5,
        "trend": 0.5,
        "bb": 0.5,
        "vol": 0.5,
        "range": 0.0
      }
    },
    {
      "ticker": "CRWV",
      "label": "LEAN BEAR",
      "composite": -0.5,
      "rsi": 44.5,
      "subs": {
        "rsi": 0.0,
        "macd": 0.5,
        "trend": 0.0,
        "bb": -0.5,
        "vol": 0.0,
        "range": -0.5
      }
    },
    {
      "ticker": "ESI",
      "label": "STRONG BUY",
      "composite": 3.0,
      "rsi": 58.7,
      "subs": {
        "rsi": 0.5,
        "macd": 0.5,
        "trend": 0.5,
        "bb": 0.5,
        "vol": 0.5,
        "range": 0.5
      }
    },
    {
      "ticker": "GENC",
      "label": "STRONG BUY",
      "composite": 2.0,
      "rsi": 53.2,
      "subs": {
        "rsi": 0.5,
        "macd": 0.5,
        "trend": 0.5,
        "bb": 0.5,
        "vol": 0.0,
        "range": 0.0
      }
    },
    {
      "ticker": "GRPN",
      "label": "BUY",
      "composite": 1.0,
      "rsi": 56.3,
      "subs": {
        "rsi": 0.5,
        "macd": -0.5,
        "trend": 0.5,
        "bb": 0.5,
        "vol": 0.0,
        "range": 0.0
      }
    },
    {
      "ticker": "JAKK",
      "label": "STRONG BUY",
      "composite": 3.0,
      "rsi": 60.2,
      "subs": {
        "rsi": 0.5,
        "macd": 0.5,
        "trend": 0.5,
        "bb": 0.5,
        "vol": 0.5,
        "range": 0.5
      }
    },
    {
      "ticker": "KSPI",
      "label": "BUY",
      "composite": 1.5,
      "rsi": 53.2,
      "subs": {
        "rsi": 0.5,
        "macd": 0.5,
        "trend": 0.0,
        "bb": 0.5,
        "vol": 0.0,
        "range": 0.0
      }
    },
    {
      "ticker": "OPEN",
      "label": "STRONG SELL",
      "composite": -2.0,
      "rsi": 41.6,
      "subs": {
        "rsi": 0.0,
        "macd": -0.5,
        "trend": -0.5,
        "bb": -0.5,
        "vol": 0.0,
        "range": -0.5
      }
    },
    {
      "ticker": "PYPL",
      "label": "NEUTRAL",
      "composite": 0.0,
      "rsi": 45.9,
      "subs": {
        "rsi": 0.5,
        "macd": 0.5,
        "trend": -0.5,
        "bb": -0.5,
        "vol": 0.0,
        "range": 0.0
      }
    },
    {
      "ticker": "TENB",
      "label": "LEAN BULL",
      "composite": 0.5,
      "rsi": 60.3,
      "subs": {
        "rsi": 0.5,
        "macd": -0.5,
        "trend": 0.0,
        "bb": 0.5,
        "vol": 0.0,
        "range": 0.0
      }
    },
    {
      "ticker": "VIA",
      "label": "BUY",
      "composite": 1.5,
      "rsi": 50.2,
      "subs": {
        "rsi": 0.5,
        "macd": 0.5,
        "trend": -0.5,
        "bb": 0.5,
        "vol": 0.5,
        "range": 0.0
      }
    },
    {
      "ticker": "VST",
      "label": "STRONG BUY",
      "composite": 2.0,
      "rsi": 58.2,
      "subs": {
        "rsi": 0.5,
        "macd": 0.5,
        "trend": 0.0,
        "bb": 0.5,
        "vol": 0.0,
        "range": 0.5
      }
    },
    {
      "ticker": "XNET",
      "label": "LEAN BEAR",
      "composite": -0.5,
      "rsi": 39.6,
      "subs": {
        "rsi": 0.0,
        "macd": 0.5,
        "trend": -0.5,
        "bb": -0.5,
        "vol": 0.5,
        "range": -0.5
      }
    },
    {
      "ticker": "ZS",
      "label": "STRONG SELL",
      "composite": -2.0,
      "rsi": 43.0,
      "subs": {
        "rsi": 0.0,
        "macd": -0.5,
        "trend": -0.5,
        "bb": -0.5,
        "vol": 0.0,
        "range": -0.5
      }
    },
    {
      "ticker": "ZTS",
      "label": "LEAN BEAR",
      "composite": -0.5,
      "rsi": 40.3,
      "subs": {
        "rsi": 0.0,
        "macd": 0.5,
        "trend": -0.5,
        "bb": -0.5,
        "vol": 0.0,
        "range": 0.0
      }
    }
  ],
  "volatility": [
    {
      "ticker": "CEG",
      "hv20": 0.45738367520216344,
      "garch": 0.5280929059207048,
      "expansion": 0.15459500317165428,
      "regime": "NORMAL",
      "signal": "BASE"
    },
    {
      "ticker": "CMI",
      "hv20": 0.44601078547383105,
      "garch": 0.33602924461726336,
      "expansion": -0.24658941989424307,
      "regime": "HIGH",
      "signal": "WEAK"
    },
    {
      "ticker": "CRWV",
      "hv20": 0.8774223568498628,
      "garch": 0.9611197847100266,
      "expansion": 0.09539012450133565,
      "regime": "NORMAL",
      "signal": "WEAK"
    },
    {
      "ticker": "ESI",
      "hv20": 0.5745086662901023,
      "garch": 0.5750407667728153,
      "expansion": 0.0009261835615971858,
      "regime": "EXTREME",
      "signal": "WEAK"
    },
    {
      "ticker": "GENC",
      "hv20": 0.3382306768918743,
      "garch": 0.3484024011346268,
      "expansion": 0.03007333437707124,
      "regime": "NORMAL",
      "signal": "WEAK"
    },
    {
      "ticker": "GRPN",
      "hv20": 0.8099386321114824,
      "garch": 0.8174689095675816,
      "expansion": 0.009297343227681281,
      "regime": "HIGH",
      "signal": "WEAK"
    },
    {
      "ticker": "JAKK",
      "hv20": 0.2355481645887133,
      "garch": 0.46942842608308294,
      "expansion": 0.9929190571395198,
      "regime": "LOW",
      "signal": "SIGNAL"
    },
    {
      "ticker": "KSPI",
      "hv20": 0.3670370791990615,
      "garch": 0.4160876813187186,
      "expansion": 0.13363936479304497,
      "regime": "HIGH",
      "signal": "BASE"
    },
    {
      "ticker": "OPEN",
      "hv20": 0.7789611002565615,
      "garch": 0.7311576677122328,
      "expansion": -0.061368189667730534,
      "regime": "NORMAL",
      "signal": "WEAK"
    },
    {
      "ticker": "PYPL",
      "hv20": 0.31942073275381583,
      "garch": 0.41349663933412095,
      "expansion": 0.29452035179197766,
      "regime": "NORMAL",
      "signal": "SIGNAL"
    },
    {
      "ticker": "TENB",
      "hv20": 0.5998681663333018,
      "garch": 0.41557850846072597,
      "expansion": -0.30721693234539776,
      "regime": "HIGH",
      "signal": "WEAK"
    },
    {
      "ticker": "VIA",
      "hv20": 0.6731030655696479,
      "garch": null,
      "expansion": null,
      "regime": "NORMAL",
      "signal": "WEAK"
    },
    {
      "ticker": "VST",
      "hv20": 0.4476904260341032,
      "garch": 0.5574248519292666,
      "expansion": 0.24511229080160027,
      "regime": "NORMAL",
      "signal": "SIGNAL"
    },
    {
      "ticker": "XNET",
      "hv20": 0.760771976095159,
      "garch": 0.6816573056136278,
      "expansion": -0.10399261929652805,
      "regime": "HIGH",
      "signal": "WEAK"
    },
    {
      "ticker": "ZS",
      "hv20": 1.49972085208431,
      "garch": 0.35645562525220387,
      "expansion": -0.7623186843359533,
      "regime": "EXTREME",
      "signal": "WEAK"
    },
    {
      "ticker": "ZTS",
      "hv20": 0.3003659734942638,
      "garch": 0.323450576941797,
      "expansion": 0.07685492194399333,
      "regime": "HIGH",
      "signal": "WEAK"
    }
  ],
  "correlation": {
    "tickers": [
      "CEG",
      "CMI",
      "CRWV",
      "ESI",
      "GENC",
      "GRPN",
      "JAKK",
      "KSPI",
      "OPEN",
      "PYPL",
      "TENB",
      "VIA",
      "VST",
      "XNET",
      "ZS",
      "ZTS"
    ],
    "matrix": [
      [
        1.0,
        0.331,
        0.233,
        0.302,
        0.151,
        0.087,
        0.086,
        0.059,
        0.189,
        0.14,
        0.057,
        0.006,
        0.798,
        0.252,
        0.043,
        0.119
      ],
      [
        0.331,
        1.0,
        0.374,
        0.62,
        0.345,
        0.189,
        0.13,
        0.245,
        0.184,
        0.082,
        -0.063,
        -0.0,
        0.357,
        0.304,
        -0.056,
        0.178
      ],
      [
        0.233,
        0.374,
        1.0,
        0.343,
        0.117,
        0.149,
        0.051,
        0.125,
        0.246,
        0.146,
        0.109,
        0.212,
        0.317,
        0.369,
        0.178,
        0.08
      ],
      [
        0.302,
        0.62,
        0.343,
        1.0,
        0.273,
        0.304,
        0.237,
        0.305,
        0.264,
        0.288,
        0.094,
        0.048,
        0.368,
        0.344,
        0.04,
        0.168
      ],
      [
        0.151,
        0.345,
        0.117,
        0.273,
        1.0,
        0.156,
        0.319,
        0.142,
        0.129,
        0.099,
        0.161,
        0.069,
        0.172,
        0.162,
        0.053,
        0.159
      ],
      [
        0.087,
        0.189,
        0.149,
        0.304,
        0.156,
        1.0,
        0.157,
        0.351,
        0.302,
        0.274,
        0.251,
        0.167,
        0.131,
        0.233,
        0.151,
        0.164
      ],
      [
        0.086,
        0.13,
        0.051,
        0.237,
        0.319,
        0.157,
        1.0,
        0.101,
        0.14,
        0.215,
        -0.028,
        0.146,
        0.058,
        0.195,
        -0.045,
        0.148
      ],
      [
        0.059,
        0.245,
        0.125,
        0.305,
        0.142,
        0.351,
        0.101,
        1.0,
        0.245,
        0.261,
        0.26,
        0.134,
        0.111,
        0.206,
        0.152,
        0.182
      ],
      [
        0.189,
        0.184,
        0.246,
        0.264,
        0.129,
        0.302,
        0.14,
        0.245,
        1.0,
        0.249,
        0.12,
        0.153,
        0.255,
        0.348,
        0.064,
        0.172
      ],
      [
        0.14,
        0.082,
        0.146,
        0.288,
        0.099,
        0.274,
        0.215,
        0.261,
        0.249,
        1.0,
        0.352,
        0.145,
        0.087,
        0.343,
        0.206,
        0.177
      ],
      [
        0.057,
        -0.063,
        0.109,
        0.094,
        0.161,
        0.251,
        -0.028,
        0.26,
        0.12,
        0.352,
        1.0,
        0.337,
        0.067,
        0.146,
        0.56,
        0.104
      ],
      [
        0.006,
        -0.0,
        0.212,
        0.048,
        0.069,
        0.167,
        0.146,
        0.134,
        0.153,
        0.145,
        0.337,
        1.0,
        0.055,
        0.163,
        0.369,
        0.023
      ],
      [
        0.798,
        0.357,
        0.317,
        0.368,
        0.172,
        0.131,
        0.058,
        0.111,
        0.255,
        0.087,
        0.067,
        0.055,
        1.0,
        0.277,
        0.07,
        0.087
      ],
      [
        0.252,
        0.304,
        0.369,
        0.344,
        0.162,
        0.233,
        0.195,
        0.206,
        0.348,
        0.343,
        0.146,
        0.163,
        0.277,
        1.0,
        0.217,
        0.045
      ],
      [
        0.043,
        -0.056,
        0.178,
        0.04,
        0.053,
        0.151,
        -0.045,
        0.152,
        0.064,
        0.206,
        0.56,
        0.369,
        0.07,
        0.217,
        1.0,
        -0.032
      ],
      [
        0.119,
        0.178,
        0.08,
        0.168,
        0.159,
        0.164,
        0.148,
        0.182,
        0.172,
        0.177,
        0.104,
        0.023,
        0.087,
        0.045,
        -0.032,
        1.0
      ]
    ]
  },
  "residual_correlation": {
    "tickers": [
      "CEG",
      "CMI",
      "CRWV",
      "ESI",
      "GENC",
      "GRPN",
      "JAKK",
      "KSPI",
      "OPEN",
      "PYPL",
      "TENB",
      "VIA",
      "VST",
      "XNET",
      "ZS",
      "ZTS"
    ],
    "matrix": [
      [
        1.0,
        0.056,
        0.002,
        -0.034,
        0.028,
        -0.062,
        -0.02,
        -0.135,
        0.035,
        0.039,
        -0.022,
        -0.102,
        0.731,
        0.095,
        0.011,
        0.075
      ],
      [
        0.056,
        1.0,
        0.125,
        0.246,
        0.076,
        -0.062,
        -0.15,
        -0.007,
        -0.067,
        -0.097,
        -0.259,
        -0.143,
        0.036,
        0.002,
        -0.142,
        0.063
      ],
      [
        0.002,
        0.125,
        1.0,
        0.038,
        0.013,
        -0.056,
        -0.042,
        -0.111,
        0.043,
        -0.037,
        -0.019,
        0.083,
        0.079,
        0.138,
        0.108,
        0.037
      ],
      [
        -0.034,
        0.246,
        0.038,
        1.0,
        -0.071,
        0.053,
        0.002,
        0.018,
        -0.01,
        0.138,
        -0.104,
        -0.125,
        0.003,
        0.03,
        -0.052,
        -0.019
      ],
      [
        0.028,
        0.076,
        0.013,
        -0.071,
        1.0,
        -0.029,
        0.067,
        -0.079,
        -0.075,
        0.004,
        0.092,
        -0.004,
        0.026,
        -0.053,
        0.006,
        -0.035
      ],
      [
        -0.062,
        -0.062,
        -0.056,
        0.053,
        -0.029,
        1.0,
        0.016,
        0.192,
        0.111,
        0.102,
        0.115,
        0.051,
        -0.034,
        0.016,
        0.051,
        0.03
      ],
      [
        -0.02,
        -0.15,
        -0.042,
        0.002,
        0.067,
        0.016,
        1.0,
        -0.095,
        -0.032,
        0.105,
        -0.124,
        0.091,
        -0.058,
        0.02,
        -0.111,
        -0.038
      ],
      [
        -0.135,
        -0.007,
        -0.111,
        0.018,
        -0.079,
        0.192,
        -0.095,
        1.0,
        0.061,
        0.085,
        0.156,
        0.012,
        -0.1,
        -0.022,
        0.062,
        0.046
      ],
      [
        0.035,
        -0.067,
        0.043,
        -0.01,
        -0.075,
        0.111,
        -0.032,
        0.061,
        1.0,
        0.069,
        -0.019,
        0.03,
        0.106,
        0.16,
        -0.047,
        0.027
      ],
      [
        0.039,
        -0.097,
        -0.037,
        0.138,
        0.004,
        0.102,
        0.105,
        0.085,
        0.069,
        1.0,
        0.237,
        0.007,
        -0.033,
        0.187,
        0.073,
        0.024
      ],
      [
        -0.022,
        -0.259,
        -0.019,
        -0.104,
        0.092,
        0.115,
        -0.124,
        0.156,
        -0.019,
        0.237,
        1.0,
        0.273,
        -0.026,
        0.003,
        0.517,
        -0.006
      ],
      [
        -0.102,
        -0.143,
        0.083,
        -0.125,
        -0.004,
        0.051,
        0.091,
        0.012,
        0.03,
        0.007,
        0.273,
        1.0,
        -0.057,
        0.029,
        0.314,
        -0.059
      ],
      [
        0.731,
        0.036,
        0.079,
        0.003,
        0.026,
        -0.034,
        -0.058,
        -0.1,
        0.106,
        -0.033,
        -0.026,
        -0.057,
        1.0,
        0.105,
        0.04,
        0.031
      ],
      [
        0.095,
        0.002,
        0.138,
        0.03,
        -0.053,
        0.016,
        0.02,
        -0.022,
        0.16,
        0.187,
        0.003,
        0.029,
        0.105,
        1.0,
        0.135,
        -0.108
      ],
      [
        0.011,
        -0.142,
        0.108,
        -0.052,
        0.006,
        0.051,
        -0.111,
        0.062,
        -0.047,
        0.073,
        0.517,
        0.314,
        0.04,
        0.135,
        1.0,
        -0.117
      ],
      [
        0.075,
        0.063,
        0.037,
        -0.019,
        -0.035,
        0.03,
        -0.038,
        0.046,
        0.027,
        0.024,
        -0.006,
        -0.059,
        0.031,
        -0.108,
        -0.117,
        1.0
      ]
    ]
  },
  "factor_correlation": {
    "factors": [
      "Market",
      "Size",
      "Value (SMID)",
      "Momentum",
      "Quality",
      "Profitability",
      "Liquidity",
      "Credit"
    ],
    "matrix": [
      [
        1.0,
        0.32,
        -0.503,
        0.408,
        -0.254,
        -0.54,
        0.307,
        0.182
      ],
      [
        0.32,
        1.0,
        -0.152,
        0.244,
        0.157,
        0.154,
        0.325,
        0.032
      ],
      [
        -0.503,
        -0.152,
        1.0,
        -0.561,
        0.307,
        0.603,
        -0.375,
        -0.139
      ],
      [
        0.408,
        0.244,
        -0.561,
        1.0,
        -0.223,
        -0.546,
        0.288,
        0.05
      ],
      [
        -0.254,
        0.157,
        0.307,
        -0.223,
        1.0,
        0.442,
        -0.238,
        -0.131
      ],
      [
        -0.54,
        0.154,
        0.603,
        -0.546,
        0.442,
        1.0,
        -0.277,
        -0.111
      ],
      [
        0.307,
        0.325,
        -0.375,
        0.288,
        -0.238,
        -0.277,
        1.0,
        0.163
      ],
      [
        0.182,
        0.032,
        -0.139,
        0.05,
        -0.131,
        -0.111,
        0.163,
        1.0
      ]
    ]
  },
  "factor_exposures": [
    {
      "ticker": "CEG",
      "r_squared": 0.24730995366717046,
      "alpha_annual": -0.4260214018412441,
      "idio_vol_annual": 0.40506545258609056,
      "Market": 0.6936500608538859,
      "Size": 0.39529351103029003,
      "Value (SMID)": -0.4723962086958071,
      "Momentum": 0.5458417586844928,
      "Quality": -0.8679112253786139,
      "Profitability": -0.5996643081712347,
      "Liquidity": -0.43866551124735226,
      "Credit": -0.916729561897799
    },
    {
      "ticker": "CMI",
      "r_squared": 0.477896263159341,
      "alpha_annual": 0.36620457896609293,
      "idio_vol_annual": 0.24583359981099848,
      "Market": 1.151702714660847,
      "Size": 0.8103548555508194,
      "Value (SMID)": 0.3881192305394919,
      "Momentum": 0.7004574325322419,
      "Quality": -0.003222851658122833,
      "Profitability": -0.18753346512782054,
      "Liquidity": -0.3219558517092933,
      "Credit": 0.8052744946134737
    },
    {
      "ticker": "CRWV",
      "r_squared": 0.27364343731013663,
      "alpha_annual": -1.0306029562296837,
      "idio_vol_annual": 0.8022024339793765,
      "Market": 1.0517359010199945,
      "Size": 0.6371308647607763,
      "Value (SMID)": -1.9384395857163135,
      "Momentum": 0.6376567475240912,
      "Quality": -3.989459677569315,
      "Profitability": -0.14678519230947934,
      "Liquidity": 0.40726828130319515,
      "Credit": 1.9418446253341088
    },
    {
      "ticker": "ESI",
      "r_squared": 0.513396872504565,
      "alpha_annual": 0.2709152278016842,
      "idio_vol_annual": 0.2884816121934372,
      "Market": 1.6489753363897732,
      "Size": 0.9927436547943743,
      "Value (SMID)": -0.1702725505944388,
      "Momentum": 0.6783295623317052,
      "Quality": 0.24256278484218857,
      "Profitability": 0.22704686868463786,
      "Liquidity": -0.7250744761011879,
      "Credit": 0.2349841101904151
    },
    {
      "ticker": "GENC",
      "r_squared": 0.3279416893046997,
      "alpha_annual": -0.41596277270881343,
      "idio_vol_annual": 0.3230066135875249,
      "Market": 1.2880217066766158,
      "Size": 1.2375124195193,
      "Value (SMID)": 1.149223967584871,
      "Momentum": -0.022439150886363946,
      "Quality": -0.7717202484550116,
      "Profitability": 0.0987624748355112,
      "Liquidity": -0.19205133242459305,
      "Credit": 0.6574313229426118
    },
    {
      "ticker": "GRPN",
      "r_squared": 0.16457387945129653,
      "alpha_annual": -1.0695704798895596,
      "idio_vol_annual": 0.6313418754979315,
      "Market": 1.9111980001036788,
      "Size": 0.33851301435792785,
      "Value (SMID)": -1.0146074543706392,
      "Momentum": -0.15152809078273222,
      "Quality": -1.5694039602547478,
      "Profitability": 1.5527964287032623,
      "Liquidity": 0.15858764357621452,
      "Credit": 1.1538192825901132
    },
    {
      "ticker": "JAKK",
      "r_squared": 0.27230585425411913,
      "alpha_annual": -0.2382692028543341,
      "idio_vol_annual": 0.3511943421316896,
      "Market": 1.2477649297992983,
      "Size": 1.0541596994505507,
      "Value (SMID)": 0.8544928960419087,
      "Momentum": -0.3497157485035629,
      "Quality": 1.3681034315160745,
      "Profitability": -0.3623629953224425,
      "Liquidity": 0.30863545614258436,
      "Credit": -0.5075380704171462
    },
    {
      "ticker": "KSPI",
      "r_squared": 0.21666165632794154,
      "alpha_annual": -0.13753693611556977,
      "idio_vol_annual": 0.32260433211325856,
      "Market": 1.1900914538792602,
      "Size": 0.46037193184364295,
      "Value (SMID)": -0.3210604595959581,
      "Momentum": -0.48729513703796223,
      "Quality": 0.08111999734530975,
      "Profitability": 0.06893026688788265,
      "Liquidity": -0.05836492032473861,
      "Credit": 0.4867429013234927
    },
    {
      "ticker": "OPEN",
      "r_squared": 0.12445084589581312,
      "alpha_annual": 1.461012468966116,
      "idio_vol_annual": 1.341469504131684,
      "Market": 3.046930380982178,
      "Size": 1.2956540473402436,
      "Value (SMID)": -1.618232475044892,
      "Momentum": -1.9014056913712516,
      "Quality": 0.9832976979853297,
      "Profitability": 0.9409647334647733,
      "Liquidity": 1.7754104844856382,
      "Credit": -2.9314576297541297
    },
    {
      "ticker": "PYPL",
      "r_squared": 0.2973450031804118,
      "alpha_annual": -0.6834783180059854,
      "idio_vol_annual": 0.3368149468824362,
      "Market": 1.8000392690176863,
      "Size": -0.34726113082725296,
      "Value (SMID)": -0.9511756901616446,
      "Momentum": -0.8872296352940372,
      "Quality": 1.4700206392724704,
      "Profitability": 0.6831504302483724,
      "Liquidity": 0.373577610976736,
      "Credit": -0.07053511761904754
    },
    {
      "ticker": "TENB",
      "r_squared": 0.15262088216961,
      "alpha_annual": -0.3311978964939597,
      "idio_vol_annual": 0.4091655593231374,
      "Market": 1.4537599907729672,
      "Size": -0.12058323686448857,
      "Value (SMID)": -0.867190684650532,
      "Momentum": -0.3070745711024627,
      "Quality": -0.5662837798844733,
      "Profitability": 1.4100189802436385,
      "Liquidity": -0.1039309523003551,
      "Credit": -0.26994101975055507
    },
    {
      "ticker": "VIA",
      "r_squared": 0.11159197891323758,
      "alpha_annual": -1.546679899358829,
      "idio_vol_annual": 0.6777583512253836,
      "Market": 0.9680902806131331,
      "Size": 0.4534941011955733,
      "Value (SMID)": -1.4164179548363591,
      "Momentum": -1.0251234049316136,
      "Quality": -1.6025362780625678,
      "Profitability": 0.4978638261876893,
      "Liquidity": 0.647909494949765,
      "Credit": -0.7785742150617742
    },
    {
      "ticker": "VST",
      "r_squared": 0.29247563441172764,
      "alpha_annual": -0.4207094703707246,
      "idio_vol_annual": 0.4124728351445662,
      "Market": 0.6095187448202796,
      "Size": 0.800560457121166,
      "Value (SMID)": -0.6757718898418527,
      "Momentum": 0.6099124284177795,
      "Quality": -1.8153549026364686,
      "Profitability": -0.5096517477974487,
      "Liquidity": -0.7791291584781466,
      "Credit": -0.798116911844364
    },
    {
      "ticker": "XNET",
      "r_squared": 0.17346562818729216,
      "alpha_annual": -0.3030837522874969,
      "idio_vol_annual": 0.6711199994901011,
      "Market": 1.792247947554576,
      "Size": 0.22082700472597794,
      "Value (SMID)": -0.755920138538067,
      "Momentum": -0.3504945563856984,
      "Quality": 0.2785228140179224,
      "Profitability": 0.615531149159595,
      "Liquidity": 1.1247949953675636,
      "Credit": 2.4787910828233475
    },
    {
      "ticker": "ZS",
      "r_squared": 0.0929375068003554,
      "alpha_annual": -0.9577600361437204,
      "idio_vol_annual": 0.5970215391771949,
      "Market": 1.3259841727304393,
      "Size": -0.3798060253096514,
      "Value (SMID)": -1.1533531852514942,
      "Momentum": -0.9340666806267747,
      "Quality": -0.9502877689535237,
      "Profitability": 0.9306255238325265,
      "Liquidity": 0.21022962229476072,
      "Credit": 0.1773858233096179
    },
    {
      "ticker": "ZTS",
      "r_squared": 0.17009933754105322,
      "alpha_annual": -0.8949098878907917,
      "idio_vol_annual": 0.34402282481844326,
      "Market": 1.339384502844673,
      "Size": 0.15624700162344946,
      "Value (SMID)": 0.05852870797031859,
      "Momentum": -0.26750958373749356,
      "Quality": 1.0743181868286662,
      "Profitability": 0.7466169883942817,
      "Liquidity": 0.07786193046754736,
      "Credit": -0.8185075429977576
    }
  ],
  "portfolio_factor_exposure": {
    "loadings": {
      "Market": 1.4367465661675447,
      "Size": 0.4333786050150965,
      "Value (SMID)": -0.5626191135646742,
      "Momentum": -0.19121443472147226,
      "Quality": -0.5670576864247356,
      "Profitability": 0.5846403137271312,
      "Liquidity": 0.11435027277983537,
      "Credit": 0.3800073365219258
    },
    "alpha_annual": -0.4667255185005425,
    "r_squared_weighted": 0.2305696429187108
  },
  "stress_tests": [
    {
      "scenario": "COVID Crash (Feb-Mar 2020)",
      "market_move": -0.339,
      "portfolio_impact": -0.5186361298526105,
      "stressed_nav": 495151.2048298411,
      "pnl": -533491.0251701588,
