{
  "generated_at": "2026-06-13T15:53:56.746622Z",
  "market_session": "CLOSED",
  "fund_name": "Convex Capital",
  "tagline": "Lose small. Win big. \u2014 Paper-traded portfolio. Hypothetical performance for educational purposes only.",
  "summary": {
    "nav": 980178.81,
    "cash": 49780.460000000036,
    "equity": 930398.35,
    "deposits": 1000000.0,
    "total_return": -0.019821189999999933,
    "realized_pnl": 0.0,
    "open_positions": 17
  },
  "metrics": {
    "annualized_return": -0.2795394034335328,
    "annualized_vol": 0.2902831110480637,
    "sharpe": -0.9629888642996112,
    "sortino": -1.2991849761852412,
    "max_drawdown": -0.4260360418615834,
    "var_95_1d": -0.03715127237384169,
    "method": "Synthetic: current weights \u00d7 each holding's 252-day return history.",
    "beta_spy": 1.5428686396298532,
    "data_basis": "synthetic_252d",
    "days_of_live_nav": 10
  },
  "nav_curve": [
    {
      "date": "2026-06-01",
      "value": 999535.5471929932
    },
    {
      "date": "2026-06-02",
      "value": 1003702.1579735947
    },
    {
      "date": "2026-06-03",
      "value": 988372.6498535539
    },
    {
      "date": "2026-06-04",
      "value": 1000577.036630478
    },
    {
      "date": "2026-06-05",
      "value": 963339.0065281678
    },
    {
      "date": "2026-06-08",
      "value": 961906.7551830101
    },
    {
      "date": "2026-06-09",
      "value": 964461.0368127442
    },
    {
      "date": "2026-06-10",
      "value": 952382.1822161294
    },
    {
      "date": "2026-06-11",
      "value": 975672.4306797601
    },
    {
      "date": "2026-06-12",
      "value": 980178.8129334069
    }
  ],
  "drawdown_curve": [
    {
      "date": "2026-06-01",
      "value": 0.0
    },
    {
      "date": "2026-06-02",
      "value": 0.0
    },
    {
      "date": "2026-06-03",
      "value": -0.01527296519018161
    },
    {
      "date": "2026-06-04",
      "value": -0.0031135943250596826
    },
    {
      "date": "2026-06-05",
      "value": -0.04021427185821478
    },
    {
      "date": "2026-06-08",
      "value": -0.041641240340627175
    },
    {
      "date": "2026-06-09",
      "value": -0.03909638018520915
    },
    {
      "date": "2026-06-10",
      "value": -0.051130681895789516
    },
    {
      "date": "2026-06-11",
      "value": -0.027926339573110765
    },
    {
      "date": "2026-06-12",
      "value": -0.02343657912191783
    }
  ],
  "benchmarks": {
    "SPY": [
      {
        "date": "2026-06-01",
        "value": 0.0
      },
      {
        "date": "2026-06-02",
        "value": 0.0013579103629497435
      },
      {
        "date": "2026-06-03",
        "value": -0.005668768842152949
      },
      {
        "date": "2026-06-04",
        "value": -0.0019115026417536596
      },
      {
        "date": "2026-06-05",
        "value": -0.027671567540792585
      },
      {
        "date": "2026-06-08",
        "value": -0.02546999220062507
      },
      {
        "date": "2026-06-09",
        "value": -0.028330728579740505
      },
      {
        "date": "2026-06-10",
        "value": -0.04364962468776956
      },
      {
        "date": "2026-06-11",
        "value": -0.02739469093739666
      },
      {
        "date": "2026-06-12",
        "value": -0.022134598720831677
      }
    ],
    "IWM": [
      {
        "date": "2026-06-01",
        "value": 0.0
      },
      {
        "date": "2026-06-02",
        "value": 0.009273972502921835
      },
      {
        "date": "2026-06-03",
        "value": -0.004533177066893157
      },
      {
        "date": "2026-06-04",
        "value": 0.010485150059186044
      },
      {
        "date": "2026-06-05",
        "value": -0.02536513534214846
      },
      {
        "date": "2026-06-08",
        "value": -0.01685246539421037
      },
      {
        "date": "2026-06-09",
        "value": -0.01370344598970763
      },
      {
        "date": "2026-06-10",
        "value": -0.023980977679758042
      },
      {
        "date": "2026-06-11",
        "value": 0.004948413805164309
      },
      {
        "date": "2026-06-12",
        "value": 0.013737978648256544
      }
    ]
  },
  "holdings": [
    {
      "ticker": "GRPN",
      "company": "Groupon, Inc.",
      "sector": "Communication Services",
      "country": "United States",
      "shares": 11310.0,
      "price": 17.01,
      "cost_basis": 17.682836427939876,
      "market_value": 192383.1,
      "unrealized_pnl": -7609.779999999974,
      "short_percent_of_float": 0.56310004,
      "short_ratio": 5.75
    },
    {
      "ticker": "KSPI",
      "company": "Joint Stock Company Kaspi.kz",
      "sector": "Technology",
      "country": "Kazakhstan",
      "shares": 1515.0,
      "price": 80.56,
      "cost_basis": 82.53049504950495,
      "market_value": 122048.40000000001,
      "unrealized_pnl": -2985.299999999995,
      "short_percent_of_float": 0.0159,
      "short_ratio": 3.24
    },
    {
      "ticker": "TENB",
      "company": "Tenable Holdings, Inc.",
      "sector": "Technology",
      "country": "United States",
      "shares": 2916.0,
      "price": 26.8,
      "cost_basis": 25.719999999999995,
      "market_value": 78148.8,
      "unrealized_pnl": 3149.2800000000157,
      "short_percent_of_float": 0.129,
      "short_ratio": 3.05
    },
    {
      "ticker": "JAKK",
      "company": "JAKKS Pacific, Inc.",
      "sector": "Consumer Cyclical",
      "country": "United States",
      "shares": 3436.0,
      "price": 22.5,
      "cost_basis": 21.83,
      "market_value": 77310.0,
      "unrealized_pnl": 2302.120000000006,
      "short_percent_of_float": 0.039100002,
      "short_ratio": 7.32
    },
    {
      "ticker": "VIA",
      "company": "Via Transportation, Inc.",
      "sector": "Technology",
      "country": "United States",
      "shares": 4921.0,
      "price": 15.1,
      "cost_basis": 15.241408250355619,
      "market_value": 74307.09999999999,
      "unrealized_pnl": -695.8700000000016,
      "short_percent_of_float": 0.13520001,
      "short_ratio": 6.88
    },
    {
      "ticker": "ZS",
      "company": "Zscaler, Inc.",
      "sector": "Technology",
      "country": "United States",
      "shares": 549.0,
      "price": 129.52,
      "cost_basis": 136.8013843351548,
      "market_value": 71106.48000000001,
      "unrealized_pnl": -3997.4799999999836,
      "short_percent_of_float": 0.114700004,
      "short_ratio": 2.09
    },
    {
      "ticker": "XNET",
      "company": "Xunlei Limited",
      "sector": "Technology",
      "country": "China",
      "shares": 10526.0,
      "price": 5.23,
      "cost_basis": 4.75,
      "market_value": 55050.98,
      "unrealized_pnl": 5052.480000000004,
      "short_percent_of_float": 0.0377,
      "short_ratio": 6.03
    },
    {
      "ticker": "CMI",
      "company": "Cummins Inc.",
      "sector": "Industrials",
      "country": "United States",
      "shares": 78.0,
      "price": 659.58,
      "cost_basis": 643.5,
      "market_value": 51447.240000000005,
      "unrealized_pnl": 1254.2400000000032,
      "short_percent_of_float": 0.0171,
      "short_ratio": 2.07
    },
    {
      "ticker": "CRWV",
      "company": "CoreWeave, Inc.",
      "sector": "Technology",
      "country": "United States",
      "shares": 468.0,
      "price": 100.55,
      "cost_basis": 106.78134615384614,
      "market_value": 47057.4,
      "unrealized_pnl": -2916.269999999997,
      "short_percent_of_float": 0.18190001,
      "short_ratio": 1.91
    },
    {
      "ticker": "PYPL",
      "company": "PayPal Holdings, Inc.",
      "sector": "Financial Services",
      "country": "United States",
      "shares": 830.0,
      "price": 41.53,
      "cost_basis": 45.19,
      "market_value": 34469.9,
      "unrealized_pnl": -3037.799999999997,
      "short_percent_of_float": 0.0626,
      "short_ratio": 3.16
    },
    {
      "ticker": "BABA",
      "company": "Alibaba Group Holding Limited",
      "sector": "Consumer Cyclical",
      "country": "China",
      "shares": 299.0,
      "price": 112.82,
      "cost_basis": 125.39999999999999,
      "market_value": 33733.18,
      "unrealized_pnl": -3761.4199999999996,
      "short_percent_of_float": 0.0165,
      "short_ratio": 3.21
    },
    {
      "ticker": "ZTS",
      "company": "Zoetis Inc.",
      "sector": "Healthcare",
      "country": "United States",
      "shares": 312.0,
      "price": 79.57,
      "cost_basis": 80.09,
      "market_value": 24825.839999999997,
      "unrealized_pnl": -162.2400000000032,
      "short_percent_of_float": 0.0363,
      "short_ratio": 1.45
    },
    {
      "ticker": "AVAV",
      "company": "AeroVironment, Inc.",
      "sector": "Industrials",
      "country": "United States",
      "shares": 122.0,
      "price": 170.58,
      "cost_basis": 204.09,
      "market_value": 20810.760000000002,
      "unrealized_pnl": -4088.219999999999,
      "short_percent_of_float": 0.120699994,
      "short_ratio": 3.48
    },
    {
      "ticker": "GENC",
      "company": "Gencor Industries, Inc.",
      "sector": "Industrials",
      "country": "United States",
      "shares": 873.0,
      "price": 14.95,
      "cost_basis": 14.32,
      "market_value": 13051.349999999999,
      "unrealized_pnl": 549.9899999999991,
      "short_percent_of_float": 0.0064,
      "short_ratio": 2.39
    },
    {
      "ticker": "VST",
      "company": "Vistra Corp.",
      "sector": "Utilities",
      "country": "United States",
      "shares": 81.0,
      "price": 148.02,
      "cost_basis": 154.76,
      "market_value": 11989.62,
      "unrealized_pnl": -545.9399999999985,
      "short_percent_of_float": 0.0539,
      "short_ratio": 2.73
    },
    {
      "ticker": "CEG",
      "company": "Constellation Energy Corporation",
      "sector": "Utilities",
      "country": "United States",
      "shares": 47.0,
      "price": 253.76,
      "cost_basis": 265.7,
      "market_value": 11926.72,
      "unrealized_pnl": -561.1799999999998,
      "short_percent_of_float": 0.036,
      "short_ratio": 3.46
    },
    {
      "ticker": "OPEN",
      "company": "Opendoor Technologies Inc.",
      "sector": "Real Estate",
      "country": "United States",
      "shares": 2417.0,
      "price": 4.44,
      "cost_basis": 5.171402565163425,
      "market_value": 10731.480000000001,
      "unrealized_pnl": -1767.7999999999972,
      "short_percent_of_float": 0.16149999,
      "short_ratio": 3.77
    }
  ],
  "sector_exposure": [
    {
      "name": "Technology",
      "value": 447719.16,
      "pct": 0.45677294329592777
    },
    {
      "name": "Communication Services",
      "value": 192383.1,
      "pct": 0.1962734738164764
    },
    {
      "name": "Consumer Cyclical",
      "value": 111043.18,
      "pct": 0.11328869678380415
    },
    {
      "name": "Industrials",
      "value": 85309.35,
      "pct": 0.08703447690324993
    },
    {
      "name": "Cash",
      "value": 49780.460000000036,
      "pct": 0.05078712117843073
    },
    {
      "name": "Financial Services",
      "value": 34469.9,
      "pct": 0.035166950813801
    },
    {
      "name": "Healthcare",
      "value": 24825.839999999997,
      "pct": 0.02532786849370881
    },
    {
      "name": "Utilities",
      "value": 23916.34,
      "pct": 0.02439997657162166
    },
    {
      "name": "Real Estate",
      "value": 10731.480000000001,
      "pct": 0.010948492142979504
    }
  ],
  "geographic_exposure": [
    {
      "name": "United States",
      "value": 719565.79,
      "pct": 0.7341168597594964
    },
    {
      "name": "Kazakhstan",
      "value": 122048.40000000001,
      "pct": 0.12451646450100264
    },
    {
      "name": "China",
      "value": 88784.16,
      "pct": 0.09057955456107034
    },
    {
      "name": "Cash",
      "value": 49780.460000000036,
      "pct": 0.05078712117843073
    }
  ],
  "signals": [
    {
      "ticker": "AVAV",
      "label": "STRONG SELL",
      "composite": -2.0,
      "rsi": 43.7,
      "subs": {
        "rsi": 0.0,
        "macd": -0.5,
        "trend": -0.5,
        "bb": -0.5,
        "vol": 0.0,
        "range": -0.5
      }
    },
    {
      "ticker": "BABA",
      "label": "STRONG SELL",
      "composite": -2.0,
      "rsi": 30.5,
      "subs": {
        "rsi": 0.0,
        "macd": -0.5,
        "trend": -0.5,
        "bb": -0.5,
        "vol": 0.0,
        "range": -0.5
      }
    },
    {
      "ticker": "CEG",
      "label": "STRONG SELL",
      "composite": -2.0,
      "rsi": 39.9,
      "subs": {
        "rsi": 0.0,
        "macd": -0.5,
        "trend": -0.5,
        "bb": -0.5,
        "vol": 0.0,
        "range": -0.5
      }
    },
    {
      "ticker": "CMI",
      "label": "NEUTRAL",
      "composite": 0.0,
      "rsi": 50.1,
      "subs": {
        "rsi": 0.5,
        "macd": -0.5,
        "trend": 0.5,
        "bb": -0.5,
        "vol": 0.0,
        "range": 0.0
      }
    },
    {
      "ticker": "CRWV",
      "label": "SELL",
      "composite": -1.0,
      "rsi": 45.2,
      "subs": {
        "rsi": 0.5,
        "macd": -0.5,
        "trend": 0.0,
        "bb": -0.5,
        "vol": 0.0,
        "range": -0.5
      }
    },
    {
      "ticker": "GENC",
      "label": "STRONG BUY",
      "composite": 2.0,
      "rsi": 53.6,
      "subs": {
        "rsi": 0.5,
        "macd": 0.5,
        "trend": 0.5,
        "bb": 0.5,
        "vol": 0.0,
        "range": 0.0
      }
    },
    {
      "ticker": "GRPN",
      "label": "SELL",
      "composite": -1.5,
      "rsi": 48.9,
      "subs": {
        "rsi": 0.5,
        "macd": -0.5,
        "trend": 0.0,
        "bb": -0.5,
        "vol": -0.5,
        "range": -0.5
      }
    },
    {
      "ticker": "JAKK",
      "label": "STRONG BUY",
      "composite": 2.0,
      "rsi": 58.6,
      "subs": {
        "rsi": 0.5,
        "macd": 0.5,
        "trend": 0.5,
        "bb": 0.5,
        "vol": -0.5,
        "range": 0.5
      }
    },
    {
      "ticker": "KSPI",
      "label": "SELL",
      "composite": -1.5,
      "rsi": 39.6,
      "subs": {
        "rsi": 0.0,
        "macd": -0.5,
        "trend": 0.0,
        "bb": -0.5,
        "vol": 0.0,
        "range": -0.5
      }
    },
    {
      "ticker": "OPEN",
      "label": "STRONG SELL",
      "composite": -2.0,
      "rsi": 42.9,
      "subs": {
        "rsi": 0.0,
        "macd": -0.5,
        "trend": -0.5,
        "bb": -0.5,
        "vol": 0.0,
        "range": -0.5
      }
    },
    {
      "ticker": "PYPL",
      "label": "STRONG SELL",
      "composite": -2.0,
      "rsi": 35.3,
      "subs": {
        "rsi": 0.0,
        "macd": -0.5,
        "trend": -0.5,
        "bb": -0.5,
        "vol": 0.0,
        "range": -0.5
      }
    },
    {
      "ticker": "TENB",
      "label": "NEUTRAL",
      "composite": 0.0,
      "rsi": 56.8,
      "subs": {
        "rsi": 0.5,
        "macd": -0.5,
        "trend": 0.0,
        "bb": 0.5,
        "vol": -0.5,
        "range": 0.0
      }
    },
    {
      "ticker": "VIA",
      "label": "BUY",
      "composite": 1.0,
      "rsi": 49.4,
      "subs": {
        "rsi": 0.5,
        "macd": 0.5,
        "trend": -0.5,
        "bb": 0.5,
        "vol": 0.0,
        "range": 0.0
      }
    },
    {
      "ticker": "VST",
      "label": "SELL",
      "composite": -1.0,
      "rsi": 47.1,
      "subs": {
        "rsi": 0.5,
        "macd": -0.5,
        "trend": -0.5,
        "bb": -0.5,
        "vol": 0.0,
        "range": 0.0
      }
    },
    {
      "ticker": "XNET",
      "label": "SELL",
      "composite": -1.0,
      "rsi": 44.1,
      "subs": {
        "rsi": 0.0,
        "macd": -0.5,
        "trend": -0.5,
        "bb": -0.5,
        "vol": 0.5,
        "range": 0.0
      }
    },
    {
      "ticker": "ZS",
      "label": "STRONG SELL",
      "composite": -2.5,
      "rsi": 42.8,
      "subs": {
        "rsi": 0.0,
        "macd": -0.5,
        "trend": -0.5,
        "bb": -0.5,
        "vol": -0.5,
        "range": -0.5
      }
    },
    {
      "ticker": "ZTS",
      "label": "BUY",
      "composite": 1.0,
      "rsi": 37.3,
      "subs": {
        "rsi": 0.0,
        "macd": 0.5,
        "trend": -0.5,
        "bb": 0.5,
        "vol": 0.0,
        "range": 0.5
      }
    }
  ],
  "volatility": [
    {
      "ticker": "AVAV",
      "hv20": 0.9505955326025821,
      "garch": 0.7616926795932147,
      "expansion": -0.19872053521246924,
      "regime": "HIGH",
      "signal": "WEAK"
    },
    {
      "ticker": "BABA",
      "hv20": 0.3491839099629962,
      "garch": 0.4164198921054468,
      "expansion": 0.19255177636786222,
      "regime": "NORMAL",
      "signal": "BASE"
    },
    {
      "ticker": "CEG",
      "hv20": 0.5419556392692689,
      "garch": 0.5583154443672423,
      "expansion": 0.030186612911772093,
      "regime": "HIGH",
      "signal": "WEAK"
    },
    {
      "ticker": "CMI",
      "hv20": 0.48423737694546937,
      "garch": 0.3878982434487013,
      "expansion": -0.19895022169595342,
      "regime": "EXTREME",
      "signal": "WEAK"
    },
    {
      "ticker": "CRWV",
      "hv20": 0.7901503951784549,
      "garch": 0.9433986810404024,
      "expansion": 0.19394824934224894,
      "regime": "LOW",
      "signal": "BASE"
    },
    {
      "ticker": "GENC",
      "hv20": 0.3672569303727272,
      "garch": 0.3946340558387265,
      "expansion": 0.07454488452597584,
      "regime": "NORMAL",
      "signal": "WEAK"
    },
    {
      "ticker": "GRPN",
      "hv20": 0.8253308719873076,
      "garch": 0.7854089146357758,
      "expansion": -0.04837085186866214,
      "regime": "HIGH",
      "signal": "WEAK"
    },
    {
      "ticker": "JAKK",
      "hv20": 0.21985450697950096,
      "garch": 0.4610761783176247,
      "expansion": 1.0971877477163343,
      "regime": "LOW",
      "signal": "SIGNAL"
    },
    {
      "ticker": "KSPI",
      "hv20": 0.3275239127751839,
      "garch": 0.38850355382605634,
      "expansion": 0.1861837828394825,
      "regime": "HIGH",
      "signal": "BASE"
    },
    {
      "ticker": "OPEN",
      "hv20": 0.7265888405212931,
      "garch": 0.7997975019116486,
      "expansion": 0.10075665535659985,
      "regime": "LOW",
      "signal": "BASE"
    },
    {
      "ticker": "PYPL",
      "hv20": 0.2493013873675657,
      "garch": 0.41324761920088654,
      "expansion": 0.6576226212155061,
      "regime": "LOW",
      "signal": "SIGNAL"
    },
    {
      "ticker": "TENB",
      "hv20": 0.6891023773487023,
      "garch": 0.47646720297007905,
      "expansion": -0.3085683366769532,
      "regime": "HIGH",
      "signal": "WEAK"
    },
    {
      "ticker": "VIA",
      "hv20": 0.6870935460857867,
      "garch": null,
      "expansion": null,
      "regime": "NORMAL",
      "signal": "WEAK"
    },
    {
      "ticker": "VST",
      "hv20": 0.5373412322281244,
      "garch": 0.5791064250463298,
      "expansion": 0.07772564306115698,
      "regime": "HIGH",
      "signal": "WEAK"
    },
    {
      "ticker": "XNET",
      "hv20": 0.7047229821937546,
      "garch": 0.6648563591515143,
      "expansion": -0.056570629949002416,
      "regime": "HIGH",
      "signal": "WEAK"
    },
    {
      "ticker": "ZS",
      "hv20": 1.5746338022130175,
      "garch": 0.4712752794465309,
      "expansion": -0.7007080130096328,
      "regime": "EXTREME",
      "signal": "WEAK"
    },
    {
      "ticker": "ZTS",
      "hv20": 0.3040757426982245,
      "garch": 0.3259583828494363,
      "expansion": 0.07196443871857572,
      "regime": "HIGH",
      "signal": "WEAK"
    }
  ],
  "correlation": {
    "tickers": [
      "AVAV",
      "BABA",
      "CEG",
      "CMI",
      "CRWV",
      "GENC",
      "GRPN",
      "JAKK",
      "KSPI",
      "OPEN",
      "PYPL",
      "TENB",
      "VIA",
      "VST",
      "XNET",
      "ZS",
      "ZTS"
    ],
    "matrix": [
      [
        1.0,
        0.128,
        0.257,
        0.254,
        0.299,
        0.094,
        0.233,
        0.082,
        0.118,
        0.33,
        0.198,
        0.193,
        0.029,
        0.305,
        0.328,
        0.17,
        0.067
      ],
      [
        0.128,
        1.0,
        0.186,
        0.339,
        0.354,
        0.133,
        0.191,
        0.114,
        0.201,
        0.19,
        0.245,
        0.062,
        -0.038,
        0.229,
        0.468,
        0.038,
        0.076
      ],
      [
        0.257,
        0.186,
        1.0,
        0.323,
        0.222,
        0.152,
        0.089,
        0.091,
        0.051,
        0.185,
        0.13,
        0.061,
        0.008,
        0.795,
        0.249,
        0.045,
        0.12
      ],
      [
        0.254,
        0.339,
        0.323,
        1.0,
        0.365,
        0.358,
        0.198,
        0.149,
        0.237,
        0.186,
        0.077,
        -0.053,
        0.005,
        0.345,
        0.311,
        -0.049,
        0.196
      ],
      [
        0.299,
        0.354,
        0.222,
        0.365,
        1.0,
        0.12,
        0.166,
        0.06,
        0.128,
        0.238,
        0.134,
        0.119,
        0.226,
        0.31,
        0.368,
        0.186,
        0.078
      ],
      [
        0.094,
        0.133,
        0.152,
        0.358,
        0.12,
        1.0,
        0.162,
        0.315,
        0.152,
        0.13,
        0.1,
        0.163,
        0.066,
        0.174,
        0.168,
        0.052,
        0.155
      ],
      [
        0.233,
        0.191,
        0.089,
        0.198,
        0.166,
        0.162,
        1.0,
        0.153,
        0.334,
        0.302,
        0.267,
        0.249,
        0.178,
        0.129,
        0.227,
        0.149,
        0.164
      ],
      [
        0.082,
        0.114,
        0.091,
        0.149,
        0.06,
        0.315,
        0.153,
        1.0,
        0.108,
        0.139,
        0.216,
        -0.035,
        0.143,
        0.063,
        0.2,
        -0.05,
        0.137
      ],
      [
        0.118,
        0.201,
        0.051,
        0.237,
        0.128,
        0.152,
        0.334,
        0.108,
        1.0,
        0.244,
        0.252,
        0.265,
        0.147,
        0.096,
        0.196,
        0.155,
        0.193
      ],
      [
        0.33,
        0.19,
        0.185,
        0.186,
        0.238,
        0.13,
        0.302,
        0.139,
        0.244,
        1.0,
        0.237,
        0.119,
        0.163,
        0.253,
        0.341,
        0.062,
        0.163
      ],
      [
        0.198,
        0.245,
        0.13,
        0.077,
        0.134,
        0.1,
        0.267,
        0.216,
        0.252,
        0.237,
        1.0,
        0.36,
        0.159,
        0.073,
        0.329,
        0.207,
        0.17
      ],
      [
        0.193,
        0.062,
        0.061,
        -0.053,
        0.119,
        0.163,
        0.249,
        -0.035,
        0.265,
        0.119,
        0.36,
        1.0,
        0.335,
        0.074,
        0.161,
        0.56,
        0.092
      ],
      [
        0.029,
        -0.038,
        0.008,
        0.005,
        0.226,
        0.066,
        0.178,
        0.143,
        0.147,
        0.163,
        0.159,
        0.335,
        1.0,
        0.06,
        0.191,
        0.37,
        0.019
      ],
      [
        0.305,
        0.229,
        0.795,
        0.345,
        0.31,
        0.174,
        0.129,
        0.063,
        0.096,
        0.253,
        0.073,
        0.074,
        0.06,
        1.0,
        0.273,
        0.074,
        0.091
      ],
      [
        0.328,
        0.468,
        0.249,
        0.311,
        0.368,
        0.168,
        0.227,
        0.2,
        0.196,
        0.341,
        0.329,
        0.161,
        0.191,
        0.273,
        1.0,
        0.221,
        0.043
      ],
      [
        0.17,
        0.038,
        0.045,
        -0.049,
        0.186,
        0.052,
        0.149,
        -0.05,
        0.155,
        0.062,
        0.207,
        0.56,
        0.37,
        0.074,
        0.221,
        1.0,
        -0.039
      ],
      [
        0.067,
        0.076,
        0.12,
        0.196,
        0.078,
        0.155,
        0.164,
        0.137,
        0.193,
        0.163,
        0.17,
        0.092,
        0.019,
        0.091,
        0.043,
        -0.039,
        1.0
      ]
    ]
  },
  "residual_correlation": {
    "tickers": [
      "AVAV",
      "BABA",
      "CEG",
      "CMI",
      "CRWV",
      "GENC",
      "GRPN",
      "JAKK",
      "KSPI",
      "OPEN",
      "PYPL",
      "TENB",
      "VIA",
      "VST",
      "XNET",
      "ZS",
      "ZTS"
    ],
    "matrix": [
      [
        1.0,
        -0.016,
        0.103,
        0.064,
        0.104,
        -0.031,
        0.08,
        -0.057,
        -0.094,
        0.148,
        0.003,
        0.081,
        -0.144,
        0.143,
        0.155,
        0.097,
        -0.054
      ],
      [
        -0.016,
        1.0,
        0.018,
        0.111,
        0.192,
        -0.071,
        0.021,
        -0.044,
        0.021,
        0.041,
        0.117,
        -0.053,
        -0.164,
        0.056,
        0.337,
        -0.055,
        -0.017
      ],
      [
        0.103,
        0.018,
        1.0,
        0.035,
        -0.029,
        0.032,
        -0.061,
        -0.013,
        -0.135,
        0.028,
        0.04,
        -0.018,
        -0.09,
        0.727,
        0.079,
        0.018,
        0.079
      ],
      [
        0.064,
        0.111,
        0.035,
        1.0,
        0.081,
        0.074,
        -0.067,
        -0.142,
        -0.027,
        -0.083,
        -0.11,
        -0.269,
        -0.133,
        0.008,
        -0.006,
        -0.133,
        0.074
      ],
      [
        0.104,
        0.192,
        -0.029,
        0.081,
        1.0,
        0.019,
        -0.044,
        -0.033,
        -0.105,
        0.028,
        -0.043,
        -0.001,
        0.114,
        0.052,
        0.109,
        0.132,
        0.041
      ],
      [
        -0.031,
        -0.071,
        0.032,
        0.074,
        0.019,
        1.0,
        -0.028,
        0.064,
        -0.079,
        -0.071,
        0.001,
        0.087,
        -0.014,
        0.03,
        -0.038,
        0.004,
        -0.041
      ],
      [
        0.08,
        0.021,
        -0.061,
        -0.067,
        -0.044,
        -0.028,
        1.0,
        0.009,
        0.165,
        0.111,
        0.092,
        0.113,
        0.055,
        -0.039,
        -0.003,
        0.047,
        0.038
      ],
      [
        -0.057,
        -0.044,
        -0.013,
        -0.142,
        -0.033,
        0.064,
        0.009,
        1.0,
        -0.094,
        -0.026,
        0.102,
        -0.133,
        0.081,
        -0.052,
        0.029,
        -0.119,
        -0.048
      ],
      [
        -0.094,
        0.021,
        -0.135,
        -0.027,
        -0.105,
        -0.079,
        0.165,
        -0.094,
        1.0,
        0.064,
        0.072,
        0.159,
        0.019,
        -0.111,
        -0.028,
        0.06,
        0.06
      ],
      [
        0.148,
        0.041,
        0.028,
        -0.083,
        0.028,
        -0.071,
        0.111,
        -0.026,
        0.064,
        1.0,
        0.063,
        -0.015,
        0.04,
        0.097,
        0.164,
        -0.042,
        0.025
      ],
      [
        0.003,
        0.117,
        0.04,
        -0.11,
        -0.043,
        0.001,
        0.092,
        0.102,
        0.072,
        0.063,
        1.0,
        0.248,
        0.007,
        -0.043,
        0.184,
        0.072,
        0.021
      ],
      [
        0.081,
        -0.053,
        -0.018,
        -0.269,
        -0.001,
        0.087,
        0.113,
        -0.133,
        0.159,
        -0.015,
        0.248,
        1.0,
        0.267,
        -0.021,
        0.03,
        0.52,
        -0.017
      ],
      [
        -0.144,
        -0.164,
        -0.09,
        -0.133,
        0.114,
        -0.014,
        0.055,
        0.081,
        0.019,
        0.04,
        0.007,
        0.267,
        1.0,
        -0.041,
        0.062,
        0.308,
        -0.068
      ],
      [
        0.143,
        0.056,
        0.727,
        0.008,
        0.052,
        0.03,
        -0.039,
        -0.052,
        -0.111,
        0.097,
        -0.043,
        -0.021,
        -0.041,
        1.0,
        0.084,
        0.048,
        0.036
      ],
      [
        0.155,
        0.337,
        0.079,
        -0.006,
        0.109,
        -0.038,
        -0.003,
        0.029,
        -0.028,
        0.164,
        0.184,
        0.03,
        0.062,
        0.084,
        1.0,
        0.147,
        -0.096
      ],
      [
        0.097,
        -0.055,
        0.018,
        -0.133,
        0.132,
        0.004,
        0.047,
        -0.119,
        0.06,
        -0.042,
        0.072,
        0.52,
        0.308,
        0.048,
        0.147,
        1.0,
        -0.118
      ],
      [
        -0.054,
        -0.017,
        0.079,
        0.074,
        0.041,
        -0.041,
        0.038,
        -0.048,
        0.06,
        0.025,
        0.021,
        -0.017,
        -0.068,
        0.036,
        -0.096,
        -0.118,
        1.0
      ]
    ]
  },
  "factor_correlation": {
    "factors": [
      "Market",
      "Size",
      "Value (SMID)",
      "Momentum",
      "Quality",
      "Profitability",
      "Liquidity",
      "Credit"
    ],
    "matrix": [
      [
        1.0,
        0.353,
        -0.489,
        0.404,
        -0.212,
        -0.532,
        0.325,
        0.168
      ],
      [
        0.353,
        1.0,
        -0.163,
        0.248,
        0.148,
        0.151,
        0.337,
        0.044
      ],
      [
        -0.489,
        -0.163,
        1.0,
        -0.527,
        0.279,
        0.568,
        -0.376,
        -0.127
      ],
      [
        0.404,
        0.248,
        -0.527,
        1.0,
        -0.209,
        -0.509,
        0.283,
        0.022
      ],
      [
        -0.212,
        0.148,
        0.279,
        -0.209,
        1.0,
        0.404,
        -0.216,
        -0.135
      ],
      [
        -0.532,
        0.151,
        0.568,
        -0.509,
        0.404,
        1.0,
        -0.275,
        -0.08
      ],
      [
        0.325,
        0.337,
        -0.376,
        0.283,
        -0.216,
        -0.275,
        1.0,
        0.155
      ],
      [
        0.168,
        0.044,
        -0.127,
        0.022,
        -0.135,
        -0.08,
        0.155,
        1.0
      ]
    ]
  },
  "factor_exposures": [
    {
      "ticker": "AVAV",
      "r_squared": 0.1825346007319918,
      "alpha_annual": -0.25981917545376654,
      "idio_vol_annual": 0.6668981128020567,
      "Market": 0.9877392924025871,
      "Size": 0.77632545500796,
      "Value (SMID)": -2.204775059541121,
      "Momentum": -0.6230123024803929,
      "Quality": -1.1770669476820197,
      "Profitability": -0.021029125621005833,
      "Liquidity": 0.10287588356073894,
      "Credit": -1.6945395080868804
    },
    {
      "ticker": "BABA",
      "r_squared": 0.15356965929670563,
      "alpha_annual": -0.3552599594196736,
      "idio_vol_annual": 0.3976888468011463,
      "Market": 1.2048680345821163,
      "Size": 0.14260241899348966,
      "Value (SMID)": 0.21494135330287012,
      "Momentum": -0.17562379472780282,
      "Quality": -0.24723217832405428,
      "Profitability": -0.22777631826303246,
      "Liquidity": 0.21199749037753834,
      "Credit": 1.04780161071552
    },
    {
      "ticker": "CEG",
      "r_squared": 0.25265055165055683,
      "alpha_annual": -0.4019294005975897,
      "idio_vol_annual": 0.40433973770494686,
      "Market": 0.7326800359439827,
      "Size": 0.3515950151327967,
      "Value (SMID)": -0.4539511911958189,
      "Momentum": 0.6744418921258772,
      "Quality": -0.7083625368604265,
      "Profitability": -0.6300207536639516,
      "Liquidity": -0.4239971629361766,
      "Credit": -0.8603539600911367
    },
    {
      "ticker": "CMI",
      "r_squared": 0.5001332732694969,
      "alpha_annual": 0.2856518846176146,
      "idio_vol_annual": 0.2379574379066553,
      "Market": 1.2136455062100755,
      "Size": 0.7929778990838083,
      "Value (SMID)": 0.38323252074843267,
      "Momentum": 0.7713042398628884,
      "Quality": 0.11253562765700723,
      "Profitability": -0.12111725043090571,
      "Liquidity": -0.32582315607136847,
      "Credit": 0.833419888213755
    },
    {
      "ticker": "CRWV",
      "r_squared": 0.2853349923505414,
      "alpha_annual": -0.8444649880710252,
      "idio_vol_annual": 0.7961004312856652,
      "Market": 0.8192839434999406,
      "Size": 0.6439730962975279,
      "Value (SMID)": -2.1435981337489105,
      "Momentum": 1.0609197849830512,
      "Quality": -3.830746237677178,
      "Profitability": -0.0806842528069289,
      "Liquidity": 0.4274289281236592,
      "Credit": 2.0383164331884966
    },
    {
      "ticker": "GENC",
      "r_squared": 0.333426888889755,
      "alpha_annual": -0.43769608247046415,
      "idio_vol_annual": 0.3266149665171755,
      "Market": 1.3834040024601406,
      "Size": 1.2131853075608283,
      "Value (SMID)": 1.1578803702815692,
      "Momentum": -0.07502370528890995,
      "Quality": -0.6338084506014682,
      "Profitability": 0.10338806083455254,
      "Liquidity": -0.16741372256664813,
      "Credit": 0.5933522039494811
    },
    {
      "ticker": "GRPN",
      "r_squared": 0.16189290607548756,
      "alpha_annual": -1.044442613837875,
      "idio_vol_annual": 0.627800809567661,
      "Market": 1.803630441357442,
      "Size": 0.35722549535636705,
      "Value (SMID)": -0.894067945280101,
      "Momentum": -0.14189401530951654,
      "Quality": -2.0328206284053962,
      "Profitability": 1.3764404855809969,
      "Liquidity": 0.16613713917269668,
      "Credit": 1.4523685008784954
    },
    {
      "ticker": "JAKK",
      "r_squared": 0.28627021770220973,
      "alpha_annual": -0.3600893685659362,
      "idio_vol_annual": 0.35958554158703765,
      "Market": 1.3599638390251638,
      "Size": 1.0159983631507292,
      "Value (SMID)": 0.8218219381920014,
      "Momentum": -0.4192981003709938,
      "Quality": 1.5927903325452546,
      "Profitability": -0.3294162708421506,
      "Liquidity": 0.39169292251676713,
      "Credit": -0.31113844892032827
    },
    {
      "ticker": "KSPI",
      "r_squared": 0.2246077729032716,
      "alpha_annual": -0.2920165827525881,
      "idio_vol_annual": 0.31999853775125137,
      "Market": 1.2760804922060534,
      "Size": 0.38737469982907974,
      "Value (SMID)": -0.30397995094085695,
      "Momentum": -0.5597216382523758,
      "Quality": 0.16657216311813414,
      "Profitability": 0.12564786628496435,
      "Liquidity": 0.029228493484222684,
      "Credit": 0.3759282278758254
    },
    {
      "ticker": "OPEN",
      "r_squared": 0.12202384029569868,
      "alpha_annual": 1.4498824131061805,
      "idio_vol_annual": 1.3443639567003953,
      "Market": 2.8070226618014913,
      "Size": 1.4373489972192683,
      "Value (SMID)": -1.6484801896299313,
      "Momentum": -1.9041912120249105,
      "Quality": 0.8326207022689291,
      "Profitability": 0.912289983561674,
      "Liquidity": 1.8263371290487498,
      "Credit": -3.2070864185633643
    },
    {
      "ticker": "PYPL",
      "r_squared": 0.3089787651474839,
      "alpha_annual": -0.7604871351030181,
      "idio_vol_annual": 0.33657139286959925,
      "Market": 1.9009158561417192,
      "Size": -0.4253216562098958,
      "Value (SMID)": -0.9033098040054771,
      "Momentum": -0.909302562155906,
      "Quality": 1.6266825073446647,
      "Profitability": 0.765210849116835,
      "Liquidity": 0.47570148341780255,
      "Credit": -0.052073617507081796
    },
    {
      "ticker": "TENB",
      "r_squared": 0.145664575704892,
      "alpha_annual": -0.33420619812839686,
      "idio_vol_annual": 0.40876325420202253,
      "Market": 1.5095045420939408,
      "Size": -0.13389036017620248,
      "Value (SMID)": -0.757562810716072,
      "Momentum": -0.2809660237678686,
      "Quality": -0.45191422459650504,
      "Profitability": 1.3397582511644002,
      "Liquidity": -0.18887705570959265,
      "Credit": -0.28105041783683643
    },
    {
      "ticker": "VIA",
      "r_squared": 0.11899546822933904,
      "alpha_annual": -1.584460188201304,
      "idio_vol_annual": 0.6815760399146058,
      "Market": 1.2334992656497847,
      "Size": 0.32753284004856575,
      "Value (SMID)": -1.4197344444973667,
      "Momentum": -1.204121410127384,
      "Quality": -1.5159177764490304,
      "Profitability": 0.63174242823091,
      "Liquidity": 0.6044713077198243,
      "Credit": -0.8424160540658042
    },
    {
      "ticker": "VST",
      "r_squared": 0.28998162042254605,
      "alpha_annual": -0.39014699360598926,
      "idio_vol_annual": 0.41178362641779565,
      "Market": 0.6273241536028216,
      "Size": 0.7410625542626516,
      "Value (SMID)": -0.6765489581779627,
      "Momentum": 0.7262216269382843,
      "Quality": -1.8769533745319598,
      "Profitability": -0.4783244931339199,
      "Liquidity": -0.7461423038004725,
      "Credit": -0.8142752525261079
    },
    {
      "ticker": "XNET",
      "r_squared": 0.17874249008805787,
      "alpha_annual": -0.3956136177775572,
      "idio_vol_annual": 0.6816272071965704,
      "Market": 1.8625836108679845,
      "Size": 0.13481947420149246,
      "Value (SMID)": -0.7493228429965151,
      "Momentum": -0.37610801386585635,
      "Quality": 0.5760705445630803,
      "Profitability": 0.5401415733509478,
      "Liquidity": 1.427119353157966,
      "Credit": 2.000683501161868
    },
    {
      "ticker": "ZS",
      "r_squared": 0.09144148635287674,
      "alpha_annual": -0.933372524897022,
      "idio_vol_annual": 0.5972585282698561,
      "Market": 1.3925904287047675,
      "Size": -0.4338730730796154,
      "Value (SMID)": -1.094177235674397,
      "Momentum": -0.9843489746977353,
      "Quality": -0.9984198226882486,
      "Profitability": 0.885118113787488,
      "Liquidity": 0.18209798098584193,
      "Credit": 0.08661244906638482
    },
    {
      "ticker": "ZTS",
      "r_squared": 0.17348970657660956,
      "alpha_annual": -0.9310124664921142,
      "idio_vol_annual": 0.3433565640829477,
      "Market": 1.3679062687652386,
      "Size": 0.0851046555282918,
      "Value (SMID)": 0.045024763888409994,
      "Momentum": -0.22475389516795719,
      "Quality": 1.2996979018613084,
      "Profitability": 0.8476416595941867,
      "Liquidity": 0.09461547203155082,
      "Credit": -0.7484229612911629
    }
  ],
  "portfolio_factor_exposure": {
    "loadings": {
      "Market": 1.4457974340914048,
      "Size": 0.33195506713823825,
      "Value (SMID)": -0.63976226047477,
      "Momentum": -0.32354747825281976,
      "Quality": -0.6278118938513297,
      "Profitability": 0.5655102167973316,
      "Liquidity": 0.2389092088134594,
      "Credit": 0.4350605174401209
    },
    "alpha_annual": -0.6317713540092877,
    "r_squared_weighted": 0.20690404343635505
  },
  "stress_tests": [
    {
      "scenario": "COVID Crash (Feb-Mar 2020)",
      "market_move": -0.339,
      "portfolio_impact": -0.5230324688345203,
      "stressed_nav": 467513.46710641787,
      "pnl": -512665.3428935822,
      "description": "Rapid 33.9% selloff in SPY over 23 trading days as COVID-19 spread."
    },
    {
      "scenario": "2022 Rate Shock (Jan-Oct)",
      "market_move": -0.252,
      "portfolio_impact": -0.388802897186723,
      "stressed_nav": 599082.4489109656,
      "pnl": -381096.3610890345,
      "description": "Grinding 9-month decline as the Fed hiked rates aggressively."
    },
    {
      "scenario": "GFC 2008-09",
      "market_move": -0.565,
      "portfolio_impact": -0.871720781390867,
      "stressed_nav": 125736.5718440299,
