{
  "generated_at": "2026-06-05T14:36:07.275424Z",
  "market_session": "OPEN",
  "fund_name": "Convex Capital",
  "tagline": "Lose small. Win big. \u2014 Paper-traded portfolio. Hypothetical performance for educational purposes only.",
  "summary": {
    "nav": 932650.7089593888,
    "cash": 112558.29999999999,
    "equity": 820092.4089593887,
    "deposits": 1000000.0,
    "total_return": -0.06734929104061127,
    "realized_pnl": 0.0,
    "open_positions": 16
  },
  "metrics": {
    "annualized_return": -0.25865635231513295,
    "annualized_vol": 0.30082224692964105,
    "sharpe": -0.8598311958477918,
    "sortino": -1.2228647029064026,
    "max_drawdown": -0.424146698916266,
    "var_95_1d": -0.03372854235121266,
    "method": "Synthetic: current weights \u00d7 each holding's 252-day return history.",
    "beta_spy": 1.6170003144038096,
    "data_basis": "synthetic_252d",
    "days_of_live_nav": 5
  },
  "nav_curve": [
    {
      "date": "2026-06-01",
      "value": 999876.7643095207
    },
    {
      "date": "2026-06-02",
      "value": 987956.0707318115
    },
    {
      "date": "2026-06-03",
      "value": 949214.2845170975
    },
    {
      "date": "2026-06-04",
      "value": 959413.1550930024
    },
    {
      "date": "2026-06-05",
      "value": 932365.4395425797
    }
  ],
  "drawdown_curve": [
    {
      "date": "2026-06-01",
      "value": 0.0
    },
    {
      "date": "2026-06-02",
      "value": -0.011922162813675608
    },
    {
      "date": "2026-06-03",
      "value": -0.050668723987609514
    },
    {
      "date": "2026-06-04",
      "value": -0.040468596391937436
    },
    {
      "date": "2026-06-05",
      "value": -0.06751964559708709
    }
  ],
  "benchmarks": {
    "SPY": [
      {
        "date": "2026-06-01",
        "value": 0.0
      },
      {
        "date": "2026-06-02",
        "value": 0.0013579103629497435
      },
      {
        "date": "2026-06-03",
        "value": -0.005668768842152949
      },
      {
        "date": "2026-06-04",
        "value": -0.0019115026417536596
      },
      {
        "date": "2026-06-05",
        "value": -0.010533380528148006
      }
    ],
    "IWM": [
      {
        "date": "2026-06-01",
        "value": 0.0
      },
      {
        "date": "2026-06-02",
        "value": 0.009273972502921835
      },
      {
        "date": "2026-06-03",
        "value": -0.004533177066893157
      },
      {
        "date": "2026-06-04",
        "value": 0.010485150059186044
      },
      {
        "date": "2026-06-05",
        "value": -0.0052949020397184965
      }
    ]
  },
  "holdings": [
    {
      "ticker": "GRPN",
      "company": "Groupon, Inc.",
      "sector": "Communication Services",
      "country": "United States",
      "shares": 9414.0,
      "price": 17.485000610351562,
      "cost_basis": 18.569696197153178,
      "market_value": 164603.7957458496,
      "unrealized_pnl": -10211.324254150406,
      "short_percent_of_float": 0.5812,
      "short_ratio": 4.89
    },
    {
      "ticker": "KSPI",
      "company": "Joint Stock Company Kaspi.kz",
      "sector": "Technology",
      "country": "Kazakhstan",
      "shares": 1260.0,
      "price": 81.98500061035156,
      "cost_basis": 89.27980952380952,
      "market_value": 103301.10076904297,
      "unrealized_pnl": -9191.459230957025,
      "short_percent_of_float": 0.015700001,
      "short_ratio": 2.81
    },
    {
      "ticker": "JAKK",
      "company": "JAKKS Pacific, Inc.",
      "sector": "Consumer Cyclical",
      "country": "United States",
      "shares": 3436.0,
      "price": 21.4950008392334,
      "cost_basis": 21.83,
      "market_value": 73856.82288360596,
      "unrealized_pnl": -1151.0571163940372,
      "short_percent_of_float": 0.0339,
      "short_ratio": 6.7
    },
    {
      "ticker": "ZS",
      "company": "Zscaler, Inc.",
      "sector": "Technology",
      "country": "United States",
      "shares": 509.0,
      "price": 133.82000732421875,
      "cost_basis": 147.54363457760311,
      "market_value": 68114.38372802734,
      "unrealized_pnl": -6985.326271972642,
      "short_percent_of_float": 0.1058,
      "short_ratio": 4.01
    },
    {
      "ticker": "VIA",
      "company": "Via Transportation, Inc.",
      "sector": "Technology",
      "country": "United States",
      "shares": 4588.0,
      "price": 14.84000015258789,
      "cost_basis": 16.34804054054054,
      "market_value": 68085.92070007324,
      "unrealized_pnl": -6918.889299926762,
      "short_percent_of_float": 0.1248,
      "short_ratio": 7.65
    },
    {
      "ticker": "XNET",
      "company": "Xunlei Limited",
      "sector": "Technology",
      "country": "China",
      "shares": 13064.0,
      "price": 4.75,
      "cost_basis": 5.74080985915493,
      "market_value": 62054.0,
      "unrealized_pnl": -12943.940000000004,
      "short_percent_of_float": 0.0322,
      "short_ratio": 6.99
    },
    {
      "ticker": "PRGS",
      "company": "Progress Software Corporation",
      "sector": "Technology",
      "country": "United States",
      "shares": 1416.0,
      "price": 31.43000030517578,
      "cost_basis": 35.32,
      "market_value": 44504.880432128906,
      "unrealized_pnl": -5508.239567871095,
      "short_percent_of_float": 0.1445,
      "short_ratio": 5.14
    },
    {
      "ticker": "CRWV",
      "company": "CoreWeave, Inc.",
      "sector": "Technology",
      "country": "United States",
      "shares": 425.0,
      "price": 102.98799896240234,
      "cost_basis": 117.60941176470588,
      "market_value": 43769.899559020996,
      "unrealized_pnl": -6214.100440979004,
      "short_percent_of_float": 0.1714,
      "short_ratio": 1.75
    },
    {
      "ticker": "BABA",
      "company": "Alibaba Group Holding Limited",
      "sector": "Consumer Cyclical",
      "country": "Hong Kong",
      "shares": 299.0,
      "price": 123.5199966430664,
      "cost_basis": 125.39999999999999,
      "market_value": 36932.478996276855,
      "unrealized_pnl": -562.1210037231419,
      "short_percent_of_float": 0.0197,
      "short_ratio": 3.3
    },
    {
      "ticker": "PYPL",
      "company": "PayPal Holdings, Inc.",
      "sector": "Financial Services",
      "country": "United States",
      "shares": 830.0,
      "price": 41.63999938964844,
      "cost_basis": 45.19,
      "market_value": 34561.1994934082,
      "unrealized_pnl": -2946.500506591795,
      "short_percent_of_float": 0.0545,
      "short_ratio": 2.87
    },
    {
      "ticker": "OPEN",
      "company": "Opendoor Technologies Inc.",
      "sector": "Real Estate",
      "country": "United States",
      "shares": 7252.0,
      "price": 4.635000228881836,
      "cost_basis": 5.1715333701047985,
      "market_value": 33613.021659851074,
      "unrealized_pnl": -3890.9383401489245,
      "short_percent_of_float": 0.14819999,
      "short_ratio": 3.26
    },
    {
      "ticker": "CMI",
      "company": "Cummins Inc.",
      "sector": "Industrials",
      "country": "United States",
      "shares": 39.0,
      "price": 667.0599975585938,
      "cost_basis": 643.5,
      "market_value": 26015.339904785156,
      "unrealized_pnl": 918.8399047851562,
      "short_percent_of_float": 0.014400001,
      "short_ratio": 1.92
    },
    {
      "ticker": "AVAV",
      "company": "AeroVironment, Inc.",
      "sector": "Industrials",
      "country": "United States",
      "shares": 122.0,
      "price": 192.14999389648438,
      "cost_basis": 204.09,
      "market_value": 23442.299255371094,
      "unrealized_pnl": -1456.6807446289067,
      "short_percent_of_float": 0.12109999,
      "short_ratio": 3.92
    },
    {
      "ticker": "GENC",
      "company": "Gencor Industries, Inc.",
      "sector": "Industrials",
      "country": "United States",
      "shares": 873.0,
      "price": 14.640000343322754,
      "cost_basis": 14.32,
      "market_value": 12780.720299720764,
      "unrealized_pnl": 279.3602997207639,
      "short_percent_of_float": 0.0061000003,
      "short_ratio": 2.96
    },
    {
      "ticker": "VST",
      "company": "Vistra Corp.",
      "sector": "Utilities",
      "country": "United States",
      "shares": 81.0,
      "price": 151.40499877929688,
      "cost_basis": 154.76,
      "market_value": 12263.804901123047,
      "unrealized_pnl": -271.7550988769524,
      "short_percent_of_float": 0.0461,
      "short_ratio": 2.83
    },
    {
      "ticker": "CEG",
      "company": "Constellation Energy Corporation",
      "sector": "Utilities",
      "country": "United States",
      "shares": 47.0,
      "price": 259.4200134277344,
      "cost_basis": 265.7,
      "market_value": 12192.740631103516,
      "unrealized_pnl": -295.15936889648384,
      "short_percent_of_float": 0.0325,
      "short_ratio": 3.35
    }
  ],
  "sector_exposure": [
    {
      "name": "Technology",
      "value": 389830.18518829346,
      "pct": 0.4179809026503063
    },
    {
      "name": "Communication Services",
      "value": 164603.7957458496,
      "pct": 0.17649029177226208
    },
    {
      "name": "Cash",
      "value": 112558.29999999999,
      "pct": 0.12068644661792802
    },
    {
      "name": "Consumer Cyclical",
      "value": 110789.30187988281,
      "pct": 0.11878970424361411
    },
    {
      "name": "Industrials",
      "value": 62238.359459877014,
      "pct": 0.06673276379033677
    },
    {
      "name": "Financial Services",
      "value": 34561.1994934082,
      "pct": 0.03705695943979938
    },
    {
      "name": "Real Estate",
      "value": 33613.021659851074,
      "pct": 0.03604031105852589
    },
    {
      "name": "Utilities",
      "value": 24456.545532226562,
      "pct": 0.026222620427227377
    }
  ],
  "geographic_exposure": [
    {
      "name": "United States",
      "value": 617804.8291940689,
      "pct": 0.6624182271660831
    },
    {
      "name": "Cash",
      "value": 112558.29999999999,
      "pct": 0.12068644661792802
    },
    {
      "name": "Kazakhstan",
      "value": 103301.10076904297,
      "pct": 0.1107607593890127
    },
    {
      "name": "China",
      "value": 62054.0,
      "pct": 0.06653509122320526
    },
    {
      "name": "Hong Kong",
      "value": 36932.478996276855,
      "pct": 0.0395994756037708
    }
  ],
  "signals": [
    {
      "ticker": "AVAV",
      "label": "BUY",
      "composite": 1.5,
      "rsi": 52.3,
      "subs": {
        "rsi": 0.5,
        "macd": 0.5,
        "trend": 0.0,
        "bb": 0.5,
        "vol": 0.0,
        "range": 0.0
      }
    },
    {
      "ticker": "BABA",
      "label": "STRONG SELL",
      "composite": -2.0,
      "rsi": 39.5,
      "subs": {
        "rsi": 0.0,
        "macd": -0.5,
        "trend": -0.5,
        "bb": -0.5,
        "vol": 0.0,
        "range": -0.5
      }
    },
    {
      "ticker": "CEG",
      "label": "SELL",
      "composite": -1.5,
      "rsi": 37.9,
      "subs": {
        "rsi": 0.0,
        "macd": -0.5,
        "trend": -0.5,
        "bb": -0.5,
        "vol": 0.5,
        "range": -0.5
      }
    },
    {
      "ticker": "CMI",
      "label": "NEUTRAL",
      "composite": 0.0,
      "rsi": 51.8,
      "subs": {
        "rsi": 0.5,
        "macd": -0.5,
        "trend": 0.5,
        "bb": -0.5,
        "vol": 0.0,
        "range": 0.0
      }
    },
    {
      "ticker": "CRWV",
      "label": "SELL",
      "composite": -1.5,
      "rsi": 44.7,
      "subs": {
        "rsi": 0.0,
        "macd": -0.5,
        "trend": 0.0,
        "bb": -0.5,
        "vol": 0.0,
        "range": -0.5
      }
    },
    {
      "ticker": "GENC",
      "label": "STRONG BUY",
      "composite": 2.0,
      "rsi": 50.3,
      "subs": {
        "rsi": 0.5,
        "macd": 0.5,
        "trend": 0.0,
        "bb": 0.5,
        "vol": 0.5,
        "range": 0.0
      }
    },
    {
      "ticker": "GRPN",
      "label": "SELL",
      "composite": -1.0,
      "rsi": 49.5,
      "subs": {
        "rsi": 0.5,
        "macd": -0.5,
        "trend": 0.0,
        "bb": -0.5,
        "vol": 0.0,
        "range": -0.5
      }
    },
    {
      "ticker": "JAKK",
      "label": "SELL",
      "composite": -1.0,
      "rsi": 45.9,
      "subs": {
        "rsi": 0.5,
        "macd": -0.5,
        "trend": 0.0,
        "bb": -0.5,
        "vol": 0.0,
        "range": -0.5
      }
    },
    {
      "ticker": "KSPI",
      "label": "SELL",
      "composite": -1.0,
      "rsi": 36.0,
      "subs": {
        "rsi": 0.0,
        "macd": -0.5,
        "trend": 0.0,
        "bb": 0.0,
        "vol": 0.0,
        "range": -0.5
      }
    },
    {
      "ticker": "OPEN",
      "label": "SELL",
      "composite": -1.0,
      "rsi": 44.6,
      "subs": {
        "rsi": 0.0,
        "macd": 0.5,
        "trend": -0.5,
        "bb": -0.5,
        "vol": 0.0,
        "range": -0.5
      }
    },
    {
      "ticker": "PRGS",
      "label": "BUY",
      "composite": 1.5,
      "rsi": 54.3,
      "subs": {
        "rsi": 0.5,
        "macd": 0.5,
        "trend": 0.0,
        "bb": 0.5,
        "vol": 0.0,
        "range": 0.0
      }
    },
    {
      "ticker": "PYPL",
      "label": "SELL",
      "composite": -1.5,
      "rsi": 30.4,
      "subs": {
        "rsi": 0.0,
        "macd": -0.5,
        "trend": -0.5,
        "bb": 0.0,
        "vol": 0.0,
        "range": -0.5
      }
    },
    {
      "ticker": "VIA",
      "label": "NEUTRAL",
      "composite": 0.0,
      "rsi": 47.0,
      "subs": {
        "rsi": 0.5,
        "macd": 0.5,
        "trend": -0.5,
        "bb": -0.5,
        "vol": 0.0,
        "range": 0.0
      }
    },
    {
      "ticker": "VST",
      "label": "LEAN BULL",
      "composite": 0.5,
      "rsi": 47.5,
      "subs": {
        "rsi": 0.5,
        "macd": 0.5,
        "trend": -0.5,
        "bb": 0.5,
        "vol": -0.5,
        "range": 0.0
      }
    },
    {
      "ticker": "XNET",
      "label": "SELL",
      "composite": -1.0,
      "rsi": 31.5,
      "subs": {
        "rsi": 0.0,
        "macd": -0.5,
        "trend": -0.5,
        "bb": 0.0,
        "vol": 0.5,
        "range": -0.5
      }
    },
    {
      "ticker": "ZS",
      "label": "STRONG SELL",
      "composite": -2.0,
      "rsi": 43.1,
      "subs": {
        "rsi": 0.0,
        "macd": -0.5,
        "trend": -0.5,
        "bb": -0.5,
        "vol": 0.0,
        "range": -0.5
      }
    }
  ],
  "volatility": [
    {
      "ticker": "AVAV",
      "hv20": 0.8466482060196681,
      "garch": 0.7651094362071335,
      "expansion": -0.09630773352236977,
      "regime": "HIGH",
      "signal": "WEAK"
    },
    {
      "ticker": "BABA",
      "hv20": 0.4587234903646473,
      "garch": 0.4271518559477519,
      "expansion": -0.06882497862012381,
      "regime": "HIGH",
      "signal": "WEAK"
    },
    {
      "ticker": "CEG",
      "hv20": 0.5465659374932983,
      "garch": 0.5660220201991585,
      "expansion": 0.035596954312760755,
      "regime": "HIGH",
      "signal": "WEAK"
    },
    {
      "ticker": "CMI",
      "hv20": 0.394042943773046,
      "garch": 0.3216800581760726,
      "expansion": -0.1836421302309926,
      "regime": "HIGH",
      "signal": "WEAK"
    },
    {
      "ticker": "CRWV",
      "hv20": 0.8744376425846023,
      "garch": 0.9976072045194219,
      "expansion": 0.14085574080590066,
      "regime": "NORMAL",
      "signal": "BASE"
    },
    {
      "ticker": "GENC",
      "hv20": 0.42460032192559,
      "garch": 0.46299707613129043,
      "expansion": 0.0904303464292459,
      "regime": "HIGH",
      "signal": "WEAK"
    },
    {
      "ticker": "GRPN",
      "hv20": 0.9396559984014305,
      "garch": 0.8063213034939609,
      "expansion": -0.14189734874709722,
      "regime": "EXTREME",
      "signal": "WEAK"
    },
    {
      "ticker": "JAKK",
      "hv20": 0.2614446795142304,
      "garch": 0.4607818739079888,
      "expansion": 0.7624450218842893,
      "regime": "LOW",
      "signal": "SIGNAL"
    },
    {
      "ticker": "KSPI",
      "hv20": 0.2555590947464365,
      "garch": 0.36702243274149265,
      "expansion": 0.4361548474948586,
      "regime": "LOW",
      "signal": "SIGNAL"
    },
    {
      "ticker": "OPEN",
      "hv20": 0.6874762048951992,
      "garch": 0.8479728267509977,
      "expansion": 0.233457712009487,
      "regime": "LOW",
      "signal": "SIGNAL"
    },
    {
      "ticker": "PRGS",
      "hv20": 0.6038054496266578,
      "garch": 0.5090910297722048,
      "expansion": -0.15686247931848982,
      "regime": "HIGH",
      "signal": "WEAK"
    },
    {
      "ticker": "PYPL",
      "hv20": 0.2269652508953282,
      "garch": 0.391478509669941,
      "expansion": 0.7248389703958824,
      "regime": "LOW",
      "signal": "SIGNAL"
    },
    {
      "ticker": "VIA",
      "hv20": 1.0189078458087102,
      "garch": null,
      "expansion": null,
      "regime": "NORMAL",
      "signal": "WEAK"
    },
    {
      "ticker": "VST",
      "hv20": 0.5072085616722725,
      "garch": 0.5636399347404478,
      "expansion": 0.11125871551166344,
      "regime": "HIGH",
      "signal": "BASE"
    },
    {
      "ticker": "XNET",
      "hv20": 0.7395920222361011,
      "garch": 0.8816591478180108,
      "expansion": 0.19208850462229216,
      "regime": "HIGH",
      "signal": "BASE"
    },
    {
      "ticker": "ZS",
      "hv20": 1.57654210682817,
      "garch": 0.6761876519204306,
      "expansion": -0.5710944547616009,
      "regime": "EXTREME",
      "signal": "WEAK"
    }
  ],
  "correlation": {
    "tickers": [
      "AVAV",
      "BABA",
      "CEG",
      "CMI",
      "CRWV",
      "GENC",
      "GRPN",
      "JAKK",
      "KSPI",
      "OPEN",
      "PRGS",
      "PYPL",
      "VIA",
      "VST",
      "XNET",
      "ZS"
    ],
    "matrix": [
      [
        1.0,
        0.122,
        0.258,
        0.238,
        0.303,
        0.098,
        0.218,
        0.086,
        0.086,
        0.328,
        0.174,
        0.195,
        0.03,
        0.296,
        0.326,
        0.169
      ],
      [
        0.122,
        1.0,
        0.175,
        0.33,
        0.349,
        0.131,
        0.179,
        0.118,
        0.208,
        0.187,
        0.02,
        0.24,
        -0.039,
        0.221,
        0.476,
        0.034
      ],
      [
        0.258,
        0.175,
        1.0,
        0.311,
        0.215,
        0.15,
        0.069,
        0.09,
        0.046,
        0.183,
        -0.006,
        0.12,
        0.005,
        0.795,
        0.245,
        0.037
      ],
      [
        0.238,
        0.33,
        0.311,
        1.0,
        0.361,
        0.361,
        0.172,
        0.156,
        0.231,
        0.193,
        -0.169,
        0.058,
        -0.0,
        0.32,
        0.302,
        -0.062
      ],
      [
        0.303,
        0.349,
        0.215,
        0.361,
        1.0,
        0.119,
        0.158,
        0.064,
        0.129,
        0.236,
        -0.024,
        0.129,
        0.222,
        0.306,
        0.368,
        0.179
      ],
      [
        0.098,
        0.131,
        0.15,
        0.361,
        0.119,
        1.0,
        0.161,
        0.316,
        0.161,
        0.132,
        0.158,
        0.098,
        0.065,
        0.173,
        0.165,
        0.052
      ],
      [
        0.218,
        0.179,
        0.069,
        0.172,
        0.158,
        0.161,
        1.0,
        0.153,
        0.329,
        0.292,
        0.149,
        0.255,
        0.177,
        0.105,
        0.212,
        0.142
      ],
      [
        0.086,
        0.118,
        0.09,
        0.156,
        0.064,
        0.316,
        0.153,
        1.0,
        0.109,
        0.14,
        0.352,
        0.216,
        0.144,
        0.061,
        0.199,
        -0.051
      ],
      [
        0.086,
        0.208,
        0.046,
        0.231,
        0.129,
        0.161,
        0.329,
        0.109,
        1.0,
        0.242,
        0.102,
        0.252,
        0.149,
        0.078,
        0.19,
        0.151
      ],
      [
        0.328,
        0.187,
        0.183,
        0.193,
        0.236,
        0.132,
        0.292,
        0.14,
        0.242,
        1.0,
        0.156,
        0.234,
        0.161,
        0.257,
        0.338,
        0.058
      ],
      [
        0.174,
        0.02,
        -0.006,
        -0.169,
        -0.024,
        0.158,
        0.149,
        0.352,
        0.102,
        0.156,
        1.0,
        0.295,
        0.386,
        0.019,
        0.156,
        0.294
      ],
      [
        0.195,
        0.24,
        0.12,
        0.058,
        0.129,
        0.098,
        0.255,
        0.216,
        0.252,
        0.234,
        0.295,
        1.0,
        0.158,
        0.059,
        0.324,
        0.203
      ],
      [
        0.03,
        -0.039,
        0.005,
        -0.0,
        0.222,
        0.065,
        0.177,
        0.144,
        0.149,
        0.161,
        0.386,
        0.158,
        1.0,
        0.059,
        0.187,
        0.368
      ],
      [
        0.296,
        0.221,
        0.795,
        0.32,
        0.306,
        0.173,
        0.105,
        0.061,
        0.078,
        0.257,
        0.019,
        0.059,
        0.059,
        1.0,
        0.267,
        0.066
      ],
      [
        0.326,
        0.476,
        0.245,
        0.302,
        0.368,
        0.165,
        0.212,
        0.199,
        0.19,
        0.338,
        0.156,
        0.324,
        0.187,
        0.267,
        1.0,
        0.219
      ],
      [
        0.169,
        0.034,
        0.037,
        -0.062,
        0.179,
        0.052,
        0.142,
        -0.051,
        0.151,
        0.058,
        0.294,
        0.203,
        0.368,
        0.066,
        0.219,
        1.0
      ]
    ]
  },
  "residual_correlation": {
    "tickers": [
      "AVAV",
      "BABA",
      "CEG",
      "CMI",
      "CRWV",
      "GENC",
      "GRPN",
      "JAKK",
      "KSPI",
      "OPEN",
      "PRGS",
      "PYPL",
      "VIA",
      "VST",
      "XNET",
      "ZS"
    ],
    "matrix": [
      [
        1.0,
        -0.01,
        0.122,
        0.065,
        0.124,
        -0.029,
        0.086,
        -0.053,
        -0.121,
        0.151,
        0.123,
        0.01,
        -0.143,
        0.153,
        0.166,
        0.098
      ],
      [
        -0.01,
        1.0,
        0.004,
        0.102,
        0.185,
        -0.081,
        0.024,
        -0.046,
        0.038,
        0.042,
        -0.065,
        0.127,
        -0.158,
        0.051,
        0.348,
        -0.045
      ],
      [
        0.122,
        0.004,
        1.0,
        0.028,
        -0.044,
        0.027,
        -0.056,
        -0.02,
        -0.122,
        0.027,
        0.032,
        0.05,
        -0.087,
        0.729,
        0.085,
        0.023
      ],
      [
        0.065,
        0.102,
        0.028,
        1.0,
        0.092,
        0.066,
        -0.059,
        -0.148,
        -0.013,
        -0.066,
        -0.281,
        -0.104,
        -0.117,
        -0.009,
        0.016,
        -0.12
      ],
      [
        0.124,
        0.185,
        -0.044,
        0.092,
        1.0,
        0.008,
        -0.031,
        -0.04,
        -0.094,
        0.014,
        -0.044,
        -0.035,
        0.107,
        0.051,
        0.104,
        0.131
      ],
      [
        -0.029,
        -0.081,
        0.027,
        0.066,
        0.008,
        1.0,
        -0.022,
        0.06,
        -0.07,
        -0.075,
        0.05,
        0.007,
        -0.012,
        0.029,
        -0.043,
        0.013
      ],
      [
        0.086,
        0.024,
        -0.056,
        -0.059,
        -0.031,
        -0.022,
        1.0,
        0.012,
        0.171,
        0.108,
        0.028,
        0.092,
        0.06,
        -0.034,
        -0.009,
        0.047
      ],
      [
        -0.053,
        -0.046,
        -0.02,
        -0.148,
        -0.04,
        0.06,
        0.012,
        1.0,
        -0.091,
        -0.026,
        0.309,
        0.109,
        0.084,
        -0.059,
        0.028,
        -0.116
      ],
      [
        -0.121,
        0.038,
        -0.122,
        -0.013,
        -0.094,
        -0.07,
        0.171,
        -0.091,
        1.0,
        0.069,
        -0.036,
        0.078,
        0.02,
        -0.113,
        -0.023,
        0.056
      ],
      [
        0.151,
        0.042,
        0.027,
        -0.066,
        0.014,
        -0.075,
        0.108,
        -0.026,
        0.069,
        1.0,
        0.026,
        0.067,
        0.036,
        0.105,
        0.16,
        -0.042
      ],
      [
        0.123,
        -0.065,
        0.032,
        -0.281,
        -0.044,
        0.05,
        0.028,
        0.309,
        -0.036,
        0.026,
        1.0,
        0.131,
        0.326,
        0.071,
        0.069,
        0.203
      ],
      [
        0.01,
        0.127,
        0.05,
        -0.104,
        -0.035,
        0.007,
        0.092,
        0.109,
        0.078,
        0.067,
        0.131,
        1.0,
        -0.004,
        -0.035,
        0.18,
        0.062
      ],
      [
        -0.143,
        -0.158,
        -0.087,
        -0.117,
        0.107,
        -0.012,
        0.06,
        0.084,
        0.02,
        0.036,
        0.326,
        -0.004,
        1.0,
        -0.033,
        0.052,
        0.3
      ],
      [
        0.153,
        0.051,
        0.729,
        -0.009,
        0.051,
        0.029,
        -0.034,
        -0.059,
        -0.113,
        0.105,
        0.071,
        -0.035,
        -0.033,
        1.0,
        0.089,
        0.055
      ],
      [
        0.166,
        0.348,
        0.085,
        0.016,
        0.104,
        -0.043,
        -0.009,
        0.028,
        -0.023,
        0.16,
        0.069,
        0.18,
        0.052,
        0.089,
        1.0,
        0.141
      ],
      [
        0.098,
        -0.045,
        0.023,
        -0.12,
        0.131,
        0.013,
        0.047,
        -0.116,
        0.056,
        -0.042,
        0.203,
        0.062,
        0.3,
        0.055,
        0.141,
        1.0
      ]
    ]
  },
  "factor_correlation": {
    "factors": [
      "Market",
      "Size",
      "Value (SMID)",
      "Momentum",
      "Quality",
      "Profitability",
      "Liquidity",
      "Credit"
    ],
    "matrix": [
      [
        1.0,
        0.347,
        -0.452,
        0.344,
        -0.167,
        -0.516,
        0.296,
        0.198
      ],
      [
        0.347,
        1.0,
        -0.149,
        0.214,
        0.139,
        0.171,
        0.332,
        0.056
      ],
      [
        -0.452,
        -0.149,
        1.0,
        -0.513,
        0.246,
        0.555,
        -0.35,
        -0.142
      ],
      [
        0.344,
        0.214,
        -0.513,
        1.0,
        -0.176,
        -0.504,
        0.226,
        0.016
      ],
      [
        -0.167,
        0.139,
        0.246,
        -0.176,
        1.0,
        0.392,
        -0.204,
        -0.139
      ],
      [
        -0.516,
        0.171,
        0.555,
        -0.504,
        0.392,
        1.0,
        -0.254,
        -0.084
      ],
      [
        0.296,
        0.332,
        -0.35,
        0.226,
        -0.204,
        -0.254,
        1.0,
        0.173
      ],
      [
        0.198,
        0.056,
        -0.142,
        0.016,
        -0.139,
        -0.084,
        0.173,
        1.0
      ]
    ]
  },
  "factor_exposures": [
    {
      "ticker": "AVAV",
      "r_squared": 0.17056351097236966,
      "alpha_annual": -0.18608884943979678,
      "idio_vol_annual": 0.6630005391683991,
      "Market": 0.953239190717059,
      "Size": 0.8588472484491781,
      "Value (SMID)": -2.1675190663086843,
      "Momentum": -0.6812325703323246,
      "Quality": -1.3227620386570618,
      "Profitability": -0.05153238032183039,
      "Liquidity": 0.010251407529220474,
      "Credit": -1.6609066383731401
    },
    {
      "ticker": "BABA",
      "r_squared": 0.14455835230620062,
      "alpha_annual": -0.29447186271939885,
      "idio_vol_annual": 0.3973701157238172,
      "Market": 1.1543800471395829,
      "Size": 0.192652284703159,
      "Value (SMID)": 0.23572868749341758,
      "Momentum": -0.10413262230669139,
      "Quality": -0.1331333809158795,
      "Profitability": -0.26869505443796865,
      "Liquidity": 0.18591165095312653,
      "Credit": 0.9399526229500854
    },
    {
      "ticker": "CEG",
      "r_squared": 0.25627596931183005,
      "alpha_annual": -0.4303498143070661,
      "idio_vol_annual": 0.40245215716243055,
      "Market": 0.7849647854580682,
      "Size": 0.30908166207227483,
      "Value (SMID)": -0.3931245029230827,
      "Momentum": 0.8599458461670058,
      "Quality": -0.8085578348884762,
      "Profitability": -0.5500633967449566,
      "Liquidity": -0.2586706774801868,
      "Credit": -0.8058833186510771
    },
    {
      "ticker": "CMI",
      "r_squared": 0.4883900882478671,
      "alpha_annual": 0.3467385898922539,
      "idio_vol_annual": 0.23274725309266206,
      "Market": 1.1512679011225044,
      "Size": 0.8382359821985692,
      "Value (SMID)": 0.4137290204057339,
      "Momentum": 0.8013026623861098,
      "Quality": 0.3619627080326701,
      "Profitability": -0.18192780462613947,
      "Liquidity": -0.3104566328620241,
      "Credit": 0.8919777232238636
    },
    {
      "ticker": "CRWV",
      "r_squared": 0.2872193993832195,
      "alpha_annual": -1.144038900643218,
      "idio_vol_annual": 0.8185459676236674,
      "Market": 1.2287458564659064,
      "Size": 0.502037138338789,
      "Value (SMID)": -1.9688180123309007,
      "Momentum": 1.3765114542619588,
      "Quality": -5.088295196669982,
      "Profitability": 0.27269286024914646,
      "Liquidity": 0.692388944982644,
      "Credit": 1.2030510837809383
    },
    {
      "ticker": "GENC",
      "r_squared": 0.3368874872023463,
      "alpha_annual": -0.48546416495130773,
      "idio_vol_annual": 0.32641203761614296,
      "Market": 1.4604988418121745,
      "Size": 1.143054040575426,
      "Value (SMID)": 1.1684100530613215,
      "Momentum": 0.04857768241618962,
      "Quality": -0.5973785546318892,
      "Profitability": 0.19331279432867501,
      "Liquidity": -0.1323002707058013,
      "Credit": 0.5191659187539985
    },
    {
      "ticker": "GRPN",
      "r_squared": 0.1447455939291027,
      "alpha_annual": -1.0940032750901334,
      "idio_vol_annual": 0.6277556387125838,
      "Market": 1.7694706233294306,
      "Size": 0.2764117693943892,
      "Value (SMID)": -0.8428062030990193,
      "Momentum": -0.16392895786576045,
      "Quality": -1.8055594344633277,
      "Profitability": 1.3401413302836782,
      "Liquidity": 0.14173942145428034,
      "Credit": 1.726873964319266
    },
    {
      "ticker": "JAKK",
      "r_squared": 0.28956022198035847,
      "alpha_annual": -0.3352808072860621,
      "idio_vol_annual": 0.3606625741401071,
      "Market": 1.433283735355136,
      "Size": 0.971723256504809,
      "Value (SMID)": 0.8302492136588616,
      "Momentum": -0.33696348288803135,
      "Quality": 1.4972131374375854,
      "Profitability": -0.22505927212515517,
      "Liquidity": 0.44670587864456895,
      "Credit": -0.344809290322688
    },
    {
      "ticker": "KSPI",
      "r_squared": 0.22458503589978462,
      "alpha_annual": -0.26593313426638066,
      "idio_vol_annual": 0.31637811109835084,
      "Market": 1.269140012014646,
      "Size": 0.40292127298070607,
      "Value (SMID)": -0.32098102393622163,
      "Momentum": -0.6190300508428662,
      "Quality": 0.14323200991562016,
      "Profitability": 0.12081863379750957,
      "Liquidity": -0.05728146009705709,
      "Credit": 0.4115025956365894
    },
    {
      "ticker": "OPEN",
      "r_squared": 0.11451392273048999,
      "alpha_annual": 1.3463748047922177,
      "idio_vol_annual": 1.3601847286409399,
      "Market": 2.8721287675349325,
      "Size": 1.2642673343135484,
      "Value (SMID)": -1.7432032434244404,
      "Momentum": -1.71600491664614,
      "Quality": 1.7111921077445986,
      "Profitability": 0.9361488482479288,
      "Liquidity": 1.726836269826704,
      "Credit": -2.9357357187412987
    },
    {
      "ticker": "PRGS",
      "r_squared": 0.18913423395016749,
      "alpha_annual": -1.0148881791399322,
      "idio_vol_annual": 0.4441283299312785,
      "Market": 1.9103707677005946,
      "Size": -0.3960121645072304,
      "Value (SMID)": -0.541739603924664,
      "Momentum": -1.0799684328434567,
      "Quality": -0.8568391130896285,
      "Profitability": 1.5309924973080238,
      "Liquidity": 0.16972410022007703,
      "Credit": -0.509095539276212
    },
    {
      "ticker": "PYPL",
      "r_squared": 0.3083031661475132,
      "alpha_annual": -0.8093373327189142,
      "idio_vol_annual": 0.33622366143656834,
      "Market": 1.88933968103455,
      "Size": -0.4147358689132362,
      "Value (SMID)": -0.9392585194193517,
      "Momentum": -0.9998836939618662,
      "Quality": 1.5094244905327447,
      "Profitability": 0.751285411402904,
      "Liquidity": 0.4572634461021925,
      "Credit": -0.1679999611402847
    },
    {
      "ticker": "VIA",
      "r_squared": 0.13074231090416832,
      "alpha_annual": -1.7534987835426654,
      "idio_vol_annual": 0.684568925620525,
      "Market": 1.3262197477896145,
      "Size": 0.31792895135942234,
      "Value (SMID)": -1.5901964976088787,
      "Momentum": -1.388176076967345,
      "Quality": -1.9073760627004137,
      "Profitability": 0.6783916827803715,
      "Liquidity": 0.5427690501608112,
      "Credit": -1.1648610255517238
    },
    {
      "ticker": "VST",
      "r_squared": 0.2797005814486656,
      "alpha_annual": -0.4117167513199881,
      "idio_vol_annual": 0.4102606815568434,
      "Market": 0.6308325943761978,
      "Size": 0.6886812416901749,
      "Value (SMID)": -0.6410500676463918,
      "Momentum": 0.8910109177924547,
      "Quality": -1.7486018131965129,
      "Profitability": -0.429611607947008,
      "Liquidity": -0.6228736097069516,
      "Credit": -0.6561644231664774
    },
    {
      "ticker": "XNET",
      "r_squared": 0.16639683707242203,
      "alpha_annual": -0.8028747045257093,
      "idio_vol_annual": 0.7253922307429261,
      "Market": 2.0405635874711883,
      "Size": 0.14548585314995147,
      "Value (SMID)": -0.7018737930117772,
      "Momentum": -0.6025697656924984,
      "Quality": 0.14160647152935144,
      "Profitability": 0.5403772046211625,
      "Liquidity": 1.3153379940189815,
      "Credit": 2.2201309779195157
    },
    {
      "ticker": "ZS",
      "r_squared": 0.09322687052062362,
      "alpha_annual": -0.9761576755757997,
      "idio_vol_annual": 0.595087033174758,
      "Market": 1.3233128453755818,
      "Size": -0.4015528380365807,
      "Value (SMID)": -1.2281319248446627,
      "Momentum": -1.1624320167267852,
      "Quality": -0.979992488763674,
      "Profitability": 0.8003102798809762,
      "Liquidity": 0.09115186715760454,
      "Credit": -0.005448590759377135
    }
  ],
  "portfolio_factor_exposure": {
    "loadings": {
      "Market": 1.544737666571469,
      "Size": 0.3299660113945825,
      "Value (SMID)": -0.7029087564272833,
      "Momentum": -0.4681057105132477,
      "Quality": -0.7026830730772747,
      "Profitability": 0.5643512879682336,
      "Liquidity": 0.33343183794527476,
      "Credit": 0.3568379530006238
    },
    "alpha_annual": -0.693443595413686,
    "r_squared_weighted": 0.19800925775595865
  },
  "stress_tests": [
    {
      "scenario": "COVID Crash (Feb-Mar 2020)",
      "market_move": -0.339,
      "portfolio_impact": -0.5481631065828915,
      "stressed_nav": 421405.99897947407,
      "pnl": -511244.7099799147,
      "description": "Rapid 33.9% selloff in SPY over 23 trading days as COVID-19 spread."
    },
    {
      "scenario": "2022 Rate Shock (Jan-Oct)",
      "market_move": -0.252,
      "portfolio_impact": -0.40748407922976004,
      "stressed_nav": 552610.3935760893,
      "pnl": -380040.3153832995,
      "description": "Grinding 9-month decline as the Fed hiked rates aggressively."
    },
    {
      "scenario": "GFC 2008-09",
      "market_move": -0.565,
      "portfolio_impact": -0.9136051776381524,
      "stressed_nav": 80576.1923261976,
      "pnl": -852074.5166331911,
      "description": "Credit crisis bear market; SPY drew down 56.5% from Oct 2007 peak."
    },
    {
      "scenario": "Dot-Com Bust (2000-02)",
      "market_move": -0.491,
      "portfolio_impact": -0.7939471543722705,
      "stressed_nav": 192175.33255780142,
      "pnl": -740475.3764015874,
      "description": "Tech bubble burst; SPY -49.1% peak-to-trough over 30 months."
    },
    {
      "scenario": "Black Monday (Oct 1987)",
      "market_move": -0.204,
      "portfolio_impact": -0.32986806413837716,
      "stressed_nav": 624999.0250776702,
      "pnl": -307651.68388171855,
      "description": "Flash crash; -20.4% on a single trading day."
    },
    {
      "scenario": "Aug 2024 Yen Carry Unwind",
      "market_move": -0.084,
      "portfolio_impact": -0.13582802640992,
      "stressed_nav": 805970.6038316223,
      "pnl": -126680.1051277665,
      "description": "Yen carry unwind shock; SPY -8.4% in one week."
    }
  ],
  "monte_carlo": {
    "horizon_days": 21,
    "n_paths": 10000,
    "current_nav": 932650.7089593888,
    "terminal_return": {
      "p5": -0.16230135655710615,
      "p25": -0.08404169605766565,
      "p50": -0.027979740255865138,
      "p75": 0.030932524094405667,
      "p95": 0.12180977792941444,
      "prob_negative": 0.6243
    },
    "terminal_nav": {
      "p5": 781280.2337013333,
      "p50": 906555.3843732566,
      "p95": 1046256.684703443
    },
    "max_drawdown": {
      "p5": -0.17649739834055522,
      "p50": -0.08433118931972057,
      "p95": -0.031669165070600164
    },
    "method": "Bootstrap of synthetic portfolio daily returns (current weights \u00d7 each holding's 252-day history). 10,000 paths, 21-trading-day horizon (~1 month)."
  },
  "factor_stress": [
    {
      "scenario": "Tech Selloff -15%",
      "description": "Concentrated drawdown in Tech and Communication Services.",
      "shocks": {
        "sector:Technology": -0.15,
        "sector:Communication Services": -0.1
      },
      "pnl": -74934.90735282897,
      "stressed_nav": 857715.8016065598,
      "portfolio_impact": -0.08034616457477214,
      "equity_at_risk_pct": 0.879313553382072
    },
    {
      "scenario": "Rate Shock (+100bp)",
      "description": "Long-duration growth and rate-sensitive sectors hit; banks benefit.",
      "shocks": {
        "sector:Technology": -0.08,
        "sector:Consumer Cyclical": -0.1,
        "sector:Financial Services": 0.05,
        "sector:Real Estate": -0.12,
        "sector:Utilities": -0.06
      },
      "pnl": -46038.240359497075,
      "stressed_nav": 886612.4685998918,
      "portfolio_impact": -0.0493627892170527,
      "equity_at_risk_pct": 0.879313553382072
    },
    {
      "scenario": "Energy Spike (+30%)",
      "description": "Oil shock \u2014 producers rally, downstream consumers pinched.",
      "shocks": {
        "sector:Energy": 0.3,
        "sector:Industrials": -0.05,
        "sector:Consumer Cyclical": -0.07,
        "sector:Consumer Defensive": -0.03
      },
      "pnl": -10867.16910458565,
      "stressed_nav": 921783.5398548031,
      "portfolio_impact": -0.011651917486569827,
      "equity_at_risk_pct": 0.879313553382072
    },
    {
      "scenario": "Recession (broad -20%)",
      "description": "Cyclicals and credit-sensitive names down hard; defensives flat.",
      "shocks": {
        "sector:Technology": -0.15,
        "sector:Consumer Cyclical": -0.22,
        "sector:Financial Services": -0.18,
        "sector:Industrials": -0.18,
        "sector:Energy": -0.2,
        "sector:Materials": -0.2,
        "sector:Communication Services": -0.12,
