{
  "generated_at": "2026-06-20T07:27:40.253705Z",
  "market_session": "CLOSED",
  "fund_name": "Convex Capital",
  "tagline": "Lose small. Win big. \u2014 Paper-traded portfolio. Hypothetical performance for educational purposes only.",
  "summary": {
    "nav": 995855.605,
    "cash": -2.2499999999454303,
    "equity": 995857.855,
    "deposits": 1000000.0,
    "total_return": -0.004144394999999967,
    "realized_pnl": 0.0,
    "open_positions": 16
  },
  "metrics": {
    "annualized_return": -0.22348533928476644,
    "annualized_vol": 0.28628225617602493,
    "sharpe": -0.937380272025393,
    "sortino": -1.2020905569742342,
    "calmar": -0.5556648554953043,
    "max_drawdown": -0.4021944830136104,
    "var_95_1d": -0.03549213671100302,
    "risk_free_rate": 0.044869999885559085,
    "method": "Synthetic: current weights \u00d7 each holding's 252-day return history. Sortino uses Frank Sortino downside deviation (RMS of shortfalls vs MAR=RF).",
    "beta_spy": 1.5285805711997125,
    "benchmark_annualized_return": 0.2256596315565953,
    "treynor": -0.1755585176381679,
    "jensens_alpha": -0.5447068576170236,
    "information_ratio": -1.6446182544558363,
    "tracking_error": 0.22296078735243607,
    "annualized_active_return": -0.36668538090766234,
    "up_capture": 1.2934838342835908,
    "down_capture": 1.531612514362655,
    "data_basis": "synthetic_252d",
    "days_of_live_nav": 15
  },
  "nav_curve": [
    {
      "date": "2026-06-01",
      "value": 999690.7947257996
    },
    {
      "date": "2026-06-02",
      "value": 1004286.4159701157
    },
    {
      "date": "2026-06-03",
      "value": 993396.6050804139
    },
    {
      "date": "2026-06-04",
      "value": 1002539.6862113953
    },
    {
      "date": "2026-06-05",
      "value": 971355.4571516418
    },
    {
      "date": "2026-06-08",
      "value": 970422.6741349602
    },
    {
      "date": "2026-06-09",
      "value": 974727.6898184968
    },
    {
      "date": "2026-06-10",
      "value": 963214.8331667138
    },
    {
      "date": "2026-06-11",
      "value": 985598.9399868203
    },
    {
      "date": "2026-06-12",
      "value": 991846.3230568124
    },
    {
      "date": "2026-06-15",
      "value": 1011294.3355946541
    },
    {
      "date": "2026-06-16",
      "value": 1010456.5683412552
    },
    {
      "date": "2026-06-17",
      "value": 994247.9077129364
    },
    {
      "date": "2026-06-18",
      "value": 995855.6099457741
    },
    {
      "date": "2026-06-19",
      "value": 995855.605
    }
  ],
  "drawdown_curve": [
    {
      "date": "2026-06-01",
      "value": 0.0
    },
    {
      "date": "2026-06-02",
      "value": 0.0
    },
    {
      "date": "2026-06-03",
      "value": -0.010843331858852773
    },
    {
      "date": "2026-06-04",
      "value": -0.0017392745047069883
    },
    {
      "date": "2026-06-05",
      "value": -0.032790405500669216
    },
    {
      "date": "2026-06-08",
      "value": -0.033719207286542846
    },
    {
      "date": "2026-06-09",
      "value": -0.029432565930970878
    },
    {
      "date": "2026-06-10",
      "value": -0.04089628431718628
    },
    {
      "date": "2026-06-11",
      "value": -0.018607715574091202
    },
    {
      "date": "2026-06-12",
      "value": -0.01238699709115001
    },
    {
      "date": "2026-06-15",
      "value": 0.0
    },
    {
      "date": "2026-06-16",
      "value": -0.0008284109026540502
    },
    {
      "date": "2026-06-17",
      "value": -0.016856049996259656
    },
    {
      "date": "2026-06-18",
      "value": -0.015266302900630642
    },
    {
      "date": "2026-06-19",
      "value": -0.015266307791169352
    }
  ],
  "benchmarks": {
    "SPY": [
      {
        "date": "2026-06-01",
        "value": 0.0
      },
      {
        "date": "2026-06-02",
        "value": 0.0013579397972762752
      },
      {
        "date": "2026-06-03",
        "value": -0.005668771434361286
      },
      {
        "date": "2026-06-04",
        "value": -0.0019115061781299625
      },
      {
        "date": "2026-06-05",
        "value": -0.027671542654459702
      },
      {
        "date": "2026-06-08",
        "value": -0.025470023194608782
      },
      {
        "date": "2026-06-09",
        "value": -0.02833070775180091
      },
      {
        "date": "2026-06-10",
        "value": -0.04364962071587053
      },
      {
        "date": "2026-06-11",
        "value": -0.027394678792744487
      },
      {
        "date": "2026-06-12",
        "value": -0.022134588105308994
      },
      {
        "date": "2026-06-15",
        "value": -0.0048909388718152425
      },
      {
        "date": "2026-06-16",
        "value": -0.010823344076597685
      },
      {
        "date": "2026-06-17",
        "value": -0.023176054438276084
      },
      {
        "date": "2026-06-18",
        "value": -0.013020023259145863
      },
      {
        "date": "2026-06-19",
        "value": -0.01302001035173972
      }
    ],
    "IWM": [
      {
        "date": "2026-06-01",
        "value": 0.0
      },
      {
        "date": "2026-06-02",
        "value": 0.009273902616242058
      },
      {
        "date": "2026-06-03",
        "value": -0.004533265755123028
      },
      {
        "date": "2026-06-04",
        "value": 0.010485102307313143
      },
      {
        "date": "2026-06-05",
        "value": -0.025365222965751943
      },
      {
        "date": "2026-06-08",
        "value": -0.016852527916236926
      },
      {
        "date": "2026-06-09",
        "value": -0.013703535746163342
      },
      {
        "date": "2026-06-10",
        "value": -0.023981055236295123
      },
      {
        "date": "2026-06-11",
        "value": 0.00494832553389335
      },
      {
        "date": "2026-06-12",
        "value": 0.01373793881377372
      },
      {
        "date": "2026-06-15",
        "value": 0.022010765090349826
      },
      {
        "date": "2026-06-16",
        "value": 0.013130856989941098
      },
      {
        "date": "2026-06-17",
        "value": 0.005499833171586088
      },
      {
        "date": "2026-06-18",
        "value": 0.025305943833869415
      },
      {
        "date": "2026-06-19",
        "value": 0.02530595653654033
      }
    ]
  },
  "holdings": [
    {
      "ticker": "GRPN",
      "company": "Groupon, Inc.",
      "sector": "Communication Services",
      "country": "United States",
      "shares": 11310.0,
      "price": 16.19,
      "cost_basis": 17.3017824933687,
      "market_value": 183108.90000000002,
      "unrealized_pnl": -12574.260000000002,
      "short_percent_of_float": 0.56310004,
      "short_ratio": 5.75
    },
    {
      "ticker": "TENB",
      "company": "Tenable Holdings, Inc.",
      "sector": "Technology",
      "country": "United States",
      "shares": 4766.0,
      "price": 26.87,
      "cost_basis": 26.224616030214015,
      "market_value": 128062.42,
      "unrealized_pnl": 3075.9000000000074,
      "short_percent_of_float": 0.129,
      "short_ratio": 3.05
    },
    {
      "ticker": "KSPI",
      "company": "Joint Stock Company Kaspi.kz",
      "sector": "Technology",
      "country": "Kazakhstan",
      "shares": 1515.0,
      "price": 82.205,
      "cost_basis": 82.53049504950495,
      "market_value": 124540.575,
      "unrealized_pnl": -493.12500000000125,
      "short_percent_of_float": 0.0159,
      "short_ratio": 3.24
    },
    {
      "ticker": "CMI",
      "company": "Cummins Inc.",
      "sector": "Industrials",
      "country": "United States",
      "shares": 114.0,
      "price": 716.86,
      "cost_basis": 653.737894736842,
      "market_value": 81722.04000000001,
      "unrealized_pnl": 7195.920000000013,
      "short_percent_of_float": 0.0171,
      "short_ratio": 2.07
    },
    {
      "ticker": "JAKK",
      "company": "JAKKS Pacific, Inc.",
      "sector": "Consumer Cyclical",
      "country": "United States",
      "shares": 3436.0,
      "price": 22.15,
      "cost_basis": 21.83,
      "market_value": 76107.4,
      "unrealized_pnl": 1099.520000000001,
      "short_percent_of_float": 0.039100002,
      "short_ratio": 7.32
    },
    {
      "ticker": "VIA",
      "company": "Via Transportation, Inc.",
      "sector": "Technology",
      "country": "United States",
      "shares": 4921.0,
      "price": 15.29,
      "cost_basis": 15.241408250355619,
      "market_value": 75242.09,
      "unrealized_pnl": 239.11999999999594,
      "short_percent_of_float": 0.13520001,
      "short_ratio": 6.88
    },
    {
      "ticker": "ZS",
      "company": "Zscaler, Inc.",
      "sector": "Technology",
      "country": "United States",
      "shares": 549.0,
      "price": 124.85,
      "cost_basis": 136.8013843351548,
      "market_value": 68542.65,
      "unrealized_pnl": -6561.309999999992,
      "short_percent_of_float": 0.114700004,
      "short_ratio": 2.09
    },
    {
      "ticker": "CRWV",
      "company": "CoreWeave, Inc.",
      "sector": "Technology",
      "country": "United States",
      "shares": 468.0,
      "price": 117.95,
      "cost_basis": 106.78134615384614,
      "market_value": 55200.6,
      "unrealized_pnl": 5226.930000000006,
      "short_percent_of_float": 0.18190001,
      "short_ratio": 1.91
    },
    {
      "ticker": "XNET",
      "company": "Xunlei Limited",
      "sector": "Technology",
      "country": "China",
      "shares": 10526.0,
      "price": 4.96,
      "cost_basis": 4.75,
      "market_value": 52208.96,
      "unrealized_pnl": 2210.4599999999996,
      "short_percent_of_float": 0.0377,
      "short_ratio": 6.03
    },
    {
      "ticker": "ZTS",
      "company": "Zoetis Inc.",
      "sector": "Healthcare",
      "country": "United States",
      "shares": 312.0,
      "price": 78.71,
      "cost_basis": 80.09,
      "market_value": 24557.519999999997,
      "unrealized_pnl": -430.560000000003,
      "short_percent_of_float": 0.0363,
      "short_ratio": 1.45
    },
    {
      "ticker": "OPEN",
      "company": "Opendoor Technologies Inc.",
      "sector": "Real Estate",
      "country": "United States",
      "shares": 5479.0,
      "price": 4.47,
      "cost_basis": 4.562927541522176,
      "market_value": 24491.129999999997,
      "unrealized_pnl": -509.15000000000214,
      "short_percent_of_float": 0.16149999,
      "short_ratio": 3.77
    },
    {
      "ticker": "PYPL",
      "company": "PayPal Holdings, Inc.",
      "sector": "Financial Services",
      "country": "United States",
      "shares": 553.0,
      "price": 42.51,
      "cost_basis": 45.19,
      "market_value": 23508.03,
      "unrealized_pnl": -1482.0399999999997,
      "short_percent_of_float": 0.0626,
      "short_ratio": 3.16
    },
    {
      "ticker": "BABA",
      "company": "Alibaba Group Holding Limited",
      "sector": "Consumer Cyclical",
      "country": "China",
      "shares": 199.0,
      "price": 107.1,
      "cost_basis": 125.4,
      "market_value": 21312.899999999998,
      "unrealized_pnl": -3641.700000000002,
      "short_percent_of_float": 0.0165,
      "short_ratio": 3.21
    },
    {
      "ticker": "VST",
      "company": "Vistra Corp.",
      "sector": "Utilities",
      "country": "United States",
      "shares": 118.0,
      "price": 163.75,
      "cost_basis": 154.76,
      "market_value": 19322.5,
      "unrealized_pnl": 1060.820000000001,
      "short_percent_of_float": 0.0539,
      "short_ratio": 2.73
    },
    {
      "ticker": "GENC",
      "company": "Gencor Industries, Inc.",
      "sector": "Industrials",
      "country": "United States",
      "shares": 1268.0,
      "price": 15.0,
      "cost_basis": 14.320000000000002,
      "market_value": 19020.0,
      "unrealized_pnl": 862.2399999999974,
      "short_percent_of_float": 0.0064,
      "short_ratio": 2.39
    },
    {
      "ticker": "CEG",
      "company": "Constellation Energy Corporation",
      "sector": "Utilities",
      "country": "United States",
      "shares": 69.0,
      "price": 274.06,
      "cost_basis": 265.7,
      "market_value": 18910.14,
      "unrealized_pnl": 576.8400000000009,
      "short_percent_of_float": 0.036,
      "short_ratio": 3.46
    }
  ],
  "sector_exposure": [
    {
      "name": "Technology",
      "value": 503797.295,
      "pct": 0.5058939192293846
    },
    {
      "name": "Communication Services",
      "value": 183108.90000000002,
      "pct": 0.18387093377859737
    },
    {
      "name": "Industrials",
      "value": 100742.04000000001,
      "pct": 0.1011612923542264
    },
    {
      "name": "Consumer Cyclical",
      "value": 97420.29999999999,
      "pct": 0.09782572845990056
    },
    {
      "name": "Utilities",
      "value": 38232.64,
      "pct": 0.03839175057914144
    },
    {
      "name": "Healthcare",
      "value": 24557.519999999997,
      "pct": 0.024659719618689093
    },
    {
      "name": "Real Estate",
      "value": 24491.129999999997,
      "pct": 0.024593053327244162
    },
    {
      "name": "Financial Services",
      "value": 23508.03,
      "pct": 0.023605862016511922
    }
  ],
  "geographic_exposure": [
    {
      "name": "United States",
      "value": 797795.42,
      "pct": 0.8011155593184617
    },
    {
      "name": "Kazakhstan",
      "value": 124540.575,
      "pct": 0.12505886834868996
    },
    {
      "name": "China",
      "value": 73521.86,
      "pct": 0.073827831696544
    }
  ],
  "signals": [
    {
      "ticker": "BABA",
      "label": "STRONG SELL",
      "composite": -2.5,
      "rsi": 25.2,
      "subs": {
        "rsi": -0.5,
        "macd": -0.5,
        "trend": -0.5,
        "bb": -0.5,
        "vol": 0.0,
        "range": -0.5
      }
    },
    {
      "ticker": "CEG",
      "label": "BUY",
      "composite": 1.0,
      "rsi": 51.7,
      "subs": {
        "rsi": 0.5,
        "macd": 0.5,
        "trend": -0.5,
        "bb": 0.5,
        "vol": 0.0,
        "range": 0.0
      }
    },
    {
      "ticker": "CMI",
      "label": "STRONG BUY",
      "composite": 3.0,
      "rsi": 61.8,
      "subs": {
        "rsi": 0.5,
        "macd": 0.5,
        "trend": 0.5,
        "bb": 0.5,
        "vol": 0.5,
        "range": 0.5
      }
    },
    {
      "ticker": "CRWV",
      "label": "STRONG BUY",
      "composite": 2.0,
      "rsi": 58.1,
      "subs": {
        "rsi": 0.5,
        "macd": 0.5,
        "trend": 0.5,
        "bb": 0.5,
        "vol": 0.0,
        "range": 0.0
      }
    },
    {
      "ticker": "GENC",
      "label": "STRONG BUY",
      "composite": 2.0,
      "rsi": 54.5,
      "subs": {
        "rsi": 0.5,
        "macd": 0.5,
        "trend": 0.5,
        "bb": 0.5,
        "vol": 0.0,
        "range": 0.0
      }
    },
    {
      "ticker": "GRPN",
      "label": "STRONG SELL",
      "composite": -2.5,
      "rsi": 44.7,
      "subs": {
        "rsi": 0.0,
        "macd": -0.5,
        "trend": -0.5,
        "bb": -0.5,
        "vol": -0.5,
        "range": -0.5
      }
    },
    {
      "ticker": "JAKK",
      "label": "STRONG BUY",
      "composite": 2.0,
      "rsi": 53.0,
      "subs": {
        "rsi": 0.5,
        "macd": 0.5,
        "trend": 0.5,
        "bb": 0.5,
        "vol": 0.0,
        "range": 0.0
      }
    },
    {
      "ticker": "KSPI",
      "label": "STRONG SELL",
      "composite": -2.0,
      "rsi": 44.3,
      "subs": {
        "rsi": 0.0,
        "macd": -0.5,
        "trend": 0.0,
        "bb": -0.5,
        "vol": -0.5,
        "range": -0.5
      }
    },
    {
      "ticker": "OPEN",
      "label": "STRONG SELL",
      "composite": -2.0,
      "rsi": 44.7,
      "subs": {
        "rsi": 0.0,
        "macd": -0.5,
        "trend": -0.5,
        "bb": -0.5,
        "vol": 0.0,
        "range": -0.5
      }
    },
    {
      "ticker": "PYPL",
      "label": "LEAN BEAR",
      "composite": -0.5,
      "rsi": 44.8,
      "subs": {
        "rsi": 0.0,
        "macd": 0.5,
        "trend": -0.5,
        "bb": -0.5,
        "vol": 0.0,
        "range": 0.0
      }
    },
    {
      "ticker": "TENB",
      "label": "SELL",
      "composite": -1.0,
      "rsi": 55.7,
      "subs": {
        "rsi": 0.5,
        "macd": -0.5,
        "trend": 0.0,
        "bb": -0.5,
        "vol": -0.5,
        "range": 0.0
      }
    },
    {
      "ticker": "VIA",
      "label": "BUY",
      "composite": 1.5,
      "rsi": 51.5,
      "subs": {
        "rsi": 0.5,
        "macd": 0.5,
        "trend": -0.5,
        "bb": 0.5,
        "vol": 0.5,
        "range": 0.0
      }
    },
    {
      "ticker": "VST",
      "label": "STRONG BUY",
      "composite": 2.0,
      "rsi": 60.7,
      "subs": {
        "rsi": 0.5,
        "macd": 0.5,
        "trend": 0.0,
        "bb": 0.5,
        "vol": 0.0,
        "range": 0.5
      }
    },
    {
      "ticker": "XNET",
      "label": "LEAN BEAR",
      "composite": -0.5,
      "rsi": 40.5,
      "subs": {
        "rsi": 0.0,
        "macd": 0.5,
        "trend": -0.5,
        "bb": -0.5,
        "vol": 0.5,
        "range": -0.5
      }
    },
    {
      "ticker": "ZS",
      "label": "STRONG SELL",
      "composite": -2.0,
      "rsi": 40.5,
      "subs": {
        "rsi": 0.0,
        "macd": -0.5,
        "trend": -0.5,
        "bb": -0.5,
        "vol": 0.0,
        "range": -0.5
      }
    },
    {
      "ticker": "ZTS",
      "label": "LEAN BEAR",
      "composite": -0.5,
      "rsi": 38.2,
      "subs": {
        "rsi": 0.0,
        "macd": 0.5,
        "trend": -0.5,
        "bb": -0.5,
        "vol": 0.0,
        "range": 0.0
      }
    }
  ],
  "volatility": [
    {
      "ticker": "BABA",
      "hv20": 0.2827892173865999,
      "garch": 0.39658018440630954,
      "expansion": 0.4023879272035557,
      "regime": "LOW",
      "signal": "SIGNAL"
    },
    {
      "ticker": "CEG",
      "hv20": 0.47970796165633384,
      "garch": 0.5388644669270675,
      "expansion": 0.12331774746134767,
      "regime": "NORMAL",
      "signal": "BASE"
    },
    {
      "ticker": "CMI",
      "hv20": 0.44453711149034286,
      "garch": 0.32410883283713604,
      "expansion": -0.2709071425993261,
      "regime": "HIGH",
      "signal": "WEAK"
    },
    {
      "ticker": "CRWV",
      "hv20": 0.8137623531442026,
      "garch": 0.9376835138359165,
      "expansion": 0.1522817567228432,
      "regime": "LOW",
      "signal": "BASE"
    },
    {
      "ticker": "GENC",
      "hv20": 0.3491665415269923,
      "garch": 0.36158663687135556,
      "expansion": 0.035570691538906074,
      "regime": "NORMAL",
      "signal": "WEAK"
    },
    {
      "ticker": "GRPN",
      "hv20": 0.8064545638747043,
      "garch": 0.7793919958613101,
      "expansion": -0.03355746154298996,
      "regime": "HIGH",
      "signal": "WEAK"
    },
    {
      "ticker": "JAKK",
      "hv20": 0.21466368803407385,
      "garch": 0.4594159352632039,
      "expansion": 1.1401660405195322,
      "regime": "LOW",
      "signal": "SIGNAL"
    },
    {
      "ticker": "KSPI",
      "hv20": 0.33049493343814323,
      "garch": 0.33519040458044214,
      "expansion": 0.01420739220856384,
      "regime": "HIGH",
      "signal": "WEAK"
    },
    {
      "ticker": "OPEN",
      "hv20": 0.758967229749226,
      "garch": 0.7493082343739078,
      "expansion": -0.01272649858480675,
      "regime": "NORMAL",
      "signal": "WEAK"
    },
    {
      "ticker": "PYPL",
      "hv20": 0.3068082097662908,
      "garch": 0.3963819671362943,
      "expansion": 0.29195358702505303,
      "regime": "NORMAL",
      "signal": "SIGNAL"
    },
    {
      "ticker": "TENB",
      "hv20": 0.580485084558584,
      "garch": 0.38199363981287626,
      "expansion": -0.34194064589384904,
      "regime": "HIGH",
      "signal": "WEAK"
    },
    {
      "ticker": "VIA",
      "hv20": 0.6894510214288931,
      "garch": null,
      "expansion": null,
      "regime": "NORMAL",
      "signal": "WEAK"
    },
    {
      "ticker": "VST",
      "hv20": 0.4909434623135735,
      "garch": 0.5659660080041881,
      "expansion": 0.15281300485614055,
      "regime": "NORMAL",
      "signal": "BASE"
    },
    {
      "ticker": "XNET",
      "hv20": 0.7694005118120386,
      "garch": 0.7466291687604197,
      "expansion": -0.02959621510777188,
      "regime": "HIGH",
      "signal": "WEAK"
    },
    {
      "ticker": "ZS",
      "hv20": 1.5253692926816054,
      "garch": 0.34232046100161484,
      "expansion": -0.775581911446628,
      "regime": "EXTREME",
      "signal": "WEAK"
    },
    {
      "ticker": "ZTS",
      "hv20": 0.26917950558269915,
      "garch": 0.3150835396363094,
      "expansion": 0.17053316876498725,
      "regime": "NORMAL",
      "signal": "BASE"
    }
  ],
  "correlation": {
    "tickers": [
      "BABA",
      "CEG",
      "CMI",
      "CRWV",
      "GENC",
      "GRPN",
      "JAKK",
      "KSPI",
      "OPEN",
      "PYPL",
      "TENB",
      "VIA",
      "VST",
      "XNET",
      "ZS",
      "ZTS"
    ],
    "matrix": [
      [
        1.0,
        0.183,
        0.326,
        0.346,
        0.133,
        0.196,
        0.118,
        0.2,
        0.193,
        0.246,
        0.064,
        -0.042,
        0.222,
        0.47,
        0.042,
        0.081
      ],
      [
        0.183,
        1.0,
        0.328,
        0.232,
        0.152,
        0.089,
        0.089,
        0.057,
        0.19,
        0.14,
        0.063,
        0.007,
        0.798,
        0.249,
        0.045,
        0.124
      ],
      [
        0.326,
        0.328,
        1.0,
        0.372,
        0.349,
        0.194,
        0.137,
        0.243,
        0.186,
        0.081,
        -0.051,
        0.003,
        0.352,
        0.298,
        -0.052,
        0.189
      ],
      [
        0.346,
        0.232,
        0.372,
        1.0,
        0.117,
        0.166,
        0.055,
        0.136,
        0.245,
        0.148,
        0.116,
        0.213,
        0.321,
        0.371,
        0.182,
        0.08
      ],
      [
        0.133,
        0.152,
        0.349,
        0.117,
        1.0,
        0.159,
        0.319,
        0.145,
        0.128,
        0.099,
        0.16,
        0.068,
        0.173,
        0.164,
        0.053,
        0.157
      ],
      [
        0.196,
        0.089,
        0.194,
        0.166,
        0.159,
        1.0,
        0.151,
        0.338,
        0.306,
        0.27,
        0.252,
        0.169,
        0.127,
        0.234,
        0.151,
        0.166
      ],
      [
        0.118,
        0.089,
        0.137,
        0.055,
        0.319,
        0.151,
        1.0,
        0.1,
        0.138,
        0.213,
        -0.035,
        0.145,
        0.061,
        0.2,
        -0.047,
        0.142
      ],
      [
        0.2,
        0.057,
        0.243,
        0.136,
        0.145,
        0.338,
        0.1,
        1.0,
        0.25,
        0.258,
        0.268,
        0.137,
        0.103,
        0.201,
        0.154,
        0.192
      ],
      [
        0.193,
        0.19,
        0.186,
        0.245,
        0.128,
        0.306,
        0.138,
        0.25,
        1.0,
        0.248,
        0.119,
        0.152,
        0.257,
        0.352,
        0.064,
        0.168
      ],
      [
        0.246,
        0.14,
        0.081,
        0.148,
        0.099,
        0.27,
        0.213,
        0.258,
        0.248,
        1.0,
        0.354,
        0.145,
        0.085,
        0.343,
        0.206,
        0.176
      ],
      [
        0.064,
        0.063,
        -0.051,
        0.116,
        0.16,
        0.252,
        -0.035,
        0.268,
        0.119,
        0.354,
        1.0,
        0.336,
        0.075,
        0.156,
        0.56,
        0.094
      ],
      [
        -0.042,
        0.007,
        0.003,
        0.213,
        0.068,
        0.169,
        0.145,
        0.137,
        0.152,
        0.145,
        0.336,
        1.0,
        0.058,
        0.166,
        0.368,
        0.019
      ],
      [
        0.222,
        0.798,
        0.352,
        0.321,
        0.173,
        0.127,
        0.061,
        0.103,
        0.257,
        0.085,
        0.075,
        0.058,
        1.0,
        0.272,
        0.073,
        0.095
      ],
      [
        0.47,
        0.249,
        0.298,
        0.371,
        0.164,
        0.234,
        0.2,
        0.201,
        0.352,
        0.343,
        0.156,
        0.166,
        0.272,
        1.0,
        0.221,
        0.053
      ],
      [
        0.042,
        0.045,
        -0.052,
        0.182,
        0.053,
        0.151,
        -0.047,
        0.154,
        0.064,
        0.206,
        0.56,
        0.368,
        0.073,
        0.221,
        1.0,
        -0.035
      ],
      [
        0.081,
        0.124,
        0.189,
        0.08,
        0.157,
        0.166,
        0.142,
        0.192,
        0.168,
        0.176,
        0.094,
        0.019,
        0.095,
        0.053,
        -0.035,
        1.0
      ]
    ]
  },
  "residual_correlation": {
    "tickers": [
      "BABA",
      "CEG",
      "CMI",
      "CRWV",
      "GENC",
      "GRPN",
      "JAKK",
      "KSPI",
      "OPEN",
      "PYPL",
      "TENB",
      "VIA",
      "VST",
      "XNET",
      "ZS",
      "ZTS"
    ],
    "matrix": [
      [
        1.0,
        0.02,
        0.104,
        0.193,
        -0.075,
        0.025,
        -0.047,
        0.016,
        0.037,
        0.107,
        -0.06,
        -0.164,
        0.057,
        0.337,
        -0.056,
        -0.026
      ],
      [
        0.02,
        1.0,
        0.054,
        -0.003,
        0.027,
        -0.058,
        -0.019,
        -0.129,
        0.034,
        0.046,
        -0.026,
        -0.102,
        0.731,
        0.097,
        0.011,
        0.074
      ],
      [
        0.104,
        0.054,
        1.0,
        0.117,
        0.076,
        -0.054,
        -0.149,
        0.003,
        -0.066,
        -0.093,
        -0.261,
        -0.143,
        0.037,
        0.007,
        -0.14,
        0.059
      ],
      [
        0.193,
        -0.003,
        0.117,
        1.0,
        0.012,
        -0.038,
        -0.04,
        -0.094,
        0.038,
        -0.026,
        -0.022,
        0.084,
        0.081,
        0.147,
        0.115,
        0.029
      ],
      [
        -0.075,
        0.027,
        0.076,
        0.012,
        1.0,
        -0.028,
        0.067,
        -0.076,
        -0.073,
        0.004,
        0.093,
        -0.004,
        0.026,
        -0.053,
        0.007,
        -0.036
      ],
      [
        0.025,
        -0.058,
        -0.054,
        -0.038,
        -0.028,
        1.0,
        0.007,
        0.17,
        0.113,
        0.09,
        0.111,
        0.05,
        -0.035,
        0.006,
        0.044,
        0.033
      ],
      [
        -0.047,
        -0.019,
        -0.149,
        -0.04,
        0.067,
        0.007,
        1.0,
        -0.102,
        -0.033,
        0.102,
        -0.129,
        0.09,
        -0.058,
        0.019,
        -0.113,
        -0.04
      ],
      [
        0.016,
        -0.129,
        0.003,
        -0.094,
        -0.076,
        0.17,
        -0.102,
        1.0,
        0.067,
        0.071,
        0.161,
        0.012,
        -0.102,
        -0.032,
        0.056,
        0.056
      ],
      [
        0.037,
        0.034,
        -0.066,
        0.038,
        -0.073,
        0.113,
        -0.033,
        0.067,
        1.0,
        0.067,
        -0.018,
        0.03,
        0.105,
        0.166,
        -0.045,
        0.024
      ],
      [
        0.107,
        0.046,
        -0.093,
        -0.026,
        0.004,
        0.09,
        0.102,
        0.071,
        0.067,
        1.0,
        0.242,
        0.007,
        -0.032,
        0.182,
        0.071,
        0.028
      ],
      [
        -0.06,
        -0.026,
        -0.261,
        -0.022,
        0.093,
        0.111,
        -0.129,
        0.161,
        -0.018,
        0.242,
        1.0,
        0.274,
        -0.031,
        0.005,
        0.519,
        -0.01
      ],
      [
        -0.164,
        -0.102,
        -0.143,
        0.084,
        -0.004,
        0.05,
        0.09,
        0.012,
        0.03,
        0.007,
        0.274,
        1.0,
        -0.057,
        0.029,
        0.314,
        -0.059
      ],
      [
        0.057,
        0.731,
        0.037,
        0.081,
        0.026,
        -0.035,
        -0.058,
        -0.102,
        0.105,
        -0.032,
        -0.031,
        -0.057,
        1.0,
        0.106,
        0.039,
        0.03
      ],
      [
        0.337,
        0.097,
        0.007,
        0.147,
        -0.053,
        0.006,
        0.019,
        -0.032,
        0.166,
        0.182,
        0.005,
        0.029,
        0.106,
        1.0,
        0.132,
        -0.104
      ],
      [
        -0.056,
        0.011,
        -0.14,
        0.115,
        0.007,
        0.044,
        -0.113,
        0.056,
        -0.045,
        0.071,
        0.519,
        0.314,
        0.039,
        0.132,
        1.0,
        -0.114
      ],
      [
        -0.026,
        0.074,
        0.059,
        0.029,
        -0.036,
        0.033,
        -0.04,
        0.056,
        0.024,
        0.028,
        -0.01,
        -0.059,
        0.03,
        -0.104,
        -0.114,
        1.0
      ]
    ]
  },
  "factor_correlation": {
    "factors": [
      "Market",
      "Size",
      "Value (SMID)",
      "Momentum",
      "Quality",
      "Profitability",
      "Liquidity",
      "Credit"
    ],
    "matrix": [
      [
        1.0,
        0.333,
        -0.493,
        0.405,
        -0.238,
        -0.534,
        0.309,
        0.175
      ],
      [
        0.333,
        1.0,
        -0.153,
        0.251,
        0.14,
        0.146,
        0.331,
        0.035
      ],
      [
        -0.493,
        -0.153,
        1.0,
        -0.545,
        0.307,
        0.588,
        -0.382,
        -0.13
      ],
      [
        0.405,
        0.251,
        -0.545,
        1.0,
        -0.232,
        -0.531,
        0.303,
        0.026
      ],
      [
        -0.238,
        0.14,
        0.307,
        -0.232,
        1.0,
        0.434,
        -0.233,
        -0.136
      ],
      [
        -0.534,
        0.146,
        0.588,
        -0.531,
        0.434,
        1.0,
        -0.281,
        -0.09
      ],
      [
        0.309,
        0.331,
        -0.382,
        0.303,
        -0.233,
        -0.281,
        1.0,
        0.157
      ],
      [
        0.175,
        0.035,
        -0.13,
        0.026,
        -0.136,
        -0.09,
        0.157,
        1.0
      ]
    ]
  },
  "factor_exposures": [
    {
      "ticker": "BABA",
      "r_squared": 0.14883675509980554,
      "alpha_annual": -0.39940000842988505,
      "idio_vol_annual": 0.3979196756073192,
      "Market": 1.2366006425386122,
      "Size": 0.10518736564690069,
      "Value (SMID)": 0.24147983361234948,
      "Momentum": -0.1734649782760529,
      "Quality": -0.2526721025137169,
      "Profitability": -0.13823918367058496,
      "Liquidity": 0.21494311216152293,
      "Credit": 1.0397454206771821
    },
    {
      "ticker": "CEG",
      "r_squared": 0.25216733894046506,
      "alpha_annual": -0.43562251883557734,
      "idio_vol_annual": 0.4044158100066842,
      "Market": 0.710406718019738,
      "Size": 0.38475959917250735,
      "Value (SMID)": -0.44488083899745,
      "Momentum": 0.6167018756655109,
      "Quality": -0.7418151158436695,
      "Profitability": -0.6442668734416598,
      "Liquidity": -0.48028333321326483,
      "Credit": -0.8885485422377462
    },
    {
      "ticker": "CMI",
      "r_squared": 0.4688170415569092,
      "alpha_annual": 0.36417365122545314,
      "idio_vol_annual": 0.24616846264208017,
      "Market": 1.1360840870554227,
      "Size": 0.8099127888296797,
      "Value (SMID)": 0.35041938715694493,
      "Momentum": 0.7076609115966439,
      "Quality": 0.039901854641973246,
      "Profitability": -0.15819260407023228,
      "Liquidity": -0.3210083152047306,
      "Credit": 0.8008540264202859
    },
    {
      "ticker": "CRWV",
      "r_squared": 0.27383980973927635,
      "alpha_annual": -0.9566389946022673,
      "idio_vol_annual": 0.8027745494098792,
      "Market": 0.9512773406456831,
      "Size": 0.640224196574492,
      "Value (SMID)": -2.089303237034308,
      "Momentum": 0.8266146715060758,
      "Quality": -3.832695422619917,
      "Profitability": -0.012267615152074855,
      "Liquidity": 0.2938061312344628,
      "Credit": 2.2069318301721403
    },
    {
      "ticker": "GENC",
      "r_squared": 0.3276949016766555,
      "alpha_annual": -0.4301194137214494,
      "idio_vol_annual": 0.325798323873842,
      "Market": 1.282279652304959,
      "Size": 1.2599089684530145,
      "Value (SMID)": 1.1634649348024484,
      "Momentum": -0.033270315054208244,
      "Quality": -0.7227149862093374,
      "Profitability": 0.05279134222111136,
      "Liquidity": -0.1825981915062642,
      "Credit": 0.5967810537680711
    },
    {
      "ticker": "GRPN",
      "r_squared": 0.1692047229087832,
      "alpha_annual": -1.210214388753367,
      "idio_vol_annual": 0.6234664532191337,
      "Market": 1.948737787226932,
      "Size": 0.29307915785265753,
      "Value (SMID)": -0.8908697509771536,
      "Momentum": -0.21097817182394224,
      "Quality": -1.692013098711966,
      "Profitability": 1.4351475677891623,
      "Liquidity": 0.2527917816337645,
      "Credit": 1.3509143811840756
    },
    {
      "ticker": "JAKK",
      "r_squared": 0.26989425795489574,
      "alpha_annual": -0.2744606249017883,
      "idio_vol_annual": 0.35190228930888745,
      "Market": 1.2210540581037395,
      "Size": 1.0610186709249048,
      "Value (SMID)": 0.8409203879441622,
      "Momentum": -0.3464584579734795,
      "Quality": 1.2976481600041676,
      "Profitability": -0.3687845697418834,
      "Liquidity": 0.31767562523526643,
      "Credit": -0.43565189584398817
    },
    {
      "ticker": "KSPI",
      "r_squared": 0.22046296439785862,
      "alpha_annual": -0.2506846666203074,
      "idio_vol_annual": 0.32115451784141097,
      "Market": 1.237910558036006,
      "Size": 0.3849757901458055,
      "Value (SMID)": -0.3387342104128857,
      "Momentum": -0.5707130405791142,
      "Quality": 0.12186660987967568,
      "Profitability": 0.10959501139503229,
      "Liquidity": 0.039030304078589984,
      "Credit": 0.44526193716721796
    },
    {
      "ticker": "OPEN",
      "r_squared": 0.125889285343321,
      "alpha_annual": 1.500726168735654,
      "idio_vol_annual": 1.3419711019490175,
      "Market": 2.9958591411087094,
      "Size": 1.370096360854651,
      "Value (SMID)": -1.6609706165557891,
      "Momentum": -2.0178279881891354,
      "Quality": 0.9609346531307281,
      "Profitability": 0.9507689445150213,
      "Liquidity": 1.8393528634514167,
      "Credit": -3.12945416732056
    },
    {
      "ticker": "PYPL",
      "r_squared": 0.2967124592490741,
      "alpha_annual": -0.657761620978577,
      "idio_vol_annual": 0.33864743169705763,
      "Market": 1.8260163939992595,
      "Size": -0.35929209176698146,
      "Value (SMID)": -0.8948630127605098,
      "Momentum": -0.9202215427576909,
      "Quality": 1.4364114594514368,
      "Profitability": 0.6681253316596613,
      "Liquidity": 0.39605210512757205,
      "Credit": -0.030158024373791854
    },
    {
      "ticker": "TENB",
      "r_squared": 0.1469505375682062,
      "alpha_annual": -0.3611561819890203,
      "idio_vol_annual": 0.40982268693600205,
      "Market": 1.4773532148809667,
      "Size": -0.1289137631579504,
      "Value (SMID)": -0.7818688115700528,
      "Momentum": -0.2228543069467627,
      "Quality": -0.3925078071145915,
      "Profitability": 1.2948398785318356,
      "Liquidity": -0.13883617318230718,
      "Credit": -0.1784820346051044
    },
    {
      "ticker": "VIA",
      "r_squared": 0.11041521131006227,
      "alpha_annual": -1.5574095367943415,
      "idio_vol_annual": 0.6830101977771208,
      "Market": 0.9682300185369693,
      "Size": 0.4469126709273466,
      "Value (SMID)": -1.4127237676524016,
      "Momentum": -1.0217338592520946,
      "Quality": -1.5996390769236253,
      "Profitability": 0.49260207083475,
      "Liquidity": 0.6513565650470865,
      "Credit": -0.7539895350093504
    },
    {
      "ticker": "VST",
      "r_squared": 0.2910999763611445,
      "alpha_annual": -0.4282790951247677,
      "idio_vol_annual": 0.4125182136469863,
      "Market": 0.6102900050000052,
      "Size": 0.7895180696008838,
      "Value (SMID)": -0.6753164222857053,
      "Momentum": 0.6466515972885044,
      "Quality": -1.8796920272966449,
      "Profitability": -0.5042958683043566,
      "Liquidity": -0.8071140310608141,
      "Credit": -0.7253521814755876
    },
    {
      "ticker": "XNET",
      "r_squared": 0.17135630660739043,
      "alpha_annual": -0.39655218976685475,
      "idio_vol_annual": 0.6757430552368066,
      "Market": 1.8303068406162435,
      "Size": 0.2100354871551096,
      "Value (SMID)": -0.7450044603262891,
      "Momentum": -0.47540253426393825,
      "Quality": 0.34753063040886745,
      "Profitability": 0.5780432450246091,
      "Liquidity": 1.2276726637534205,
      "Credit": 2.246355706367949
    },
    {
      "ticker": "ZS",
      "r_squared": 0.09182481744997428,
      "alpha_annual": -0.9857010394019657,
      "idio_vol_annual": 0.5975711961668678,
      "Market": 1.3801762568809854,
      "Size": -0.403905588260721,
      "Value (SMID)": -1.0722592667387345,
      "Momentum": -0.936665790134613,
      "Quality": -0.8935679953664405,
      "Profitability": 0.8589350722633187,
      "Liquidity": 0.21839703589073642,
      "Credit": 0.15912318040102155
    },
    {
      "ticker": "ZTS",
      "r_squared": 0.16638442807384468,
      "alpha_annual": -0.8897084558183613,
      "idio_vol_annual": 0.344833605544081,
      "Market": 1.3206924720572126,
      "Size": 0.1382830253822122,
      "Value (SMID)": 0.04023038721492866,
      "Momentum": -0.19619066298767177,
      "Quality": 1.2312782983866863,
      "Profitability": 0.7620546649950553,
      "Liquidity": 0.05702403445920824,
      "Credit": -0.6795464639689446
    }
  ],
  "portfolio_factor_exposure": {
    "loadings": {
      "Market": 1.4321249457068153,
      "Size": 0.3630342003296369,
      "Value (SMID)": -0.6042377927138545,
      "Momentum": -0.28427426805978717,
      "Quality": -0.6023556255477297,
      "Profitability": 0.5628703007892111,
      "Liquidity": 0.2086595848671911,
      "Credit": 0.41590521704645667
    },
    "alpha_annual": -0.5846406263231905,
    "r_squared_weighted": 0.209586818763917
  },
  "stress_tests": [
    {
      "scenario": "COVID Crash (Feb-Mar 2020)",
      "market_move": -0.339,
      "portfolio_impact": -0.5181888136367025,
      "stressed_nav": 479814.3704915893,
      "pnl": -516041.2345084107,
      "description": "Rapid 33.9% selloff in SPY over 23 trading days as COVID-19 spread."
    },
    {
      "scenario": "2022 Rate Shock (Jan-Oct)",
      "market_move": -0.252,
      "portfolio_impact": -0.3852023039423275,
      "stressed_nav": 612249.7315601194,
      "pnl": -383605.87343988055,
      "description": "Grinding 9-month decline as the Fed hiked rates aggressively."
    },
    {
      "scenario": "GFC 2008-09",
      "market_move": -0.565,
      "portfolio_impact": -0.8636480227278375,
      "stressed_nav": 135786.88081931567,
      "pnl": -860068.7241806843,
      "description": "Credit crisis bear market; SPY drew down 56.5% from Oct 2007 peak."
    },
    {
      "scenario": "Dot-Com Bust (2000-02)",
      "market_move": -0.491,
      "portfolio_impact": -0.7505330604590588,
      "stressed_nav": 248433.05000404245,
      "pnl": -747422.5549959575,
      "description": "Tech bubble burst; SPY -49.1% peak-to-trough over 30 months."
    },
    {
