{
  "generated_at": "2026-07-01T20:08:27.351359Z",
  "market_session": "AFTER",
  "fund_name": "Convex Capital",
  "tagline": "Lose small. Win big. \u2014 Paper-traded portfolio. Hypothetical performance for educational purposes only.",
  "summary": {
    "nav": 1184690.6749999998,
    "cash": 4722.310000000056,
    "equity": 1179968.3649999998,
    "deposits": 1000000.0,
    "total_return": 0.18469067499999992,
    "realized_pnl": 0.0,
    "open_positions": 16
  },
  "metrics": {
    "period_return": 0.18482950591052383,
    "calendar_days_since_inception": 30,
    "trading_days_observed": 21,
    "annualized_return": 6.873109793138611,
    "annualized_return_arithmetic": 2.0859062815146285,
    "annualized_vol": 0.30052275600388495,
    "sharpe": 6.795242012538428,
    "sortino": 15.141173232586116,
    "calmar": 180.86308313045404,
    "max_drawdown": -0.038001728568240384,
    "var_95_1d": -0.014684647034823861,
    "risk_free_rate": 0.044749999046325685,
    "beta_benchmark": 0.8098773097153076,
    "benchmark_annualized_return": 0.26367295362629095,
    "benchmark_annualized_return_arithmetic": 0.2341312204436659,
    "benchmark_period_return": 0.03824414364519235,
    "period_active_return": 0.14658536226533148,
    "treynor": 2.5203277804953212,
    "jensens_alpha": 1.887780728372426,
    "information_ratio": 6.505000235294145,
    "tracking_error": 0.24791623523943548,
    "annualized_active_return": 3.9906032295209464,
    "annualized_active_return_arithmetic": 1.6126951685657662,
    "up_capture": 1.5808979325786108,
    "down_capture": 0.32768015750080803,
    "data_basis": "realized_nav",
    "days_of_live_nav": 22,
    "benchmark_ticker": "IWM",
    "benchmark_name": "Russell 2000",
    "beta_spy": 0.8098773097153076,
    "beta_spy_stress": 1.5331237936146374
  },
  "nav_curve": [
    {
      "date": "2026-06-01",
      "value": 999882.8292976379
    },
    {
      "date": "2026-06-02",
      "value": 1005079.4966617966
    },
    {
      "date": "2026-06-03",
      "value": 995768.7768651581
    },
    {
      "date": "2026-06-04",
      "value": 1004929.1794892884
    },
    {
      "date": "2026-06-05",
      "value": 974274.0015833282
    },
    {
      "date": "2026-06-08",
      "value": 974266.9881036186
    },
    {
      "date": "2026-06-09",
      "value": 979640.5088702394
    },
    {
      "date": "2026-06-10",
      "value": 966884.7384401513
    },
    {
      "date": "2026-06-11",
      "value": 990753.0886875344
    },
    {
      "date": "2026-06-12",
      "value": 996222.4282127572
    },
    {
      "date": "2026-06-15",
      "value": 1017018.2685251809
    },
    {
      "date": "2026-06-16",
      "value": 1019223.7061524964
    },
    {
      "date": "2026-06-17",
      "value": 1004256.765778122
    },
    {
      "date": "2026-06-18",
      "value": 1005956.2144795037
    },
    {
      "date": "2026-06-22",
      "value": 1013145.2704611397
    },
    {
      "date": "2026-06-23",
      "value": 1003670.4086042023
    },
    {
      "date": "2026-06-24",
      "value": 1028642.2278996087
    },
    {
      "date": "2026-06-25",
      "value": 1087855.2699132538
    },
    {
      "date": "2026-06-26",
      "value": 1108818.5221582032
    },
    {
      "date": "2026-06-29",
      "value": 1139434.688639698
    },
    {
      "date": "2026-06-30",
      "value": 1162782.1880345917
    },
    {
      "date": "2026-07-01",
      "value": 1184690.678605137
    }
  ],
  "drawdown_curve": [
    {
      "date": "2026-06-01",
      "value": 0.0
    },
    {
      "date": "2026-06-02",
      "value": 0.0
    },
    {
      "date": "2026-06-03",
      "value": -0.009263665040986776
    },
    {
      "date": "2026-06-04",
      "value": -0.00014955749570802555
    },
    {
      "date": "2026-06-05",
      "value": -0.030649809473562682
    },
    {
      "date": "2026-06-08",
      "value": -0.03065678750836781
    },
    {
      "date": "2026-06-09",
      "value": -0.025310423579476604
    },
    {
      "date": "2026-06-10",
      "value": -0.038001728568240384
    },
    {
      "date": "2026-06-11",
      "value": -0.01425400480444075
    },
    {
      "date": "2026-06-12",
      "value": -0.008812306368259061
    },
    {
      "date": "2026-06-15",
      "value": 0.0
    },
    {
      "date": "2026-06-16",
      "value": 0.0
    },
    {
      "date": "2026-06-17",
      "value": -0.014684647034823809
    },
    {
      "date": "2026-06-18",
      "value": -0.01301725184854327
    },
    {
      "date": "2026-06-22",
      "value": -0.005963789553426265
    },
    {
      "date": "2026-06-23",
      "value": -0.015259944852545435
    },
    {
      "date": "2026-06-24",
      "value": 0.0
    },
    {
      "date": "2026-06-25",
      "value": 0.0
    },
    {
      "date": "2026-06-26",
      "value": 0.0
    },
    {
      "date": "2026-06-29",
      "value": 0.0
    },
    {
      "date": "2026-06-30",
      "value": 0.0
    },
    {
      "date": "2026-07-01",
      "value": 0.0
    }
  ],
  "benchmarks": {
    "SPY": [
      {
        "date": "2026-06-01",
        "value": 0.0
      },
      {
        "date": "2026-06-02",
        "value": 0.0013579397972762752
      },
      {
        "date": "2026-06-03",
        "value": -0.005668771434361286
      },
      {
        "date": "2026-06-04",
        "value": -0.0019115061781299625
      },
      {
        "date": "2026-06-05",
        "value": -0.027671542654459702
      },
      {
        "date": "2026-06-08",
        "value": -0.025470023194608782
      },
      {
        "date": "2026-06-09",
        "value": -0.02833070775180091
      },
      {
        "date": "2026-06-10",
        "value": -0.04364962071587053
      },
      {
        "date": "2026-06-11",
        "value": -0.027394678792744487
      },
      {
        "date": "2026-06-12",
        "value": -0.022134588105308994
      },
      {
        "date": "2026-06-15",
        "value": -0.0048909388718152425
      },
      {
        "date": "2026-06-16",
        "value": -0.010823344076597685
      },
      {
        "date": "2026-06-17",
        "value": -0.023176054438276084
      },
      {
        "date": "2026-06-18",
        "value": -0.013020023259145863
      },
      {
        "date": "2026-06-22",
        "value": -0.016126029204297176
      },
      {
        "date": "2026-06-23",
        "value": -0.030413801760312054
      },
      {
        "date": "2026-06-24",
        "value": -0.03086322150786902
      },
      {
        "date": "2026-06-25",
        "value": -0.029462203242598517
      },
      {
        "date": "2026-06-26",
        "value": -0.03648052466024476
      },
      {
        "date": "2026-06-29",
        "value": -0.02060667390341908
      },
      {
        "date": "2026-06-30",
        "value": -0.012980332985263576
      },
      {
        "date": "2026-07-01",
        "value": -0.014368201830528338
      }
    ],
    "IWM": [
      {
        "date": "2026-06-01",
        "value": 0.0
      },
      {
        "date": "2026-06-02",
        "value": 0.009273902616242058
      },
      {
        "date": "2026-06-03",
        "value": -0.004533265755123028
      },
      {
        "date": "2026-06-04",
        "value": 0.010485102307313143
      },
      {
        "date": "2026-06-05",
        "value": -0.025365222965751943
      },
      {
        "date": "2026-06-08",
        "value": -0.016852527916236926
      },
      {
        "date": "2026-06-09",
        "value": -0.013703535746163342
      },
      {
        "date": "2026-06-10",
        "value": -0.023981055236295123
      },
      {
        "date": "2026-06-11",
        "value": 0.00494832553389335
      },
      {
        "date": "2026-06-12",
        "value": 0.01373793881377372
      },
      {
        "date": "2026-06-15",
        "value": 0.022010765090349826
      },
      {
        "date": "2026-06-16",
        "value": 0.013130856989941098
      },
      {
        "date": "2026-06-17",
        "value": 0.005499833171586088
      },
      {
        "date": "2026-06-18",
        "value": 0.025305943833869415
      },
      {
        "date": "2026-06-22",
        "value": 0.03428980212625787
      },
      {
        "date": "2026-06-23",
        "value": 0.02436943940571834
      },
      {
        "date": "2026-06-24",
        "value": 0.0291215086708434
      },
      {
        "date": "2026-06-25",
        "value": 0.036821973757975135
      },
      {
        "date": "2026-06-26",
        "value": 0.04001309645392226
      },
      {
        "date": "2026-06-29",
        "value": 0.03703008585311984
      },
      {
        "date": "2026-06-30",
        "value": 0.04216376452973858
      },
      {
        "date": "2026-07-01",
        "value": 0.03824414364519235
      }
    ]
  },
  "holdings": [
    {
      "ticker": "GRPN",
      "company": "Groupon, Inc.",
      "sector": "Communication Services",
      "country": "United States",
      "shares": 11310.0,
      "price": 25.68,
      "cost_basis": 17.3017824933687,
      "market_value": 290440.8,
      "unrealized_pnl": 94757.63999999998,
      "short_percent_of_float": 0.5577,
      "short_ratio": 7.12
    },
    {
      "ticker": "TENB",
      "company": "Tenable Holdings, Inc.",
      "sector": "Technology",
      "country": "United States",
      "shares": 4766.0,
      "price": 37.9,
      "cost_basis": 26.224616030214015,
      "market_value": 180631.4,
      "unrealized_pnl": 55644.88,
      "short_percent_of_float": 0.1225,
      "short_ratio": 3.03
    },
    {
      "ticker": "KSPI",
      "company": "Joint Stock Company Kaspi.kz",
      "sector": "Technology",
      "country": "Kazakhstan",
      "shares": 1515.0,
      "price": 88.34,
      "cost_basis": 82.53049504950495,
      "market_value": 133835.1,
      "unrealized_pnl": 8801.400000000007,
      "short_percent_of_float": 0.019199999,
      "short_ratio": 3.76
    },
    {
      "ticker": "CMI",
      "company": "Cummins Inc.",
      "sector": "Industrials",
      "country": "United States",
      "shares": 153.0,
      "price": 682.055,
      "cost_basis": 651.1282352941176,
      "market_value": 104354.415,
      "unrealized_pnl": 4731.794999999993,
      "short_percent_of_float": 0.0214,
      "short_ratio": 2.63
    },
    {
      "ticker": "JAKK",
      "company": "JAKKS Pacific, Inc.",
      "sector": "Consumer Cyclical",
      "country": "United States",
      "shares": 3436.0,
      "price": 23.34,
      "cost_basis": 21.83,
      "market_value": 80196.24,
      "unrealized_pnl": 5188.360000000005,
      "short_percent_of_float": 0.0436,
      "short_ratio": 10.5
    },
    {
      "ticker": "VIA",
      "company": "Via Transportation, Inc.",
      "sector": "Technology",
      "country": "United States",
      "shares": 3280.0,
      "price": 18.99,
      "cost_basis": 15.241405487804878,
      "market_value": 62287.2,
      "unrealized_pnl": 12295.389999999996,
      "short_percent_of_float": 0.16370001,
      "short_ratio": 7.41
    },
    {
      "ticker": "XNET",
      "company": "Xunlei Limited",
      "sector": "Technology",
      "country": "China",
      "shares": 10526.0,
      "price": 5.84,
      "cost_basis": 4.75,
      "market_value": 61471.84,
      "unrealized_pnl": 11473.339999999998,
      "short_percent_of_float": 0.0537,
      "short_ratio": 5.2
    },
    {
      "ticker": "ZS",
      "company": "Zscaler, Inc.",
      "sector": "Technology",
      "country": "United States",
      "shares": 365.0,
      "price": 146.45,
      "cost_basis": 136.79813698630136,
      "market_value": 53454.24999999999,
      "unrealized_pnl": 3522.9300000000003,
      "short_percent_of_float": 0.1129,
      "short_ratio": 1.62
    },
    {
      "ticker": "CRWV",
      "company": "CoreWeave, Inc.",
      "sector": "Technology",
      "country": "United States",
      "shares": 468.0,
      "price": 85.685,
      "cost_basis": 106.78134615384614,
      "market_value": 40100.58,
      "unrealized_pnl": -9873.089999999995,
      "short_percent_of_float": 0.2299,
      "short_ratio": 2.46
    },
    {
      "ticker": "OPEN",
      "company": "Opendoor Technologies Inc.",
      "sector": "Real Estate",
      "country": "United States",
      "shares": 5479.0,
      "price": 4.94,
      "cost_basis": 4.562927541522176,
      "market_value": 27066.260000000002,
      "unrealized_pnl": 2065.9800000000014,
      "short_percent_of_float": 0.17889999,
      "short_ratio": 4.06
    },
    {
      "ticker": "GENC",
      "company": "Gencor Industries, Inc.",
      "sector": "Industrials",
      "country": "United States",
      "shares": 1746.0,
      "price": 15.25,
      "cost_basis": 14.32,
      "market_value": 26626.5,
      "unrealized_pnl": 1623.7799999999995,
      "short_percent_of_float": 0.006,
      "short_ratio": 1.66
    },
    {
      "ticker": "ESI",
      "company": "Element Solutions Inc",
      "sector": "Basic Materials",
      "country": "United States",
      "shares": 557.0,
      "price": 45.75,
      "cost_basis": 44.92,
      "market_value": 25482.75,
      "unrealized_pnl": 462.30999999999904,
      "short_percent_of_float": 0.087,
      "short_ratio": 5.6
    },
    {
      "ticker": "VST",
      "company": "Vistra Corp.",
      "sector": "Utilities",
      "country": "United States",
      "shares": 162.0,
      "price": 153.14,
      "cost_basis": 154.76,
      "market_value": 24808.679999999997,
      "unrealized_pnl": -262.44000000000074,
      "short_percent_of_float": 0.052699998,
      "short_ratio": 3.04
    },
    {
      "ticker": "PYPL",
      "company": "PayPal Holdings, Inc.",
      "sector": "Financial Services",
      "country": "United States",
      "shares": 553.0,
      "price": 44.07,
      "cost_basis": 45.19,
      "market_value": 24370.71,
      "unrealized_pnl": -619.3599999999985,
      "short_percent_of_float": 0.0687,
      "short_ratio": 3.63
    },
    {
      "ticker": "ZTS",
      "company": "Zoetis Inc.",
      "sector": "Healthcare",
      "country": "United States",
      "shares": 312.0,
      "price": 72.47,
      "cost_basis": 80.09,
      "market_value": 22610.64,
      "unrealized_pnl": -2377.4400000000014,
      "short_percent_of_float": 0.0434,
      "short_ratio": 2.25
    },
    {
      "ticker": "CEG",
      "company": "Constellation Energy Corporation",
      "sector": "Utilities",
      "country": "United States",
      "shares": 94.0,
      "price": 236.5,
      "cost_basis": 265.7,
      "market_value": 22231.0,
      "unrealized_pnl": -2744.799999999999,
      "short_percent_of_float": 0.0356,
      "short_ratio": 2.75
    }
  ],
  "sector_exposure": [
    {
      "name": "Technology",
      "value": 531780.37,
      "pct": 0.4488769779503836
    },
    {
      "name": "Communication Services",
      "value": 290440.8,
      "pct": 0.24516171700262604
    },
    {
      "name": "Industrials",
      "value": 130980.915,
      "pct": 0.11056127794708945
    },
    {
      "name": "Consumer Cyclical",
      "value": 80196.24,
      "pct": 0.06769382227137055
    },
    {
      "name": "Utilities",
      "value": 47039.67999999999,
      "pct": 0.03970629717331066
    },
    {
      "name": "Real Estate",
      "value": 27066.260000000002,
      "pct": 0.02284668949555124
    },
    {
      "name": "Basic Materials",
      "value": 25482.75,
      "pct": 0.021510045227628727
    },
    {
      "name": "Financial Services",
      "value": 24370.71,
      "pct": 0.020571369821915753
    },
    {
      "name": "Healthcare",
      "value": 22610.64,
      "pct": 0.019085690870319378
    },
    {
      "name": "Cash",
      "value": 4722.310000000056,
      "pct": 0.003986112239804755
    }
  ],
  "geographic_exposure": [
    {
      "name": "United States",
      "value": 984661.4249999999,
      "pct": 0.8311548708695627
    },
    {
      "name": "Kazakhstan",
      "value": 133835.1,
      "pct": 0.11297050177254077
    },
    {
      "name": "China",
      "value": 61471.84,
      "pct": 0.05188851511809191
    },
    {
      "name": "Cash",
      "value": 4722.310000000056,
      "pct": 0.003986112239804755
    }
  ],
  "signals": [
    {
      "ticker": "CEG",
      "label": "SELL",
      "composite": -1.5,
      "rsi": 31.9,
      "subs": {
        "rsi": 0.0,
        "macd": -0.5,
        "trend": -0.5,
        "bb": 0.0,
        "vol": 0.0,
        "range": -0.5
      }
    },
    {
      "ticker": "CMI",
      "label": "LEAN BULL",
      "composite": 0.5,
      "rsi": 49.5,
      "subs": {
        "rsi": 0.5,
        "macd": -0.5,
        "trend": 0.5,
        "bb": -0.5,
        "vol": 0.5,
        "range": 0.0
      }
    },
    {
      "ticker": "CRWV",
      "label": "SELL",
      "composite": -1.0,
      "rsi": 35.8,
      "subs": {
        "rsi": 0.0,
        "macd": -0.5,
        "trend": 0.0,
        "bb": 0.0,
        "vol": 0.0,
        "range": -0.5
      }
    },
    {
      "ticker": "ESI",
      "label": "STRONG BUY",
      "composite": 2.5,
      "rsi": 54.1,
      "subs": {
        "rsi": 0.5,
        "macd": 0.5,
        "trend": 0.5,
        "bb": 0.5,
        "vol": 0.5,
        "range": 0.0
      }
    },
    {
      "ticker": "GENC",
      "label": "STRONG BUY",
      "composite": 3.0,
      "rsi": 57.6,
      "subs": {
        "rsi": 0.5,
        "macd": 0.5,
        "trend": 0.5,
        "bb": 0.5,
        "vol": 0.5,
        "range": 0.5
      }
    },
    {
      "ticker": "GRPN",
      "label": "BUY",
      "composite": 1.5,
      "rsi": 76.1,
      "subs": {
        "rsi": -0.5,
        "macd": 0.5,
        "trend": 0.5,
        "bb": 0.0,
        "vol": 0.5,
        "range": 0.5
      }
    },
    {
      "ticker": "JAKK",
      "label": "STRONG BUY",
      "composite": 3.0,
      "rsi": 60.7,
      "subs": {
        "rsi": 0.5,
        "macd": 0.5,
        "trend": 0.5,
        "bb": 0.5,
        "vol": 0.5,
        "range": 0.5
      }
    },
    {
      "ticker": "KSPI",
      "label": "STRONG BUY",
      "composite": 2.5,
      "rsi": 57.1,
      "subs": {
        "rsi": 0.5,
        "macd": 0.5,
        "trend": 0.5,
        "bb": 0.5,
        "vol": 0.0,
        "range": 0.5
      }
    },
    {
      "ticker": "OPEN",
      "label": "STRONG BUY",
      "composite": 2.5,
      "rsi": 59.2,
      "subs": {
        "rsi": 0.5,
        "macd": 0.5,
        "trend": 0.0,
        "bb": 0.5,
        "vol": 0.5,
        "range": 0.5
      }
    },
    {
      "ticker": "PYPL",
      "label": "BUY",
      "composite": 1.5,
      "rsi": 53.9,
      "subs": {
        "rsi": 0.5,
        "macd": 0.5,
        "trend": -0.5,
        "bb": 0.5,
        "vol": 0.0,
        "range": 0.5
      }
    },
    {
      "ticker": "TENB",
      "label": "BUY",
      "composite": 1.5,
      "rsi": 82.0,
      "subs": {
        "rsi": -0.5,
        "macd": 0.5,
        "trend": 0.5,
        "bb": 0.0,
        "vol": 0.5,
        "range": 0.5
      }
    },
    {
      "ticker": "VIA",
      "label": "STRONG BUY",
      "composite": 2.0,
      "rsi": 69.4,
      "subs": {
        "rsi": 0.5,
        "macd": 0.5,
        "trend": 0.0,
        "bb": 0.0,
        "vol": 0.5,
        "range": 0.5
      }
    },
    {
      "ticker": "VST",
      "label": "SELL",
      "composite": -1.0,
      "rsi": 46.3,
      "subs": {
        "rsi": 0.5,
        "macd": -0.5,
        "trend": -0.5,
        "bb": -0.5,
        "vol": 0.0,
        "range": 0.0
      }
    },
    {
      "ticker": "XNET",
      "label": "BUY",
      "composite": 1.5,
      "rsi": 60.1,
      "subs": {
        "rsi": 0.5,
        "macd": 0.5,
        "trend": 0.0,
        "bb": 0.0,
        "vol": 0.0,
        "range": 0.5
      }
    },
    {
      "ticker": "ZS",
      "label": "BUY",
      "composite": 1.0,
      "rsi": 58.9,
      "subs": {
        "rsi": 0.5,
        "macd": 0.5,
        "trend": 0.0,
        "bb": 0.0,
        "vol": -0.5,
        "range": 0.5
      }
    },
    {
      "ticker": "ZTS",
      "label": "SELL",
      "composite": -1.0,
      "rsi": 31.5,
      "subs": {
        "rsi": 0.0,
        "macd": 0.5,
        "trend": -0.5,
        "bb": -0.5,
        "vol": 0.0,
        "range": -0.5
      }
    }
  ],
  "volatility": [
    {
      "ticker": "CEG",
      "hv20": 0.38768033413735425,
      "garch": 0.5307634723788368,
      "expansion": 0.3690750488024201,
      "regime": "LOW",
      "signal": "SIGNAL"
    },
    {
      "ticker": "CMI",
      "hv20": 0.5226381381210499,
      "garch": 0.43176243922850893,
      "expansion": -0.1738788126317198,
      "regime": "EXTREME",
      "signal": "WEAK"
    },
    {
      "ticker": "CRWV",
      "hv20": 0.8721293679397601,
      "garch": 1.0726735781345573,
      "expansion": 0.22994777789509,
      "regime": "NORMAL",
      "signal": "SIGNAL"
    },
    {
      "ticker": "ESI",
      "hv20": 0.6250780371202278,
      "garch": 0.5516302385104861,
      "expansion": -0.1175018065714165,
      "regime": "EXTREME",
      "signal": "WEAK"
    },
    {
      "ticker": "GENC",
      "hv20": 0.271676343642964,
      "garch": 0.35776587625507883,
      "expansion": 0.316882697469064,
      "regime": "LOW",
      "signal": "SIGNAL"
    },
    {
      "ticker": "GRPN",
      "hv20": 1.1113481337110744,
      "garch": 0.8275443321410626,
      "expansion": -0.2553689460226281,
      "regime": "EXTREME",
      "signal": "WEAK"
    },
    {
      "ticker": "JAKK",
      "hv20": 0.2320748304165242,
      "garch": 0.4601171426731366,
      "expansion": 0.9826240607278508,
      "regime": "LOW",
      "signal": "SIGNAL"
    },
    {
      "ticker": "KSPI",
      "hv20": 0.38078222710102666,
      "garch": 0.37927077214850435,
      "expansion": -0.003969342172373232,
      "regime": "HIGH",
      "signal": "WEAK"
    },
    {
      "ticker": "OPEN",
      "hv20": 0.7470345981702774,
      "garch": 0.728717436382588,
      "expansion": -0.024519830584224443,
      "regime": "NORMAL",
      "signal": "WEAK"
    },
    {
      "ticker": "PYPL",
      "hv20": 0.3675327955194331,
      "garch": 0.41683029718043163,
      "expansion": 0.13413089188769273,
      "regime": "NORMAL",
      "signal": "BASE"
    },
    {
      "ticker": "TENB",
      "hv20": 0.7077166012984741,
      "garch": 0.8444301452997838,
      "expansion": 0.19317555042580065,
      "regime": "EXTREME",
      "signal": "BASE"
    },
    {
      "ticker": "VIA",
      "hv20": 0.6445961105752537,
      "garch": null,
      "expansion": null,
      "regime": "NORMAL",
      "signal": "WEAK"
    },
    {
      "ticker": "VST",
      "hv20": 0.4618748803450823,
      "garch": 0.5437356639660531,
      "expansion": 0.17723584265896833,
      "regime": "NORMAL",
      "signal": "BASE"
    },
    {
      "ticker": "XNET",
      "hv20": 0.6915326591202798,
      "garch": 0.7048898202837082,
      "expansion": 0.019315300567901438,
      "regime": "HIGH",
      "signal": "WEAK"
    },
    {
      "ticker": "ZS",
      "hv20": 0.49081523902559154,
      "garch": 0.6521780951187803,
      "expansion": 0.3287649674723632,
      "regime": "NORMAL",
      "signal": "SIGNAL"
    },
    {
      "ticker": "ZTS",
      "hv20": 0.3356765882771598,
      "garch": 0.3196920757117379,
      "expansion": -0.04761878880937585,
      "regime": "HIGH",
      "signal": "WEAK"
    }
  ],
  "correlation": {
    "tickers": [
      "CEG",
      "CMI",
      "CRWV",
      "ESI",
      "GENC",
      "GRPN",
      "JAKK",
      "KSPI",
      "OPEN",
      "PYPL",
      "TENB",
      "VIA",
      "VST",
      "XNET",
      "ZS",
      "ZTS"
    ],
    "matrix": [
      [
        1.0,
        0.328,
        0.242,
        0.302,
        0.141,
        0.068,
        0.088,
        0.053,
        0.172,
        0.132,
        0.009,
        -0.011,
        0.798,
        0.226,
        0.024,
        0.123
      ],
      [
        0.328,
        1.0,
        0.384,
        0.637,
        0.3,
        0.206,
        0.111,
        0.212,
        0.162,
        0.042,
        -0.087,
        -0.046,
        0.365,
        0.269,
        -0.083,
        0.169
      ],
      [
        0.242,
        0.384,
        1.0,
        0.355,
        0.099,
        0.111,
        0.043,
        0.106,
        0.222,
        0.124,
        0.091,
        0.177,
        0.32,
        0.34,
        0.159,
        0.072
      ],
      [
        0.302,
        0.637,
        0.355,
        1.0,
        0.244,
        0.299,
        0.222,
        0.28,
        0.247,
        0.254,
        0.071,
        0.017,
        0.375,
        0.32,
        0.02,
        0.16
      ],
      [
        0.141,
        0.3,
        0.099,
        0.244,
        1.0,
        0.138,
        0.322,
        0.151,
        0.133,
        0.113,
        0.158,
        0.085,
        0.16,
        0.169,
        0.063,
        0.158
      ],
      [
        0.068,
        0.206,
        0.111,
        0.299,
        0.138,
        1.0,
        0.156,
        0.338,
        0.297,
        0.255,
        0.226,
        0.173,
        0.135,
        0.246,
        0.137,
        0.148
      ],
      [
        0.088,
        0.111,
        0.043,
        0.222,
        0.322,
        0.156,
        1.0,
        0.11,
        0.139,
        0.224,
        -0.029,
        0.157,
        0.06,
        0.199,
        -0.042,
        0.146
      ],
      [
        0.053,
        0.212,
        0.106,
        0.28,
        0.151,
        0.338,
        0.11,
        1.0,
        0.245,
        0.27,
        0.238,
        0.145,
        0.105,
        0.215,
        0.155,
        0.184
      ],
      [
        0.172,
        0.162,
        0.222,
        0.247,
        0.133,
        0.297,
        0.139,
        0.245,
        1.0,
        0.253,
        0.138,
        0.167,
        0.242,
        0.354,
        0.076,
        0.164
      ],
      [
        0.132,
        0.042,
        0.124,
        0.254,
        0.113,
        0.255,
        0.224,
        0.27,
        0.253,
        1.0,
        0.339,
        0.172,
        0.078,
        0.349,
        0.216,
        0.171
      ],
      [
        0.009,
        -0.087,
        0.091,
        0.071,
        0.158,
        0.226,
        -0.029,
        0.238,
        0.138,
        0.339,
        1.0,
        0.366,
        0.03,
        0.178,
        0.566,
        0.056
      ],
      [
        -0.011,
        -0.046,
        0.177,
        0.017,
        0.085,
        0.173,
        0.157,
        0.145,
        0.167,
        0.172,
        0.366,
        1.0,
        0.039,
        0.188,
        0.385,
        0.005
      ],
      [
        0.798,
        0.365,
        0.32,
        0.375,
        0.16,
        0.135,
        0.06,
        0.105,
        0.242,
        0.078,
        0.03,
        0.039,
        1.0,
        0.26,
        0.052,
        0.089
      ],
      [
        0.226,
        0.269,
        0.34,
        0.32,
        0.169,
        0.246,
        0.199,
        0.215,
        0.354,
        0.349,
        0.178,
        0.188,
        0.26,
        1.0,
        0.232,
        0.036
      ],
      [
        0.024,
        -0.083,
        0.159,
        0.02,
        0.063,
        0.137,
        -0.042,
        0.155,
        0.076,
        0.216,
        0.566,
        0.385,
        0.052,
        0.232,
        1.0,
        -0.043
      ],
      [
        0.123,
        0.169,
        0.072,
        0.16,
        0.158,
        0.148,
        0.146,
        0.184,
        0.164,
        0.171,
        0.056,
        0.005,
        0.089,
        0.036,
        -0.043,
        1.0
      ]
    ]
  },
  "residual_correlation": {
    "tickers": [
      "CEG",
      "CMI",
      "CRWV",
      "ESI",
      "GENC",
      "GRPN",
      "JAKK",
      "KSPI",
      "OPEN",
      "PYPL",
      "TENB",
      "VIA",
      "VST",
      "XNET",
      "ZS",
      "ZTS"
    ],
    "matrix": [
      [
        1.0,
        0.04,
        0.018,
        -0.045,
        0.029,
        -0.087,
        -0.013,
        -0.122,
        0.027,
        0.056,
        -0.053,
        -0.092,
        0.73,
        0.094,
        0.005,
        0.069
      ],
      [
        0.04,
        1.0,
        0.115,
        0.251,
        0.066,
        -0.037,
        -0.139,
        -0.015,
        -0.067,
        -0.102,
        -0.255,
        -0.159,
        0.022,
        -0.01,
        -0.148,
        0.08
      ],
      [
        0.018,
        0.115,
        1.0,
        0.031,
        0.007,
        -0.09,
        -0.037,
        -0.106,
        0.033,
        -0.025,
        -0.018,
        0.08,
        0.078,
        0.128,
        0.109,
        0.032
      ],
      [
        -0.045,
        0.251,
        0.031,
        1.0,
        -0.071,
        0.051,
        -0.0,
        0.009,
        -0.008,
        0.125,
        -0.086,
        -0.127,
        -0.005,
        0.019,
        -0.051,
        -0.017
      ],
      [
        0.029,
        0.066,
        0.007,
        -0.071,
        1.0,
        -0.043,
        0.056,
        -0.08,
        -0.074,
        -0.003,
        0.098,
        0.0,
        0.029,
        -0.053,
        0.01,
        -0.042
      ],
      [
        -0.087,
        -0.037,
        -0.09,
        0.051,
        -0.043,
        1.0,
        0.034,
        0.199,
        0.13,
        0.119,
        0.116,
        0.083,
        -0.032,
        0.055,
        0.057,
        0.028
      ],
      [
        -0.013,
        -0.139,
        -0.037,
        -0.0,
        0.056,
        0.034,
        1.0,
        -0.084,
        -0.031,
        0.118,
        -0.149,
        0.082,
        -0.055,
        0.022,
        -0.118,
        -0.025
      ],
      [
        -0.122,
        -0.015,
        -0.106,
        0.009,
        -0.08,
        0.199,
        -0.084,
        1.0,
        0.059,
        0.101,
        0.135,
        0.028,
        -0.09,
        -0.003,
        0.063,
        0.042
      ],
      [
        0.027,
        -0.067,
        0.033,
        -0.008,
        -0.074,
        0.13,
        -0.031,
        0.059,
        1.0,
        0.064,
        -0.005,
        0.038,
        0.107,
        0.158,
        -0.042,
        0.026
      ],
      [
        0.056,
        -0.102,
        -0.025,
        0.125,
        -0.003,
        0.119,
        0.118,
        0.101,
        0.064,
        1.0,
        0.196,
        0.027,
        -0.019,
        0.197,
        0.072,
        0.022
      ],
      [
        -0.053,
        -0.255,
        -0.018,
        -0.086,
        0.098,
        0.116,
        -0.149,
        0.135,
        -0.005,
        0.196,
        1.0,
        0.297,
        -0.028,
        0.023,
        0.518,
        -0.052
      ],
      [
        -0.092,
        -0.159,
        0.08,
        -0.127,
        0.0,
        0.083,
        0.082,
        0.028,
        0.038,
        0.027,
        0.297,
        1.0,
        -0.036,
        0.055,
        0.325,
        -0.086
      ],
      [
        0.73,
        0.022,
        0.078,
        -0.005,
        0.029,
        -0.032,
        -0.055,
        -0.09,
        0.107,
        -0.019,
        -0.028,
        -0.036,
        1.0,
        0.112,
        0.042,
        0.019
      ],
      [
        0.094,
        -0.01,
        0.128,
        0.019,
        -0.053,
        0.055,
        0.022,
        -0.003,
        0.158,
        0.197,
        0.023,
        0.055,
        0.112,
        1.0,
        0.143,
        -0.116
      ],
      [
        0.005,
        -0.148,
        0.109,
        -0.051,
        0.01,
        0.057,
        -0.118,
        0.063,
        -0.042,
        0.072,
        0.518,
        0.325,
        0.042,
        0.143,
        1.0,
        -0.131
      ],
      [
        0.069,
        0.08,
        0.032,
        -0.017,
        -0.042,
        0.028,
        -0.025,
        0.042,
        0.026,
        0.022,
        -0.052,
        -0.086,
        0.019,
        -0.116,
        -0.131,
        1.0
      ]
    ]
  },
  "factor_correlation": {
    "factors": [
      "Market",
      "Size",
      "Value (SMID)",
      "Momentum",
      "Quality",
      "Profitability",
      "Liquidity",
      "Credit"
    ],
    "matrix": [
      [
        1.0,
        0.286,
        -0.507,
        0.401,
        -0.257,
        -0.551,
        0.312,
        0.196
      ],
      [
        0.286,
        1.0,
        -0.126,
        0.192,
        0.169,
        0.183,
        0.273,
        0.027
      ],
      [
        -0.507,
        -0.126,
        1.0,
        -0.566,
        0.323,
        0.619,
        -0.347,
        -0.155
      ],
      [
        0.401,
        0.192,
        -0.566,
        1.0,
        -0.243,
        -0.572,
        0.219,
        0.053
      ],
      [
        -0.257,
        0.169,
        0.323,
        -0.243,
        1.0,
        0.441,
        -0.194,
        -0.123
      ],
      [
        -0.551,
        0.183,
        0.619,
        -0.572,
        0.441,
        1.0,
        -0.27,
        -0.132
      ],
      [
        0.312,
        0.273,
        -0.347,
        0.219,
        -0.194,
        -0.27,
        1.0,
        0.166
      ],
      [
        0.196,
        0.027,
        -0.155,
        0.053,
        -0.123,
        -0.132,
        0.166,
        1.0
      ]
    ]
  },
  "factor_exposures": [
    {
      "ticker": "CEG",
      "r_squared": 0.23447049262195452,
      "alpha_annual": -0.5038895409469413,
      "idio_vol_annual": 0.41165689606623024,
      "Market": 0.6751980559018917,
      "Size": 0.4762975194317531,
      "Value (SMID)": -0.5031430225321459,
      "Momentum": 0.44382885998041954,
      "Quality": -0.9989612221763692,
      "Profitability": -0.5067214136958208,
      "Liquidity": -0.4547697969382469,
      "Credit": -1.1061994457849853
    },
    {
      "ticker": "CMI",
      "r_squared": 0.5014840196984632,
      "alpha_annual": 0.337477983395794,
      "idio_vol_annual": 0.24821400148596368,
      "Market": 1.120060547958391,
      "Size": 0.8054086538615168,
      "Value (SMID)": 0.40252446937909353,
      "Momentum": 0.8171353192808115,
      "Quality": -0.16094931299994517,
      "Profitability": -0.19778438464530493,
      "Liquidity": -0.4398421963854291,
      "Credit": 0.896486905454021
    },
    {
      "ticker": "CRWV",
      "r_squared": 0.2744835371036711,
      "alpha_annual": -1.0532620570818507,
      "idio_vol_annual": 0.809798231703373,
      "Market": 0.9618001339521567,
      "Size": 0.761502121175961,
      "Value (SMID)": -1.9450184695937618,
      "Momentum": 0.6051184363431582,
      "Quality": -3.6546755615882427,
      "Profitability": -0.27120467550541766,
      "Liquidity": 0.3646951879335373,
      "Credit": 1.9173634541952107
    },
    {
      "ticker": "ESI",
      "r_squared": 0.5343817090264802,
      "alpha_annual": 0.2702991580506406,
      "idio_vol_annual": 0.2867408733348985,
      "Market": 1.6778758346720333,
      "Size": 0.9502061416488738,
      "Value (SMID)": -0.17966959662569618,
      "Momentum": 0.7543947701135446,
      "Quality": 0.3273515555276303,
      "Profitability": 0.24446342515516628,
      "Liquidity": -0.734640008203168,
      "Credit": 0.24387900757348377
    },
    {
      "ticker": "GENC",
      "r_squared": 0.3410934988102893,
      "alpha_annual": -0.3689210760602498,
      "idio_vol_annual": 0.308576262123578,
      "Market": 1.3148193973058222,
      "Size": 1.1742171205013143,
      "Value (SMID)": 1.1415246396327323,
      "Momentum": -0.07601562678969964,
      "Quality": -0.5360553672846212,
      "Profitability": 0.06720133804364137,
      "Liquidity": -0.09976256703488107,
      "Credit": 0.5283021404499891
    },
    {
      "ticker": "GRPN",
      "r_squared": 0.15670120781337726,
      "alpha_annual": -0.6669959310038162,
      "idio_vol_annual": 0.6687547594324634,
      "Market": 2.0230401974651517,
      "Size": 0.2785294725857662,
      "Value (SMID)": -0.7874238640146869,
      "Momentum": 0.21946562786013735,
      "Quality": -1.7251265809703196,
      "Profitability": 1.6713007577775116,
      "Liquidity": 0.1357382400678392,
      "Credit": 1.0796901509914456
    },
    {
      "ticker": "JAKK",
      "r_squared": 0.2716837912712152,
      "alpha_annual": -0.2557854866914202,
      "idio_vol_annual": 0.35241943445570434,
      "Market": 1.2332720100396923,
      "Size": 1.0919886941406678,
      "Value (SMID)": 0.8753981609392518,
      "Momentum": -0.2780093706702951,
      "Quality": 1.1763887873751488,
      "Profitability": -0.307968906866878,
      "Liquidity": 0.22775985382866148,
      "Credit": -0.5607891729407711
    },
    {
      "ticker": "KSPI",
      "r_squared": 0.21231329073525806,
      "alpha_annual": -0.1598591359435864,
      "idio_vol_annual": 0.322871228895445,
      "Market": 1.1530247908683435,
      "Size": 0.5399069914225205,
      "Value (SMID)": -0.3080858031602356,
      "Momentum": -0.4661080261553325,
      "Quality": -0.02058153864672248,
      "Profitability": 0.11557693210515319,
      "Liquidity": -0.12491931381425825,
      "Credit": 0.43175727537979003
    },
    {
      "ticker": "OPEN",
      "r_squared": 0.12221261594938038,
      "alpha_annual": 1.585170296690503,
      "idio_vol_annual": 1.3407869278103774,
      "Market": 3.073725384603814,
      "Size": 1.146511678136521,
      "Value (SMID)": -1.5593869355170908,
      "Momentum": -1.6584513180298226,
      "Quality": 0.8610908280012504,
      "Profitability": 0.8936660597487325,
      "Liquidity": 1.6753956625425497,
      "Credit": -2.984082593378309
    },
    {
      "ticker": "PYPL",
      "r_squared": 0.29339397097951114,
      "alpha_annual": -0.6821101777141024,
      "idio_vol_annual": 0.3403663716180041,
      "Market": 1.7858377904241525,
      "Size": -0.2900922878337904,
      "Value (SMID)": -0.9254865154303726,
      "Momentum": -0.8305835616795749,
      "Quality": 1.3432855104766634,
      "Profitability": 0.7654392412529517,
      "Liquidity": 0.30038045722482554,
      "Credit": -0.1563141332344407
    },
    {
      "ticker": "TENB",
      "r_squared": 0.1515661347961581,
      "alpha_annual": -0.06699339216322009,
      "idio_vol_annual": 0.43859673517906517,
      "Market": 1.5941613202374947,
      "Size": -0.38535474888264765,
      "Value (SMID)": -0.7586502851396014,
      "Momentum": -0.40138583194789734,
      "Quality": 0.7276899141124465,
      "Profitability": 1.201656955997009,
      "Liquidity": 0.4697991009928666,
      "Credit": 0.02445389380681983
    },
    {
      "ticker": "VIA",
      "r_squared": 0.12073933603290254,
      "alpha_annual": -1.3218600390515025,
      "idio_vol_annual": 0.6876878156491113,
      "Market": 1.160437322900776,
      "Size": 0.268009341841429,
      "Value (SMID)": -1.1843755786332557,
      "Momentum": -1.041957708006762,
      "Quality": -0.6520003144652062,
      "Profitability": 0.6136372498192765,
      "Liquidity": 1.2079666884087619,
      "Credit": -0.9846810427819723
    },
    {
      "ticker": "VST",
      "r_squared": 0.29463909918691045,
      "alpha_annual": -0.44787099575546807,
      "idio_vol_annual": 0.4136725356803751,
      "Market": 0.6205247655818851,
      "Size": 0.8454483524440549,
      "Value (SMID)": -0.6772221734149804,
      "Momentum": 0.5283066723270199,
      "Quality": -1.8091090184661465,
      "Profitability": -0.4488359623886563,
      "Liquidity": -0.6956185226109399,
      "Credit": -1.0165423299392344
    },
    {
      "ticker": "XNET",
      "r_squared": 0.1752575003974689,
      "alpha_annual": -0.0827508106039392,
      "idio_vol_annual": 0.6714181464400013,
      "Market": 1.7976527650517418,
      "Size": 0.23775718297962511,
      "Value (SMID)": -0.7349249579036001,
      "Momentum": -0.42382917787783325,
      "Quality": 0.5001524696852125,
      "Profitability": 0.6012791499601968,
