{
<<<<<<< Updated upstream
  "generated_at": "2026-06-09T23:07:03.054999Z",
  "market_session": "AFTER",
=======
  "generated_at": "2026-06-10T11:03:26.439440Z",
  "market_session": "PRE",
>>>>>>> Stashed changes
  "fund_name": "Convex Capital",
  "tagline": "Lose small. Win big. \u2014 Paper-traded portfolio. Hypothetical performance for educational purposes only.",
  "summary": {
    "nav": 963079.8775539207,
    "cash": 124779.98000000003,
    "equity": 838299.8975539207,
    "deposits": 1000000.0,
    "total_return": -0.03692012244607923,
    "realized_pnl": 0.0,
    "open_positions": 16
  },
  "metrics": {
<<<<<<< Updated upstream
    "annualized_return": -0.3073267143462144,
    "annualized_vol": 0.29372962543033354,
    "sharpe": -1.0462911730335687,
    "sortino": -1.422550778691824,
    "max_drawdown": -0.4184922470923212,
    "var_95_1d": -0.035926186704977145,
    "method": "Synthetic: current weights \u00d7 each holding's 252-day return history.",
    "beta_spy": 1.5733574178897967,
=======
    "annualized_return": -0.3053210583729301,
    "annualized_vol": 0.29304780448632534,
    "sharpe": -1.0418814053499503,
    "sortino": -1.4391234447883696,
    "max_drawdown": -0.41424128011914807,
    "var_95_1d": -0.03533094744083036,
    "method": "Synthetic: current weights \u00d7 each holding's 252-day return history.",
    "beta_spy": 1.5879684537480239,
>>>>>>> Stashed changes
    "data_basis": "synthetic_252d",
    "days_of_live_nav": 6
  },
  "nav_curve": [
    {
      "date": "2026-06-01",
      "value": 999876.7628759766
    },
    {
      "date": "2026-06-02",
      "value": 1004058.1192620469
    },
    {
      "date": "2026-06-03",
      "value": 988718.7906235124
    },
    {
      "date": "2026-06-04",
      "value": 1000919.7487734223
    },
    {
      "date": "2026-06-05",
      "value": 963668.4124958802
    },
    {
      "date": "2026-06-08",
      "value": 962233.467066555
    }
  ],
  "drawdown_curve": [
    {
      "date": "2026-06-01",
      "value": 0.0
    },
    {
      "date": "2026-06-02",
      "value": 0.0
    },
    {
      "date": "2026-06-03",
      "value": -0.015277331405684446
    },
    {
      "date": "2026-06-04",
      "value": -0.003125686081729177
    },
    {
      "date": "2026-06-05",
      "value": -0.040226462981895875
    },
    {
      "date": "2026-06-08",
      "value": -0.04165560876718144
    }
  ],
  "benchmarks": {
    "SPY": [
      {
        "date": "2026-06-01",
        "value": 0.0
      },
      {
        "date": "2026-06-02",
        "value": 0.0013579103629497435
      },
      {
        "date": "2026-06-03",
        "value": -0.005668768842152949
      },
      {
        "date": "2026-06-04",
        "value": -0.0019115026417536596
      },
      {
        "date": "2026-06-05",
        "value": -0.027671567540792585
      },
      {
        "date": "2026-06-08",
        "value": -0.02546999220062507
      }
    ],
    "IWM": [
      {
        "date": "2026-06-01",
        "value": 0.0
      },
      {
        "date": "2026-06-02",
        "value": 0.009273972502921835
      },
      {
        "date": "2026-06-03",
        "value": -0.004533177066893157
      },
      {
        "date": "2026-06-04",
        "value": 0.010485150059186044
      },
      {
        "date": "2026-06-05",
        "value": -0.02536513534214846
      },
      {
        "date": "2026-06-08",
        "value": -0.01685246539421037
      }
    ]
  },
  "holdings": [
    {
      "ticker": "GRPN",
      "company": "Groupon, Inc.",
      "sector": "Communication Services",
      "country": "United States",
      "shares": 11310.0,
      "price": 16.18000030517578,
      "cost_basis": 17.682836427939876,
      "market_value": 182995.8034515381,
      "unrealized_pnl": -16997.076548461908,
      "short_percent_of_float": 0.56310004,
      "short_ratio": 5.75
    },
    {
      "ticker": "KSPI",
      "company": "Joint Stock Company Kaspi.kz",
      "sector": "Technology",
      "country": "Kazakhstan",
      "shares": 1515.0,
      "price": 80.16999816894531,
      "cost_basis": 82.53049504950495,
      "market_value": 121457.54722595215,
      "unrealized_pnl": -3576.1527740478505,
      "short_percent_of_float": 0.0159,
      "short_ratio": 3.24
    },
    {
      "ticker": "JAKK",
      "company": "JAKKS Pacific, Inc.",
      "sector": "Consumer Cyclical",
      "country": "United States",
      "shares": 3436.0,
      "price": 21.559999465942383,
      "cost_basis": 21.83,
      "market_value": 74080.15816497803,
      "unrealized_pnl": -927.7218350219669,
      "short_percent_of_float": 0.039100002,
      "short_ratio": 7.32
    },
    {
      "ticker": "VIA",
      "company": "Via Transportation, Inc.",
      "sector": "Technology",
      "country": "United States",
      "shares": 4921.0,
      "price": 14.90999984741211,
      "cost_basis": 15.241408250355619,
      "market_value": 73372.10924911499,
      "unrealized_pnl": -1630.8607508850096,
      "short_percent_of_float": 0.13520001,
      "short_ratio": 6.88
    },
    {
      "ticker": "ZS",
      "company": "Zscaler, Inc.",
      "sector": "Technology",
      "country": "United States",
      "shares": 549.0,
      "price": 129.25,
      "cost_basis": 136.8013843351548,
      "market_value": 70958.25,
      "unrealized_pnl": -4145.709999999989,
      "short_percent_of_float": 0.114700004,
      "short_ratio": 2.09
    },
    {
      "ticker": "CMI",
      "company": "Cummins Inc.",
      "sector": "Industrials",
      "country": "United States",
      "shares": 78.0,
      "price": 672.6799926757812,
      "cost_basis": 643.5,
      "market_value": 52469.03942871094,
      "unrealized_pnl": 2276.0394287109375,
      "short_percent_of_float": 0.0171,
      "short_ratio": 2.07
    },
    {
      "ticker": "XNET",
      "company": "Xunlei Limited",
      "sector": "Technology",
      "country": "China",
      "shares": 10526.0,
      "price": 4.820000171661377,
      "cost_basis": 4.75,
      "market_value": 50735.321806907654,
      "unrealized_pnl": 736.8218069076538,
      "short_percent_of_float": 0.0377,
      "short_ratio": 6.03
    },
    {
      "ticker": "CRWV",
      "company": "CoreWeave, Inc.",
      "sector": "Technology",
      "country": "United States",
      "shares": 468.0,
      "price": 102.37000274658203,
      "cost_basis": 106.78134615384614,
      "market_value": 47909.16128540039,
      "unrealized_pnl": -2064.508714599605,
      "short_percent_of_float": 0.18190001,
      "short_ratio": 1.91
    },
    {
      "ticker": "BABA",
      "company": "Alibaba Group Holding Limited",
      "sector": "Consumer Cyclical",
      "country": "Hong Kong",
      "shares": 299.0,
      "price": 120.06999969482422,
      "cost_basis": 125.39999999999999,
      "market_value": 35900.92990875244,
      "unrealized_pnl": -1593.670091247556,
      "short_percent_of_float": 0.0165,
      "short_ratio": 3.21
    },
    {
      "ticker": "PYPL",
      "company": "PayPal Holdings, Inc.",
      "sector": "Financial Services",
      "country": "United States",
      "shares": 830.0,
      "price": 41.2599983215332,
      "cost_basis": 45.19,
      "market_value": 34245.79860687256,
      "unrealized_pnl": -3261.9013931274394,
      "short_percent_of_float": 0.0626,
      "short_ratio": 3.16
    },
    {
      "ticker": "ZTS",
      "company": "Zoetis Inc.",
      "sector": "Healthcare",
      "country": "United States",
      "shares": 312.0,
      "price": 78.81999969482422,
      "cost_basis": 80.09,
      "market_value": 24591.839904785156,
      "unrealized_pnl": -396.2400952148448,
      "short_percent_of_float": 0.0363,
      "short_ratio": 1.45
    },
    {
      "ticker": "AVAV",
      "company": "AeroVironment, Inc.",
      "sector": "Industrials",
      "country": "United States",
      "shares": 122.0,
      "price": 184.67999267578125,
      "cost_basis": 204.09,
      "market_value": 22530.959106445312,
      "unrealized_pnl": -2368.020893554688,
      "short_percent_of_float": 0.120699994,
      "short_ratio": 3.48
    },
    {
      "ticker": "GENC",
      "company": "Gencor Industries, Inc.",
      "sector": "Industrials",
      "country": "United States",
      "shares": 873.0,
      "price": 14.84000015258789,
      "cost_basis": 14.32,
      "market_value": 12955.320133209229,
      "unrealized_pnl": 453.9601332092283,
      "short_percent_of_float": 0.0064,
      "short_ratio": 2.39
    },
    {
      "ticker": "VST",
      "company": "Vistra Corp.",
      "sector": "Utilities",
      "country": "United States",
      "shares": 81.0,
      "price": 146.89999389648438,
      "cost_basis": 154.76,
      "market_value": 11898.899505615234,
      "unrealized_pnl": -636.6604943847649,
      "short_percent_of_float": 0.0539,
      "short_ratio": 2.73
    },
    {
      "ticker": "CEG",
      "company": "Constellation Energy Corporation",
      "sector": "Utilities",
      "country": "United States",
      "shares": 47.0,
      "price": 250.6699981689453,
      "cost_basis": 265.7,
      "market_value": 11781.48991394043,
      "unrealized_pnl": -706.4100860595697,
      "short_percent_of_float": 0.036,
      "short_ratio": 3.46
    },
    {
      "ticker": "OPEN",
      "company": "Opendoor Technologies Inc.",
      "sector": "Real Estate",
      "country": "United States",
      "shares": 2417.0,
      "price": 4.309999942779541,
      "cost_basis": 5.171402565163425,
      "market_value": 10417.26986169815,
      "unrealized_pnl": -2082.0101383018477,
      "short_percent_of_float": 0.16149999,
      "short_ratio": 3.77
    }
  ],
  "sector_exposure": [
    {
      "name": "Technology",
      "value": 364432.3895673752,
      "pct": 0.37840307752351665
    },
    {
      "name": "Communication Services",
      "value": 182995.8034515381,
      "pct": 0.1900110340964865
    },
    {
      "name": "Cash",
      "value": 124779.98000000003,
      "pct": 0.12956347952874123
    },
    {
      "name": "Consumer Cyclical",
      "value": 109981.08807373047,
      "pct": 0.1141972650836253
    },
    {
      "name": "Industrials",
      "value": 87955.31866836548,
      "pct": 0.091327127394416
    },
    {
      "name": "Financial Services",
      "value": 34245.79860687256,
      "pct": 0.03555862748773422
    },
    {
      "name": "Healthcare",
      "value": 24591.839904785156,
      "pct": 0.02553457971445189
    },
    {
      "name": "Utilities",
      "value": 23680.389419555664,
      "pct": 0.024588188343941234
    },
    {
      "name": "Real Estate",
      "value": 10417.26986169815,
      "pct": 0.010816620827087014
    }
  ],
  "geographic_exposure": [
    {
      "name": "United States",
      "value": 630206.0986123085,
      "pct": 0.6543653473613612
    },
    {
      "name": "Cash",
      "value": 124779.98000000003,
      "pct": 0.12956347952874123
    },
    {
      "name": "Kazakhstan",
      "value": 121457.54722595215,
      "pct": 0.1261136797234682
    },
    {
      "name": "China",
      "value": 50735.321806907654,
      "pct": 0.05268028435581876
    },
    {
      "name": "Hong Kong",
      "value": 35900.92990875244,
      "pct": 0.03727720903061068
    }
  ],
  "signals": [
    {
      "ticker": "AVAV",
      "label": "BUY",
      "composite": 1.0,
      "rsi": 49.1,
      "subs": {
        "rsi": 0.5,
        "macd": 0.5,
        "trend": -0.5,
        "bb": 0.5,
        "vol": 0.0,
        "range": 0.0
      }
    },
    {
      "ticker": "BABA",
      "label": "STRONG SELL",
      "composite": -2.0,
      "rsi": 36.2,
      "subs": {
        "rsi": 0.0,
        "macd": -0.5,
        "trend": -0.5,
        "bb": -0.5,
        "vol": 0.0,
        "range": -0.5
      }
    },
    {
      "ticker": "CEG",
      "label": "SELL",
      "composite": -1.5,
      "rsi": 34.9,
      "subs": {
        "rsi": 0.0,
        "macd": -0.5,
        "trend": -0.5,
        "bb": -0.5,
        "vol": 0.5,
        "range": -0.5
      }
    },
    {
      "ticker": "CMI",
      "label": "BUY",
      "composite": 1.0,
      "rsi": 53.1,
      "subs": {
        "rsi": 0.5,
        "macd": -0.5,
        "trend": 0.5,
        "bb": 0.5,
        "vol": 0.0,
        "range": 0.0
      }
    },
    {
      "ticker": "CRWV",
      "label": "SELL",
      "composite": -1.5,
      "rsi": 44.9,
      "subs": {
        "rsi": 0.0,
        "macd": -0.5,
        "trend": 0.0,
        "bb": -0.5,
        "vol": 0.0,
        "range": -0.5
      }
    },
    {
      "ticker": "GENC",
      "label": "STRONG BUY",
      "composite": 2.0,
      "rsi": 52.6,
      "subs": {
        "rsi": 0.5,
        "macd": 0.5,
        "trend": 0.5,
        "bb": 0.5,
        "vol": 0.0,
        "range": 0.0
      }
    },
    {
      "ticker": "GRPN",
      "label": "SELL",
      "composite": -1.5,
      "rsi": 44.4,
      "subs": {
        "rsi": 0.0,
        "macd": -0.5,
        "trend": 0.0,
        "bb": -0.5,
        "vol": 0.0,
        "range": -0.5
      }
    },
    {
      "ticker": "JAKK",
      "label": "SELL",
      "composite": -1.0,
      "rsi": 46.5,
      "subs": {
        "rsi": 0.5,
        "macd": -0.5,
        "trend": 0.0,
        "bb": -0.5,
        "vol": 0.0,
        "range": -0.5
      }
    },
    {
      "ticker": "KSPI",
      "label": "SELL",
      "composite": -1.0,
      "rsi": 32.8,
      "subs": {
        "rsi": 0.0,
        "macd": -0.5,
        "trend": 0.0,
        "bb": 0.0,
        "vol": 0.0,
        "range": -0.5
      }
    },
    {
      "ticker": "OPEN",
      "label": "STRONG SELL",
      "composite": -2.0,
      "rsi": 39.5,
      "subs": {
        "rsi": 0.0,
        "macd": -0.5,
        "trend": -0.5,
        "bb": -0.5,
        "vol": 0.0,
        "range": -0.5
      }
    },
    {
      "ticker": "PYPL",
      "label": "STRONG SELL",
      "composite": -2.0,
      "rsi": 29.2,
      "subs": {
        "rsi": -0.5,
        "macd": -0.5,
        "trend": -0.5,
        "bb": 0.0,
        "vol": 0.0,
        "range": -0.5
      }
    },
    {
      "ticker": "VIA",
      "label": "BUY",
      "composite": 1.0,
      "rsi": 47.5,
      "subs": {
        "rsi": 0.5,
        "macd": 0.5,
        "trend": -0.5,
        "bb": 0.5,
        "vol": 0.0,
        "range": 0.0
      }
    },
    {
      "ticker": "VST",
      "label": "STRONG SELL",
      "composite": -2.0,
      "rsi": 43.5,
      "subs": {
        "rsi": 0.0,
        "macd": -0.5,
        "trend": -0.5,
        "bb": -0.5,
        "vol": -0.5,
        "range": 0.0
      }
    },
    {
      "ticker": "XNET",
      "label": "SELL",
      "composite": -1.5,
      "rsi": 34.4,
      "subs": {
        "rsi": 0.0,
        "macd": -0.5,
        "trend": -0.5,
        "bb": -0.5,
        "vol": 0.5,
        "range": -0.5
      }
    },
    {
      "ticker": "ZS",
      "label": "STRONG SELL",
      "composite": -2.0,
      "rsi": 41.4,
      "subs": {
        "rsi": 0.0,
        "macd": -0.5,
        "trend": -0.5,
        "bb": -0.5,
        "vol": 0.0,
        "range": -0.5
      }
    },
    {
      "ticker": "ZTS",
      "label": "LEAN BULL",
      "composite": 0.5,
      "rsi": 32.5,
      "subs": {
        "rsi": 0.0,
        "macd": 0.5,
        "trend": -0.5,
        "bb": 0.5,
        "vol": 0.0,
        "range": 0.0
      }
    }
  ],
  "volatility": [
    {
      "ticker": "AVAV",
<<<<<<< Updated upstream
      "hv20": 0.9041475196121159,
      "garch": 0.7594227792531488,
      "expansion": -0.1600676186349046,
=======
      "hv20": 0.8879684993215613,
      "garch": 0.7731430734331611,
      "expansion": -0.1293124992340728,
>>>>>>> Stashed changes
      "regime": "HIGH",
      "signal": "WEAK"
    },
    {
      "ticker": "BABA",
<<<<<<< Updated upstream
      "hv20": 0.4691470073125419,
      "garch": 0.42293216745532275,
      "expansion": -0.09850822692434057,
=======
      "hv20": 0.4711466106865847,
      "garch": 0.43347470424960954,
      "expansion": -0.07995792728313861,
>>>>>>> Stashed changes
      "regime": "HIGH",
      "signal": "WEAK"
    },
    {
      "ticker": "CEG",
<<<<<<< Updated upstream
      "hv20": 0.5543613440656731,
      "garch": 0.5639719376547364,
      "expansion": 0.017336334309639066,
=======
      "hv20": 0.5525311143311176,
      "garch": 0.5712245846690395,
      "expansion": 0.03383243016196802,
>>>>>>> Stashed changes
      "regime": "HIGH",
      "signal": "WEAK"
    },
    {
      "ticker": "CMI",
<<<<<<< Updated upstream
      "hv20": 0.4140422334856976,
      "garch": 0.34358025784706553,
      "expansion": -0.1701806481078845,
=======
      "hv20": 0.43273593583512576,
      "garch": 0.3691625025014143,
      "expansion": -0.14691045524338706,
>>>>>>> Stashed changes
      "regime": "HIGH",
      "signal": "WEAK"
    },
    {
      "ticker": "CRWV",
<<<<<<< Updated upstream
      "hv20": 0.8068502339628638,
      "garch": 0.9790433620438839,
      "expansion": 0.21341399039483383,
=======
      "hv20": 0.7991896111239162,
      "garch": 0.9924041445286279,
      "expansion": 0.241763069383485,
>>>>>>> Stashed changes
      "regime": "LOW",
      "signal": "SIGNAL"
    },
    {
      "ticker": "GENC",
<<<<<<< Updated upstream
      "hv20": 0.39971097844241543,
      "garch": 0.43151215087030004,
      "expansion": 0.07956041775936874,
=======
      "hv20": 0.4155923196304386,
      "garch": 0.44527877296708995,
      "expansion": 0.07143166977447939,
>>>>>>> Stashed changes
      "regime": "NORMAL",
      "signal": "WEAK"
    },
    {
      "ticker": "GRPN",
<<<<<<< Updated upstream
      "hv20": 0.8668329197500287,
      "garch": 0.7977051755367086,
      "expansion": -0.07974748378644261,
=======
      "hv20": 0.8792874391308394,
      "garch": 0.8149303875569548,
      "expansion": -0.0731922790088989,
>>>>>>> Stashed changes
      "regime": "HIGH",
      "signal": "WEAK"
    },
    {
      "ticker": "JAKK",
<<<<<<< Updated upstream
      "hv20": 0.24673102849674539,
      "garch": 0.4633838245051966,
      "expansion": 0.8780930283817509,
=======
      "hv20": 0.2603764026094843,
      "garch": 0.4598457947392091,
      "expansion": 0.7660809125967203,
>>>>>>> Stashed changes
      "regime": "LOW",
      "signal": "SIGNAL"
    },
    {
      "ticker": "KSPI",
<<<<<<< Updated upstream
      "hv20": 0.2781018711674871,
      "garch": 0.4102123249861719,
      "expansion": 0.4750433834338395,
      "regime": "NORMAL",
=======
      "hv20": 0.2665184890534583,
      "garch": 0.3509300770071663,
      "expansion": 0.3167194450692562,
      "regime": "LOW",
>>>>>>> Stashed changes
      "signal": "SIGNAL"
    },
    {
      "ticker": "OPEN",
<<<<<<< Updated upstream
      "hv20": 0.7316737433716437,
      "garch": 0.891029670743791,
      "expansion": 0.21779642745934188,
=======
      "hv20": 0.736102259756758,
      "garch": 0.9324185973023558,
      "expansion": 0.26669709940908165,
>>>>>>> Stashed changes
      "regime": "LOW",
      "signal": "SIGNAL"
    },
    {
      "ticker": "PYPL",
<<<<<<< Updated upstream
      "hv20": 0.23625322449182531,
      "garch": 0.3903440964773381,
      "expansion": 0.6522275931554302,
=======
      "hv20": 0.23405545843726822,
      "garch": 0.39071978625867676,
      "expansion": 0.6693470379516822,
>>>>>>> Stashed changes
      "regime": "LOW",
      "signal": "SIGNAL"
    },
    {
      "ticker": "VIA",
      "hv20": 1.008175658547803,
      "garch": null,
      "expansion": null,
      "regime": "NORMAL",
      "signal": "WEAK"
    },
    {
      "ticker": "VST",
<<<<<<< Updated upstream
      "hv20": 0.48602030556801334,
      "garch": 0.5601761115111457,
      "expansion": 0.1525775880011149,
=======
      "hv20": 0.4979898239430335,
      "garch": 0.5662887012510758,
      "expansion": 0.13714914246090137,
>>>>>>> Stashed changes
      "regime": "NORMAL",
      "signal": "BASE"
    },
    {
      "ticker": "XNET",
<<<<<<< Updated upstream
      "hv20": 0.768038615207305,
      "garch": 0.7930285096351324,
      "expansion": 0.03253728905425186,
=======
      "hv20": 0.766444165048805,
      "garch": 0.8737977012748964,
      "expansion": 0.1400670017746896,
>>>>>>> Stashed changes
      "regime": "HIGH",
      "signal": "BASE"
    },
    {
      "ticker": "ZS",
<<<<<<< Updated upstream
      "hv20": 1.580114542705054,
      "garch": 0.5459299903150203,
      "expansion": -0.6544997368479227,
=======
      "hv20": 1.5794360500508882,
      "garch": 0.576013759835081,
      "expansion": -0.6353041582047452,
>>>>>>> Stashed changes
      "regime": "EXTREME",
      "signal": "WEAK"
    },
    {
      "ticker": "ZTS",
<<<<<<< Updated upstream
      "hv20": 0.31855379938752687,
      "garch": 0.35864381623164876,
      "expansion": 0.12585006652314829,
=======
      "hv20": 0.39860583231357377,
      "garch": 0.3128692733763813,
      "expansion": -0.21509107992616006,
>>>>>>> Stashed changes
      "regime": "HIGH",
      "signal": "WEAK"
    }
  ],
  "correlation": {
    "tickers": [
      "AVAV",
      "BABA",
      "CEG",
      "CMI",
      "CRWV",
      "GENC",
      "GRPN",
      "JAKK",
      "KSPI",
      "OPEN",
      "PYPL",
      "VIA",
      "VST",
      "XNET",
      "ZS",
      "ZTS"
    ],
    "matrix": [
      [
        1.0,
        0.131,
        0.264,
        0.247,
        0.307,
        0.098,
        0.233,
        0.084,
        0.093,
        0.337,
        0.2,
        0.033,
        0.301,
        0.331,
        0.174,
        0.069
      ],
      [
        0.131,
        1.0,
        0.181,
        0.334,
        0.353,
        0.131,
        0.192,
        0.117,
        0.214,
        0.196,
        0.244,
        -0.037,
        0.226,
        0.478,
        0.038,
        0.077
      ],
      [
        0.264,
        0.181,
        1.0,
        0.312,
        0.218,
        0.149,
        0.08,
        0.09,
        0.053,
        0.19,
        0.124,
        0.006,
        0.796,
        0.247,
        0.041,
        0.122
      ],
      [
        0.247,
        0.334,
        0.312,
        1.0,
        0.367,
        0.362,
        0.186,
        0.152,
        0.232,
        0.201,
        0.065,
        0.007,
        0.321,
        0.314,
        -0.056,
        0.202
      ],
      [
        0.307,
        0.353,
        0.218,
        0.367,
        1.0,
        0.12,
        0.167,
        0.062,
        0.132,
        0.241,
        0.132,
        0.224,
        0.309,
        0.372,
        0.182,
        0.088
      ],
      [
        0.098,
        0.131,
        0.149,
        0.362,
        0.12,
        1.0,
        0.16,
        0.315,
        0.159,
        0.131,
        0.098,
        0.066,
        0.173,
        0.167,
        0.053,
        0.152
      ],
      [
        0.233,
        0.192,
        0.08,
        0.186,
        0.167,
        0.16,
        1.0,
        0.15,
        0.336,
        0.306,
        0.262,
        0.179,
        0.115,
        0.221,
        0.149,
        0.16
      ],
      [
        0.084,
        0.117,
        0.09,
        0.152,
        0.062,
        0.315,
        0.15,
        1.0,
        0.108,
        0.138,
        0.214,
        0.143,
        0.061,
        0.196,
        -0.051,
        0.134
      ],
      [
        0.093,
        0.214,
        0.053,
        0.232,
        0.132,
        0.159,
        0.336,
        0.108,
        1.0,
        0.249,
        0.255,
        0.149,
        0.083,
        0.191,
        0.155,
        0.204
      ],
      [
        0.337,
        0.196,
        0.19,
        0.201,
        0.241,
        0.131,
        0.306,
        0.138,
        0.249,
        1.0,
        0.239,
        0.163,
        0.263,
        0.342,
        0.064,
        0.164
      ],
      [
        0.2,
        0.244,
        0.124,
        0.065,
        0.132,
        0.098,
        0.262,
        0.214,
        0.255,
        0.239,
        1.0,
        0.159,
        0.063,
        0.326,
        0.206,
        0.17
      ],
      [
        0.033,
        -0.037,
        0.006,
        0.007,
        0.224,
        0.066,
        0.179,
        0.143,
        0.149,
        0.163,
        0.159,
        1.0,
        0.061,
        0.19,
        0.369,
        0.025
      ],
      [
        0.301,
        0.226,
        0.796,
        0.321,
        0.309,
        0.173,
        0.115,
        0.061,
        0.083,
        0.263,
        0.063,
        0.061,
        1.0,
        0.269,
        0.069,
        0.091
      ],
      [
        0.331,
        0.478,
        0.247,
        0.314,
        0.372,
        0.167,
        0.221,
        0.196,
        0.191,
        0.342,
        0.326,
        0.19,
        0.269,
        1.0,
        0.221,
        0.039
      ],
      [
        0.174,
        0.038,
        0.041,
        -0.056,
        0.182,
        0.053,
        0.149,
        -0.051,
        0.155,
        0.064,
        0.206,
        0.369,
        0.069,
        0.221,
        1.0,
        -0.032
      ],
      [
        0.069,
        0.077,
        0.122,
        0.202,
        0.088,
        0.152,
        0.16,
        0.134,
        0.204,
        0.164,
        0.17,
        0.025,
        0.091,
        0.039,
        -0.032,
        1.0
      ]
    ]
  },
  "residual_correlation": {
    "tickers": [
      "AVAV",
      "BABA",
      "CEG",
      "CMI",
      "CRWV",
      "GENC",
      "GRPN",
      "JAKK",
      "KSPI",
      "OPEN",
      "PYPL",
      "VIA",
      "VST",
      "XNET",
      "ZS",
      "ZTS"
    ],
    "matrix": [
      [
        1.0,
        -0.012,
        0.117,
        0.064,
        0.116,
        -0.032,
        0.086,
        -0.057,
        -0.123,
        0.15,
        0.009,
        -0.142,
        0.148,
        0.163,
        0.099,
        -0.051
      ],
      [
        -0.012,
        1.0,
        0.009,
        0.102,
        0.188,
        -0.081,
        0.024,
        -0.046,
        0.037,
        0.04,
        0.122,
        -0.161,
        0.056,
        0.344,
        -0.048,
        -0.024
      ],
      [
        0.117,
        0.009,
        1.0,
        0.032,
        -0.04,
        0.03,
        -0.059,
        -0.014,
        -0.12,
        0.029,
        0.039,
        -0.093,
        0.732,
        0.082,
        0.017,
        0.081
      ],
      [
        0.064,
        0.102,
        0.032,
        1.0,
        0.097,
        0.069,
        -0.063,
        -0.145,
        -0.013,
        -0.067,
        -0.104,
        -0.116,
        -0.005,
        0.017,
        -0.121,
        0.071
      ],
      [
        0.116,
        0.188,
        -0.04,
        0.097,
        1.0,
        0.014,
        -0.04,
        -0.033,
        -0.095,
        0.017,
        -0.043,
        0.107,
        0.056,
        0.106,
        0.128,
        0.044
      ],
      [
        -0.032,
        -0.081,
        0.03,
        0.069,
        0.014,
        1.0,
        -0.028,
        0.063,
        -0.072,
        -0.077,
        0.005,
        -0.01,
        0.033,
        -0.04,
        0.012,
        -0.05
      ],
      [
        0.086,
        0.024,
        -0.059,
        -0.063,
        -0.04,
        -0.028,
        1.0,
        0.007,
        0.17,
        0.108,
        0.09,
        0.056,
        -0.038,
        -0.014,
        0.048,
        0.031
      ],
      [
        -0.057,
        -0.046,
        -0.014,
        -0.145,
        -0.033,
        0.063,
        0.007,
        1.0,
        -0.093,
        -0.028,
        0.103,
        0.082,
        -0.051,
        0.028,
        -0.118,
        -0.052
      ],
      [
        -0.123,
        0.037,
        -0.12,
        -0.013,
        -0.095,
        -0.072,
        0.17,
        -0.093,
        1.0,
        0.067,
        0.074,
        0.017,
        -0.11,
        -0.027,
        0.055,
        0.072
      ],
      [
        0.15,
        0.04,
        0.029,
        -0.067,
        0.017,
        -0.077,
        0.108,
        -0.028,
        0.067,
        1.0,
        0.064,
        0.033,
        0.106,
        0.156,
        -0.043,
        0.021
      ],
      [
        0.009,
        0.122,
        0.039,
        -0.104,
        -0.043,
        0.005,
        0.09,
        0.103,
        0.074,
        0.064,
        1.0,
        0.002,
        -0.043,
        0.181,
        0.066,
        0.024
      ],
      [
        -0.142,
        -0.161,
        -0.093,
        -0.116,
        0.107,
        -0.01,
        0.056,
        0.082,
        0.017,
        0.033,
        0.002,
        1.0,
        -0.038,
        0.056,
        0.302,
        -0.062
      ],
      [
        0.148,
        0.056,
        0.732,
        -0.005,
        0.056,
        0.033,
        -0.038,
        -0.051,
        -0.11,
        0.106,
        -0.043,
        -0.038,
        1.0,
        0.088,
        0.049,
        0.04
      ],
      [
        0.163,
        0.344,
        0.082,
        0.017,
        0.106,
        -0.04,
        -0.014,
        0.028,
        -0.027,
        0.156,
        0.181,
        0.056,
        0.088,
        1.0,
        0.142,
        -0.108
      ],
      [
        0.099,
        -0.048,
        0.017,
        -0.121,
        0.128,
        0.012,
        0.048,
        -0.118,
        0.055,
        -0.043,
        0.066,
        0.302,
        0.049,
        0.142,
        1.0,
        -0.11
      ],
      [
        -0.051,
        -0.024,
        0.081,
        0.071,
        0.044,
        -0.05,
        0.031,
        -0.052,
        0.072,
        0.021,
        0.024,
        -0.062,
        0.04,
        -0.108,
        -0.11,
        1.0
      ]
    ]
  },
  "factor_correlation": {
    "factors": [
      "Market",
      "Size",
      "Value (SMID)",
      "Momentum",
      "Quality",
      "Profitability",
      "Liquidity",
      "Credit"
    ],
    "matrix": [
      [
        1.0,
        0.357,
        -0.473,
        0.372,
        -0.19,
        -0.522,
        0.322,
        0.191
      ],
      [
        0.357,
        1.0,
        -0.158,
        0.231,
        0.128,
        0.158,
        0.342,
        0.058
      ],
      [
        -0.473,
        -0.158,
        1.0,
        -0.525,
        0.268,
        0.563,
        -0.371,
        -0.136
      ],
      [
        0.372,
        0.231,
        -0.525,
        1.0,
        -0.192,
        -0.509,
        0.264,
        0.025
      ],
      [
        -0.19,
        0.128,
        0.268,
        -0.192,
        1.0,
        0.397,
        -0.22,
        -0.135
      ],
      [
        -0.522,
        0.158,
        0.563,
        -0.509,
        0.397,
        1.0,
        -0.267,
        -0.086
      ],
      [
        0.322,
        0.342,
        -0.371,
        0.264,
        -0.22,
        -0.267,
        1.0,
        0.171
      ],
      [
        0.191,
        0.058,
        -0.136,
        0.025,
        -0.135,
        -0.086,
        0.171,
        1.0
      ]
    ]
  },
  "factor_exposures": [
    {
      "ticker": "AVAV",
<<<<<<< Updated upstream
      "r_squared": 0.17809151417216418,
      "alpha_annual": -0.2668649706291177,
      "idio_vol_annual": 0.6638357274450652,
      "Market": 1.0316868786793787,
      "Size": 0.7510198049245559,
      "Value (SMID)": -2.1442684471437534,
      "Momentum": -0.5731735860366567,
      "Quality": -1.4368739292428445,
      "Profitability": 0.06376077401756558,
      "Liquidity": 0.09996449536334617,
      "Credit": -1.6706900639924946
    },
    {
      "ticker": "BABA",
      "r_squared": 0.1534553680884173,
      "alpha_annual": -0.2991694599707543,
      "idio_vol_annual": 0.3965666464248529,
      "Market": 1.1974543535149813,
      "Size": 0.1767123946495623,
      "Value (SMID)": 0.23509434964894516,
      "Momentum": -0.13454689374604056,
      "Quality": -0.21233738139289776,
      "Profitability": -0.23826806378249038,
      "Liquidity": 0.22401024010930304,
      "Credit": 0.9767436206523975
    },
    {
      "ticker": "CEG",
      "r_squared": 0.2502639284041239,
      "alpha_annual": -0.40035894297040514,
      "idio_vol_annual": 0.40339960026220334,
      "Market": 0.6923035506091217,
      "Size": 0.38414242373317486,
      "Value (SMID)": -0.4815845499910564,
      "Momentum": 0.689017045796129,
      "Quality": -0.6625303580166535,
      "Profitability": -0.6702003974042839,
      "Liquidity": -0.4015539036897507,
      "Credit": -0.9293303774911433
    },
    {
      "ticker": "CMI",
      "r_squared": 0.4990573830242535,
      "alpha_annual": 0.35065456259319333,
      "idio_vol_annual": 0.23288090163748415,
      "Market": 1.1403936395521086,
      "Size": 0.841836422753512,
      "Value (SMID)": 0.4260104909503933,
      "Momentum": 0.7886747398657991,
      "Quality": 0.36423087855490877,
      "Profitability": -0.1959744339055871,
      "Liquidity": -0.30955330556665517,
      "Credit": 0.928748331274133
    },
    {
      "ticker": "CRWV",
      "r_squared": 0.28708341230806156,
      "alpha_annual": -0.8052249378987724,
      "idio_vol_annual": 0.8045967881368765,
      "Market": 0.9149467516353356,
      "Size": 0.7581804988835044,
      "Value (SMID)": -2.164402070027362,
      "Momentum": 1.0216749309997544,
      "Quality": -4.609677021918803,
      "Profitability": -0.011869565618334271,
      "Liquidity": 0.41489521541422486,
      "Credit": 1.5336258041491975
    },
    {
      "ticker": "GENC",
      "r_squared": 0.3349749525361959,
      "alpha_annual": -0.42696293980046585,
      "idio_vol_annual": 0.3268887539086052,
      "Market": 1.4170008435259487,
      "Size": 1.1836228634426496,
      "Value (SMID)": 1.170179905334919,
      "Momentum": -0.011329844505044151,
      "Quality": -0.5184007661532065,
      "Profitability": 0.1313258414462063,
      "Liquidity": -0.16413665716030512,
      "Credit": 0.6086017178332352
    },
    {
      "ticker": "GRPN",
      "r_squared": 0.15458030852843463,
      "alpha_annual": -1.0798204338608868,
      "idio_vol_annual": 0.6309521693848619,
      "Market": 1.843161486258898,
      "Size": 0.27504618103960576,
      "Value (SMID)": -0.9077933213680582,
      "Momentum": -0.14372572057508226,
      "Quality": -1.8278207212166764,
      "Profitability": 1.403941987474481,
      "Liquidity": 0.14646824209200698,
      "Credit": 1.58785237112444
    },
    {
      "ticker": "JAKK",
      "r_squared": 0.2855385385692354,
      "alpha_annual": -0.3242753509677047,
      "idio_vol_annual": 0.36068740688578205,
      "Market": 1.3893782975628963,
      "Size": 0.9957019040888326,
      "Value (SMID)": 0.8225934201192315,
      "Momentum": -0.3976021847543983,
      "Quality": 1.5925256198161497,
      "Profitability": -0.2958532404439583,
      "Liquidity": 0.38698821633117986,
      "Credit": -0.38033162125046266
    },
    {
      "ticker": "KSPI",
      "r_squared": 0.22710794807880463,
      "alpha_annual": -0.3234083808448551,
      "idio_vol_annual": 0.31666631387278127,
      "Market": 1.3198430883597436,
      "Size": 0.33931368173299525,
      "Value (SMID)": -0.29114925410232867,
      "Momentum": -0.5795756229198878,
      "Quality": 0.03746565527071491,
      "Profitability": 0.18265302451597298,
      "Liquidity": 0.008069835701026429,
      "Credit": 0.43355051073064876
    },
    {
      "ticker": "OPEN",
      "r_squared": 0.11889856903579565,
      "alpha_annual": 1.281254508797011,
      "idio_vol_annual": 1.3593697324462637,
      "Market": 2.9968526717942905,
      "Size": 1.1629391942189482,
      "Value (SMID)": -1.7178150121805653,
      "Momentum": -1.6379685494278515,
      "Quality": 1.565002166263574,
      "Profitability": 1.057874943047617,
      "Liquidity": 1.8351748114205346,
      "Credit": -2.9520875002773512
    },
    {
      "ticker": "PYPL",
      "r_squared": 0.3089434964391933,
      "alpha_annual": -0.7612734278374395,
      "idio_vol_annual": 0.33634621990524183,
      "Market": 1.8903521889866943,
      "Size": -0.4212663524789159,
      "Value (SMID)": -0.9230645338191894,
      "Momentum": -0.9463351978882286,
      "Quality": 1.5828476290685638,
      "Profitability": 0.7568446189392718,
      "Liquidity": 0.47145033585842083,
      "Credit": -0.08787086645808728
    },
    {
      "ticker": "VIA",
      "r_squared": 0.1261224221418734,
      "alpha_annual": -1.6878147784951847,
      "idio_vol_annual": 0.6833614894542496,
      "Market": 1.2807912418793777,
      "Size": 0.2931232116692252,
      "Value (SMID)": -1.5122352092273303,
      "Momentum": -1.259622110247481,
      "Quality": -1.76328772263687,
      "Profitability": 0.6621235545582166,
      "Liquidity": 0.5765142485517505,
      "Credit": -0.9414214455986568
    },
    {
      "ticker": "VST",
      "r_squared": 0.2730536561760676,
      "alpha_annual": -0.40137978936331914,
      "idio_vol_annual": 0.41268071180168814,
      "Market": 0.5553447884154217,
      "Size": 0.745006704163085,
      "Value (SMID)": -0.6888245678551945,
      "Momentum": 0.7313047138612607,
      "Quality": -1.6637676996571693,
      "Profitability": -0.5372447330267263,
      "Liquidity": -0.7254135700293782,
      "Credit": -0.7189461940488554
    },
    {
      "ticker": "XNET",
      "r_squared": 0.17161549021707256,
      "alpha_annual": -0.6377618627494052,
      "idio_vol_annual": 0.7248985008612796,
      "Market": 2.009066966116082,
      "Size": 0.20425588911926518,
      "Value (SMID)": -0.6850510025820755,
      "Momentum": -0.6150855036136098,
      "Quality": 0.2906506774782388,
      "Profitability": 0.4910637965805444,
      "Liquidity": 1.318382027422596,
      "Credit": 2.4865078515619734
    },
    {
      "ticker": "ZS",
      "r_squared": 0.09396094223111318,
      "alpha_annual": -1.0116654052252525,
      "idio_vol_annual": 0.595677252522322,
      "Market": 1.3787171761147197,
      "Size": -0.4623837228614843,
      "Value (SMID)": -1.1688808908611756,
      "Momentum": -1.0453443464933265,
      "Quality": -1.069871166111687,
      "Profitability": 0.878579589650285,
      "Liquidity": 0.1807272483103004,
      "Credit": 0.059791736135515916
    },
    {
      "ticker": "ZTS",
      "r_squared": 0.176193492919565,
      "alpha_annual": -0.926184501050044,
      "idio_vol_annual": 0.3437054139460837,
      "Market": 1.3914168999576577,
      "Size": 0.047658675966327835,
      "Value (SMID)": 0.06920106824391209,
      "Momentum": -0.15099834280170438,
      "Quality": 1.4382446095228758,
      "Profitability": 0.8764367938311026,
      "Liquidity": 0.10121442483968429,
      "Credit": -0.6824978184703017
=======
      "r_squared": 0.1792547411557589,
      "alpha_annual": -0.2015228974349717,
      "idio_vol_annual": 0.6624345719204098,
      "Market": 1.0088357976881457,
      "Size": 0.8091780322797011,
      "Value (SMID)": -2.1635922449646556,
      "Momentum": -0.6242393426736809,
      "Quality": -1.3407623327905167,
      "Profitability": 0.0046430354377565,
      "Liquidity": 0.05032426717298941,
      "Credit": -1.6810083723269633
    },
    {
      "ticker": "BABA",
      "r_squared": 0.15008646727093022,
      "alpha_annual": -0.32176267001074077,
      "idio_vol_annual": 0.39737016108649825,
      "Market": 1.1819714341530858,
      "Size": 0.17334341900367783,
      "Value (SMID)": 0.22672938098196233,
      "Momentum": -0.11765505141520624,
      "Quality": -0.17393091539488437,
      "Profitability": -0.2495055930199545,
      "Liquidity": 0.1953567785153518,
      "Credit": 0.8931522133976324
    },
    {
      "ticker": "CEG",
      "r_squared": 0.24915292008830736,
      "alpha_annual": -0.39340716860401537,
      "idio_vol_annual": 0.40456730794852375,
      "Market": 0.7232331311626425,
      "Size": 0.3664360966147122,
      "Value (SMID)": -0.4621722157222286,
      "Momentum": 0.6846840523602227,
      "Quality": -0.7544669136245697,
      "Profitability": -0.6312923867431399,
      "Liquidity": -0.3414714010384267,
