{
  "generated_at": "2026-06-05T14:52:21.903384Z",
  "market_session": "OPEN",
  "fund_name": "Convex Capital",
  "tagline": "Lose small. Win big. \u2014 Paper-traded portfolio. Hypothetical performance for educational purposes only.",
  "summary": {
    "nav": 972265.9121099091,
    "cash": 124839.81000000006,
    "equity": 847426.102109909,
    "deposits": 1000000.0,
    "total_return": -0.027734087890090908,
    "realized_pnl": 0.0,
    "open_positions": 16
  },
  "metrics": {
    "annualized_return": -0.2660514755173823,
    "annualized_vol": 0.2983199946900902,
    "sharpe": -0.8918325296759607,
    "sortino": -1.258716313132733,
    "max_drawdown": -0.420670133266172,
    "var_95_1d": -0.03324017032391076,
    "method": "Synthetic: current weights \u00d7 each holding's 252-day return history.",
    "beta_spy": 1.603729575141892,
    "data_basis": "synthetic_252d",
    "days_of_live_nav": 5
  },
  "nav_curve": [
    {
      "date": "2026-06-01",
      "value": 999876.7624438477
    },
    {
      "date": "2026-06-02",
      "value": 1000917.5085012437
    },
    {
      "date": "2026-06-03",
      "value": 980988.4281072998
    },
    {
      "date": "2026-06-04",
      "value": 993160.5977230454
    },
    {
      "date": "2026-06-05",
      "value": 972578.0716081238
    }
  ],
  "drawdown_curve": [
    {
      "date": "2026-06-01",
      "value": 0.0
    },
    {
      "date": "2026-06-02",
      "value": 0.0
    },
    {
      "date": "2026-06-03",
      "value": -0.019910812054617043
    },
    {
      "date": "2026-06-04",
      "value": -0.007749800270567089
    },
    {
      "date": "2026-06-05",
      "value": -0.028313459053738405
    }
  ],
  "benchmarks": {
    "SPY": [
      {
        "date": "2026-06-01",
        "value": 0.0
      },
      {
        "date": "2026-06-02",
        "value": 0.0013579103629497435
      },
      {
        "date": "2026-06-03",
        "value": -0.005668768842152949
      },
      {
        "date": "2026-06-04",
        "value": -0.0019115026417536596
      },
      {
        "date": "2026-06-05",
        "value": -0.0116869123463067
      }
    ],
    "IWM": [
      {
        "date": "2026-06-01",
        "value": 0.0
      },
      {
        "date": "2026-06-02",
        "value": 0.009273972502921835
      },
      {
        "date": "2026-06-03",
        "value": -0.004533177066893157
      },
      {
        "date": "2026-06-04",
        "value": 0.010485150059186044
      },
      {
        "date": "2026-06-05",
        "value": -0.0037373418533603875
      }
    ]
  },
  "holdings": [
    {
      "ticker": "GRPN",
      "company": "Groupon, Inc.",
      "sector": "Communication Services",
      "country": "United States",
      "shares": 9713.0,
      "price": 17.389999389648438,
      "cost_basis": 18.017072994955218,
      "market_value": 168909.06407165527,
      "unrealized_pnl": -6090.765928344755,
      "short_percent_of_float": 0.5812,
      "short_ratio": 4.89
    },
    {
      "ticker": "KSPI",
      "company": "Joint Stock Company Kaspi.kz",
      "sector": "Technology",
      "country": "Kazakhstan",
      "shares": 1515.0,
      "price": 82.125,
      "cost_basis": 82.53049504950495,
      "market_value": 124419.375,
      "unrealized_pnl": -614.3249999999987,
      "short_percent_of_float": 0.015700001,
      "short_ratio": 2.81
    },
    {
      "ticker": "JAKK",
      "company": "JAKKS Pacific, Inc.",
      "sector": "Consumer Cyclical",
      "country": "United States",
      "shares": 3436.0,
      "price": 21.4950008392334,
      "cost_basis": 21.83,
      "market_value": 73856.82288360596,
      "unrealized_pnl": -1151.0571163940372,
      "short_percent_of_float": 0.0339,
      "short_ratio": 6.7
    },
    {
      "ticker": "ZS",
      "company": "Zscaler, Inc.",
      "sector": "Technology",
      "country": "United States",
      "shares": 549.0,
      "price": 133.6699981689453,
      "cost_basis": 136.8013843351548,
      "market_value": 73384.82899475098,
      "unrealized_pnl": -1719.1310052490128,
      "short_percent_of_float": 0.1058,
      "short_ratio": 4.01
    },
    {
      "ticker": "VIA",
      "company": "Via Transportation, Inc.",
      "sector": "Technology",
      "country": "United States",
      "shares": 4921.0,
      "price": 14.770000457763672,
      "cost_basis": 15.241408250355619,
      "market_value": 72683.17225265503,
      "unrealized_pnl": -2319.7977473449705,
      "short_percent_of_float": 0.1248,
      "short_ratio": 7.65
    },
    {
      "ticker": "XNET",
      "company": "Xunlei Limited",
      "sector": "Technology",
      "country": "China",
      "shares": 10526.0,
      "price": 4.71999979019165,
      "cost_basis": 4.75,
      "market_value": 49682.71779155731,
      "unrealized_pnl": -315.782208442688,
      "short_percent_of_float": 0.0322,
      "short_ratio": 6.99
    },
    {
      "ticker": "CRWV",
      "company": "CoreWeave, Inc.",
      "sector": "Technology",
      "country": "United States",
      "shares": 468.0,
      "price": 103.0250015258789,
      "cost_basis": 106.78134615384614,
      "market_value": 48215.70071411133,
      "unrealized_pnl": -1757.9692858886672,
      "short_percent_of_float": 0.1714,
      "short_ratio": 1.75
    },
    {
      "ticker": "PRGS",
      "company": "Progress Software Corporation",
      "sector": "Technology",
      "country": "United States",
      "shares": 1416.0,
      "price": 31.34000015258789,
      "cost_basis": 35.32,
      "market_value": 44377.44021606445,
      "unrealized_pnl": -5635.679783935548,
      "short_percent_of_float": 0.1445,
      "short_ratio": 5.14
    },
    {
      "ticker": "BABA",
      "company": "Alibaba Group Holding Limited",
      "sector": "Consumer Cyclical",
      "country": "Hong Kong",
      "shares": 299.0,
      "price": 123.3290023803711,
      "cost_basis": 125.39999999999999,
      "market_value": 36875.37171173096,
      "unrealized_pnl": -619.2282882690404,
      "short_percent_of_float": 0.0197,
      "short_ratio": 3.3
    },
    {
      "ticker": "PYPL",
      "company": "PayPal Holdings, Inc.",
      "sector": "Financial Services",
      "country": "United States",
      "shares": 830.0,
      "price": 41.69499969482422,
      "cost_basis": 45.19,
      "market_value": 34606.8497467041,
      "unrealized_pnl": -2900.8502532958964,
      "short_percent_of_float": 0.0545,
      "short_ratio": 2.87
    },
    {
      "ticker": "OPEN",
      "company": "Opendoor Technologies Inc.",
      "sector": "Real Estate",
      "country": "United States",
      "shares": 7252.0,
      "price": 4.630000114440918,
      "cost_basis": 5.1715333701047985,
      "market_value": 33576.76082992554,
      "unrealized_pnl": -3927.1991700744616,
      "short_percent_of_float": 0.14819999,
      "short_ratio": 3.26
    },
    {
      "ticker": "CMI",
      "company": "Cummins Inc.",
      "sector": "Industrials",
      "country": "United States",
      "shares": 39.0,
      "price": 669.6300048828125,
      "cost_basis": 643.5,
      "market_value": 26115.570190429688,
      "unrealized_pnl": 1019.0701904296875,
      "short_percent_of_float": 0.014400001,
      "short_ratio": 1.92
    },
    {
      "ticker": "AVAV",
      "company": "AeroVironment, Inc.",
      "sector": "Industrials",
      "country": "United States",
      "shares": 122.0,
      "price": 191.8800048828125,
      "cost_basis": 204.09,
      "market_value": 23409.360595703125,
      "unrealized_pnl": -1489.6194042968755,
      "short_percent_of_float": 0.12109999,
      "short_ratio": 3.92
    },
    {
      "ticker": "GENC",
      "company": "Gencor Industries, Inc.",
      "sector": "Industrials",
      "country": "United States",
      "shares": 873.0,
      "price": 14.755000114440918,
      "cost_basis": 14.32,
      "market_value": 12881.115099906921,
      "unrealized_pnl": 379.75509990692115,
      "short_percent_of_float": 0.0061000003,
      "short_ratio": 2.96
    },
    {
      "ticker": "VST",
      "company": "Vistra Corp.",
      "sector": "Utilities",
      "country": "United States",
      "shares": 81.0,
      "price": 151.36830139160156,
      "cost_basis": 154.76,
      "market_value": 12260.832412719727,
      "unrealized_pnl": -274.7275872802727,
      "short_percent_of_float": 0.0461,
      "short_ratio": 2.83
    },
    {
      "ticker": "CEG",
      "company": "Constellation Energy Corporation",
      "sector": "Utilities",
      "country": "United States",
      "shares": 47.0,
      "price": 258.9599914550781,
      "cost_basis": 265.7,
      "market_value": 12171.119598388672,
      "unrealized_pnl": -316.7804016113276,
      "short_percent_of_float": 0.0325,
      "short_ratio": 3.35
    }
  ],
  "sector_exposure": [
    {
      "name": "Technology",
      "value": 412763.2349691391,
      "pct": 0.42453739232038257
    },
    {
      "name": "Communication Services",
      "value": 168909.06407165527,
      "pct": 0.17372723034700108
    },
    {
      "name": "Cash",
      "value": 124839.81000000006,
      "pct": 0.12840089161316562
    },
    {
      "name": "Consumer Cyclical",
      "value": 110732.19459533691,
      "pct": 0.11389085353721552
    },
    {
      "name": "Industrials",
      "value": 62406.045886039734,
      "pct": 0.06418619135850676
    },
    {
      "name": "Financial Services",
      "value": 34606.8497467041,
      "pct": 0.035594017352314614
    },
    {
      "name": "Real Estate",
      "value": 33576.76082992554,
      "pct": 0.03453454493437992
    },
    {
      "name": "Utilities",
      "value": 24431.9520111084,
      "pct": 0.025128878537033914
    }
  ],
  "geographic_exposure": [
    {
      "name": "United States",
      "value": 636448.6376066208,
      "pct": 0.6546034677133409
    },
    {
      "name": "Cash",
      "value": 124839.81000000006,
      "pct": 0.12840089161316562
    },
    {
      "name": "Kazakhstan",
      "value": 124419.375,
      "pct": 0.12796846361711703
    },
    {
      "name": "China",
      "value": 49682.71779155731,
      "pct": 0.051099927676926477
    },
    {
      "name": "Hong Kong",
      "value": 36875.37171173096,
      "pct": 0.037927249379450016
    }
  ],
  "signals": [
    {
      "ticker": "AVAV",
      "label": "BUY",
      "composite": 1.5,
      "rsi": 52.4,
      "subs": {
        "rsi": 0.5,
        "macd": 0.5,
        "trend": 0.0,
        "bb": 0.5,
        "vol": 0.0,
        "range": 0.0
      }
    },
    {
      "ticker": "BABA",
      "label": "STRONG SELL",
      "composite": -2.0,
      "rsi": 39.4,
      "subs": {
        "rsi": 0.0,
        "macd": -0.5,
        "trend": -0.5,
        "bb": -0.5,
        "vol": 0.0,
        "range": -0.5
      }
    },
    {
      "ticker": "CEG",
      "label": "SELL",
      "composite": -1.5,
      "rsi": 37.7,
      "subs": {
        "rsi": 0.0,
        "macd": -0.5,
        "trend": -0.5,
        "bb": -0.5,
        "vol": 0.5,
        "range": -0.5
      }
    },
    {
      "ticker": "CMI",
      "label": "NEUTRAL",
      "composite": 0.0,
      "rsi": 52.6,
      "subs": {
        "rsi": 0.5,
        "macd": -0.5,
        "trend": 0.5,
        "bb": -0.5,
        "vol": 0.0,
        "range": 0.0
      }
    },
    {
      "ticker": "CRWV",
      "label": "SELL",
      "composite": -1.5,
      "rsi": 44.9,
      "subs": {
        "rsi": 0.0,
        "macd": -0.5,
        "trend": 0.0,
        "bb": -0.5,
        "vol": 0.0,
        "range": -0.5
      }
    },
    {
      "ticker": "GENC",
      "label": "STRONG BUY",
      "composite": 2.0,
      "rsi": 51.6,
      "subs": {
        "rsi": 0.5,
        "macd": 0.5,
        "trend": 0.0,
        "bb": 0.5,
        "vol": 0.5,
        "range": 0.0
      }
    },
    {
      "ticker": "GRPN",
      "label": "SELL",
      "composite": -1.0,
      "rsi": 49.3,
      "subs": {
        "rsi": 0.5,
        "macd": -0.5,
        "trend": 0.0,
        "bb": -0.5,
        "vol": 0.0,
        "range": -0.5
      }
    },
    {
      "ticker": "JAKK",
      "label": "SELL",
      "composite": -1.0,
      "rsi": 45.9,
      "subs": {
        "rsi": 0.5,
        "macd": -0.5,
        "trend": 0.0,
        "bb": -0.5,
        "vol": 0.0,
        "range": -0.5
      }
    },
    {
      "ticker": "KSPI",
      "label": "SELL",
      "composite": -1.0,
      "rsi": 36.2,
      "subs": {
        "rsi": 0.0,
        "macd": -0.5,
        "trend": 0.0,
        "bb": 0.0,
        "vol": 0.0,
        "range": -0.5
      }
    },
    {
      "ticker": "OPEN",
      "label": "SELL",
      "composite": -1.0,
      "rsi": 44.7,
      "subs": {
        "rsi": 0.0,
        "macd": 0.5,
        "trend": -0.5,
        "bb": -0.5,
        "vol": 0.0,
        "range": -0.5
      }
    },
    {
      "ticker": "PRGS",
      "label": "BUY",
      "composite": 1.5,
      "rsi": 53.9,
      "subs": {
        "rsi": 0.5,
        "macd": 0.5,
        "trend": 0.0,
        "bb": 0.5,
        "vol": 0.0,
        "range": 0.0
      }
    },
    {
      "ticker": "PYPL",
      "label": "SELL",
      "composite": -1.5,
      "rsi": 30.6,
      "subs": {
        "rsi": 0.0,
        "macd": -0.5,
        "trend": -0.5,
        "bb": 0.0,
        "vol": 0.0,
        "range": -0.5
      }
    },
    {
      "ticker": "VIA",
      "label": "NEUTRAL",
      "composite": 0.0,
      "rsi": 46.6,
      "subs": {
        "rsi": 0.5,
        "macd": 0.5,
        "trend": -0.5,
        "bb": -0.5,
        "vol": 0.0,
        "range": 0.0
      }
    },
    {
      "ticker": "VST",
      "label": "LEAN BULL",
      "composite": 0.5,
      "rsi": 47.5,
      "subs": {
        "rsi": 0.5,
        "macd": 0.5,
        "trend": -0.5,
        "bb": 0.5,
        "vol": -0.5,
        "range": 0.0
      }
    },
    {
      "ticker": "XNET",
      "label": "SELL",
      "composite": -1.0,
      "rsi": 31.2,
      "subs": {
        "rsi": 0.0,
        "macd": -0.5,
        "trend": -0.5,
        "bb": 0.0,
        "vol": 0.5,
        "range": -0.5
      }
    },
    {
      "ticker": "ZS",
      "label": "STRONG SELL",
      "composite": -2.0,
      "rsi": 43.1,
      "subs": {
        "rsi": 0.0,
        "macd": -0.5,
        "trend": -0.5,
        "bb": -0.5,
        "vol": 0.0,
        "range": -0.5
      }
    }
  ],
  "volatility": [
    {
      "ticker": "AVAV",
      "hv20": 0.8461620743684699,
      "garch": 0.764587257284957,
      "expansion": -0.09640566453465309,
      "regime": "HIGH",
      "signal": "WEAK"
    },
    {
      "ticker": "BABA",
      "hv20": 0.45904199763372006,
      "garch": 0.42764702397184445,
      "expansion": -0.06839237765544572,
      "regime": "HIGH",
      "signal": "WEAK"
    },
    {
      "ticker": "CEG",
      "hv20": 0.5470385784005299,
      "garch": 0.5664232917723546,
      "expansion": 0.03543573367074599,
      "regime": "HIGH",
      "signal": "WEAK"
    },
    {
      "ticker": "CMI",
      "hv20": 0.39219406846014077,
      "garch": 0.31786530588584927,
      "expansion": -0.1895203639007754,
      "regime": "HIGH",
      "signal": "WEAK"
    },
    {
      "ticker": "CRWV",
      "hv20": 0.8728857284008661,
      "garch": 0.9954727913945434,
      "expansion": 0.14043884440436183,
      "regime": "NORMAL",
      "signal": "BASE"
    },
    {
      "ticker": "GENC",
      "hv20": 0.4226903550584308,
      "garch": 0.45983741004118395,
      "expansion": 0.08788242868143545,
      "regime": "HIGH",
      "signal": "WEAK"
    },
    {
      "ticker": "GRPN",
      "hv20": 0.9431177236377413,
      "garch": 0.8083591820756232,
      "expansion": -0.14288623592220803,
      "regime": "EXTREME",
      "signal": "WEAK"
    },
    {
      "ticker": "JAKK",
      "hv20": 0.2614446795142304,
      "garch": 0.4607818769891771,
      "expansion": 0.7624450336695294,
      "regime": "LOW",
      "signal": "SIGNAL"
    },
    {
      "ticker": "KSPI",
      "hv20": 0.2543492032102335,
      "garch": 0.36041489500093904,
      "expansion": 0.41700815434847827,
      "regime": "LOW",
      "signal": "SIGNAL"
    },
    {
      "ticker": "OPEN",
      "hv20": 0.6862137183287057,
      "garch": 0.845803787979985,
      "expansion": 0.23256613120467157,
      "regime": "LOW",
      "signal": "SIGNAL"
    },
    {
      "ticker": "PRGS",
      "hv20": 0.6043445464661236,
      "garch": 0.5098497713478064,
      "expansion": -0.1563591095028009,
      "regime": "HIGH",
      "signal": "WEAK"
    },
    {
      "ticker": "PYPL",
      "hv20": 0.22505556501468535,
      "garch": 0.3914265110250657,
      "expansion": 0.739243866284863,
      "regime": "LOW",
      "signal": "SIGNAL"
    },
    {
      "ticker": "VIA",
      "hv20": 1.0201919017449577,
      "garch": null,
      "expansion": null,
      "regime": "NORMAL",
      "signal": "WEAK"
    },
    {
      "ticker": "VST",
      "hv20": 0.507250051614715,
      "garch": 0.5636615320746262,
      "expansion": 0.11121039865907963,
      "regime": "HIGH",
      "signal": "BASE"
    },
    {
      "ticker": "XNET",
      "hv20": 0.7434637055593637,
      "garch": 0.8994926991781049,
      "expansion": 0.20986766731450446,
      "regime": "HIGH",
      "signal": "SIGNAL"
    },
    {
      "ticker": "ZS",
      "hv20": 1.5765604347005682,
      "garch": 0.6773488486669413,
      "expansion": -0.5703629028369037,
      "regime": "EXTREME",
      "signal": "WEAK"
    }
  ],
  "correlation": {
    "tickers": [
      "AVAV",
      "BABA",
      "CEG",
      "CMI",
      "CRWV",
      "GENC",
      "GRPN",
      "JAKK",
      "KSPI",
      "OPEN",
      "PRGS",
      "PYPL",
      "VIA",
      "VST",
      "XNET",
      "ZS"
    ],
    "matrix": [
      [
        1.0,
        0.122,
        0.258,
        0.237,
        0.302,
        0.096,
        0.218,
        0.086,
        0.085,
        0.328,
        0.174,
        0.195,
        0.031,
        0.296,
        0.327,
        0.169
      ],
      [
        0.122,
        1.0,
        0.176,
        0.33,
        0.349,
        0.13,
        0.179,
        0.118,
        0.208,
        0.187,
        0.02,
        0.24,
        -0.039,
        0.221,
        0.476,
        0.034
      ],
      [
        0.258,
        0.176,
        1.0,
        0.311,
        0.215,
        0.149,
        0.069,
        0.09,
        0.046,
        0.183,
        -0.006,
        0.12,
        0.006,
        0.795,
        0.246,
        0.037
      ],
      [
        0.237,
        0.33,
        0.311,
        1.0,
        0.36,
        0.36,
        0.171,
        0.156,
        0.23,
        0.192,
        -0.168,
        0.057,
        -0.0,
        0.32,
        0.301,
        -0.062
      ],
      [
        0.302,
        0.349,
        0.215,
        0.36,
        1.0,
        0.118,
        0.158,
        0.063,
        0.128,
        0.236,
        -0.024,
        0.128,
        0.223,
        0.306,
        0.368,
        0.179
      ],
      [
        0.096,
        0.13,
        0.149,
        0.36,
        0.118,
        1.0,
        0.158,
        0.316,
        0.159,
        0.13,
        0.159,
        0.096,
        0.064,
        0.173,
        0.163,
        0.052
      ],
      [
        0.218,
        0.179,
        0.069,
        0.171,
        0.158,
        0.158,
        1.0,
        0.153,
        0.328,
        0.292,
        0.149,
        0.255,
        0.178,
        0.105,
        0.213,
        0.142
      ],
      [
        0.086,
        0.118,
        0.09,
        0.156,
        0.063,
        0.316,
        0.153,
        1.0,
        0.109,
        0.14,
        0.352,
        0.216,
        0.145,
        0.061,
        0.199,
        -0.051
      ],
      [
        0.085,
        0.208,
        0.046,
        0.23,
        0.128,
        0.159,
        0.328,
        0.109,
        1.0,
        0.241,
        0.103,
        0.252,
        0.149,
        0.078,
        0.19,
        0.151
      ],
      [
        0.328,
        0.187,
        0.183,
        0.192,
        0.236,
        0.13,
        0.292,
        0.14,
        0.241,
        1.0,
        0.157,
        0.234,
        0.162,
        0.257,
        0.339,
        0.058
      ],
      [
        0.174,
        0.02,
        -0.006,
        -0.168,
        -0.024,
        0.159,
        0.149,
        0.352,
        0.103,
        0.157,
        1.0,
        0.296,
        0.386,
        0.019,
        0.157,
        0.294
      ],
      [
        0.195,
        0.24,
        0.12,
        0.057,
        0.128,
        0.096,
        0.255,
        0.216,
        0.252,
        0.234,
        0.296,
        1.0,
        0.158,
        0.059,
        0.324,
        0.203
      ],
      [
        0.031,
        -0.039,
        0.006,
        -0.0,
        0.223,
        0.064,
        0.178,
        0.145,
        0.149,
        0.162,
        0.386,
        0.158,
        1.0,
        0.06,
        0.188,
        0.368
      ],
      [
        0.296,
        0.221,
        0.795,
        0.32,
        0.306,
        0.173,
        0.105,
        0.061,
        0.078,
        0.257,
        0.019,
        0.059,
        0.06,
        1.0,
        0.267,
        0.066
      ],
      [
        0.327,
        0.476,
        0.246,
        0.301,
        0.368,
        0.163,
        0.213,
        0.199,
        0.19,
        0.339,
        0.157,
        0.324,
        0.188,
        0.267,
        1.0,
        0.219
      ],
      [
        0.169,
        0.034,
        0.037,
        -0.062,
        0.179,
        0.052,
        0.142,
        -0.051,
        0.151,
        0.058,
        0.294,
        0.203,
        0.368,
        0.066,
        0.219,
        1.0
      ]
    ]
  },
  "residual_correlation": {
    "tickers": [
      "AVAV",
      "BABA",
      "CEG",
      "CMI",
      "CRWV",
      "GENC",
      "GRPN",
      "JAKK",
      "KSPI",
      "OPEN",
      "PRGS",
      "PYPL",
      "VIA",
      "VST",
      "XNET",
      "ZS"
    ],
    "matrix": [
      [
        1.0,
        -0.011,
        0.123,
        0.065,
        0.124,
        -0.03,
        0.086,
        -0.053,
        -0.122,
        0.151,
        0.123,
        0.008,
        -0.143,
        0.154,
        0.167,
        0.097
      ],
      [
        -0.011,
        1.0,
        0.005,
        0.102,
        0.185,
        -0.081,
        0.024,
        -0.046,
        0.038,
        0.042,
        -0.065,
        0.127,
        -0.158,
        0.052,
        0.348,
        -0.046
      ],
      [
        0.123,
        0.005,
        1.0,
        0.028,
        -0.044,
        0.028,
        -0.055,
        -0.02,
        -0.121,
        0.028,
        0.032,
        0.051,
        -0.087,
        0.729,
        0.085,
        0.024
      ],
      [
        0.065,
        0.102,
        0.028,
        1.0,
        0.092,
        0.067,
        -0.059,
        -0.148,
        -0.012,
        -0.066,
        -0.281,
        -0.103,
        -0.117,
        -0.009,
        0.015,
        -0.12
      ],
      [
        0.124,
        0.185,
        -0.044,
        0.092,
        1.0,
        0.008,
        -0.032,
        -0.04,
        -0.094,
        0.014,
        -0.043,
        -0.036,
        0.107,
        0.051,
        0.103,
        0.131
      ],
      [
        -0.03,
        -0.081,
        0.028,
        0.067,
        0.008,
        1.0,
        -0.023,
        0.06,
        -0.07,
        -0.076,
        0.05,
        0.006,
        -0.012,
        0.03,
        -0.044,
        0.013
      ],
      [
        0.086,
        0.024,
        -0.055,
        -0.059,
        -0.032,
        -0.023,
        1.0,
        0.012,
        0.17,
        0.107,
        0.028,
        0.091,
        0.06,
        -0.034,
        -0.008,
        0.046
      ],
      [
        -0.053,
        -0.046,
        -0.02,
        -0.148,
        -0.04,
        0.06,
        0.012,
        1.0,
        -0.092,
        -0.026,
        0.309,
        0.109,
        0.084,
        -0.058,
        0.028,
        -0.116
      ],
      [
        -0.122,
        0.038,
        -0.121,
        -0.012,
        -0.094,
        -0.07,
        0.17,
        -0.092,
        1.0,
        0.068,
        -0.037,
        0.076,
        0.02,
        -0.112,
        -0.024,
        0.055
      ],
      [
        0.151,
        0.042,
        0.028,
        -0.066,
        0.014,
        -0.076,
        0.107,
        -0.026,
        0.068,
        1.0,
        0.026,
        0.066,
        0.036,
        0.105,
        0.16,
        -0.042
      ],
      [
        0.123,
        -0.065,
        0.032,
        -0.281,
        -0.043,
        0.05,
        0.028,
        0.309,
        -0.037,
        0.026,
        1.0,
        0.131,
        0.326,
        0.071,
        0.069,
        0.203
      ],
      [
        0.008,
        0.127,
        0.051,
        -0.103,
        -0.036,
        0.006,
        0.091,
        0.109,
        0.076,
        0.066,
        0.131,
        1.0,
        -0.004,
        -0.033,
        0.18,
        0.061
      ],
      [
        -0.143,
        -0.158,
        -0.087,
        -0.117,
        0.107,
        -0.012,
        0.06,
        0.084,
        0.02,
        0.036,
        0.326,
        -0.004,
        1.0,
        -0.033,
        0.052,
        0.3
      ],
      [
        0.154,
        0.052,
        0.729,
        -0.009,
        0.051,
        0.03,
        -0.034,
        -0.058,
        -0.112,
        0.105,
        0.071,
        -0.033,
        -0.033,
        1.0,
        0.089,
        0.055
      ],
      [
        0.167,
        0.348,
        0.085,
        0.015,
        0.103,
        -0.044,
        -0.008,
        0.028,
        -0.024,
        0.16,
        0.069,
        0.18,
        0.052,
        0.089,
        1.0,
        0.141
      ],
      [
        0.097,
        -0.046,
        0.024,
        -0.12,
        0.131,
        0.013,
        0.046,
        -0.116,
        0.055,
        -0.042,
        0.203,
        0.061,
        0.3,
        0.055,
        0.141,
        1.0
      ]
    ]
  },
  "factor_correlation": {
    "factors": [
      "Market",
      "Size",
      "Value (SMID)",
      "Momentum",
      "Quality",
      "Profitability",
      "Liquidity",
      "Credit"
    ],
    "matrix": [
      [
        1.0,
        0.346,
        -0.453,
        0.344,
        -0.168,
        -0.517,
        0.298,
        0.198
      ],
      [
        0.346,
        1.0,
        -0.148,
        0.21,
        0.142,
        0.172,
        0.33,
        0.057
      ],
      [
        -0.453,
        -0.148,
        1.0,
        -0.514,
        0.247,
        0.556,
        -0.35,
        -0.142
      ],
      [
        0.344,
        0.21,
        -0.514,
        1.0,
        -0.174,
        -0.507,
        0.226,
        0.018
      ],
      [
        -0.168,
        0.142,
        0.247,
        -0.174,
        1.0,
        0.393,
        -0.205,
        -0.139
      ],
      [
        -0.517,
        0.172,
        0.556,
        -0.507,
        0.393,
        1.0,
        -0.256,
        -0.084
      ],
      [
        0.298,
        0.33,
        -0.35,
        0.226,
        -0.205,
        -0.256,
        1.0,
        0.173
      ],
      [
        0.198,
        0.057,
        -0.142,
        0.018,
        -0.139,
        -0.084,
        0.173,
        1.0
      ]
    ]
  },
  "factor_exposures": [
    {
      "ticker": "AVAV",
      "r_squared": 0.1708322778039918,
      "alpha_annual": -0.1825610879056684,
      "idio_vol_annual": 0.6628578564903899,
      "Market": 0.9567152221183252,
      "Size": 0.849651250350362,
      "Value (SMID)": -2.1724495922526885,
      "Momentum": -0.698636522821262,
      "Quality": -1.3006273516721882,
      "Profitability": -0.06107205472545348,
      "Liquidity": 0.019343347769698722,
      "Credit": -1.6593666971677286
    },
    {
      "ticker": "BABA",
      "r_squared": 0.14480509669046548,
      "alpha_annual": -0.2929739855385536,
      "idio_vol_annual": 0.39734793881403824,
      "Market": 1.1547502669767822,
      "Size": 0.19078269159823105,
      "Value (SMID)": 0.23440240035391652,
      "Momentum": -0.10865212966776794,
      "Quality": -0.1267990509823489,
      "Profitability": -0.2713453919304669,
      "Liquidity": 0.18740202613720455,
      "Credit": 0.9411490238949662
    },
    {
      "ticker": "CEG",
      "r_squared": 0.2568471042111521,
      "alpha_annual": -0.43522945464829954,
      "idio_vol_annual": 0.4023597516227633,
      "Market": 0.786135176206554,
      "Size": 0.3107650078839902,
      "Value (SMID)": -0.39044203260189025,
      "Momentum": 0.8685810733633555,
      "Quality": -0.8224010156165296,
      "Profitability": -0.5443839876528084,
      "Liquidity": -0.2583575928288452,
      "Credit": -0.8111627993972733
    },
    {
      "ticker": "CMI",
      "r_squared": 0.48763477050773396,
      "alpha_annual": 0.3476637317753423,
      "idio_vol_annual": 0.2327638123835399,
      "Market": 1.1499472148362677,
      "Size": 0.8399472180721832,
      "Value (SMID)": 0.41397889546060623,
      "Momentum": 0.8025016553897487,
      "Quality": 0.3615003057109353,
      "Profitability": -0.18162497631882266,
      "Liquidity": -0.31288790442569964,
      "Credit": 0.8935104586092435
    },
    {
      "ticker": "CRWV",
      "r_squared": 0.2870052729945355,
      "alpha_annual": -1.1435284533982912,
      "idio_vol_annual": 0.8185578511140998,
      "Market": 1.2249502044405671,
      "Size": 0.5086369631691431,
      "Value (SMID)": -1.9665649094481237,
      "Momentum": 1.3850733724773112,
      "Quality": -5.097096574215307,
      "Profitability": 0.2766907243152399,
      "Liquidity": 0.684459875319304,
      "Credit": 1.205412488277581
    },
    {
      "ticker": "GENC",
      "r_squared": 0.3358827159903328,
      "alpha_annual": -0.4780086411625138,
      "idio_vol_annual": 0.326514367594087,
      "Market": 1.455505090441502,
      "Size": 1.1464211812928302,
      "Value (SMID)": 1.1665225432413495,
      "Momentum": 0.043640785769556656,
      "Quality": -0.5852586862653401,
      "Profitability": 0.18864390058810496,
      "Liquidity": -0.13971181845266983,
      "Credit": 0.5287157321746584
    },
    {
      "ticker": "GRPN",
      "r_squared": 0.1450119798072833,
      "alpha_annual": -1.098829405498393,
      "idio_vol_annual": 0.6279492091647805,
      "Market": 1.7770788181741182,
      "Size": 0.26614963834131733,
      "Value (SMID)": -0.8445929769619565,
      "Momentum": -0.1720124488912384,
      "Quality": -1.8012172486500586,
      "Profitability": 1.3376859424127943,
      "Liquidity": 0.1559672222622129,
      "Credit": 1.71845050089767
    },
    {
      "ticker": "JAKK",
      "r_squared": 0.2895627800272954,
      "alpha_annual": -0.3346740051571249,
      "idio_vol_annual": 0.3606619328842108,
      "Market": 1.4330244021260796,
      "Size": 0.9717265106266765,
      "Value (SMID)": 0.8299880777760431,
      "Momentum": -0.3377380088469406,
      "Quality": 1.4986228169088247,
      "Profitability": -0.22561553672512777,
      "Liquidity": 0.44642040623066687,
      "Credit": -0.3441491593595442
    },
    {
      "ticker": "KSPI",
      "r_squared": 0.22494922989963273,
      "alpha_annual": -0.26029715032142414,
      "idio_vol_annual": 0.3162351650643557,
      "Market": 1.2676354080603738,
      "Size": 0.4012658761701075,
      "Value (SMID)": -0.3239714650412639,
      "Momentum": -0.6286184509640275,
      "Quality": 0.158802564234006,
      "Profitability": 0.11443713160972487,
      "Liquidity": -0.05797095569981671,
      "Credit": 0.4175848790145757
    },
    {
      "ticker": "OPEN",
      "r_squared": 0.11478589036600362,
      "alpha_annual": 1.3570673629611458,
      "idio_vol_annual": 1.3599226315065895,
      "Market": 2.8729277098935793,
      "Size": 1.2543770502540532,
      "Value (SMID)": -1.751349252816626,
      "Momentum": -1.743634761006278,
      "Quality": 1.7510152926322093,
      "Profitability": 0.9194272191931319,
      "Liquidity": 1.733414546725358,
      "Credit": -2.925834580830087
    },
    {
      "ticker": "PRGS",
      "r_squared": 0.18921260243030935,
      "alpha_annual": -1.012887039996487,
      "idio_vol_annual": 0.44411982785432846,
      "Market": 1.909650236156903,
      "Size": -0.39626027066704267,
      "Value (SMID)": -0.5426761890253929,
      "Momentum": -1.0829024058354635,
      "Quality": -0.8517976192420471,
      "Profitability": 1.5289494068324514,
      "Liquidity": 0.16908915880723432,
      "Credit": -0.5068341252797391
    },
    {
      "ticker": "PYPL",
      "r_squared": 0.3102968589863968,
      "alpha_annual": -0.7980656379856306,
      "idio_vol_annual": 0.33566269576247193,
      "Market": 1.8864693248806992,
      "Size": -0.4182975782438666,
      "Value (SMID)": -0.945340974760633,
      "Momentum": -1.0194086766981738,
      "Quality": 1.540933752091839,
      "Profitability": 0.7383643014483067,
      "Liquidity": 0.4561802298567276,
      "Credit": -0.15591345559740002
    },
    {
      "ticker": "VIA",
      "r_squared": 0.131279939423389,
      "alpha_annual": -1.7528021907022857,
      "idio_vol_annual": 0.684563665499527,
      "Market": 1.3282760793867883,
      "Size": 0.31297890372119797,
      "Value (SMID)": -1.592183174404768,
      "Momentum": -1.394375227450654,
      "Quality": -1.8971944439910156,
      "Profitability": 0.6744489710061349,
      "Liquidity": 0.5480005361362698,
      "Credit": -1.1640445280325613
    },
    {
      "ticker": "VST",
      "r_squared": 0.2803043926903157,
      "alpha_annual": -0.4170256896900939,
      "idio_vol_annual": 0.4100915620805391,
      "Market": 0.6311431437877634,
      "Size": 0.6922831585704853,
      "Value (SMID)": -0.6374748927105313,
      "Momentum": 0.9028833024698284,
      "Quality": -1.766332585313452,
      "Profitability": -0.4222279182264531,
      "Liquidity": -0.6246032040018266,
      "Credit": -0.6613739612452896
    },
    {
      "ticker": "XNET",
      "r_squared": 0.16709151367630493,
      "alpha_annual": -0.8045602066697342,
      "idio_vol_annual": 0.7254355171178714,
      "Market": 2.0451026242692274,
      "Size": 0.13843166928572181,
      "Value (SMID)": -0.70378979940173,
      "Momentum": -0.610226013449635,
      "Quality": 0.14837250599026,
      "Profitability": 0.53717352374078,
      "Liquidity": 1.3243508542375295,
      "Credit": 2.2162204511595145
    },
    {
      "ticker": "ZS",
      "r_squared": 0.09346631708966058,
      "alpha_annual": -0.9689127028756978,
      "idio_vol_annual": 0.5950143579018121,
      "Market": 1.3205135212286592,
      "Size": -0.4020872313688454,
      "Value (SMID)": -1.23138037210761,
      "Momentum": -1.1725247447847489,
      "Quality": -0.9623758360374927,
      "Profitability": 0.7931926579418334,
      "Liquidity": 0.0884102396498332,
      "Credit": 0.002825533876733163
    }
  ],
  "portfolio_factor_exposure": {
    "loadings": {
      "Market": 1.528625390427891,
      "Size": 0.32716391315649934,
      "Value (SMID)": -0.7104898721548648,
      "Momentum": -0.4746369410691375,
      "Quality": -0.7213300248245916,
      "Profitability": 0.5540351800864328,
      "Liquidity": 0.31306936183428524,
      "Credit": 0.3333911113803405
    },
    "alpha_annual": -0.6913699735488045,
    "r_squared_weighted": 0.19867342794064774
  },
  "stress_tests": [
    {
      "scenario": "COVID Crash (Feb-Mar 2020)",
      "market_move": -0.339,
      "portfolio_impact": -0.5436643259731014,
      "stressed_nav": 443679.62033605267,
      "pnl": -528586.2917738564,
      "description": "Rapid 33.9% selloff in SPY over 23 trading days as COVID-19 spread."
    },
    {
      "scenario": "2022 Rate Shock (Jan-Oct)",
      "market_move": -0.252,
      "portfolio_impact": -0.4041398529357568,
      "stressed_nav": 579334.509375361,
      "pnl": -392931.4027345481,
      "description": "Grinding 9-month decline as the Fed hiked rates aggressively."
    },
    {
      "scenario": "GFC 2008-09",
      "market_move": -0.565,
      "portfolio_impact": -0.9061072099551689,
      "stressed_nav": 91288.7591534819,
      "pnl": -880977.1529564272,
      "description": "Credit crisis bear market; SPY drew down 56.5% from Oct 2007 peak."
    },
    {
      "scenario": "Dot-Com Bust (2000-02)",
      "market_move": -0.491,
      "portfolio_impact": -0.787431221394669,
      "stressed_nav": 206673.37741680144,
      "pnl": -765592.5346931077,
      "description": "Tech bubble burst; SPY -49.1% peak-to-trough over 30 months."
    },
    {
      "scenario": "Black Monday (Oct 1987)",
      "market_move": -0.204,
      "portfolio_impact": -0.32716083332894597,
      "stressed_nav": 654178.5860867035,
      "pnl": -318087.32602320565,
      "description": "Flash crash; -20.4% on a single trading day."
    },
    {
      "scenario": "Aug 2024 Yen Carry Unwind",
      "market_move": -0.084,
      "portfolio_impact": -0.13471328431191895,
      "stressed_nav": 841288.7778650597,
      "pnl": -130977.13424484944,
      "description": "Yen carry unwind shock; SPY -8.4% in one week."
    }
  ],
  "monte_carlo": {
    "horizon_days": 21,
    "n_paths": 10000,
    "current_nav": 972265.9121099091,
    "terminal_return": {
      "p5": -0.161821802754738,
      "p25": -0.08461358898042984,
      "p50": -0.028517763554272435,
      "p75": 0.029672330734347385,
      "p95": 0.12017788971888654,
      "prob_negative": 0.6272
    },
    "terminal_nav": {
      "p5": 814932.089455304,
      "p50": 944539.0627164798,
      "p95": 1089110.7776728864
    },
    "max_drawdown": {
      "p5": -0.17603077815987933,
      "p50": -0.08403201446990546,
      "p95": -0.031400840771094944
    },
    "method": "Bootstrap of synthetic portfolio daily returns (current weights \u00d7 each holding's 252-day history). 10,000 paths, 21-trading-day horizon (~1 month)."
  },
  "factor_stress": [
    {
      "scenario": "Tech Selloff -15%",
      "description": "Concentrated drawdown in Tech and Communication Services.",
      "shocks": {
        "sector:Technology": -0.15,
        "sector:Communication Services": -0.1
      },
      "pnl": -78805.39165253639,
      "stressed_nav": 893460.5204573728,
      "portfolio_impact": -0.08105333188275748,
      "equity_at_risk_pct": 0.8715991083868344
    },
    {
      "scenario": "Rate Shock (+100bp)",
      "description": "Long-duration growth and rate-sensitive sectors hit; banks benefit.",
      "shocks": {
        "sector:Technology": -0.08,
        "sector:Consumer Cyclical": -0.1,
        "sector:Financial Services": 0.05,
        "sector:Real Estate": -0.12,
        "sector:Utilities": -0.06
      },
      "pnl": -47859.06418998719,
      "stressed_nav": 924406.847919922,
      "portfolio_impact": -0.04922425397608406,
      "equity_at_risk_pct": 0.8715991083868344
    },
    {
      "scenario": "Energy Spike (+30%)",
      "description": "Oil shock \u2014 producers rally, downstream consumers pinched.",
      "shocks": {
        "sector:Energy": 0.3,
        "sector:Industrials": -0.05,
        "sector:Consumer Cyclical": -0.07,
        "sector:Consumer Defensive": -0.03
      },
      "pnl": -10871.55591597557,
      "stressed_nav": 961394.3561939335,
      "portfolio_impact": -0.011181669315530423,
      "equity_at_risk_pct": 0.8715991083868344
    },
    {
      "scenario": "Recession (broad -20%)",
      "description": "Cyclicals and credit-sensitive names down hard; defensives flat.",
      "shocks": {
        "sector:Technology": -0.15,
        "sector:Consumer Cyclical": -0.22,
        "sector:Financial Services": -0.18,
        "sector:Industrials": -0.18,
        "sector:Energy": -0.2,
        "sector:Materials": -0.2,
        "sector:Communication Services": -0.12,
        "sector:Healthcare": -0.04,
        "sector:Consumer Defensive": -0.02,
