{
  "generated_at": "2026-06-24T17:52:57.884510Z",
  "market_session": "OPEN",
  "fund_name": "Convex Capital",
  "tagline": "Lose small. Win big. \u2014 Paper-traded portfolio. Hypothetical performance for educational purposes only.",
  "summary": {
    "nav": 1024306.7503004647,
    "cash": 4722.310000000056,
    "equity": 1019584.4403004646,
    "deposits": 1000000.0,
    "total_return": 0.024306750300464586,
    "realized_pnl": 0.0,
    "open_positions": 16
  },
  "metrics": {
    "annualized_return": -0.15562546161351165,
    "annualized_vol": 0.2843363100747867,
    "sharpe": -0.7020751676586084,
    "sortino": -0.919238768820171,
    "calmar": -0.4190235440204375,
    "max_drawdown": -0.3714002800900399,
    "var_95_1d": -0.03254409827276325,
    "risk_free_rate": 0.04400000095367432,
    "method": "Synthetic: current weights \u00d7 each holding's 252-day return history. Sortino uses Frank Sortino downside deviation (RMS of shortfalls vs MAR=RF).",
    "beta_benchmark": 0.9893844458859702,
    "benchmark_annualized_return": 0.37755864795576755,
    "treynor": -0.2017673346263556,
    "jensens_alpha": -0.5296431997018259,
    "information_ratio": -1.8762354305872855,
    "tracking_error": 0.20649427376364882,
    "annualized_active_return": -0.38743187264874845,
    "up_capture": 0.6506502633660689,
    "down_capture": 1.0944495097512081,
    "data_basis": "synthetic_252d",
    "days_of_live_nav": 17,
    "benchmark_ticker": "IWM",
    "benchmark_name": "Russell 2000",
    "beta_spy": 0.9893844458859702,
    "beta_spy_stress": 1.5271250773972993
  },
  "nav_curve": [
    {
      "date": "2026-06-01",
      "value": 999882.8292976379
    },
    {
      "date": "2026-06-02",
      "value": 1005079.4966617966
    },
    {
      "date": "2026-06-03",
      "value": 995768.7768651581
    },
    {
      "date": "2026-06-04",
      "value": 1004929.1794892884
    },
    {
      "date": "2026-06-05",
      "value": 974274.0015833282
    },
    {
      "date": "2026-06-08",
      "value": 974266.9881036186
    },
    {
      "date": "2026-06-09",
      "value": 979640.5088702394
    },
    {
      "date": "2026-06-10",
      "value": 966884.7384401513
    },
    {
      "date": "2026-06-11",
      "value": 990753.0886875344
    },
    {
      "date": "2026-06-12",
      "value": 996222.4282127572
    },
    {
      "date": "2026-06-15",
      "value": 1017018.2685251809
    },
    {
      "date": "2026-06-16",
      "value": 1019223.7061524964
    },
    {
      "date": "2026-06-17",
      "value": 1004256.765778122
    },
    {
      "date": "2026-06-18",
      "value": 1005956.2144795037
    },
    {
      "date": "2026-06-22",
      "value": 1013145.2704611397
    },
    {
      "date": "2026-06-23",
      "value": 1003670.4086042023
    },
    {
      "date": "2026-06-24",
      "value": 1024527.4078026391
    }
  ],
  "drawdown_curve": [
    {
      "date": "2026-06-01",
      "value": 0.0
    },
    {
      "date": "2026-06-02",
      "value": 0.0
    },
    {
      "date": "2026-06-03",
      "value": -0.009263665040986776
    },
    {
      "date": "2026-06-04",
      "value": -0.00014955749570802555
    },
    {
      "date": "2026-06-05",
      "value": -0.030649809473562682
    },
    {
      "date": "2026-06-08",
      "value": -0.03065678750836781
    },
    {
      "date": "2026-06-09",
      "value": -0.025310423579476604
    },
    {
      "date": "2026-06-10",
      "value": -0.038001728568240384
    },
    {
      "date": "2026-06-11",
      "value": -0.01425400480444075
    },
    {
      "date": "2026-06-12",
      "value": -0.008812306368259061
    },
    {
      "date": "2026-06-15",
      "value": 0.0
    },
    {
      "date": "2026-06-16",
      "value": 0.0
    },
    {
      "date": "2026-06-17",
      "value": -0.014684647034823809
    },
    {
      "date": "2026-06-18",
      "value": -0.01301725184854327
    },
    {
      "date": "2026-06-22",
      "value": -0.005963789553426265
    },
    {
      "date": "2026-06-23",
      "value": -0.015259944852545435
    },
    {
      "date": "2026-06-24",
      "value": 0.0
    }
  ],
  "benchmarks": {
    "SPY": [
      {
        "date": "2026-06-01",
        "value": 0.0
      },
      {
        "date": "2026-06-02",
        "value": 0.0013579397972762752
      },
      {
        "date": "2026-06-03",
        "value": -0.005668771434361286
      },
      {
        "date": "2026-06-04",
        "value": -0.0019115061781299625
      },
      {
        "date": "2026-06-05",
        "value": -0.027671542654459702
      },
      {
        "date": "2026-06-08",
        "value": -0.025470023194608782
      },
      {
        "date": "2026-06-09",
        "value": -0.02833070775180091
      },
      {
        "date": "2026-06-10",
        "value": -0.04364962071587053
      },
      {
        "date": "2026-06-11",
        "value": -0.027394678792744487
      },
      {
        "date": "2026-06-12",
        "value": -0.022134588105308994
      },
      {
        "date": "2026-06-15",
        "value": -0.0048909388718152425
      },
      {
        "date": "2026-06-16",
        "value": -0.010823344076597685
      },
      {
        "date": "2026-06-17",
        "value": -0.023176054438276084
      },
      {
        "date": "2026-06-18",
        "value": -0.013020023259145863
      },
      {
        "date": "2026-06-22",
        "value": -0.016126029204297176
      },
      {
        "date": "2026-06-23",
        "value": -0.030413801760312054
      },
      {
        "date": "2026-06-24",
        "value": -0.032297234330086244
      }
    ],
    "IWM": [
      {
        "date": "2026-06-01",
        "value": 0.0
      },
      {
        "date": "2026-06-02",
        "value": 0.009273902616242058
      },
      {
        "date": "2026-06-03",
        "value": -0.004533265755123028
      },
      {
        "date": "2026-06-04",
        "value": 0.010485102307313143
      },
      {
        "date": "2026-06-05",
        "value": -0.025365222965751943
      },
      {
        "date": "2026-06-08",
        "value": -0.016852527916236926
      },
      {
        "date": "2026-06-09",
        "value": -0.013703535746163342
      },
      {
        "date": "2026-06-10",
        "value": -0.023981055236295123
      },
      {
        "date": "2026-06-11",
        "value": 0.00494832553389335
      },
      {
        "date": "2026-06-12",
        "value": 0.01373793881377372
      },
      {
        "date": "2026-06-15",
        "value": 0.022010765090349826
      },
      {
        "date": "2026-06-16",
        "value": 0.013130856989941098
      },
      {
        "date": "2026-06-17",
        "value": 0.005499833171586088
      },
      {
        "date": "2026-06-18",
        "value": 0.025305943833869415
      },
      {
        "date": "2026-06-22",
        "value": 0.03428980212625787
      },
      {
        "date": "2026-06-23",
        "value": 0.02436943940571834
      },
      {
        "date": "2026-06-24",
        "value": 0.027525947322869726
      }
    ]
  },
  "holdings": [
    {
      "ticker": "GRPN",
      "company": "Groupon, Inc.",
      "sector": "Communication Services",
      "country": "United States",
      "shares": 11310.0,
      "price": 18.104999542236328,
      "cost_basis": 17.3017824933687,
      "market_value": 204767.54482269287,
      "unrealized_pnl": 9084.384822692855,
      "short_percent_of_float": 0.56310004,
      "short_ratio": 5.75
    },
    {
      "ticker": "TENB",
      "company": "Tenable Holdings, Inc.",
      "sector": "Technology",
      "country": "United States",
      "shares": 4766.0,
      "price": 27.725000381469727,
      "cost_basis": 26.224616030214015,
      "market_value": 132137.35181808472,
      "unrealized_pnl": 7150.831818084719,
      "short_percent_of_float": 0.129,
      "short_ratio": 3.05
    },
    {
      "ticker": "KSPI",
      "company": "Joint Stock Company Kaspi.kz",
      "sector": "Technology",
      "country": "Kazakhstan",
      "shares": 1515.0,
      "price": 86.44000244140625,
      "cost_basis": 82.53049504950495,
      "market_value": 130956.60369873047,
      "unrealized_pnl": 5922.90369873047,
      "short_percent_of_float": 0.0159,
      "short_ratio": 3.24
    },
    {
      "ticker": "CMI",
      "company": "Cummins Inc.",
      "sector": "Industrials",
      "country": "United States",
      "shares": 153.0,
      "price": 690.5399780273438,
      "cost_basis": 651.1282352941176,
      "market_value": 105652.6166381836,
      "unrealized_pnl": 6029.996638183594,
      "short_percent_of_float": 0.0171,
      "short_ratio": 2.07
    },
    {
      "ticker": "JAKK",
      "company": "JAKKS Pacific, Inc.",
      "sector": "Consumer Cyclical",
      "country": "United States",
      "shares": 3436.0,
      "price": 22.68000030517578,
      "cost_basis": 21.83,
      "market_value": 77928.48104858398,
      "unrealized_pnl": 2920.60104858399,
      "short_percent_of_float": 0.039100002,
      "short_ratio": 7.32
    },
    {
      "ticker": "XNET",
      "company": "Xunlei Limited",
      "sector": "Technology",
      "country": "China",
      "shares": 10526.0,
      "price": 4.870100021362305,
      "cost_basis": 4.75,
      "market_value": 51262.67282485962,
      "unrealized_pnl": 1264.1728248596191,
      "short_percent_of_float": 0.0377,
      "short_ratio": 6.03
    },
    {
      "ticker": "VIA",
      "company": "Via Transportation, Inc.",
      "sector": "Technology",
      "country": "United States",
      "shares": 3280.0,
      "price": 15.0,
      "cost_basis": 15.241405487804878,
      "market_value": 49200.0,
      "unrealized_pnl": -791.8099999999988,
      "short_percent_of_float": 0.13520001,
      "short_ratio": 6.88
    },
    {
      "ticker": "CRWV",
      "company": "CoreWeave, Inc.",
      "sector": "Technology",
      "country": "United States",
      "shares": 468.0,
      "price": 99.5999984741211,
      "cost_basis": 106.78134615384614,
      "market_value": 46612.79928588867,
      "unrealized_pnl": -3360.8707141113237,
      "short_percent_of_float": 0.18190001,
      "short_ratio": 1.91
    },
    {
      "ticker": "ZS",
      "company": "Zscaler, Inc.",
      "sector": "Technology",
      "country": "United States",
      "shares": 365.0,
      "price": 127.03500366210938,
      "cost_basis": 136.79813698630136,
      "market_value": 46367.77633666992,
      "unrealized_pnl": -3563.5436633300737,
      "short_percent_of_float": 0.114700004,
      "short_ratio": 2.09
    },
    {
      "ticker": "VST",
      "company": "Vistra Corp.",
      "sector": "Utilities",
      "country": "United States",
      "shares": 162.0,
      "price": 162.3300018310547,
      "cost_basis": 154.76,
      "market_value": 26297.46029663086,
      "unrealized_pnl": 1226.3402966308608,
      "short_percent_of_float": 0.0539,
      "short_ratio": 2.73
    },
    {
      "ticker": "GENC",
      "company": "Gencor Industries, Inc.",
      "sector": "Industrials",
      "country": "United States",
      "shares": 1746.0,
      "price": 15.049599647521973,
      "cost_basis": 14.32,
      "market_value": 26276.600984573364,
      "unrealized_pnl": 1273.8809845733638,
      "short_percent_of_float": 0.0064,
      "short_ratio": 2.39
    },
    {
      "ticker": "ESI",
      "company": "Element Solutions Inc",
      "sector": "Basic Materials",
      "country": "United States",
      "shares": 557.0,
      "price": 45.849998474121094,
      "cost_basis": 44.92,
      "market_value": 25538.44915008545,
      "unrealized_pnl": 518.0091500854483,
      "short_percent_of_float": 0.0838,
      "short_ratio": 4.45
    },
    {
      "ticker": "CEG",
      "company": "Constellation Energy Corporation",
      "sector": "Utilities",
      "country": "United States",
      "shares": 94.0,
      "price": 267.6099853515625,
      "cost_basis": 265.7,
      "market_value": 25155.338623046875,
      "unrealized_pnl": 179.53862304687607,
      "short_percent_of_float": 0.036,
      "short_ratio": 3.46
    },
    {
      "ticker": "ZTS",
      "company": "Zoetis Inc.",
      "sector": "Healthcare",
      "country": "United States",
      "shares": 312.0,
      "price": 77.7699966430664,
      "cost_basis": 80.09,
      "market_value": 24264.23895263672,
      "unrealized_pnl": -723.8410473632823,
      "short_percent_of_float": 0.0363,
      "short_ratio": 1.45
    },
    {
      "ticker": "OPEN",
      "company": "Opendoor Technologies Inc.",
      "sector": "Real Estate",
      "country": "United States",
      "shares": 5479.0,
      "price": 4.315000057220459,
      "cost_basis": 4.562927541522176,
      "market_value": 23641.885313510895,
      "unrealized_pnl": -1358.394686489106,
      "short_percent_of_float": 0.16149999,
      "short_ratio": 3.77
    },
    {
      "ticker": "PYPL",
      "company": "PayPal Holdings, Inc.",
      "sector": "Financial Services",
      "country": "United States",
      "shares": 553.0,
      "price": 42.540000915527344,
      "cost_basis": 45.19,
      "market_value": 23524.62050628662,
      "unrealized_pnl": -1465.4494937133777,
      "short_percent_of_float": 0.0626,
      "short_ratio": 3.16
    }
  ],
  "sector_exposure": [
    {
      "name": "Technology",
      "value": 456537.2039642334,
      "pct": 0.44570359790201053
    },
    {
      "name": "Communication Services",
      "value": 204767.54482269287,
      "pct": 0.19990842075640666
    },
    {
      "name": "Industrials",
      "value": 131929.21762275696,
      "pct": 0.12879854358477824
    },
    {
      "name": "Consumer Cyclical",
      "value": 77928.48104858398,
      "pct": 0.07607924191237132
    },
    {
      "name": "Utilities",
      "value": 51452.798919677734,
      "pct": 0.05023182645685469
    },
    {
      "name": "Basic Materials",
      "value": 25538.44915008545,
      "pct": 0.024932422970554608
    },
    {
      "name": "Healthcare",
      "value": 24264.23895263672,
      "pct": 0.02368844972028074
    },
    {
      "name": "Real Estate",
      "value": 23641.885313510895,
      "pct": 0.023080864503310077
    },
    {
      "name": "Financial Services",
      "value": 23524.62050628662,
      "pct": 0.022966382384364874
    },
    {
      "name": "Cash",
      "value": 4722.310000000056,
      "pct": 0.004610249809068268
    }
  ],
  "geographic_exposure": [
    {
      "name": "United States",
      "value": 837365.1637768745,
      "pct": 0.817494528402987
    },
    {
      "name": "Kazakhstan",
      "value": 130956.60369873047,
      "pct": 0.12784900974275173
    },
    {
      "name": "China",
      "value": 51262.67282485962,
      "pct": 0.050046212045193
    },
    {
      "name": "Cash",
      "value": 4722.310000000056,
      "pct": 0.004610249809068268
    }
  ],
  "signals": [
    {
      "ticker": "CEG",
      "label": "BUY",
      "composite": 1.0,
      "rsi": 48.0,
      "subs": {
        "rsi": 0.5,
        "macd": 0.5,
        "trend": -0.5,
        "bb": 0.5,
        "vol": 0.0,
        "range": 0.0
      }
    },
    {
      "ticker": "CMI",
      "label": "STRONG BUY",
      "composite": 2.0,
      "rsi": 53.4,
      "subs": {
        "rsi": 0.5,
        "macd": 0.5,
        "trend": 0.5,
        "bb": 0.5,
        "vol": 0.0,
        "range": 0.0
      }
    },
    {
      "ticker": "CRWV",
      "label": "SELL",
      "composite": -1.5,
      "rsi": 43.8,
      "subs": {
        "rsi": 0.0,
        "macd": -0.5,
        "trend": 0.0,
        "bb": -0.5,
        "vol": 0.0,
        "range": -0.5
      }
    },
    {
      "ticker": "ESI",
      "label": "STRONG BUY",
      "composite": 3.0,
      "rsi": 58.2,
      "subs": {
        "rsi": 0.5,
        "macd": 0.5,
        "trend": 0.5,
        "bb": 0.5,
        "vol": 0.5,
        "range": 0.5
      }
    },
    {
      "ticker": "GENC",
      "label": "STRONG BUY",
      "composite": 2.5,
      "rsi": 55.2,
      "subs": {
        "rsi": 0.5,
        "macd": 0.5,
        "trend": 0.5,
        "bb": 0.5,
        "vol": 0.0,
        "range": 0.5
      }
    },
    {
      "ticker": "GRPN",
      "label": "LEAN BULL",
      "composite": 0.5,
      "rsi": 55.3,
      "subs": {
        "rsi": 0.5,
        "macd": -0.5,
        "trend": 0.5,
        "bb": 0.5,
        "vol": -0.5,
        "range": 0.0
      }
    },
    {
      "ticker": "JAKK",
      "label": "STRONG BUY",
      "composite": 2.5,
      "rsi": 59.0,
      "subs": {
        "rsi": 0.5,
        "macd": 0.5,
        "trend": 0.5,
        "bb": 0.5,
        "vol": 0.0,
        "range": 0.5
      }
    },
    {
      "ticker": "KSPI",
      "label": "STRONG BUY",
      "composite": 2.0,
      "rsi": 54.5,
      "subs": {
        "rsi": 0.5,
        "macd": 0.5,
        "trend": 0.5,
        "bb": 0.5,
        "vol": 0.0,
        "range": 0.0
      }
    },
    {
      "ticker": "OPEN",
      "label": "STRONG SELL",
      "composite": -2.0,
      "rsi": 42.7,
      "subs": {
        "rsi": 0.0,
        "macd": -0.5,
        "trend": -0.5,
        "bb": -0.5,
        "vol": 0.0,
        "range": -0.5
      }
    },
    {
      "ticker": "PYPL",
      "label": "NEUTRAL",
      "composite": 0.0,
      "rsi": 46.2,
      "subs": {
        "rsi": 0.5,
        "macd": 0.5,
        "trend": -0.5,
        "bb": -0.5,
        "vol": 0.0,
        "range": 0.0
      }
    },
    {
      "ticker": "TENB",
      "label": "LEAN BULL",
      "composite": 0.5,
      "rsi": 59.4,
      "subs": {
        "rsi": 0.5,
        "macd": -0.5,
        "trend": 0.0,
        "bb": 0.5,
        "vol": 0.0,
        "range": 0.0
      }
    },
    {
      "ticker": "VIA",
      "label": "BUY",
      "composite": 1.0,
      "rsi": 49.4,
      "subs": {
        "rsi": 0.5,
        "macd": 0.5,
        "trend": -0.5,
        "bb": 0.5,
        "vol": 0.5,
        "range": -0.5
      }
    },
    {
      "ticker": "VST",
      "label": "STRONG BUY",
      "composite": 2.0,
      "rsi": 57.8,
      "subs": {
        "rsi": 0.5,
        "macd": 0.5,
        "trend": 0.0,
        "bb": 0.5,
        "vol": 0.0,
        "range": 0.5
      }
    },
    {
      "ticker": "XNET",
      "label": "LEAN BEAR",
      "composite": -0.5,
      "rsi": 39.7,
      "subs": {
        "rsi": 0.0,
        "macd": 0.5,
        "trend": -0.5,
        "bb": -0.5,
        "vol": 0.5,
        "range": -0.5
      }
    },
    {
      "ticker": "ZS",
      "label": "STRONG SELL",
      "composite": -2.0,
      "rsi": 42.8,
      "subs": {
        "rsi": 0.0,
        "macd": -0.5,
        "trend": -0.5,
        "bb": -0.5,
        "vol": 0.0,
        "range": -0.5
      }
    },
    {
      "ticker": "ZTS",
      "label": "LEAN BEAR",
      "composite": -0.5,
      "rsi": 39.1,
      "subs": {
        "rsi": 0.0,
        "macd": 0.5,
        "trend": -0.5,
        "bb": -0.5,
        "vol": 0.0,
        "range": 0.0
      }
    }
  ],
  "volatility": [
    {
      "ticker": "CEG",
      "hv20": 0.45737812131868766,
      "garch": 0.5284383569460831,
      "expansion": 0.15536430868734702,
      "regime": "NORMAL",
      "signal": "BASE"
    },
    {
      "ticker": "CMI",
      "hv20": 0.44802909059860285,
      "garch": 0.34000302907601304,
      "expansion": -0.2411139450303513,
      "regime": "HIGH",
      "signal": "WEAK"
    },
    {
      "ticker": "CRWV",
      "hv20": 0.8859426453167281,
      "garch": 0.9708980358954775,
      "expansion": 0.09589265290235302,
      "regime": "NORMAL",
      "signal": "WEAK"
    },
    {
      "ticker": "ESI",
      "hv20": 0.5744983629033661,
      "garch": 0.5751739530446619,
      "expansion": 0.0011759653028105325,
      "regime": "EXTREME",
      "signal": "WEAK"
    },
    {
      "ticker": "GENC",
      "hv20": 0.3398379123164915,
      "garch": 0.3520959841215576,
      "expansion": 0.036070348130111354,
      "regime": "NORMAL",
      "signal": "WEAK"
    },
    {
      "ticker": "GRPN",
      "hv20": 0.7924531566729013,
      "garch": 0.8085228997054276,
      "expansion": 0.020278476900760643,
      "regime": "HIGH",
      "signal": "WEAK"
    },
    {
      "ticker": "JAKK",
      "hv20": 0.2291971720669658,
      "garch": 0.4640180362478363,
      "expansion": 1.024536481245334,
      "regime": "LOW",
      "signal": "SIGNAL"
    },
    {
      "ticker": "KSPI",
      "hv20": 0.3762272396680377,
      "garch": 0.45845825965727677,
      "expansion": 0.21856742765833537,
      "regime": "HIGH",
      "signal": "SIGNAL"
    },
    {
      "ticker": "OPEN",
      "hv20": 0.7830007484255027,
      "garch": 0.7381010720572164,
      "expansion": -0.05734308231323255,
      "regime": "NORMAL",
      "signal": "WEAK"
    },
    {
      "ticker": "PYPL",
      "hv20": 0.32054279153992044,
      "garch": 0.4124668591960812,
      "expansion": 0.28677627475117484,
      "regime": "NORMAL",
      "signal": "SIGNAL"
    },
    {
      "ticker": "TENB",
      "hv20": 0.597330960535477,
      "garch": 0.40573590591104686,
      "expansion": -0.3207519236114513,
      "regime": "HIGH",
      "signal": "WEAK"
    },
    {
      "ticker": "VIA",
      "hv20": 0.6732317781404394,
      "garch": null,
      "expansion": null,
      "regime": "NORMAL",
      "signal": "WEAK"
    },
    {
      "ticker": "VST",
      "hv20": 0.4475118062950599,
      "garch": 0.5590283314479014,
      "expansion": 0.24919236450113874,
      "regime": "NORMAL",
      "signal": "SIGNAL"
    },
    {
      "ticker": "XNET",
      "hv20": 0.7608860952513111,
      "garch": 0.6819708596131394,
      "expansion": -0.10371491361280166,
      "regime": "HIGH",
      "signal": "WEAK"
    },
    {
      "ticker": "ZS",
      "hv20": 1.4992893529932128,
      "garch": 0.3509616240647904,
      "expansion": -0.7659146826033792,
      "regime": "EXTREME",
      "signal": "WEAK"
    },
    {
      "ticker": "ZTS",
      "hv20": 0.29679217404378244,
      "garch": 0.31953550123627966,
      "expansion": 0.07663048146661088,
      "regime": "HIGH",
      "signal": "WEAK"
    }
  ],
  "correlation": {
    "tickers": [
      "CEG",
      "CMI",
      "CRWV",
      "ESI",
      "GENC",
      "GRPN",
      "JAKK",
      "KSPI",
      "OPEN",
      "PYPL",
      "TENB",
      "VIA",
      "VST",
      "XNET",
      "ZS",
      "ZTS"
    ],
    "matrix": [
      [
        1.0,
        0.331,
        0.233,
        0.302,
        0.15,
        0.087,
        0.087,
        0.058,
        0.189,
        0.14,
        0.058,
        0.006,
        0.798,
        0.252,
        0.043,
        0.119
      ],
      [
        0.331,
        1.0,
        0.376,
        0.62,
        0.344,
        0.188,
        0.129,
        0.241,
        0.183,
        0.081,
        -0.063,
        -0.0,
        0.357,
        0.304,
        -0.056,
        0.177
      ],
      [
        0.233,
        0.376,
        1.0,
        0.343,
        0.115,
        0.149,
        0.051,
        0.121,
        0.244,
        0.145,
        0.109,
        0.212,
        0.318,
        0.368,
        0.177,
        0.08
      ],
      [
        0.302,
        0.62,
        0.343,
        1.0,
        0.272,
        0.303,
        0.237,
        0.303,
        0.263,
        0.288,
        0.093,
        0.048,
        0.368,
        0.344,
        0.039,
        0.168
      ],
      [
        0.15,
        0.344,
        0.115,
        0.272,
        1.0,
        0.159,
        0.32,
        0.144,
        0.13,
        0.101,
        0.162,
        0.069,
        0.171,
        0.162,
        0.053,
        0.16
      ],
      [
        0.087,
        0.188,
        0.149,
        0.303,
        0.159,
        1.0,
        0.154,
        0.352,
        0.303,
        0.274,
        0.249,
        0.166,
        0.13,
        0.235,
        0.151,
        0.162
      ],
      [
        0.087,
        0.129,
        0.051,
        0.237,
        0.32,
        0.154,
        1.0,
        0.1,
        0.141,
        0.215,
        -0.03,
        0.146,
        0.058,
        0.196,
        -0.045,
        0.146
      ],
      [
        0.058,
        0.241,
        0.121,
        0.303,
        0.144,
        0.352,
        0.1,
        1.0,
        0.246,
        0.262,
        0.259,
        0.133,
        0.11,
        0.206,
        0.152,
        0.182
      ],
      [
        0.189,
        0.183,
        0.244,
        0.263,
        0.13,
        0.303,
        0.141,
        0.246,
        1.0,
        0.25,
        0.12,
        0.153,
        0.254,
        0.348,
        0.064,
        0.172
      ],
      [
        0.14,
        0.081,
        0.145,
        0.288,
        0.101,
        0.274,
        0.215,
        0.262,
        0.25,
        1.0,
        0.351,
        0.144,
        0.087,
        0.343,
        0.205,
        0.176
      ],
      [
        0.058,
        -0.063,
        0.109,
        0.093,
        0.162,
        0.249,
        -0.03,
        0.259,
        0.12,
        0.351,
        1.0,
        0.337,
        0.067,
        0.147,
        0.56,
        0.102
      ],
      [
        0.006,
        -0.0,
        0.212,
        0.048,
        0.069,
        0.166,
        0.146,
        0.133,
        0.153,
        0.144,
        0.337,
        1.0,
        0.055,
        0.163,
        0.368,
        0.022
      ],
      [
        0.798,
        0.357,
        0.318,
        0.368,
        0.171,
        0.13,
        0.058,
        0.11,
        0.254,
        0.087,
        0.067,
        0.055,
        1.0,
        0.277,
        0.07,
        0.086
      ],
      [
        0.252,
        0.304,
        0.368,
        0.344,
        0.162,
        0.235,
        0.196,
        0.206,
        0.348,
        0.343,
        0.147,
        0.163,
        0.277,
        1.0,
        0.217,
        0.045
      ],
      [
        0.043,
        -0.056,
        0.177,
        0.039,
        0.053,
        0.151,
        -0.045,
        0.152,
        0.064,
        0.205,
        0.56,
        0.368,
        0.07,
        0.217,
        1.0,
        -0.032
      ],
      [
        0.119,
        0.177,
        0.08,
        0.168,
        0.16,
        0.162,
        0.146,
        0.182,
        0.172,
        0.176,
        0.102,
        0.022,
        0.086,
        0.045,
        -0.032,
        1.0
      ]
    ]
  },
  "residual_correlation": {
    "tickers": [
      "CEG",
      "CMI",
      "CRWV",
      "ESI",
      "GENC",
      "GRPN",
      "JAKK",
      "KSPI",
      "OPEN",
      "PYPL",
      "TENB",
      "VIA",
      "VST",
      "XNET",
      "ZS",
      "ZTS"
    ],
    "matrix": [
      [
        1.0,
        0.056,
        0.002,
        -0.034,
        0.027,
        -0.061,
        -0.019,
        -0.134,
        0.036,
        0.04,
        -0.021,
        -0.101,
        0.731,
        0.095,
        0.011,
        0.075
      ],
      [
        0.056,
        1.0,
        0.125,
        0.246,
        0.075,
        -0.06,
        -0.149,
        -0.006,
        -0.067,
        -0.096,
        -0.258,
        -0.143,
        0.036,
        0.002,
        -0.142,
        0.063
      ],
      [
        0.002,
        0.125,
        1.0,
        0.037,
        0.01,
        -0.058,
        -0.043,
        -0.114,
        0.043,
        -0.037,
        -0.018,
        0.084,
        0.079,
        0.137,
        0.108,
        0.037
      ],
      [
        -0.034,
        0.246,
        0.037,
        1.0,
        -0.071,
        0.055,
        0.003,
        0.018,
        -0.01,
        0.139,
        -0.104,
        -0.125,
        0.003,
        0.03,
        -0.052,
        -0.019
      ],
      [
        0.027,
        0.075,
        0.01,
        -0.071,
        1.0,
        -0.022,
        0.069,
        -0.073,
        -0.074,
        0.005,
        0.093,
        -0.005,
        0.026,
        -0.052,
        0.006,
        -0.035
      ],
      [
        -0.061,
        -0.06,
        -0.058,
        0.055,
        -0.022,
        1.0,
        0.013,
        0.193,
        0.112,
        0.099,
        0.111,
        0.047,
        -0.035,
        0.016,
        0.049,
        0.027
      ],
      [
        -0.019,
        -0.149,
        -0.043,
        0.003,
        0.069,
        0.013,
        1.0,
        -0.094,
        -0.032,
        0.103,
        -0.126,
        0.089,
        -0.058,
        0.02,
        -0.112,
        -0.039
      ],
      [
        -0.134,
        -0.006,
        -0.114,
        0.018,
        -0.073,
        0.193,
        -0.094,
        1.0,
        0.062,
        0.084,
        0.154,
        0.01,
        -0.1,
        -0.021,
        0.06,
        0.045
      ],
      [
        0.036,
        -0.067,
        0.043,
        -0.01,
        -0.074,
        0.112,
        -0.032,
        0.062,
        1.0,
        0.069,
        -0.019,
        0.029,
        0.106,
        0.16,
        -0.047,
        0.027
      ],
      [
        0.04,
        -0.096,
        -0.037,
        0.139,
        0.005,
        0.099,
        0.103,
        0.084,
        0.069,
        1.0,
        0.236,
        0.006,
        -0.033,
        0.187,
        0.073,
        0.023
      ],
      [
        -0.021,
        -0.258,
        -0.018,
        -0.104,
        0.093,
        0.111,
        -0.126,
        0.154,
        -0.019,
        0.236,
        1.0,
        0.273,
        -0.026,
        0.002,
        0.517,
        -0.007
      ],
      [
        -0.101,
        -0.143,
        0.084,
        -0.125,
        -0.005,
        0.047,
        0.089,
        0.01,
        0.029,
        0.006,
        0.273,
        1.0,
        -0.056,
        0.028,
        0.314,
        -0.059
      ],
      [
        0.731,
        0.036,
        0.079,
        0.003,
        0.026,
        -0.035,
        -0.058,
        -0.1,
        0.106,
        -0.033,
        -0.026,
        -0.056,
        1.0,
        0.105,
        0.04,
        0.031
      ],
      [
        0.095,
        0.002,
        0.137,
        0.03,
        -0.052,
        0.016,
        0.02,
        -0.021,
        0.16,
        0.187,
        0.002,
        0.028,
        0.105,
        1.0,
        0.135,
        -0.108
      ],
      [
        0.011,
        -0.142,
        0.108,
        -0.052,
        0.006,
        0.049,
        -0.112,
        0.06,
        -0.047,
        0.073,
        0.517,
        0.314,
        0.04,
        0.135,
        1.0,
        -0.117
      ],
      [
        0.075,
        0.063,
        0.037,
        -0.019,
        -0.035,
        0.027,
        -0.039,
        0.045,
        0.027,
        0.023,
        -0.007,
        -0.059,
        0.031,
        -0.108,
        -0.117,
        1.0
      ]
    ]
  },
  "factor_correlation": {
    "factors": [
      "Market",
      "Size",
      "Value (SMID)",
      "Momentum",
      "Quality",
      "Profitability",
      "Liquidity",
      "Credit"
    ],
    "matrix": [
      [
        1.0,
        0.32,
        -0.502,
        0.408,
        -0.254,
        -0.54,
        0.307,
        0.184
      ],
      [
        0.32,
        1.0,
        -0.153,
        0.242,
        0.158,
        0.154,
        0.325,
        0.031
      ],
      [
        -0.502,
        -0.153,
        1.0,
        -0.558,
        0.306,
        0.6,
        -0.374,
        -0.136
      ],
      [
        0.408,
        0.242,
        -0.558,
        1.0,
        -0.225,
        -0.549,
        0.291,
        0.058
      ],
      [
        -0.254,
        0.158,
        0.306,
        -0.225,
        1.0,
        0.443,
        -0.238,
        -0.132
      ],
      [
        -0.54,
        0.154,
        0.6,
        -0.549,
        0.443,
        1.0,
        -0.278,
        -0.113
      ],
      [
        0.307,
        0.325,
        -0.374,
        0.291,
        -0.238,
        -0.278,
        1.0,
        0.164
      ],
      [
        0.184,
        0.031,
        -0.136,
        0.058,
        -0.132,
        -0.113,
        0.164,
        1.0
      ]
    ]
  },
  "factor_exposures": [
    {
      "ticker": "CEG",
      "r_squared": 0.24748742042898653,
      "alpha_annual": -0.42223104326551164,
      "idio_vol_annual": 0.4050166133442541,
      "Market": 0.6954347442884661,
      "Size": 0.3959867331753174,
      "Value (SMID)": -0.4722168313975213,
      "Momentum": 0.5472289553070336,
      "Quality": -0.8689774629989699,
      "Profitability": -0.5966386840413131,
      "Liquidity": -0.4411084844146566,
      "Credit": -0.9297834360188187
    },
    {
      "ticker": "CMI",
      "r_squared": 0.47873411102868335,
      "alpha_annual": 0.36783078405559166,
      "idio_vol_annual": 0.24579932556255507,
      "Market": 1.152894515670964,
      "Size": 0.8103675994180111,
      "Value (SMID)": 0.3897683511168653,
      "Momentum": 0.7024662614768058,
      "Quality": -0.0035161749914614515,
      "Profitability": -0.185999254438861,
      "Liquidity": -0.322970117160608,
      "Credit": 0.7996012648366313
    },
    {
      "ticker": "CRWV",
      "r_squared": 0.2740282605829063,
      "alpha_annual": -1.0439600651137901,
      "idio_vol_annual": 0.8025078873847861,
      "Market": 1.0540948650743653,
      "Size": 0.6290746560878989,
      "Value (SMID)": -1.9066876733465747,
      "Momentum": 0.661641402279986,
      "Quality": -3.982723406708506,
      "Profitability": -0.15282527482757507,
      "Liquidity": 0.4163840633760395,
      "Credit": 1.9881286866735477
    },
    {
      "ticker": "ESI",
      "r_squared": 0.5133950065185726,
      "alpha_annual": 0.2727734741653968,
      "idio_vol_annual": 0.28847912989810137,
      "Market": 1.6494598412790353,
      "Size": 0.9933318211116924,
      "Value (SMID)": -0.17166244385999413,
      "Momentum": 0.6777024648901789,
      "Quality": 0.24191994156744495,
      "Profitability": 0.2283276744635543,
      "Liquidity": -0.7262960635855371,
      "Credit": 0.2285635217134385
    },
    {
      "ticker": "GENC",
      "r_squared": 0.32741859063365264,
      "alpha_annual": -0.4009323261664117,
      "idio_vol_annual": 0.3232403934029725,
      "Market": 1.290189975083555,
      "Size": 1.243443026441032,
      "Value (SMID)": 1.1315038025940523,
      "Momentum": -0.03336240860158879,
      "Quality": -0.7777224164639758,
      "Profitability": 0.108153904180674,
      "Liquidity": -0.20203319299664113,
      "Credit": 0.6053894481961556
    },
    {
      "ticker": "GRPN",
      "r_squared": 0.1661163158928557,
      "alpha_annual": -1.0751196644764687,
      "idio_vol_annual": 0.6294167130220829,
      "Market": 1.8938845258011097,
      "Size": 0.3470658429165149,
      "Value (SMID)": -1.0697306302476168,
      "Momentum": -0.2024799988311088,
      "Quality": -1.572894266316935,
      "Profitability": 1.5404995272190134,
      "Liquidity": 0.16126409033324274,
      "Credit": 1.1728273217714942
    },
    {
      "ticker": "JAKK",
      "r_squared": 0.27196124058813465,
      "alpha_annual": -0.23961054926071987,
      "idio_vol_annual": 0.3510363262637231,
      "Market": 1.2441233841079713,
      "Size": 1.055875389677805,
      "Value (SMID)": 0.8432018854263543,
      "Momentum": -0.3602291103924675,
      "Quality": 1.3674325170558612,
      "Profitability": -0.36505630287709095,
      "Liquidity": 0.3093048824367601,
      "Credit": -0.5029510469902304
    },
    {
      "ticker": "KSPI",
      "r_squared": 0.2172136448843659,
      "alpha_annual": -0.1284711556635831,
      "idio_vol_annual": 0.3230402826403417,
      "Market": 1.1865895155401485,
      "Size": 0.4670897700430346,
      "Value (SMID)": -0.3497420867407566,
      "Momentum": -0.5099370920418509,
      "Quality": 0.07578018606904419,
      "Profitability": 0.07201728886563938,
      "Liquidity": -0.06468554149548345,
      "Credit": 0.45517392207071794
    },
    {
      "ticker": "OPEN",
      "r_squared": 0.1244932587647325,
      "alpha_annual": 1.4528863190062768,
      "idio_vol_annual": 1.3415293680047609,
      "Market": 3.047747852643329,
      "Size": 1.291182904470325,
      "Value (SMID)": -1.6010983094879998,
      "Momentum": -1.8887960218389845,
      "Quality": 0.9869603746612834,
      "Profitability": 0.9369451558998836,
      "Liquidity": 1.7808641029976244,
      "Credit": -2.902922564020818
    },
    {
      "ticker": "PYPL",
      "r_squared": 0.2985604812493924,
      "alpha_annual": -0.6881390454511784,
      "idio_vol_annual": 0.3365807731245647,
      "Market": 1.796383991490035,
      "Size": -0.3471562703684128,
      "Value (SMID)": -0.9568251912682589,
      "Momentum": -0.8937856153581782,
      "Quality": 1.4708435710102485,
      "Profitability": 0.6786404011632001,
      "Liquidity": 0.37648849609733076,
      "Credit": -0.05441843468000343
    },
    {
      "ticker": "TENB",
      "r_squared": 0.15250383521892885,
      "alpha_annual": -0.3424412728665967,
      "idio_vol_annual": 0.40889329402761815,
      "Market": 1.4493915593369513,
      "Size": -0.12323117924828064,
      "Value (SMID)": -0.8641966029391129,
      "Momentum": -0.30804898738964476,
      "Quality": -0.5627612589532345,
      "Profitability": 1.4015302685639912,
      "Liquidity": -0.0966427549792378,
      "Credit": -0.23104177892000477
    },
    {
      "ticker": "VIA",
      "r_squared": 0.11112394535813219,
      "alpha_annual": -1.571693949975313,
      "idio_vol_annual": 0.6778649614279025,
      "Market": 0.9628208364984079,
      "Size": 0.4398152522014992,
      "Value (SMID)": -1.394100749298867,
      "Momentum": -1.011101807590341,
      "Quality": -1.5928276117513576,
      "Profitability": 0.484465607555581,
      "Liquidity": 0.6651400551244537,
      "Credit": -0.6876251011581943
    },
    {
      "ticker": "VST",
      "r_squared": 0.2924328109351697,
      "alpha_annual": -0.4200050877700224,
      "idio_vol_annual": 0.4124749738251506,
      "Market": 0.6091512046682183,
      "Size": 0.8011461241394231,
      "Value (SMID)": -0.6783262495398604,
      "Momentum": 0.6078574231161894,
      "Quality": -1.815811333754645,
      "Profitability": -0.5094650109648493,
      "Liquidity": -0.7796284844363435,
      "Credit": -0.8005107249106821
    },
    {
      "ticker": "XNET",
      "r_squared": 0.17340647085164507,
      "alpha_annual": -0.30125301354714334,
      "idio_vol_annual": 0.6711296828283068,
      "Market": 1.7912403809094082,
      "Size": 0.22237390944555646,
      "Value (SMID)": -0.7628512532214404,
      "Momentum": -0.3560675850926994,
      "Quality": 0.27747862053317746,
      "Profitability": 0.6159848803375048,
      "Liquidity": 1.1235082161696637,
      "Credit": 2.4723184763089483
    },
    {
      "ticker": "ZS",
      "r_squared": 0.09307879315490264,
      "alpha_annual": -0.968917923117285,
      "idio_vol_annual": 0.5969433164100196,
      "Market": 1.3226878997569305,
      "Size": -0.3831062974079962,
      "Value (SMID)": -1.1465108904159493,
      "Momentum": -0.931585735415401,
      "Quality": -0.9464538553805688,
      "Profitability": 0.9227481551116468,
      "Liquidity": 0.21752107868777174,
      "Credit": 0.21596547983513248
    },
    {
      "ticker": "ZTS",
      "r_squared": 0.16961596569352222,
      "alpha_annual": -0.9009788884573535,
      "idio_vol_annual": 0.34391313962003645,
      "Market": 1.3368756502035188,
      "Size": 0.15491259618132902,
      "Value (SMID)": 0.05958201619030072,
      "Momentum": -0.2685365159329627,
      "Quality": 1.0761616181502076,
      "Profitability": 0.7419535459591189,
      "Liquidity": 0.08179216138596607,
      "Credit": -0.7975309212260681
    }
  ],
  "portfolio_factor_exposure": {
    "loadings": {
      "Market": 1.4313929876851592,
      "Size": 0.435118096033612,
      "Value (SMID)": -0.5739281824818916,
      "Momentum": -0.20515130596228373,
      "Quality": -0.5627981089922187,
      "Profitability": 0.5781089318545211,
