{
  "generated_at": "2026-06-17T03:19:10.219999Z",
  "market_session": "CLOSED",
  "fund_name": "Convex Capital",
  "tagline": "Lose small. Win big. \u2014 Paper-traded portfolio. Hypothetical performance for educational purposes only.",
  "summary": {
    "nav": 1002557.4700000001,
    "cash": 359.3200000000179,
    "equity": 1002198.15,
    "deposits": 1000000.0,
    "total_return": 0.0025574700000001727,
    "realized_pnl": 0.0,
    "open_positions": 16
  },
  "metrics": {
    "annualized_return": -0.2333579044213019,
    "annualized_vol": 0.28670011129738093,
    "sharpe": -0.968391337198652,
    "sortino": -1.2345499013655197,
    "calmar": -0.5607895979942381,
    "max_drawdown": -0.4161238105270625,
    "var_95_1d": -0.03543747185004515,
    "risk_free_rate": 0.04427999973297119,
    "method": "Synthetic: current weights \u00d7 each holding's 252-day return history. Sortino uses Frank Sortino downside deviation (RMS of shortfalls vs MAR=RF).",
    "beta_spy": 1.5241608295933722,
    "benchmark_annualized_return": 0.23995660821271292,
    "treynor": -0.1821578791185334,
    "jensens_alpha": -0.5758805260667736,
    "information_ratio": -1.6980445922683245,
    "tracking_error": 0.22494852566637025,
    "annualized_active_return": -0.3819726275465124,
    "up_capture": 1.2313431159713348,
    "down_capture": 1.5418108953124863,
    "data_basis": "synthetic_252d",
    "days_of_live_nav": 12
  },
  "nav_curve": [
    {
      "date": "2026-06-01",
      "value": 999535.5476397705
    },
    {
      "date": "2026-06-02",
      "value": 1003670.4372289658
    },
    {
      "date": "2026-06-03",
      "value": 989912.289704628
    },
    {
      "date": "2026-06-04",
      "value": 1000539.2173751069
    },
    {
      "date": "2026-06-05",
      "value": 965555.7467515564
    },
    {
      "date": "2026-06-08",
      "value": 964274.7760765648
    },
    {
      "date": "2026-06-09",
      "value": 967825.7974829102
    },
    {
      "date": "2026-06-10",
      "value": 956183.703109684
    },
    {
      "date": "2026-06-11",
      "value": 978161.2303819085
    },
    {
      "date": "2026-06-12",
      "value": 984267.0327100182
    },
    {
      "date": "2026-06-15",
      "value": 1003568.5058687401
    },
    {
      "date": "2026-06-16",
      "value": 1002557.4686825944
    }
  ],
  "drawdown_curve": [
    {
      "date": "2026-06-01",
      "value": 0.0
    },
    {
      "date": "2026-06-02",
      "value": 0.0
    },
    {
      "date": "2026-06-03",
      "value": -0.01370783378089986
    },
    {
      "date": "2026-06-04",
      "value": -0.0031197689378038426
    },
    {
      "date": "2026-06-05",
      "value": -0.03797530450596938
    },
    {
      "date": "2026-06-08",
      "value": -0.03925159065277294
    },
    {
      "date": "2026-06-09",
      "value": -0.03571355538279983
    },
    {
      "date": "2026-06-10",
      "value": -0.04731307444940582
    },
    {
      "date": "2026-06-11",
      "value": -0.02541591931061127
    },
    {
      "date": "2026-06-12",
      "value": -0.0193324459894609
    },
    {
      "date": "2026-06-15",
      "value": -0.00010155859577480553
    },
    {
      "date": "2026-06-16",
      "value": -0.0011088984043848464
    }
  ],
  "benchmarks": {
    "SPY": [
      {
        "date": "2026-06-01",
        "value": 0.0
      },
      {
        "date": "2026-06-02",
        "value": 0.0013579103629497435
      },
      {
        "date": "2026-06-03",
        "value": -0.005668768842152949
      },
      {
        "date": "2026-06-04",
        "value": -0.0019115026417536596
      },
      {
        "date": "2026-06-05",
        "value": -0.027671567540792585
      },
      {
        "date": "2026-06-08",
        "value": -0.02546999220062507
      },
      {
        "date": "2026-06-09",
        "value": -0.028330728579740505
      },
      {
        "date": "2026-06-10",
        "value": -0.04364962468776956
      },
      {
        "date": "2026-06-11",
        "value": -0.02739469093739666
      },
      {
        "date": "2026-06-12",
        "value": -0.022134598720831677
      },
      {
        "date": "2026-06-15",
        "value": -0.004890923412037007
      },
      {
        "date": "2026-06-16",
        "value": -0.01082337276256784
      }
    ],
    "IWM": [
      {
        "date": "2026-06-01",
        "value": 0.0
      },
      {
        "date": "2026-06-02",
        "value": 0.009273902616242058
      },
      {
        "date": "2026-06-03",
        "value": -0.004533265755123028
      },
      {
        "date": "2026-06-04",
        "value": 0.010485102307313143
      },
      {
        "date": "2026-06-05",
        "value": -0.025365222965751943
      },
      {
        "date": "2026-06-08",
        "value": -0.016852527916236926
      },
      {
        "date": "2026-06-09",
        "value": -0.013703535746163342
      },
      {
        "date": "2026-06-10",
        "value": -0.023981055236295123
      },
      {
        "date": "2026-06-11",
        "value": 0.00494832553389335
      },
      {
        "date": "2026-06-12",
        "value": 0.01373793881377372
      },
      {
        "date": "2026-06-15",
        "value": 0.022010765090349826
      },
      {
        "date": "2026-06-16",
        "value": 0.013130856989941098
      }
    ]
  },
  "holdings": [
    {
      "ticker": "GRPN",
      "company": "Groupon, Inc.",
      "sector": "Communication Services",
      "country": "United States",
      "shares": 11310.0,
      "price": 17.26,
      "cost_basis": 17.682836427939876,
      "market_value": 195210.6,
      "unrealized_pnl": -4782.279999999974,
      "short_percent_of_float": 0.56310004,
      "short_ratio": 5.75
    },
    {
      "ticker": "TENB",
      "company": "Tenable Holdings, Inc.",
      "sector": "Technology",
      "country": "United States",
      "shares": 4766.0,
      "price": 26.92,
      "cost_basis": 26.224616030214015,
      "market_value": 128300.72,
      "unrealized_pnl": 3314.2000000000107,
      "short_percent_of_float": 0.129,
      "short_ratio": 3.05
    },
    {
      "ticker": "KSPI",
      "company": "Joint Stock Company Kaspi.kz",
      "sector": "Technology",
      "country": "Kazakhstan",
      "shares": 1515.0,
      "price": 83.95,
      "cost_basis": 82.53049504950495,
      "market_value": 127184.25,
      "unrealized_pnl": 2150.5500000000056,
      "short_percent_of_float": 0.0159,
      "short_ratio": 3.24
    },
    {
      "ticker": "CMI",
      "company": "Cummins Inc.",
      "sector": "Industrials",
      "country": "United States",
      "shares": 114.0,
      "price": 699.97,
      "cost_basis": 653.737894736842,
      "market_value": 79796.58,
      "unrealized_pnl": 5270.460000000014,
      "short_percent_of_float": 0.0171,
      "short_ratio": 2.07
    },
    {
      "ticker": "JAKK",
      "company": "JAKKS Pacific, Inc.",
      "sector": "Consumer Cyclical",
      "country": "United States",
      "shares": 3436.0,
      "price": 21.94,
      "cost_basis": 21.83,
      "market_value": 75385.84000000001,
      "unrealized_pnl": 377.96000000001027,
      "short_percent_of_float": 0.039100002,
      "short_ratio": 7.32
    },
    {
      "ticker": "ZS",
      "company": "Zscaler, Inc.",
      "sector": "Technology",
      "country": "United States",
      "shares": 549.0,
      "price": 127.23,
      "cost_basis": 136.8013843351548,
      "market_value": 69849.27,
      "unrealized_pnl": -5254.689999999987,
      "short_percent_of_float": 0.114700004,
      "short_ratio": 2.09
    },
    {
      "ticker": "VIA",
      "company": "Via Transportation, Inc.",
      "sector": "Technology",
      "country": "United States",
      "shares": 4921.0,
      "price": 14.19,
      "cost_basis": 15.241408250355619,
      "market_value": 69828.98999999999,
      "unrealized_pnl": -5173.980000000002,
      "short_percent_of_float": 0.13520001,
      "short_ratio": 6.88
    },
    {
      "ticker": "XNET",
      "company": "Xunlei Limited",
      "sector": "Technology",
      "country": "China",
      "shares": 10526.0,
      "price": 5.5,
      "cost_basis": 4.75,
      "market_value": 57893.0,
      "unrealized_pnl": 7894.5,
      "short_percent_of_float": 0.0377,
      "short_ratio": 6.03
    },
    {
      "ticker": "CRWV",
      "company": "CoreWeave, Inc.",
      "sector": "Technology",
      "country": "United States",
      "shares": 468.0,
      "price": 117.03,
      "cost_basis": 106.78134615384614,
      "market_value": 54770.04,
      "unrealized_pnl": 4796.370000000005,
      "short_percent_of_float": 0.18190001,
      "short_ratio": 1.91
    },
    {
      "ticker": "PYPL",
      "company": "PayPal Holdings, Inc.",
      "sector": "Financial Services",
      "country": "United States",
      "shares": 830.0,
      "price": 43.65,
      "cost_basis": 45.19,
      "market_value": 36229.5,
      "unrealized_pnl": -1278.1999999999994,
      "short_percent_of_float": 0.0626,
      "short_ratio": 3.16
    },
    {
      "ticker": "BABA",
      "company": "Alibaba Group Holding Limited",
      "sector": "Consumer Cyclical",
      "country": "China",
      "shares": 299.0,
      "price": 110.97,
      "cost_basis": 125.39999999999999,
      "market_value": 33180.03,
      "unrealized_pnl": -4314.569999999998,
      "short_percent_of_float": 0.0165,
      "short_ratio": 3.21
    },
    {
      "ticker": "ZTS",
      "company": "Zoetis Inc.",
      "sector": "Healthcare",
      "country": "United States",
      "shares": 312.0,
      "price": 79.33,
      "cost_basis": 80.09,
      "market_value": 24750.96,
      "unrealized_pnl": -237.1200000000016,
      "short_percent_of_float": 0.0363,
      "short_ratio": 1.45
    },
    {
      "ticker": "GENC",
      "company": "Gencor Industries, Inc.",
      "sector": "Industrials",
      "country": "United States",
      "shares": 873.0,
      "price": 14.77,
      "cost_basis": 14.32,
      "market_value": 12894.21,
      "unrealized_pnl": 392.8499999999994,
      "short_percent_of_float": 0.0064,
      "short_ratio": 2.39
    },
    {
      "ticker": "VST",
      "company": "Vistra Corp.",
      "sector": "Utilities",
      "country": "United States",
      "shares": 81.0,
      "price": 158.61,
      "cost_basis": 154.76,
      "market_value": 12847.410000000002,
      "unrealized_pnl": 311.85000000000184,
      "short_percent_of_float": 0.0539,
      "short_ratio": 2.73
    },
    {
      "ticker": "CEG",
      "company": "Constellation Energy Corporation",
      "sector": "Utilities",
      "country": "United States",
      "shares": 47.0,
      "price": 268.0,
      "cost_basis": 265.7,
      "market_value": 12596.0,
      "unrealized_pnl": 108.10000000000053,
      "short_percent_of_float": 0.036,
      "short_ratio": 3.46
    },
    {
      "ticker": "OPEN",
      "company": "Opendoor Technologies Inc.",
      "sector": "Real Estate",
      "country": "United States",
      "shares": 2417.0,
      "price": 4.75,
      "cost_basis": 5.171402565163425,
      "market_value": 11480.75,
      "unrealized_pnl": -1018.5299999999983,
      "short_percent_of_float": 0.16149999,
      "short_ratio": 3.77
    }
  ],
  "sector_exposure": [
    {
      "name": "Technology",
      "value": 507826.27,
      "pct": 0.5065308325915721
    },
    {
      "name": "Communication Services",
      "value": 195210.6,
      "pct": 0.1947126282945156
    },
    {
      "name": "Consumer Cyclical",
      "value": 108565.87000000001,
      "pct": 0.1082889243247073
    },
    {
      "name": "Industrials",
      "value": 92690.79000000001,
      "pct": 0.09245434079704179
    },
    {
      "name": "Financial Services",
      "value": 36229.5,
      "pct": 0.03613708050073179
    },
    {
      "name": "Utilities",
      "value": 25443.410000000003,
      "pct": 0.025378505234218644
    },
    {
      "name": "Healthcare",
      "value": 24750.96,
      "pct": 0.024687821636798533
    },
    {
      "name": "Real Estate",
      "value": 11480.75,
      "pct": 0.011451463226342525
    },
    {
      "name": "Cash",
      "value": 359.3200000000179,
      "pct": 0.0003584033940717811
    }
  ],
  "geographic_exposure": [
    {
      "name": "United States",
      "value": 783940.87,
      "pct": 0.7819410791483105
    },
    {
      "name": "Kazakhstan",
      "value": 127184.25,
      "pct": 0.12685980984212306
    },
    {
      "name": "China",
      "value": 91073.03,
      "pct": 0.09084070761549459
    },
    {
      "name": "Cash",
      "value": 359.3200000000179,
      "pct": 0.0003584033940717811
    }
  ],
  "signals": [
    {
      "ticker": "BABA",
      "label": "STRONG SELL",
      "composite": -2.5,
      "rsi": 28.7,
      "subs": {
        "rsi": -0.5,
        "macd": -0.5,
        "trend": -0.5,
        "bb": -0.5,
        "vol": 0.0,
        "range": -0.5
      }
    },
    {
      "ticker": "CEG",
      "label": "NEUTRAL",
      "composite": 0.0,
      "rsi": 48.3,
      "subs": {
        "rsi": 0.5,
        "macd": 0.5,
        "trend": -0.5,
        "bb": -0.5,
        "vol": 0.0,
        "range": 0.0
      }
    },
    {
      "ticker": "CMI",
      "label": "STRONG BUY",
      "composite": 2.0,
      "rsi": 58.8,
      "subs": {
        "rsi": 0.5,
        "macd": 0.5,
        "trend": 0.5,
        "bb": 0.0,
        "vol": 0.0,
        "range": 0.5
      }
    },
    {
      "ticker": "CRWV",
      "label": "STRONG BUY",
      "composite": 2.0,
      "rsi": 57.8,
      "subs": {
        "rsi": 0.5,
        "macd": 0.5,
        "trend": 0.5,
        "bb": 0.5,
        "vol": 0.0,
        "range": 0.0
      }
    },
    {
      "ticker": "GENC",
      "label": "BUY",
      "composite": 1.5,
      "rsi": 50.8,
      "subs": {
        "rsi": 0.5,
        "macd": 0.5,
        "trend": 0.0,
        "bb": 0.5,
        "vol": 0.0,
        "range": 0.0
      }
    },
    {
      "ticker": "GRPN",
      "label": "SELL",
      "composite": -1.5,
      "rsi": 50.1,
      "subs": {
        "rsi": 0.5,
        "macd": -0.5,
        "trend": 0.0,
        "bb": -0.5,
        "vol": -0.5,
        "range": -0.5
      }
    },
    {
      "ticker": "JAKK",
      "label": "LEAN BULL",
      "composite": 0.5,
      "rsi": 50.1,
      "subs": {
        "rsi": 0.5,
        "macd": 0.5,
        "trend": 0.0,
        "bb": -0.5,
        "vol": 0.0,
        "range": 0.0
      }
    },
    {
      "ticker": "KSPI",
      "label": "LEAN BEAR",
      "composite": -0.5,
      "rsi": 48.2,
      "subs": {
        "rsi": 0.5,
        "macd": -0.5,
        "trend": 0.0,
        "bb": -0.5,
        "vol": 0.0,
        "range": 0.0
      }
    },
    {
      "ticker": "OPEN",
      "label": "NEUTRAL",
      "composite": 0.0,
      "rsi": 50.7,
      "subs": {
        "rsi": 0.5,
        "macd": -0.5,
        "trend": -0.5,
        "bb": 0.5,
        "vol": 0.0,
        "range": 0.0
      }
    },
    {
      "ticker": "PYPL",
      "label": "BUY",
      "composite": 1.0,
      "rsi": 50.3,
      "subs": {
        "rsi": 0.5,
        "macd": 0.5,
        "trend": -0.5,
        "bb": 0.5,
        "vol": 0.0,
        "range": 0.0
      }
    },
    {
      "ticker": "TENB",
      "label": "SELL",
      "composite": -1.0,
      "rsi": 56.0,
      "subs": {
        "rsi": 0.5,
        "macd": -0.5,
        "trend": 0.0,
        "bb": -0.5,
        "vol": -0.5,
        "range": 0.0
      }
    },
    {
      "ticker": "VIA",
      "label": "STRONG SELL",
      "composite": -2.0,
      "rsi": 43.0,
      "subs": {
        "rsi": 0.0,
        "macd": -0.5,
        "trend": -0.5,
        "bb": -0.5,
        "vol": 0.0,
        "range": -0.5
      }
    },
    {
      "ticker": "VST",
      "label": "STRONG BUY",
      "composite": 2.0,
      "rsi": 56.6,
      "subs": {
        "rsi": 0.5,
        "macd": 0.5,
        "trend": 0.0,
        "bb": 0.5,
        "vol": 0.0,
        "range": 0.5
      }
    },
    {
      "ticker": "XNET",
      "label": "BUY",
      "composite": 1.5,
      "rsi": 50.2,
      "subs": {
        "rsi": 0.5,
        "macd": 0.5,
        "trend": -0.5,
        "bb": 0.5,
        "vol": 0.5,
        "range": 0.0
      }
    },
    {
      "ticker": "ZS",
      "label": "STRONG SELL",
      "composite": -2.5,
      "rsi": 41.7,
      "subs": {
        "rsi": 0.0,
        "macd": -0.5,
        "trend": -0.5,
        "bb": -0.5,
        "vol": -0.5,
        "range": -0.5
      }
    },
    {
      "ticker": "ZTS",
      "label": "LEAN BEAR",
      "composite": -0.5,
      "rsi": 37.2,
      "subs": {
        "rsi": 0.0,
        "macd": 0.5,
        "trend": -0.5,
        "bb": -0.5,
        "vol": 0.0,
        "range": 0.0
      }
    }
  ],
  "volatility": [
    {
      "ticker": "BABA",
      "hv20": 0.288561227455378,
      "garch": 0.40404868084027423,
      "expansion": 0.4002181942574208,
      "regime": "LOW",
      "signal": "SIGNAL"
    },
    {
      "ticker": "CEG",
      "hv20": 0.5501563958232173,
      "garch": 0.5539203953914826,
      "expansion": 0.006841690102744592,
      "regime": "HIGH",
      "signal": "WEAK"
    },
    {
      "ticker": "CMI",
      "hv20": 0.4908814630819399,
      "garch": 0.38047400832183803,
      "expansion": -0.2249167325792301,
      "regime": "EXTREME",
      "signal": "WEAK"
    },
    {
      "ticker": "CRWV",
      "hv20": 0.8478579994384802,
      "garch": 1.005782561038951,
      "expansion": 0.18626298472746758,
      "regime": "NORMAL",
      "signal": "BASE"
    },
    {
      "ticker": "GENC",
      "hv20": 0.35548570508682803,
      "garch": 0.37685107478707724,
      "expansion": 0.06010190956913636,
      "regime": "NORMAL",
      "signal": "WEAK"
    },
    {
      "ticker": "GRPN",
      "hv20": 0.8213576711753311,
      "garch": 0.7800943107463721,
      "expansion": -0.050237992383893704,
      "regime": "HIGH",
      "signal": "WEAK"
    },
    {
      "ticker": "JAKK",
      "hv20": 0.22205977722042608,
      "garch": 0.46119123669034506,
      "expansion": 1.0768787686954528,
      "regime": "LOW",
      "signal": "SIGNAL"
    },
    {
      "ticker": "KSPI",
      "hv20": 0.34734133702741987,
      "garch": 0.3451815654558825,
      "expansion": -0.0062180090340553185,
      "regime": "HIGH",
      "signal": "WEAK"
    },
    {
      "ticker": "OPEN",
      "hv20": 0.7340270701307231,
      "garch": 0.7734677057660522,
      "expansion": 0.053731854369219754,
      "regime": "NORMAL",
      "signal": "WEAK"
    },
    {
      "ticker": "PYPL",
      "hv20": 0.28277772475089696,
      "garch": 0.39811021060648843,
      "expansion": 0.40785562567627826,
      "regime": "NORMAL",
      "signal": "SIGNAL"
    },
    {
      "ticker": "TENB",
      "hv20": 0.6564717643032375,
      "garch": 0.4757630009883821,
      "expansion": -0.27527271261492126,
      "regime": "HIGH",
      "signal": "WEAK"
    },
    {
      "ticker": "VIA",
      "hv20": 0.7083274725737528,
      "garch": null,
      "expansion": null,
      "regime": "NORMAL",
      "signal": "WEAK"
    },
    {
      "ticker": "VST",
      "hv20": 0.5457474812694977,
      "garch": 0.5800584102535723,
      "expansion": 0.06286960574561297,
      "regime": "HIGH",
      "signal": "WEAK"
    },
    {
      "ticker": "XNET",
      "hv20": 0.6969636880517776,
      "garch": 0.629772141541964,
      "expansion": -0.0964060935479064,
      "regime": "HIGH",
      "signal": "WEAK"
    },
    {
      "ticker": "ZS",
      "hv20": 1.5246053219397147,
      "garch": 0.45742847704798184,
      "expansion": -0.6999692507527078,
      "regime": "EXTREME",
      "signal": "WEAK"
    },
    {
      "ticker": "ZTS",
      "hv20": 0.2514257236318706,
      "garch": 0.3143134118025103,
      "expansion": 0.2501243200664616,
      "regime": "NORMAL",
      "signal": "SIGNAL"
    }
  ],
  "correlation": {
    "tickers": [
      "BABA",
      "CEG",
      "CMI",
      "CRWV",
      "GENC",
      "GRPN",
      "JAKK",
      "KSPI",
      "OPEN",
      "PYPL",
      "TENB",
      "VIA",
      "VST",
      "XNET",
      "ZS",
      "ZTS"
    ],
    "matrix": [
      [
        1.0,
        0.183,
        0.333,
        0.346,
        0.133,
        0.192,
        0.115,
        0.198,
        0.188,
        0.24,
        0.064,
        -0.036,
        0.224,
        0.464,
        0.039,
        0.076
      ],
      [
        0.183,
        1.0,
        0.33,
        0.231,
        0.149,
        0.091,
        0.085,
        0.06,
        0.19,
        0.139,
        0.063,
        0.004,
        0.797,
        0.253,
        0.044,
        0.121
      ],
      [
        0.333,
        0.33,
        1.0,
        0.375,
        0.352,
        0.199,
        0.141,
        0.245,
        0.193,
        0.088,
        -0.051,
        -0.001,
        0.354,
        0.316,
        -0.05,
        0.196
      ],
      [
        0.346,
        0.231,
        0.375,
        1.0,
        0.115,
        0.166,
        0.052,
        0.137,
        0.244,
        0.146,
        0.116,
        0.214,
        0.32,
        0.374,
        0.181,
        0.078
      ],
      [
        0.133,
        0.149,
        0.352,
        0.115,
        1.0,
        0.161,
        0.316,
        0.147,
        0.127,
        0.097,
        0.161,
        0.066,
        0.17,
        0.166,
        0.052,
        0.154
      ],
      [
        0.192,
        0.091,
        0.199,
        0.166,
        0.161,
        1.0,
        0.151,
        0.336,
        0.303,
        0.267,
        0.252,
        0.178,
        0.13,
        0.227,
        0.15,
        0.165
      ],
      [
        0.115,
        0.085,
        0.141,
        0.052,
        0.316,
        0.151,
        1.0,
        0.102,
        0.135,
        0.209,
        -0.036,
        0.146,
        0.057,
        0.195,
        -0.05,
        0.136
      ],
      [
        0.198,
        0.06,
        0.245,
        0.137,
        0.147,
        0.336,
        0.102,
        1.0,
        0.249,
        0.258,
        0.269,
        0.143,
        0.107,
        0.199,
        0.154,
        0.194
      ],
      [
        0.188,
        0.19,
        0.193,
        0.244,
        0.127,
        0.303,
        0.135,
        0.249,
        1.0,
        0.242,
        0.119,
        0.159,
        0.259,
        0.344,
        0.062,
        0.163
      ],
      [
        0.24,
        0.139,
        0.088,
        0.146,
        0.097,
        0.267,
        0.209,
        0.258,
        0.242,
        1.0,
        0.356,
        0.151,
        0.084,
        0.333,
        0.204,
        0.17
      ],
      [
        0.064,
        0.063,
        -0.051,
        0.116,
        0.161,
        0.252,
        -0.036,
        0.269,
        0.119,
        0.356,
        1.0,
        0.338,
        0.075,
        0.158,
        0.56,
        0.094
      ],
      [
        -0.036,
        0.004,
        -0.001,
        0.214,
        0.066,
        0.178,
        0.146,
        0.143,
        0.159,
        0.151,
        0.338,
        1.0,
        0.054,
        0.184,
        0.372,
        0.02
      ],
      [
        0.224,
        0.797,
        0.354,
        0.32,
        0.17,
        0.13,
        0.057,
        0.107,
        0.259,
        0.084,
        0.075,
        0.054,
        1.0,
        0.279,
        0.072,
        0.091
      ],
      [
        0.464,
        0.253,
        0.316,
        0.374,
        0.166,
        0.227,
        0.195,
        0.199,
        0.344,
        0.333,
        0.158,
        0.184,
        0.279,
        1.0,
        0.219,
        0.043
      ],
      [
        0.039,
        0.044,
        -0.05,
        0.181,
        0.052,
        0.15,
        -0.05,
        0.154,
        0.062,
        0.204,
        0.56,
        0.372,
        0.072,
        0.219,
        1.0,
        -0.038
      ],
      [
        0.076,
        0.121,
        0.196,
        0.078,
        0.154,
        0.165,
        0.136,
        0.194,
        0.163,
        0.17,
        0.094,
        0.02,
        0.091,
        0.043,
        -0.038,
        1.0
      ]
    ]
  },
  "residual_correlation": {
    "tickers": [
      "BABA",
      "CEG",
      "CMI",
      "CRWV",
      "GENC",
      "GRPN",
      "JAKK",
      "KSPI",
      "OPEN",
      "PYPL",
      "TENB",
      "VIA",
      "VST",
      "XNET",
      "ZS",
      "ZTS"
    ],
    "matrix": [
      [
        1.0,
        0.016,
        0.101,
        0.188,
        -0.072,
        0.022,
        -0.043,
        0.014,
        0.037,
        0.113,
        -0.056,
        -0.157,
        0.054,
        0.334,
        -0.053,
        -0.02
      ],
      [
        0.016,
        1.0,
        0.054,
        -0.008,
        0.032,
        -0.06,
        -0.015,
        -0.13,
        0.033,
        0.05,
        -0.024,
        -0.097,
        0.73,
        0.092,
        0.013,
        0.078
      ],
      [
        0.101,
        0.054,
        1.0,
        0.118,
        0.071,
        -0.063,
        -0.145,
        -0.014,
        -0.066,
        -0.085,
        -0.272,
        -0.149,
        0.035,
        0.019,
        -0.14,
        0.072
      ],
      [
        0.188,
        -0.008,
        0.118,
        1.0,
        0.018,
        -0.041,
        -0.035,
        -0.097,
        0.039,
        -0.02,
        -0.015,
        0.097,
        0.076,
        0.134,
        0.121,
        0.037
      ],
      [
        -0.072,
        0.032,
        0.071,
        0.018,
        1.0,
        -0.027,
        0.065,
        -0.079,
        -0.073,
        0.001,
        0.087,
        -0.014,
        0.03,
        -0.039,
        0.004,
        -0.041
      ],
      [
        0.022,
        -0.06,
        -0.063,
        -0.041,
        -0.027,
        1.0,
        0.01,
        0.166,
        0.115,
        0.095,
        0.113,
        0.054,
        -0.038,
        0.002,
        0.047,
        0.038
      ],
      [
        -0.043,
        -0.015,
        -0.145,
        -0.035,
        0.065,
        0.01,
        1.0,
        -0.097,
        -0.034,
        0.097,
        -0.133,
        0.083,
        -0.054,
        0.027,
        -0.117,
        -0.048
      ],
      [
        0.014,
        -0.13,
        -0.014,
        -0.097,
        -0.079,
        0.166,
        -0.097,
        1.0,
        0.066,
        0.076,
        0.16,
        0.012,
        -0.104,
        -0.026,
        0.057,
        0.062
      ],
      [
        0.037,
        0.033,
        -0.066,
        0.039,
        -0.073,
        0.115,
        -0.034,
        0.066,
        1.0,
        0.067,
        -0.016,
        0.033,
        0.104,
        0.163,
        -0.044,
        0.024
      ],
      [
        0.113,
        0.05,
        -0.085,
        -0.02,
        0.001,
        0.095,
        0.097,
        0.076,
        0.067,
        1.0,
        0.24,
        -0.001,
        -0.027,
        0.195,
        0.067,
        0.02
      ],
      [
        -0.056,
        -0.024,
        -0.272,
        -0.015,
        0.087,
        0.113,
        -0.133,
        0.16,
        -0.016,
        0.24,
        1.0,
        0.267,
        -0.028,
        0.019,
        0.519,
        -0.014
      ],
      [
        -0.157,
        -0.097,
        -0.149,
        0.097,
        -0.014,
        0.054,
        0.083,
        0.012,
        0.033,
        -0.001,
        0.267,
        1.0,
        -0.051,
        0.052,
        0.311,
        -0.069
      ],
      [
        0.054,
        0.73,
        0.035,
        0.076,
        0.03,
        -0.038,
        -0.054,
        -0.104,
        0.104,
        -0.027,
        -0.028,
        -0.051,
        1.0,
        0.1,
        0.041,
        0.035
      ],
      [
        0.334,
        0.092,
        0.019,
        0.134,
        -0.039,
        0.002,
        0.027,
        -0.026,
        0.163,
        0.195,
        0.019,
        0.052,
        0.1,
        1.0,
        0.141,
        -0.098
      ],
      [
        -0.053,
        0.013,
        -0.14,
        0.121,
        0.004,
        0.047,
        -0.117,
        0.057,
        -0.044,
        0.067,
        0.519,
        0.311,
        0.041,
        0.141,
        1.0,
        -0.119
      ],
      [
        -0.02,
        0.078,
        0.072,
        0.037,
        -0.041,
        0.038,
        -0.048,
        0.062,
        0.024,
        0.02,
        -0.014,
        -0.069,
        0.035,
        -0.098,
        -0.119,
        1.0
      ]
    ]
  },
  "factor_correlation": {
    "factors": [
      "Market",
      "Size",
      "Value (SMID)",
      "Momentum",
      "Quality",
      "Profitability",
      "Liquidity",
      "Credit"
    ],
    "matrix": [
      [
        1.0,
        0.336,
        -0.503,
        0.419,
        -0.239,
        -0.544,
        0.327,
        0.187
      ],
      [
        0.336,
        1.0,
        -0.146,
        0.24,
        0.151,
        0.164,
        0.33,
        0.038
      ],
      [
        -0.503,
        -0.146,
        1.0,
        -0.535,
        0.298,
        0.581,
        -0.38,
        -0.134
      ],
      [
        0.419,
        0.24,
        -0.535,
        1.0,
        -0.215,
        -0.514,
        0.295,
        0.024
      ],
      [
        -0.239,
        0.151,
        0.298,
        -0.215,
        1.0,
        0.424,
        -0.228,
        -0.132
      ],
      [
        -0.544,
        0.164,
        0.581,
        -0.514,
        0.424,
        1.0,
        -0.277,
        -0.09
      ],
      [
        0.327,
        0.33,
        -0.38,
        0.295,
        -0.228,
        -0.277,
        1.0,
        0.165
      ],
      [
        0.187,
        0.038,
        -0.134,
        0.024,
        -0.132,
        -0.09,
        0.165,
        1.0
      ]
    ]
  },
  "factor_exposures": [
    {
      "ticker": "BABA",
      "r_squared": 0.14884808891701828,
      "alpha_annual": -0.34872195625704194,
      "idio_vol_annual": 0.3976542151145391,
      "Market": 1.1828905147797506,
      "Size": 0.14596206709455145,
      "Value (SMID)": 0.24063165534197703,
      "Momentum": -0.15571507097070172,
      "Quality": -0.296238200530569,
      "Profitability": -0.1968172583893791,
      "Liquidity": 0.20806334176343783,
      "Credit": 1.052369018887415
    },
    {
      "ticker": "CEG",
      "r_squared": 0.25159274403253096,
      "alpha_annual": -0.382744492674923,
      "idio_vol_annual": 0.4052700505679407,
      "Market": 0.6814883623169764,
      "Size": 0.4159421719681136,
      "Value (SMID)": -0.4499473866803008,
      "Momentum": 0.6268500391266725,
      "Quality": -0.7574007977776709,
      "Profitability": -0.689177619107546,
      "Liquidity": -0.47671595356914626,
      "Credit": -0.7808736270009669
    },
    {
      "ticker": "CMI",
      "r_squared": 0.48594396912744897,
      "alpha_annual": 0.34650926187261955,
      "idio_vol_annual": 0.24243253290861802,
      "Market": 1.1867728529071777,
      "Size": 0.8299249048764108,
      "Value (SMID)": 0.37464719134761265,
      "Momentum": 0.709508113390929,
      "Quality": 0.020681760862158033,
      "Profitability": -0.18187779245886487,
      "Liquidity": -0.383169608862454,
      "Credit": 0.8458655922331002
    },
    {
      "ticker": "CRWV",
      "r_squared": 0.2743712810374258,
      "alpha_annual": -0.6998826452079563,
      "idio_vol_annual": 0.807731708854949,
      "Market": 0.7083323159205581,
      "Size": 0.7936696565665664,
      "Value (SMID)": -2.1095860858578415,
      "Momentum": 0.8794687694413149,
      "Quality": -4.0507182017905725,
      "Profitability": -0.2368333352781086,
      "Liquidity": 0.2689861475883818,
      "Credit": 2.0329727240610573
    },
    {
      "ticker": "GENC",
      "r_squared": 0.33169022915176305,
      "alpha_annual": -0.4338065195310109,
      "idio_vol_annual": 0.32626192968962275,
      "Market": 1.3599451168383778,
      "Size": 1.2239001311687934,
      "Value (SMID)": 1.1574808483521486,
      "Momentum": -0.06443940754175,
      "Quality": -0.6795646062904789,
      "Profitability": 0.10422261283469864,
      "Liquidity": -0.18307552751436645,
      "Credit": 0.6609306814427169
    },
    {
      "ticker": "GRPN",
      "r_squared": 0.1667693912925181,
      "alpha_annual": -1.1020601051311567,
      "idio_vol_annual": 0.6248595262621618,
      "Market": 1.870313898508689,
      "Size": 0.3591356900456354,
      "Value (SMID)": -0.8937281264344122,
      "Momentum": -0.19412259620724495,
      "Quality": -1.7907357741256258,
      "Profitability": 1.3397678995187434,
      "Liquidity": 0.22080986300739047,
      "Credit": 1.2738417238477286
    },
    {
      "ticker": "JAKK",
      "r_squared": 0.2727184647959843,
      "alpha_annual": -0.3080684571729837,
      "idio_vol_annual": 0.3560939391906708,
      "Market": 1.3161031085032073,
      "Size": 1.004820423750965,
      "Value (SMID)": 0.8292295739684447,
      "Momentum": -0.37768663396079977,
      "Quality": 1.4017058537256706,
      "Profitability": -0.28876654113897654,
      "Liquidity": 0.355409723111134,
      "Credit": -0.21559383052967004
    },
    {
      "ticker": "KSPI",
      "r_squared": 0.22439158325449537,
      "alpha_annual": -0.2665416963849929,
      "idio_vol_annual": 0.3204260219528536,
      "Market": 1.2653935760587196,
      "Size": 0.39239546600923303,
      "Value (SMID)": -0.324700164779865,
      "Momentum": -0.5707535885799002,
      "Quality": 0.10800214748689989,
      "Profitability": 0.10160364952364172,
      "Liquidity": 0.002993052764340749,
      "Credit": 0.43223466471694805
    },
    {
      "ticker": "OPEN",
      "r_squared": 0.12153584512911797,
      "alpha_annual": 1.500403972653008,
      "idio_vol_annual": 1.3441530353139548,
      "Market": 2.8597655737405177,
      "Size": 1.4186878669093792,
      "Value (SMID)": -1.6510746059587622,
      "Momentum": -1.9731956637741217,
      "Quality": 0.8636379785015788,
      "Profitability": 0.8804341834816967,
      "Liquidity": 1.8295781338256298,
      "Credit": -3.4169377233682767
    },
    {
      "ticker": "PYPL",
      "r_squared": 0.2992584010172866,
      "alpha_annual": -0.6877401615039563,
      "idio_vol_annual": 0.33755995014466766,
      "Market": 1.8732551564398503,
      "Size": -0.40866009722459684,
      "Value (SMID)": -0.9052845757156509,
      "Momentum": -0.9452483471786076,
      "Quality": 1.4876464606432553,
      "Profitability": 0.7370486098450523,
      "Liquidity": 0.4222752354592962,
      "Credit": -0.042611975483117036
    },
    {
      "ticker": "TENB",
      "r_squared": 0.14992051372030257,
      "alpha_annual": -0.36578090332966184,
      "idio_vol_annual": 0.4096217183498043,
      "Market": 1.5455304016517406,
      "Size": -0.166622209734087,
      "Value (SMID)": -0.7851181963987812,
      "Momentum": -0.2572721683090483,
      "Quality": -0.3814664578177906,
      "Profitability": 1.3483394185363349,
      "Liquidity": -0.15686056935110324,
      "Credit": -0.27248300499890377
    },
    {
      "ticker": "VIA",
      "r_squared": 0.11654855386042506,
      "alpha_annual": -1.7038431200246973,
      "idio_vol_annual": 0.6808853783341856,
      "Market": 1.240527968850833,
      "Size": 0.30348426288123204,
      "Value (SMID)": -1.3852476390644353,
      "Momentum": -1.1153433086418931,
      "Quality": -1.3793986870554618,
      "Profitability": 0.7250075291882128,
      "Liquidity": 0.6759490789382523,
      "Credit": -0.7916799927988296
    },
    {
      "ticker": "VST",
      "r_squared": 0.2904231093838069,
      "alpha_annual": -0.3781472033308098,
      "idio_vol_annual": 0.4122487020355616,
      "Market": 0.5599768421215024,
      "Size": 0.8302311665465124,
      "Value (SMID)": -0.6761876277224512,
      "Momentum": 0.6644406103151727,
      "Quality": -1.9183591738250423,
      "Profitability": -0.5626500987202593,
      "Liquidity": -0.8125963185233623,
      "Credit": -0.6893393498331545
    },
    {
      "ticker": "XNET",
      "r_squared": 0.17581213333110757,
      "alpha_annual": -0.3748333916436849,
      "idio_vol_annual": 0.6744628951826036,
      "Market": 1.6627029500602066,
      "Size": 0.30038142602479584,
      "Value (SMID)": -0.7409559555268519,
      "Momentum": -0.39437506528810257,
      "Quality": 0.32163758503541423,
      "Profitability": 0.4492705323510241,
      "Liquidity": 1.2765354017201775,
      "Credit": 2.4783686187860012
    },
    {
      "ticker": "ZS",
      "r_squared": 0.09140565677381729,
      "alpha_annual": -0.9925047696997765,
      "idio_vol_annual": 0.5976226529866792,
      "Market": 1.4117465675007834,
      "Size": -0.44041625109527044,
      "Value (SMID)": -1.0812709634213353,
      "Momentum": -0.9613355616385242,
      "Quality": -0.879149003985216,
      "Profitability": 0.9092795009638505,
      "Liquidity": 0.22575937922872583,
      "Credit": 0.055359619639501624
    },
    {
      "ticker": "ZTS",
      "r_squared": 0.16851326992447413,
      "alpha_annual": -0.9309386168916007,
      "idio_vol_annual": 0.34340649014940705,
      "Market": 1.3666253898405898,
      "Size": 0.08313393006480937,
      "Value (SMID)": 0.02950100832092769,
      "Momentum": -0.2208474319320547,
      "Quality": 1.2886220966973274,
      "Profitability": 0.8390459923265476,
      "Liquidity": 0.08903816888067559,
      "Credit": -0.7042492087135616
    }
  ],
  "portfolio_factor_exposure": {
    "loadings": {
      "Market": 1.4424563277446105,
      "Size": 0.3312401721161085,
      "Value (SMID)": -0.5959394265840023,
      "Momentum": -0.28634643974295765,
      "Quality": -0.5941902694053347,
      "Profitability": 0.5735687031986416,
      "Liquidity": 0.19735400025217037,
      "Credit": 0.488805923202153
    },
    "alpha_annual": -0.596139026456991,
    "r_squared_weighted": 0.2114528988416894
  },
  "stress_tests": [
    {
      "scenario": "COVID Crash (Feb-Mar 2020)",
      "market_move": -0.339,
      "portfolio_impact": -0.5166905212321532,
      "stressed_nav": 484545.52826051123,
      "pnl": -518011.94173948886,
      "description": "Rapid 33.9% selloff in SPY over 23 trading days as COVID-19 spread."
    },
    {
      "scenario": "2022 Rate Shock (Jan-Oct)",
      "market_move": -0.252,
      "portfolio_impact": -0.38408852905752977,
      "stressed_nav": 617486.6460520616,
      "pnl": -385070.8239479385,
      "description": "Grinding 9-month decline as the Fed hiked rates aggressively."
    },
    {
      "scenario": "GFC 2008-09",
      "market_move": -0.565,
      "portfolio_impact": -0.8611508687202551,
      "stressed_nav": 139204.23376751886,
      "pnl": -863353.2362324812,
      "description": "Credit crisis bear market; SPY drew down 56.5% from Oct 2007 peak."
    },
    {
      "scenario": "Dot-Com Bust (2000-02)",
      "market_move": -0.491,
      "portfolio_impact": -0.7483629673303457,
      "stressed_nav": 252280.586831596,
      "pnl": -750276.8831684041,
      "description": "Tech bubble burst; SPY -49.1% peak-to-trough over 30 months."
    },
    {
      "scenario": "Black Monday (Oct 1987)",
      "market_move": -0.204,
      "portfolio_impact": -0.3109288092370479,
      "stressed_nav": 690833.4696611927,
      "pnl": -311724.00033880735,
      "description": "Flash crash; -20.4% on a single trading day."
    },
    {
      "scenario": "Aug 2024 Yen Carry Unwind",
      "market_move": -0.084,
      "portfolio_impact": -0.12802950968584328,
      "stressed_nav": 874200.5286840206,
      "pnl": -128356.94131597946,
      "description": "Yen carry unwind shock; SPY -8.4% in one week."
    }
  ],
  "monte_carlo": {
    "horizon_days": 21,
    "n_paths": 10000,
    "current_nav": 1002557.4700000001,
    "terminal_return": {
      "p5": -0.15153833083643536,
      "p25": -0.07809618322553674,
      "p50": -0.023576212671664654,
