{
  "generated_at": "2026-06-05T08:59:28.788441Z",
  "market_session": "PRE",
  "fund_name": "Convex Capital",
  "tagline": "Lose small. Win big. \u2014 Paper-traded portfolio. Hypothetical performance for educational purposes only.",
  "summary": {
    "nav": 960181.3030498505,
    "cash": 100069.3,
    "equity": 860112.0030498505,
    "deposits": 1000000.0,
    "total_return": -0.0398186969501495,
    "realized_pnl": 0.0,
    "open_positions": 17
  },
  "metrics": {
    "annualized_return": -0.22457302692651637,
    "annualized_vol": 0.30224753686550326,
    "sharpe": -0.7430102797709442,
    "sortino": -1.051692884540206,
    "max_drawdown": -0.4270540795315069,
    "var_95_1d": -0.03418023295695891,
    "method": "Synthetic: current weights \u00d7 each holding's 252-day return history.",
    "beta_spy": 1.6262219822395392,
    "data_basis": "synthetic_252d",
    "days_of_live_nav": 4
  },
  "nav_curve": [
    {
      "date": "2026-06-01",
      "value": 999999.999096508
    },
    {
      "date": "2026-06-02",
      "value": 988112.007512741
    },
    {
      "date": "2026-06-03",
      "value": 947358.234536934
    },
    {
      "date": "2026-06-04",
      "value": 960181.3030498505
    }
  ],
  "drawdown_curve": [
    {
      "date": "2026-06-01",
      "value": 0.0
    },
    {
      "date": "2026-06-02",
      "value": -0.011887991594507702
    },
    {
      "date": "2026-06-03",
      "value": -0.05264176460713549
    },
    {
      "date": "2026-06-04",
      "value": -0.03981869608263339
    }
  ],
  "benchmarks": {
    "SPY": [
      {
        "date": "2026-06-01",
        "value": 0.0
      },
      {
        "date": "2026-06-02",
        "value": 0.0013579103629497435
      },
      {
        "date": "2026-06-03",
        "value": -0.005668768842152949
      },
      {
        "date": "2026-06-04",
        "value": -0.0019115026417536596
      }
    ],
    "IWM": [
      {
        "date": "2026-06-01",
        "value": 0.0
      },
      {
        "date": "2026-06-02",
        "value": 0.009273972502921835
      },
      {
        "date": "2026-06-03",
        "value": -0.004533177066893157
      },
      {
        "date": "2026-06-04",
        "value": 0.010485150059186044
      }
    ]
  },
  "holdings": [
    {
      "ticker": "GRPN",
      "company": "Groupon, Inc.",
      "sector": "Communication Services",
      "country": "United States",
      "shares": 9414.0,
      "price": 18.530000686645508,
      "cost_basis": 18.569696197153178,
      "market_value": 174441.4264640808,
      "unrealized_pnl": -373.6935359192049,
      "short_percent_of_float": 0.5812,
      "short_ratio": 4.89
    },
    {
      "ticker": "KSPI",
      "company": "Joint Stock Company Kaspi.kz",
      "sector": "Technology",
      "country": "Kazakhstan",
      "shares": 1260.0,
      "price": 85.62999725341797,
      "cost_basis": 89.27980952380952,
      "market_value": 107893.79653930664,
      "unrealized_pnl": -4598.7634606933525,
      "short_percent_of_float": 0.015700001,
      "short_ratio": 2.81
    },
    {
      "ticker": "JAKK",
      "company": "JAKKS Pacific, Inc.",
      "sector": "Consumer Cyclical",
      "country": "United States",
      "shares": 3436.0,
      "price": 21.709999084472656,
      "cost_basis": 21.83,
      "market_value": 74595.55685424805,
      "unrealized_pnl": -412.32314575194727,
      "short_percent_of_float": 0.0339,
      "short_ratio": 6.7
    },
    {
      "ticker": "VIA",
      "company": "Via Transportation, Inc.",
      "sector": "Technology",
      "country": "United States",
      "shares": 4588.0,
      "price": 15.109999656677246,
      "cost_basis": 16.34804054054054,
      "market_value": 69324.6784248352,
      "unrealized_pnl": -5680.131575164799,
      "short_percent_of_float": 0.1248,
      "short_ratio": 7.65
    },
    {
      "ticker": "ZS",
      "company": "Zscaler, Inc.",
      "sector": "Technology",
      "country": "United States",
      "shares": 509.0,
      "price": 134.3699951171875,
      "cost_basis": 147.54363457760311,
      "market_value": 68394.32751464844,
      "unrealized_pnl": -6705.382485351548,
      "short_percent_of_float": 0.1058,
      "short_ratio": 4.01
    },
    {
      "ticker": "XNET",
      "company": "Xunlei Limited",
      "sector": "Technology",
      "country": "China",
      "shares": 13064.0,
      "price": 4.980000019073486,
      "cost_basis": 5.74080985915493,
      "market_value": 65058.720249176025,
      "unrealized_pnl": -9939.219750823979,
      "short_percent_of_float": 0.0322,
      "short_ratio": 6.99
    },
    {
      "ticker": "CRWV",
      "company": "CoreWeave, Inc.",
      "sector": "Technology",
      "country": "United States",
      "shares": 425.0,
      "price": 110.93000030517578,
      "cost_basis": 117.60941176470588,
      "market_value": 47145.25012969971,
      "unrealized_pnl": -2838.749870300293,
      "short_percent_of_float": 0.1714,
      "short_ratio": 1.75
    },
    {
      "ticker": "PRGS",
      "company": "Progress Software Corporation",
      "sector": "Technology",
      "country": "United States",
      "shares": 1416.0,
      "price": 31.549999237060547,
      "cost_basis": 35.32,
      "market_value": 44674.798919677734,
      "unrealized_pnl": -5338.321080322266,
      "short_percent_of_float": 0.1445,
      "short_ratio": 5.14
    },
    {
      "ticker": "BABA",
      "company": "Alibaba Group Holding Limited",
      "sector": "Consumer Cyclical",
      "country": "Hong Kong",
      "shares": 299.0,
      "price": 127.20999908447266,
      "cost_basis": 125.39999999999999,
      "market_value": 38035.789726257324,
      "unrealized_pnl": 541.1897262573268,
      "short_percent_of_float": 0.0197,
      "short_ratio": 3.3
    },
    {
      "ticker": "PYPL",
      "company": "PayPal Holdings, Inc.",
      "sector": "Financial Services",
      "country": "United States",
      "shares": 830.0,
      "price": 42.61000061035156,
      "cost_basis": 45.19,
      "market_value": 35366.3005065918,
      "unrealized_pnl": -2141.399493408201,
      "short_percent_of_float": 0.0545,
      "short_ratio": 2.87
    },
    {
      "ticker": "OPEN",
      "company": "Opendoor Technologies Inc.",
      "sector": "Real Estate",
      "country": "United States",
      "shares": 7252.0,
      "price": 4.869999885559082,
      "cost_basis": 5.1715333701047985,
      "market_value": 35317.23917007446,
      "unrealized_pnl": -2186.720829925536,
      "short_percent_of_float": 0.14819999,
      "short_ratio": 3.26
    },
    {
      "ticker": "CMI",
      "company": "Cummins Inc.",
      "sector": "Industrials",
      "country": "United States",
      "shares": 39.0,
      "price": 678.0999755859375,
      "cost_basis": 643.5,
      "market_value": 26445.899047851562,
      "unrealized_pnl": 1349.3990478515625,
      "short_percent_of_float": 0.014400001,
      "short_ratio": 1.92
    },
    {
      "ticker": "AVAV",
      "company": "AeroVironment, Inc.",
      "sector": "Industrials",
      "country": "United States",
      "shares": 122.0,
      "price": 204.39999389648438,
      "cost_basis": 204.09,
      "market_value": 24936.799255371094,
      "unrealized_pnl": 37.819255371093334,
      "short_percent_of_float": 0.12109999,
      "short_ratio": 3.92
    },
    {
      "ticker": "GENC",
      "company": "Gencor Industries, Inc.",
      "sector": "Industrials",
      "country": "United States",
      "shares": 873.0,
      "price": 14.829999923706055,
      "cost_basis": 14.32,
      "market_value": 12946.589933395386,
      "unrealized_pnl": 445.2299333953855,
      "short_percent_of_float": 0.0061000003,
      "short_ratio": 2.96
    },
    {
      "ticker": "CEG",
      "company": "Constellation Energy Corporation",
      "sector": "Utilities",
      "country": "United States",
      "shares": 47.0,
      "price": 267.239990234375,
      "cost_basis": 265.7,
      "market_value": 12560.279541015625,
      "unrealized_pnl": 72.37954101562553,
      "short_percent_of_float": 0.0325,
      "short_ratio": 3.35
    },
    {
      "ticker": "VST",
      "company": "Vistra Corp.",
      "sector": "Utilities",
      "country": "United States",
      "shares": 81.0,
      "price": 153.8000030517578,
      "cost_basis": 154.76,
      "market_value": 12457.800247192383,
      "unrealized_pnl": -77.75975280761645,
      "short_percent_of_float": 0.0461,
      "short_ratio": 2.83
    },
    {
      "ticker": "GRRR",
      "company": "Gorilla Technology Group Inc.",
      "sector": "Technology",
      "country": "United Kingdom",
      "shares": 575.0,
      "price": 18.290000915527344,
      "cost_basis": 21.72,
      "market_value": 10516.750526428223,
      "unrealized_pnl": -1972.2494735717767,
      "short_percent_of_float": 0.1305,
      "short_ratio": 3.86
    }
  ],
  "sector_exposure": [
    {
      "name": "Technology",
      "value": 413008.322303772,
      "pct": 0.430135768101214
    },
    {
      "name": "Communication Services",
      "value": 174441.4264640808,
      "pct": 0.18167550847948993
    },
    {
      "name": "Consumer Cyclical",
      "value": 112631.34658050537,
      "pct": 0.1173021659792284
    },
    {
      "name": "Cash",
      "value": 100069.3,
      "pct": 0.10421917161076466
    },
    {
      "name": "Industrials",
      "value": 64329.28823661804,
      "pct": 0.0669970223668042
    },
    {
      "name": "Financial Services",
      "value": 35366.3005065918,
      "pct": 0.03683294018979211
    },
    {
      "name": "Real Estate",
      "value": 35317.23917007446,
      "pct": 0.036781844280757536
    },
    {
      "name": "Utilities",
      "value": 25018.079788208008,
      "pct": 0.026055578991949113
    }
  ],
  "geographic_exposure": [
    {
      "name": "United States",
      "value": 638606.9460086823,
      "pct": 0.6650899616356383
    },
    {
      "name": "Kazakhstan",
      "value": 107893.79653930664,
      "pct": 0.11236814984482679
    },
    {
      "name": "Cash",
      "value": 100069.3,
      "pct": 0.10421917161076466
    },
    {
      "name": "China",
      "value": 65058.720249176025,
      "pct": 0.0677567039084475
    },
    {
      "name": "Hong Kong",
      "value": 38035.789726257324,
      "pct": 0.039613133067102214
    },
    {
      "name": "United Kingdom",
      "value": 10516.750526428223,
      "pct": 0.010952879933220503
    }
  ],
  "signals": [
    {
      "ticker": "AVAV",
      "label": "STRONG BUY",
      "composite": 2.5,
      "rsi": 59.2,
      "subs": {
        "rsi": 0.5,
        "macd": 0.5,
        "trend": 0.0,
        "bb": 0.5,
        "vol": 0.5,
        "range": 0.5
      }
    },
    {
      "ticker": "BABA",
      "label": "STRONG SELL",
      "composite": -2.0,
      "rsi": 43.9,
      "subs": {
        "rsi": 0.0,
        "macd": -0.5,
        "trend": -0.5,
        "bb": -0.5,
        "vol": 0.0,
        "range": -0.5
      }
    },
    {
      "ticker": "CEG",
      "label": "SELL",
      "composite": -1.5,
      "rsi": 40.9,
      "subs": {
        "rsi": 0.0,
        "macd": -0.5,
        "trend": -0.5,
        "bb": -0.5,
        "vol": 0.5,
        "range": -0.5
      }
    },
    {
      "ticker": "CMI",
      "label": "BUY",
      "composite": 1.0,
      "rsi": 55.2,
      "subs": {
        "rsi": 0.5,
        "macd": -0.5,
        "trend": 0.5,
        "bb": 0.5,
        "vol": 0.0,
        "range": 0.0
      }
    },
    {
      "ticker": "CRWV",
      "label": "BUY",
      "composite": 1.0,
      "rsi": 50.5,
      "subs": {
        "rsi": 0.5,
        "macd": 0.5,
        "trend": 0.5,
        "bb": -0.5,
        "vol": 0.0,
        "range": 0.0
      }
    },
    {
      "ticker": "GENC",
      "label": "STRONG BUY",
      "composite": 2.5,
      "rsi": 52.5,
      "subs": {
        "rsi": 0.5,
        "macd": 0.5,
        "trend": 0.5,
        "bb": 0.5,
        "vol": 0.5,
        "range": 0.0
      }
    },
    {
      "ticker": "GRPN",
      "label": "LEAN BULL",
      "composite": 0.5,
      "rsi": 54.5,
      "subs": {
        "rsi": 0.5,
        "macd": -0.5,
        "trend": 0.0,
        "bb": 0.5,
        "vol": 0.0,
        "range": 0.0
      }
    },
    {
      "ticker": "GRRR",
      "label": "STRONG BUY",
      "composite": 2.0,
      "rsi": 60.4,
      "subs": {
        "rsi": 0.5,
        "macd": 0.5,
        "trend": 0.0,
        "bb": 0.5,
        "vol": 0.5,
        "range": 0.0
      }
    },
    {
      "ticker": "JAKK",
      "label": "NEUTRAL",
      "composite": 0.0,
      "rsi": 48.4,
      "subs": {
        "rsi": 0.5,
        "macd": -0.5,
        "trend": 0.5,
        "bb": -0.5,
        "vol": 0.0,
        "range": 0.0
      }
    },
    {
      "ticker": "KSPI",
      "label": "SELL",
      "composite": -1.0,
      "rsi": 43.8,
      "subs": {
        "rsi": 0.0,
        "macd": -0.5,
        "trend": 0.5,
        "bb": -0.5,
        "vol": 0.0,
        "range": -0.5
      }
    },
    {
      "ticker": "OPEN",
      "label": "BUY",
      "composite": 1.5,
      "rsi": 49.4,
      "subs": {
        "rsi": 0.5,
        "macd": 0.5,
        "trend": -0.5,
        "bb": 0.5,
        "vol": 0.5,
        "range": 0.0
      }
    },
    {
      "ticker": "PRGS",
      "label": "STRONG BUY",
      "composite": 2.0,
      "rsi": 54.8,
      "subs": {
        "rsi": 0.5,
        "macd": 0.5,
        "trend": 0.0,
        "bb": 0.5,
        "vol": 0.5,
        "range": 0.0
      }
    },
    {
      "ticker": "PYPL",
      "label": "SELL",
      "composite": -1.5,
      "rsi": 32.6,
      "subs": {
        "rsi": 0.0,
        "macd": -0.5,
        "trend": -0.5,
        "bb": 0.0,
        "vol": 0.0,
        "range": -0.5
      }
    },
    {
      "ticker": "VIA",
      "label": "LEAN BULL",
      "composite": 0.5,
      "rsi": 48.5,
      "subs": {
        "rsi": 0.5,
        "macd": 0.5,
        "trend": -0.5,
        "bb": -0.5,
        "vol": 0.5,
        "range": 0.0
      }
    },
    {
      "ticker": "VST",
      "label": "BUY",
      "composite": 1.0,
      "rsi": 49.9,
      "subs": {
        "rsi": 0.5,
        "macd": 0.5,
        "trend": -0.5,
        "bb": 0.5,
        "vol": 0.0,
        "range": 0.0
      }
    },
    {
      "ticker": "XNET",
      "label": "SELL",
      "composite": -1.0,
      "rsi": 34.3,
      "subs": {
        "rsi": 0.0,
        "macd": -0.5,
        "trend": -0.5,
        "bb": 0.0,
        "vol": 0.5,
        "range": -0.5
      }
    },
    {
      "ticker": "ZS",
      "label": "SELL",
      "composite": -1.5,
      "rsi": 43.3,
      "subs": {
        "rsi": 0.0,
        "macd": -0.5,
        "trend": -0.5,
        "bb": -0.5,
        "vol": 0.5,
        "range": -0.5
      }
    }
  ],
  "volatility": [
    {
      "ticker": "AVAV",
      "hv20": 0.8216501773470272,
      "garch": 0.7586428002918316,
      "expansion": -0.07668394505632065,
      "regime": "HIGH",
      "signal": "WEAK"
    },
    {
      "ticker": "BABA",
      "hv20": 0.5235874247299145,
      "garch": 0.4400695842887673,
      "expansion": -0.15951078367519758,
      "regime": "HIGH",
      "signal": "WEAK"
    },
    {
      "ticker": "CEG",
      "hv20": 0.5572489467593438,
      "garch": 0.5770827596292197,
      "expansion": 0.0355923739025773,
      "regime": "HIGH",
      "signal": "WEAK"
    },
    {
      "ticker": "CMI",
      "hv20": 0.4237698376597273,
      "garch": 0.3292088969469826,
      "expansion": -0.22314221614959281,
      "regime": "HIGH",
      "signal": "WEAK"
    },
    {
      "ticker": "CRWV",
      "hv20": 0.9383961333428147,
      "garch": 1.0327844960310346,
      "expansion": 0.10058477367333524,
      "regime": "NORMAL",
      "signal": "BASE"
    },
    {
      "ticker": "GENC",
      "hv20": 0.428476848074687,
      "garch": 0.4816931547435469,
      "expansion": 0.12419879138856965,
      "regime": "HIGH",
      "signal": "BASE"
    },
    {
      "ticker": "GRPN",
      "hv20": 0.9167102280123147,
      "garch": 0.8096602670135049,
      "expansion": -0.11677622625736837,
      "regime": "HIGH",
      "signal": "WEAK"
    },
    {
      "ticker": "GRRR",
      "hv20": 1.0888788735510992,
      "garch": 1.3940892762789185,
      "expansion": 0.28029784592335216,
      "regime": "EXTREME",
      "signal": "SIGNAL"
    },
    {
      "ticker": "JAKK",
      "hv20": 0.26494006236559214,
      "garch": 0.4604464951965088,
      "expansion": 0.7379270280428044,
      "regime": "LOW",
      "signal": "SIGNAL"
    },
    {
      "ticker": "KSPI",
      "hv20": 0.2687743843765292,
      "garch": 0.4607101940941436,
      "expansion": 0.7141149636072808,
      "regime": "LOW",
      "signal": "SIGNAL"
    },
    {
      "ticker": "OPEN",
      "hv20": 0.6728820392357809,
      "garch": 0.8449064594768828,
      "expansion": 0.2556531608964877,
      "regime": "LOW",
      "signal": "SIGNAL"
    },
    {
      "ticker": "PRGS",
      "hv20": 0.6177894771033197,
      "garch": 0.5586701968771706,
      "expansion": -0.09569486437895726,
      "regime": "HIGH",
      "signal": "WEAK"
    },
    {
      "ticker": "PYPL",
      "hv20": 0.2088217575093579,
      "garch": 0.3917762927082817,
      "expansion": 0.8761277434930363,
      "regime": "LOW",
      "signal": "SIGNAL"
    },
    {
      "ticker": "VIA",
      "hv20": 1.0575992071483555,
      "garch": null,
      "expansion": null,
      "regime": "NORMAL",
      "signal": "WEAK"
    },
    {
      "ticker": "VST",
      "hv20": 0.5155157700725985,
      "garch": 0.5744816747683812,
      "expansion": 0.11438234893857598,
      "regime": "HIGH",
      "signal": "BASE"
    },
    {
      "ticker": "XNET",
      "hv20": 0.7495376010595391,
      "garch": 1.0374482470870199,
      "expansion": 0.3841176821823121,
      "regime": "HIGH",
      "signal": "SIGNAL"
    },
    {
      "ticker": "ZS",
      "hv20": 1.6184568249215867,
      "garch": 1.382162350371285,
      "expansion": -0.14599986290134742,
      "regime": "EXTREME",
      "signal": "WEAK"
    }
  ],
  "correlation": {
    "tickers": [
      "AVAV",
      "BABA",
      "CEG",
      "CMI",
      "CRWV",
      "GENC",
      "GRPN",
      "GRRR",
      "JAKK",
      "KSPI",
      "OPEN",
      "PRGS",
      "PYPL",
      "VIA",
      "VST",
      "XNET",
      "ZS"
    ],
    "matrix": [
      [
        1.0,
        0.121,
        0.258,
        0.238,
        0.304,
        0.085,
        0.201,
        0.305,
        0.082,
        0.091,
        0.322,
        0.178,
        0.189,
        0.024,
        0.296,
        0.323,
        0.168
      ],
      [
        0.121,
        1.0,
        0.173,
        0.328,
        0.346,
        0.133,
        0.179,
        0.243,
        0.117,
        0.204,
        0.184,
        0.019,
        0.238,
        -0.041,
        0.22,
        0.474,
        0.033
      ],
      [
        0.258,
        0.173,
        1.0,
        0.309,
        0.212,
        0.151,
        0.068,
        0.261,
        0.089,
        0.042,
        0.181,
        -0.007,
        0.118,
        0.004,
        0.795,
        0.243,
        0.037
      ],
      [
        0.238,
        0.328,
        0.309,
        1.0,
        0.358,
        0.365,
        0.172,
        0.244,
        0.155,
        0.226,
        0.189,
        -0.17,
        0.054,
        -0.002,
        0.319,
        0.299,
        -0.062
      ],
      [
        0.304,
        0.346,
        0.212,
        0.358,
        1.0,
        0.121,
        0.158,
        0.388,
        0.062,
        0.123,
        0.233,
        -0.025,
        0.126,
        0.222,
        0.305,
        0.365,
        0.179
      ],
      [
        0.085,
        0.133,
        0.151,
        0.365,
        0.121,
        1.0,
        0.148,
        0.217,
        0.315,
        0.169,
        0.127,
        0.162,
        0.093,
        0.061,
        0.173,
        0.163,
        0.05
      ],
      [
        0.201,
        0.179,
        0.068,
        0.172,
        0.158,
        0.148,
        1.0,
        0.289,
        0.15,
        0.339,
        0.285,
        0.153,
        0.249,
        0.172,
        0.103,
        0.207,
        0.141
      ],
      [
        0.305,
        0.243,
        0.261,
        0.244,
        0.388,
        0.217,
        0.289,
        1.0,
        0.161,
        0.357,
        0.363,
        0.151,
        0.342,
        0.227,
        0.314,
        0.354,
        0.244
      ],
      [
        0.082,
        0.117,
        0.089,
        0.155,
        0.062,
        0.315,
        0.15,
        0.161,
        1.0,
        0.109,
        0.138,
        0.352,
        0.214,
        0.143,
        0.06,
        0.198,
        -0.052
      ],
      [
        0.091,
        0.204,
        0.042,
        0.226,
        0.123,
        0.169,
        0.339,
        0.357,
        0.109,
        1.0,
        0.242,
        0.1,
        0.252,
        0.15,
        0.077,
        0.187,
        0.153
      ],
      [
        0.322,
        0.184,
        0.181,
        0.189,
        0.233,
        0.127,
        0.285,
        0.363,
        0.138,
        0.242,
        1.0,
        0.157,
        0.23,
        0.159,
        0.255,
        0.334,
        0.057
      ],
      [
        0.178,
        0.019,
        -0.007,
        -0.17,
        -0.025,
        0.162,
        0.153,
        0.151,
        0.352,
        0.1,
        0.157,
        1.0,
        0.297,
        0.387,
        0.019,
        0.157,
        0.295
      ],
      [
        0.189,
        0.238,
        0.118,
        0.054,
        0.126,
        0.093,
        0.249,
        0.342,
        0.214,
        0.252,
        0.23,
        0.297,
        1.0,
        0.155,
        0.057,
        0.32,
        0.202
      ],
      [
        0.024,
        -0.041,
        0.004,
        -0.002,
        0.222,
        0.061,
        0.172,
        0.227,
        0.143,
        0.15,
        0.159,
        0.387,
        0.155,
        1.0,
        0.058,
        0.184,
        0.368
      ],
      [
        0.296,
        0.22,
        0.795,
        0.319,
        0.305,
        0.173,
        0.103,
        0.314,
        0.06,
        0.077,
        0.255,
        0.019,
        0.057,
        0.058,
        1.0,
        0.266,
        0.066
      ],
      [
        0.323,
        0.474,
        0.243,
        0.299,
        0.365,
        0.163,
        0.207,
        0.354,
        0.198,
        0.187,
        0.334,
        0.157,
        0.32,
        0.184,
        0.266,
        1.0,
        0.218
      ],
      [
        0.168,
        0.033,
        0.037,
        -0.062,
        0.179,
        0.05,
        0.141,
        0.244,
        -0.052,
        0.153,
        0.057,
        0.295,
        0.202,
        0.368,
        0.066,
        0.218,
        1.0
      ]
    ]
  },
  "residual_correlation": {
    "tickers": [
      "AVAV",
      "BABA",
      "CEG",
      "CMI",
      "CRWV",
      "GENC",
      "GRPN",
      "GRRR",
      "JAKK",
      "KSPI",
      "OPEN",
      "PRGS",
      "PYPL",
      "VIA",
      "VST",
      "XNET",
      "ZS"
    ],
    "matrix": [
      [
        1.0,
        -0.012,
        0.128,
        0.069,
        0.123,
        -0.034,
        0.075,
        0.088,
        -0.05,
        -0.118,
        0.146,
        0.127,
        0.006,
        -0.145,
        0.156,
        0.163,
        0.096
      ],
      [
        -0.012,
        1.0,
        0.002,
        0.102,
        0.185,
        -0.076,
        0.027,
        0.086,
        -0.05,
        0.032,
        0.047,
        -0.069,
        0.124,
        -0.158,
        0.052,
        0.349,
        -0.045
      ],
      [
        0.128,
        0.002,
        1.0,
        0.027,
        -0.045,
        0.027,
        -0.053,
        0.07,
        -0.02,
        -0.125,
        0.022,
        0.032,
        0.052,
        -0.087,
        0.729,
        0.083,
        0.023
      ],
      [
        0.069,
        0.102,
        0.027,
        1.0,
        0.09,
        0.07,
        -0.054,
        -0.088,
        -0.151,
        -0.018,
        -0.064,
        -0.285,
        -0.103,
        -0.117,
        -0.01,
        0.016,
        -0.12
      ],
      [
        0.123,
        0.185,
        -0.045,
        0.09,
        1.0,
        0.011,
        -0.029,
        0.121,
        -0.043,
        -0.099,
        0.022,
        -0.048,
        -0.035,
        0.107,
        0.05,
        0.104,
        0.132
      ],
      [
        -0.034,
        -0.076,
        0.027,
        0.07,
        0.011,
        1.0,
        -0.032,
        0.065,
        0.068,
        -0.054,
        -0.07,
        0.056,
        0.015,
        -0.01,
        0.026,
        -0.038,
        0.015
      ],
      [
        0.075,
        0.027,
        -0.053,
        -0.054,
        -0.029,
        -0.032,
        1.0,
        0.096,
        0.02,
        0.192,
        0.107,
        0.035,
        0.093,
        0.06,
        -0.034,
        -0.008,
        0.047
      ],
      [
        0.088,
        0.086,
        0.07,
        -0.088,
        0.121,
        0.065,
        0.096,
        1.0,
        0.028,
        0.198,
        0.177,
        0.067,
        0.213,
        0.086,
        0.105,
        0.123,
        0.178
      ],
      [
        -0.05,
        -0.05,
        -0.02,
        -0.151,
        -0.043,
        0.068,
        0.02,
        0.028,
        1.0,
        -0.107,
        -0.026,
        0.305,
        0.105,
        0.083,
        -0.056,
        0.025,
        -0.117
      ],
      [
        -0.118,
        0.032,
        -0.125,
        -0.018,
        -0.099,
        -0.054,
        0.192,
        0.198,
        -0.107,
        1.0,
        0.066,
        -0.049,
        0.064,
        0.016,
        -0.108,
        -0.031,
        0.055
      ],
      [
        0.146,
        0.047,
        0.022,
        -0.064,
        0.022,
        -0.07,
        0.107,
        0.177,
        -0.026,
        0.066,
        1.0,
        0.025,
        0.063,
        0.036,
        0.106,
        0.163,
        -0.042
      ],
      [
        0.127,
        -0.069,
        0.032,
        -0.285,
        -0.048,
        0.056,
        0.035,
        0.067,
        0.305,
        -0.049,
        0.025,
        1.0,
        0.127,
        0.325,
        0.073,
        0.066,
        0.203
      ],
      [
        0.006,
        0.124,
        0.052,
        -0.103,
        -0.035,
        0.015,
        0.093,
        0.213,
        0.105,
        0.064,
        0.063,
        0.127,
        1.0,
        -0.007,
        -0.028,
        0.175,
        0.06
      ],
      [
        -0.145,
        -0.158,
        -0.087,
        -0.117,
        0.107,
        -0.01,
        0.06,
        0.086,
        0.083,
        0.016,
        0.036,
        0.325,
        -0.007,
        1.0,
        -0.032,
        0.051,
        0.3
      ],
      [
        0.156,
        0.052,
        0.729,
        -0.01,
        0.05,
        0.026,
        -0.034,
        0.105,
        -0.056,
        -0.108,
        0.106,
        0.073,
        -0.028,
        -0.032,
        1.0,
        0.091,
        0.056
      ],
      [
        0.163,
        0.349,
        0.083,
        0.016,
        0.104,
        -0.038,
        -0.008,
        0.123,
        0.025,
        -0.031,
        0.163,
        0.066,
        0.175,
        0.051,
        0.091,
        1.0,
        0.14
      ],
      [
        0.096,
        -0.045,
        0.023,
        -0.12,
        0.132,
        0.015,
        0.047,
        0.178,
        -0.117,
        0.055,
        -0.042,
        0.203,
        0.06,
        0.3,
        0.056,
        0.14,
        1.0
      ]
    ]
  },
  "factor_correlation": {
    "factors": [
      "Market",
      "Size",
      "Value (SMID)",
      "Momentum",
      "Quality",
      "Profitability",
      "Liquidity",
      "Credit"
    ],
    "matrix": [
      [
        1.0,
        0.345,
        -0.45,
        0.341,
        -0.163,
        -0.51,
        0.29,
        0.203
      ],
      [
        0.345,
        1.0,
        -0.145,
        0.22,
        0.136,
        0.182,
        0.324,
        0.066
      ],
      [
        -0.45,
        -0.145,
        1.0,
        -0.518,
        0.242,
        0.552,
        -0.347,
        -0.14
      ],
      [
        0.341,
        0.22,
        -0.518,
        1.0,
        -0.151,
        -0.511,
        0.222,
        0.023
      ],
      [
        -0.163,
        0.136,
        0.242,
        -0.151,
        1.0,
        0.39,
        -0.194,
        -0.156
      ],
      [
        -0.51,
        0.182,
        0.552,
        -0.511,
        0.39,
        1.0,
        -0.248,
        -0.079
      ],
      [
        0.29,
        0.324,
        -0.347,
        0.222,
        -0.194,
        -0.248,
        1.0,
        0.169
      ],
      [
        0.203,
        0.066,
        -0.14,
        0.023,
        -0.156,
        -0.079,
        0.169,
        1.0
      ]
    ]
  },
  "factor_exposures": [
    {
      "ticker": "AVAV",
      "r_squared": 0.16482950872176128,
      "alpha_annual": -0.19256547484233072,
      "idio_vol_annual": 0.6607956133303596,
      "Market": 0.9651126302282546,
      "Size": 0.8084758914527681,
      "Value (SMID)": -2.15693363392903,
      "Momentum": -0.627896728112911,
      "Quality": -1.4429549982058347,
      "Profitability": 0.036362575421346244,
      "Liquidity": -0.06729253673445007,
      "Credit": -1.483711697328087
    },
    {
      "ticker": "BABA",
      "r_squared": 0.14110848353846173,
      "alpha_annual": -0.2093615729878477,
      "idio_vol_annual": 0.3991330148652029,
      "Market": 1.1263821176216897,
      "Size": 0.20634097580620048,
      "Value (SMID)": 0.19785138125994045,
      "Momentum": -0.19390540209278168,
      "Quality": 0.13637987381683436,
      "Profitability": -0.3628781748100223,
      "Liquidity": 0.23954374535414158,
      "Credit": 0.7814125254967439
    },
    {
      "ticker": "CEG",
      "r_squared": 0.2544588134671806,
      "alpha_annual": -0.4996813534011552,
      "idio_vol_annual": 0.4042594578944262,
      "Market": 0.7981441419498312,
      "Size": 0.32204865059069787,
      "Value (SMID)": -0.363821951501621,
      "Momentum": 0.909525463124913,
      "Quality": -1.0105647134878266,
      "Profitability": -0.5047251439313292,
      "Liquidity": -0.3024111342317199,
      "Credit": -0.6701699177124422
    },
    {
      "ticker": "CMI",
      "r_squared": 0.4884867003489881,
      "alpha_annual": 0.3621122015342916,
      "idio_vol_annual": 0.2327065466376495,
      "Market": 1.151483940785004,
      "Size": 0.8550345297703944,
      "Value (SMID)": 0.4056512741043425,
      "Momentum": 0.7825545951693994,
      "Quality": 0.3915729226211954,
      "Profitability": -0.19358037949338908,
      "Liquidity": -0.2950343130691033,
      "Credit": 0.8727068363546876
    },
    {
      "ticker": "CRWV",
      "r_squared": 0.2706423638816685,
      "alpha_annual": -0.8678817271306601,
      "idio_vol_annual": 0.8516754743992391,
      "Market": 1.3236706340486757,
      "Size": 0.5374381410746624,
      "Value (SMID)": -2.0942981042545696,
      "Momentum": 1.2882428549384857,
      "Quality": -4.752152386596116,
      "Profitability": 0.395040461364173,
      "Liquidity": 0.9292727420645328,
      "Credit": 0.864139909748566
    },
    {
      "ticker": "GENC",
      "r_squared": 0.3381486996561157,
      "alpha_annual": -0.48662952845731106,
      "idio_vol_annual": 0.3267951612560682,
      "Market": 1.4924825733861327,
      "Size": 1.1069918787413693,
      "Value (SMID)": 1.169969734615061,
      "Momentum": 0.10126967440013834,
      "Quality": -0.6569039729212065,
      "Profitability": 0.27200792498154713,
      "Liquidity": -0.11136004295142965,
      "Credit": 0.4862964926638946
    },
    {
      "ticker": "GRPN",
      "r_squared": 0.141092317363252,
      "alpha_annual": -1.1188478937290824,
      "idio_vol_annual": 0.6238140869824574,
      "Market": 1.792039581547718,
      "Size": 0.1451538010587345,
      "Value (SMID)": -0.8230835308698474,
      "Momentum": -0.05264907009222941,
      "Quality": -1.8660114873242457,
      "Profitability": 1.4481875288535333,
      "Liquidity": 0.11714541912166176,
      "Credit": 1.693714566554074
    },
    {
      "ticker": "GRRR",
      "r_squared": 0.23869263506593463,
      "alpha_annual": -0.5935417670660017,
      "idio_vol_annual": 0.765864883720162,
      "Market": 2.155933193990192,
      "Size": 0.5675379951415108,
      "Value (SMID)": -2.597553450108652,
      "Momentum": -0.020301746549437172,
      "Quality": -1.6928759301364211,
      "Profitability": 2.145227211211412,
      "Liquidity": 0.9328956058439068,
      "Credit": 0.6295428711561861
    },
    {
      "ticker": "JAKK",
      "r_squared": 0.2955020723468337,
      "alpha_annual": -0.2696583509068945,
      "idio_vol_annual": 0.36097318129818573,
      "Market": 1.4228485173383205,
      "Size": 1.0171711401252772,
      "Value (SMID)": 0.7997536600658038,
      "Momentum": -0.4106513512969777,
      "Quality": 1.6270961522334206,
      "Profitability": -0.27309375181714357,
      "Liquidity": 0.4739486774218546,
      "Credit": -0.3720833879157226
    },
    {
      "ticker": "KSPI",
      "r_squared": 0.23495240264896033,
      "alpha_annual": -0.18695192715546394,
      "idio_vol_annual": 0.3130923100629449,
      "Market": 1.212149621839117,
      "Size": 0.4787585108625617,
      "Value (SMID)": -0.3575148446137607,
      "Momentum": -0.764879025775359,
      "Quality": 0.40052269718672,
      "Profitability": -0.038526831611521734,
      "Liquidity": -0.05161040541131007,
      "Credit": 0.3887198875481097
    },
    {
      "ticker": "OPEN",
      "r_squared": 0.11475715233693917,
      "alpha_annual": 1.4814307130932183,
      "idio_vol_annual": 1.3591546651053252,
      "Market": 2.7538188166609907,
      "Size": 1.3527270931903725,
      "Value (SMID)": -1.800975844577395,
      "Momentum": -1.9620834361549142,
      "Quality": 2.2007975161188624,
      "Profitability": 0.6444495347453735,
      "Liquidity": 1.7016664169908244,
      "Credit": -2.9631548906415945
    },
    {
      "ticker": "PRGS",
      "r_squared": 0.19261255688760115,
      "alpha_annual": -0.9675870493160137,
      "idio_vol_annual": 0.4435377904529876,
      "Market": 1.8895739291368887,
      "Size": -0.35271397018475115,
      "Value (SMID)": -0.563881667359492,
      "Momentum": -1.1523062656544423,
      "Quality": -0.7368672008995895,
      "Profitability": 1.465213281470262,
      "Liquidity": 0.1803535323227743,
      "Credit": -0.5190152439796303
    },
    {
      "ticker": "PYPL",
      "r_squared": 0.31396624109672777,
      "alpha_annual": -0.7361201593390839,
      "idio_vol_annual": 0.33472799245344165,
      "Market": 1.848227049301706,
      "Size": -0.3838364809675559,
      "Value (SMID)": -0.9695957785242487,
      "Momentum": -1.0990118352164884,
      "Quality": 1.71169214767832,
      "Profitability": 0.6538587069546768,
      "Liquidity": 0.4466217653393177,
      "Credit": -0.16455366326578164
    },
    {
      "ticker": "VIA",
      "r_squared": 0.1296549875099796,
      "alpha_annual": -1.707027296653508,
      "idio_vol_annual": 0.6880420640473441,
      "Market": 1.3063731828317782,
      "Size": 0.34622010228076583,
      "Value (SMID)": -1.612239203426841,
      "Momentum": -1.4537666277061638,
      "Quality": -1.7954591488568856,
      "Profitability": 0.6215557285756924,
      "Liquidity": 0.5291434162663644,
      "Credit": -1.139095443299704
    },
    {
      "ticker": "VST",
      "r_squared": 0.28033393664754813,
      "alpha_annual": -0.42868589948959135,
      "idio_vol_annual": 0.4123867659692383,
      "Market": 0.6769987264174826,
      "Size": 0.6850234625645147,
      "Value (SMID)": -0.635153535916488,
      "Momentum": 0.9506151514337677,
      "Quality": -1.8986817495243402,
      "Profitability": -0.3269061584906072,
      "Liquidity": -0.6033266826134069,
      "Credit": -0.6295715749716079
    },
    {
      "ticker": "XNET",
      "r_squared": 0.16762378826596147,
      "alpha_annual": -0.6576774227127766,
      "idio_vol_annual": 0.7258378099048542,
      "Market": 2.0045691551732867,
      "Size": 0.19273058817765426,
      "Value (SMID)": -0.7649756613625162,
      "Momentum": -0.7493684810517558,
      "Quality": 0.4833869391229148,
      "Profitability": 0.42814964350690476,
      "Liquidity": 1.3589037961685726,
      "Credit": 2.1252344287764187
    },
    {
      "ticker": "ZS",
      "r_squared": 0.09346141040893152,
      "alpha_annual": -0.9433506588087545,
      "idio_vol_annual": 0.595025233492165,
      "Market": 1.3090304296648743,
      "Size": -0.3947854497066659,
      "Value (SMID)": -1.2416995344329174,
      "Momentum": -1.1993648466436684,
      "Quality": -0.8896542284575042,
      "Profitability": 0.7652003470249348,
      "Liquidity": 0.09341410905292508,
      "Credit": -0.022216256427992933
    }
  ],
  "portfolio_factor_exposure": {
    "loadings": {
      "Market": 1.5431667383022676,
      "Size": 0.33678433161284843,
      "Value (SMID)": -0.7568406805982628,
      "Momentum": -0.5008519723039541,
      "Quality": -0.6005996838458318,
      "Profitability": 0.5569011931663069,
      "Liquidity": 0.3559401292335471,
      "Credit": 0.3336287308615156
    },
    "alpha_annual": -0.6351627642110382,
    "r_squared_weighted": 0.19856133440827062
  },
  "stress_tests": [
    {
      "scenario": "COVID Crash (Feb-Mar 2020)",
      "market_move": -0.339,
      "portfolio_impact": -0.5512892519792039,
      "stressed_nav": 430843.6707270812,
      "pnl": -529337.6323227694,
      "description": "Rapid 33.9% selloff in SPY over 23 trading days as COVID-19 spread."
    },
    {
      "scenario": "2022 Rate Shock (Jan-Oct)",
      "market_move": -0.252,
      "portfolio_impact": -0.4098079395243639,
      "stressed_nav": 566691.3816771725,
      "pnl": -393489.921372678,
      "description": "Grinding 9-month decline as the Fed hiked rates aggressively."
    },
    {
      "scenario": "GFC 2008-09",
      "market_move": -0.565,
      "portfolio_impact": -0.9188154199653396,
      "stressed_nav": 77951.91584523514,
      "pnl": -882229.3872046154,
      "description": "Credit crisis bear market; SPY drew down 56.5% from Oct 2007 peak."
    },
    {
      "scenario": "Dot-Com Bust (2000-02)",
      "market_move": -0.491,
      "portfolio_impact": -0.7984749932796137,
      "stressed_nav": 193500.54354991042,
      "pnl": -766680.7594999401,
      "description": "Tech bubble burst; SPY -49.1% peak-to-trough over 30 months."
    },
    {
      "scenario": "Black Monday (Oct 1987)",
      "market_move": -0.204,
      "portfolio_impact": -0.33174928437686596,
      "stressed_nav": 641641.842891016,
      "pnl": -318539.46015883447,
      "description": "Flash crash; -20.4% on a single trading day."
    },
    {
      "scenario": "Aug 2024 Yen Carry Unwind",
      "market_move": -0.084,
      "portfolio_impact": -0.1366026465081213,
      "stressed_nav": 829017.9959256245,
      "pnl": -131163.307124226,
      "description": "Yen carry unwind shock; SPY -8.4% in one week."
    }
  ],
  "monte_carlo": {
    "horizon_days": 21,
    "n_paths": 10000,
    "current_nav": 960181.3030498505,
    "terminal_return": {
      "p5": -0.15837405102507157,
      "p25": -0.08057685542499418,
      "p50": -0.023972397599742623,
      "p75": 0.03247922390284047,
      "p95": 0.11829875416568375,
      "prob_negative": 0.6112
    },
    "terminal_nav": {
      "p5": 808113.5003673139,
      "p50": 937163.4550853006,
      "p95": 1073769.5549738307
    },
    "max_drawdown": {
      "p5": -0.1771525901656719,
      "p50": -0.08290451118497641,
