{
  "generated_at": "2026-06-23T18:28:16.312616Z",
  "market_session": "OPEN",
  "fund_name": "Convex Capital",
  "tagline": "Lose small. Win big. \u2014 Paper-traded portfolio. Hypothetical performance for educational purposes only.",
  "summary": {
    "nav": 1011438.9711709595,
    "cash": 4722.310000000056,
    "equity": 1006716.6611709595,
    "deposits": 1000000.0,
    "total_return": 0.011438971170959489,
    "realized_pnl": 0.0,
    "open_positions": 16
  },
  "metrics": {
    "annualized_return": -0.16238778149838018,
    "annualized_vol": 0.28084575715989707,
    "sharpe": -0.738262106754652,
    "sortino": -0.9630198409492957,
    "calmar": -0.44506126246232713,
    "max_drawdown": -0.36486613236110554,
    "var_95_1d": -0.03191624996439593,
    "risk_free_rate": 0.04494999885559082,
    "method": "Synthetic: current weights \u00d7 each holding's 252-day return history. Sortino uses Frank Sortino downside deviation (RMS of shortfalls vs MAR=RF).",
    "beta_benchmark": 0.9803020989827979,
    "benchmark_annualized_return": 0.35381444090743996,
    "treynor": -0.21150396451166767,
    "jensens_alpha": -0.5101182411985494,
    "information_ratio": -1.8816248342230095,
    "tracking_error": 0.20283119013929277,
    "annualized_active_return": -0.3816522045211025,
    "up_capture": 0.6375628597156298,
    "down_capture": 1.0824991070796925,
    "data_basis": "synthetic_252d",
    "days_of_live_nav": 16,
    "benchmark_ticker": "IWM",
    "benchmark_name": "Russell 2000",
    "beta_spy": 0.9803020989827979,
    "beta_spy_stress": 1.5290462873403001
  },
  "nav_curve": [
    {
      "date": "2026-06-01",
      "value": 999882.8292976379
    },
    {
      "date": "2026-06-02",
      "value": 1005079.4966617966
    },
    {
      "date": "2026-06-03",
      "value": 995768.7768651581
    },
    {
      "date": "2026-06-04",
      "value": 1004929.1794892884
    },
    {
      "date": "2026-06-05",
      "value": 974274.0015833282
    },
    {
      "date": "2026-06-08",
      "value": 974266.9881036186
    },
    {
      "date": "2026-06-09",
      "value": 979640.5088702394
    },
    {
      "date": "2026-06-10",
      "value": 966884.7384401513
    },
    {
      "date": "2026-06-11",
      "value": 990753.0886875344
    },
    {
      "date": "2026-06-12",
      "value": 996222.4282127572
    },
    {
      "date": "2026-06-15",
      "value": 1017018.2685251809
    },
    {
      "date": "2026-06-16",
      "value": 1019223.7061524964
    },
    {
      "date": "2026-06-17",
      "value": 1004256.765778122
    },
    {
      "date": "2026-06-18",
      "value": 1005956.2144795037
    },
    {
      "date": "2026-06-22",
      "value": 1013145.2704611397
    },
    {
      "date": "2026-06-23",
      "value": 1011439.9315057374
    }
  ],
  "drawdown_curve": [
    {
      "date": "2026-06-01",
      "value": 0.0
    },
    {
      "date": "2026-06-02",
      "value": 0.0
    },
    {
      "date": "2026-06-03",
      "value": -0.009263665040986776
    },
    {
      "date": "2026-06-04",
      "value": -0.00014955749570802555
    },
    {
      "date": "2026-06-05",
      "value": -0.030649809473562682
    },
    {
      "date": "2026-06-08",
      "value": -0.03065678750836781
    },
    {
      "date": "2026-06-09",
      "value": -0.025310423579476604
    },
    {
      "date": "2026-06-10",
      "value": -0.038001728568240384
    },
    {
      "date": "2026-06-11",
      "value": -0.01425400480444075
    },
    {
      "date": "2026-06-12",
      "value": -0.008812306368259061
    },
    {
      "date": "2026-06-15",
      "value": 0.0
    },
    {
      "date": "2026-06-16",
      "value": 0.0
    },
    {
      "date": "2026-06-17",
      "value": -0.014684647034823809
    },
    {
      "date": "2026-06-18",
      "value": -0.01301725184854327
    },
    {
      "date": "2026-06-22",
      "value": -0.005963789553426265
    },
    {
      "date": "2026-06-23",
      "value": -0.007636963896907657
    }
  ],
  "benchmarks": {
    "SPY": [
      {
        "date": "2026-06-01",
        "value": 0.0
      },
      {
        "date": "2026-06-02",
        "value": 0.0013579397972762752
      },
      {
        "date": "2026-06-03",
        "value": -0.005668771434361286
      },
      {
        "date": "2026-06-04",
        "value": -0.0019115061781299625
      },
      {
        "date": "2026-06-05",
        "value": -0.027671542654459702
      },
      {
        "date": "2026-06-08",
        "value": -0.025470023194608782
      },
      {
        "date": "2026-06-09",
        "value": -0.02833070775180091
      },
      {
        "date": "2026-06-10",
        "value": -0.04364962071587053
      },
      {
        "date": "2026-06-11",
        "value": -0.027394678792744487
      },
      {
        "date": "2026-06-12",
        "value": -0.022134588105308994
      },
      {
        "date": "2026-06-15",
        "value": -0.0048909388718152425
      },
      {
        "date": "2026-06-16",
        "value": -0.010823344076597685
      },
      {
        "date": "2026-06-17",
        "value": -0.023176054438276084
      },
      {
        "date": "2026-06-18",
        "value": -0.013020023259145863
      },
      {
        "date": "2026-06-22",
        "value": -0.016126029204297176
      },
      {
        "date": "2026-06-23",
        "value": -0.028061184977328124
      }
    ],
    "IWM": [
      {
        "date": "2026-06-01",
        "value": 0.0
      },
      {
        "date": "2026-06-02",
        "value": 0.009273902616242058
      },
      {
        "date": "2026-06-03",
        "value": -0.004533265755123028
      },
      {
        "date": "2026-06-04",
        "value": 0.010485102307313143
      },
      {
        "date": "2026-06-05",
        "value": -0.025365222965751943
      },
      {
        "date": "2026-06-08",
        "value": -0.016852527916236926
      },
      {
        "date": "2026-06-09",
        "value": -0.013703535746163342
      },
      {
        "date": "2026-06-10",
        "value": -0.023981055236295123
      },
      {
        "date": "2026-06-11",
        "value": 0.00494832553389335
      },
      {
        "date": "2026-06-12",
        "value": 0.01373793881377372
      },
      {
        "date": "2026-06-15",
        "value": 0.022010765090349826
      },
      {
        "date": "2026-06-16",
        "value": 0.013130856989941098
      },
      {
        "date": "2026-06-17",
        "value": 0.005499833171586088
      },
      {
        "date": "2026-06-18",
        "value": 0.025305943833869415
      },
      {
        "date": "2026-06-22",
        "value": 0.03428980212625787
      },
      {
        "date": "2026-06-23",
        "value": 0.025826224071731074
      }
    ]
  },
  "holdings": [
    {
      "ticker": "GRPN",
      "company": "Groupon, Inc.",
      "sector": "Communication Services",
      "country": "United States",
      "shares": 11310.0,
      "price": 16.920000076293945,
      "cost_basis": 17.3017824933687,
      "market_value": 191365.20086288452,
      "unrealized_pnl": -4317.959137115495,
      "short_percent_of_float": 0.56310004,
      "short_ratio": 5.75
    },
    {
      "ticker": "TENB",
      "company": "Tenable Holdings, Inc.",
      "sector": "Technology",
      "country": "United States",
      "shares": 4766.0,
      "price": 27.860000610351562,
      "cost_basis": 26.224616030214015,
      "market_value": 132780.76290893555,
      "unrealized_pnl": 7794.242908935549,
      "short_percent_of_float": 0.129,
      "short_ratio": 3.05
    },
    {
      "ticker": "KSPI",
      "company": "Joint Stock Company Kaspi.kz",
      "sector": "Technology",
      "country": "Kazakhstan",
      "shares": 1515.0,
      "price": 83.91000366210938,
      "cost_basis": 82.53049504950495,
      "market_value": 127123.6555480957,
      "unrealized_pnl": 2089.955548095704,
      "short_percent_of_float": 0.0159,
      "short_ratio": 3.24
    },
    {
      "ticker": "CMI",
      "company": "Cummins Inc.",
      "sector": "Industrials",
      "country": "United States",
      "shares": 153.0,
      "price": 701.7899780273438,
      "cost_basis": 651.1282352941176,
      "market_value": 107373.8666381836,
      "unrealized_pnl": 7751.246638183594,
      "short_percent_of_float": 0.0171,
      "short_ratio": 2.07
    },
    {
      "ticker": "JAKK",
      "company": "JAKKS Pacific, Inc.",
      "sector": "Consumer Cyclical",
      "country": "United States",
      "shares": 3436.0,
      "price": 22.260000228881836,
      "cost_basis": 21.83,
      "market_value": 76485.36078643799,
      "unrealized_pnl": 1477.480786437994,
      "short_percent_of_float": 0.039100002,
      "short_ratio": 7.32
    },
    {
      "ticker": "XNET",
      "company": "Xunlei Limited",
      "sector": "Technology",
      "country": "China",
      "shares": 10526.0,
      "price": 4.960000038146973,
      "cost_basis": 4.75,
      "market_value": 52208.960401535034,
      "unrealized_pnl": 2210.460401535034,
      "short_percent_of_float": 0.0377,
      "short_ratio": 6.03
    },
    {
      "ticker": "CRWV",
      "company": "CoreWeave, Inc.",
      "sector": "Technology",
      "country": "United States",
      "shares": 468.0,
      "price": 106.47440338134766,
      "cost_basis": 106.78134615384614,
      "market_value": 49830.0207824707,
      "unrealized_pnl": -143.64921752929223,
      "short_percent_of_float": 0.18190001,
      "short_ratio": 1.91
    },
    {
      "ticker": "VIA",
      "company": "Via Transportation, Inc.",
      "sector": "Technology",
      "country": "United States",
      "shares": 3280.0,
      "price": 14.949999809265137,
      "cost_basis": 15.241405487804878,
      "market_value": 49035.99937438965,
      "unrealized_pnl": -955.8106256103504,
      "short_percent_of_float": 0.13520001,
      "short_ratio": 6.88
    },
    {
      "ticker": "ZS",
      "company": "Zscaler, Inc.",
      "sector": "Technology",
      "country": "United States",
      "shares": 365.0,
      "price": 127.43499755859375,
      "cost_basis": 136.79813698630136,
      "market_value": 46513.77410888672,
      "unrealized_pnl": -3417.545891113277,
      "short_percent_of_float": 0.114700004,
      "short_ratio": 2.09
    },
    {
      "ticker": "VST",
      "company": "Vistra Corp.",
      "sector": "Utilities",
      "country": "United States",
      "shares": 162.0,
      "price": 163.1501007080078,
      "cost_basis": 154.76,
      "market_value": 26430.316314697266,
      "unrealized_pnl": 1359.196314697267,
      "short_percent_of_float": 0.0539,
      "short_ratio": 2.73
    },
    {
      "ticker": "GENC",
      "company": "Gencor Industries, Inc.",
      "sector": "Industrials",
      "country": "United States",
      "shares": 1746.0,
      "price": 14.9350004196167,
      "cost_basis": 14.32,
      "market_value": 26076.510732650757,
      "unrealized_pnl": 1073.7907326507564,
      "short_percent_of_float": 0.0064,
      "short_ratio": 2.39
    },
    {
      "ticker": "CEG",
      "company": "Constellation Energy Corporation",
      "sector": "Utilities",
      "country": "United States",
      "shares": 94.0,
      "price": 273.2699890136719,
      "cost_basis": 265.7,
      "market_value": 25687.378967285156,
      "unrealized_pnl": 711.5789672851573,
      "short_percent_of_float": 0.036,
      "short_ratio": 3.46
    },
    {
      "ticker": "ESI",
      "company": "Element Solutions Inc",
      "sector": "Basic Materials",
      "country": "United States",
      "shares": 557.0,
      "price": 45.61000061035156,
      "cost_basis": 44.92,
      "market_value": 25404.77033996582,
      "unrealized_pnl": 384.33033996581935,
      "short_percent_of_float": 0.0838,
      "short_ratio": 4.45
    },
    {
      "ticker": "ZTS",
      "company": "Zoetis Inc.",
      "sector": "Healthcare",
      "country": "United States",
      "shares": 312.0,
      "price": 76.5,
      "cost_basis": 80.09,
      "market_value": 23868.0,
      "unrealized_pnl": -1120.080000000001,
      "short_percent_of_float": 0.0363,
      "short_ratio": 1.45
    },
    {
      "ticker": "OPEN",
      "company": "Opendoor Technologies Inc.",
      "sector": "Real Estate",
      "country": "United States",
      "shares": 5479.0,
      "price": 4.284999847412109,
      "cost_basis": 4.562927541522176,
      "market_value": 23477.514163970947,
      "unrealized_pnl": -1522.7658360290536,
      "short_percent_of_float": 0.16149999,
      "short_ratio": 3.77
    },
    {
      "ticker": "PYPL",
      "company": "PayPal Holdings, Inc.",
      "sector": "Financial Services",
      "country": "United States",
      "shares": 553.0,
      "price": 41.689998626708984,
      "cost_basis": 45.19,
      "market_value": 23054.56924057007,
      "unrealized_pnl": -1935.5007594299304,
      "short_percent_of_float": 0.0626,
      "short_ratio": 3.16
    }
  ],
  "sector_exposure": [
    {
      "name": "Technology",
      "value": 457493.17312431335,
      "pct": 0.45231910788909585
    },
    {
      "name": "Communication Services",
      "value": 191365.20086288452,
      "pct": 0.18920093680129596
    },
    {
      "name": "Industrials",
      "value": 133450.37737083435,
      "pct": 0.13194110685327523
    },
    {
      "name": "Consumer Cyclical",
      "value": 76485.36078643799,
      "pct": 0.0756203418757828
    },
    {
      "name": "Utilities",
      "value": 52117.69528198242,
      "pct": 0.05152826494478941
    },
    {
      "name": "Basic Materials",
      "value": 25404.77033996582,
      "pct": 0.025117452524648424
    },
    {
      "name": "Healthcare",
      "value": 23868.0,
      "pct": 0.023598062444012437
    },
    {
      "name": "Real Estate",
      "value": 23477.514163970947,
      "pct": 0.023211992846973895
    },
    {
      "name": "Financial Services",
      "value": 23054.56924057007,
      "pct": 0.022793831261889597
    },
    {
      "name": "Cash",
      "value": 4722.310000000056,
      "pct": 0.004668902558236371
    }
  ],
  "geographic_exposure": [
    {
      "name": "United States",
      "value": 827384.0452213287,
      "pct": 0.818026661819697
    },
    {
      "name": "Kazakhstan",
      "value": 127123.6555480957,
      "pct": 0.1256859377298094
    },
    {
      "name": "China",
      "value": 52208.960401535034,
      "pct": 0.05161849789225727
    },
    {
      "name": "Cash",
      "value": 4722.310000000056,
      "pct": 0.004668902558236371
    }
  ],
  "signals": [
    {
      "ticker": "CEG",
      "label": "BUY",
      "composite": 1.0,
      "rsi": 51.1,
      "subs": {
        "rsi": 0.5,
        "macd": 0.5,
        "trend": -0.5,
        "bb": 0.5,
        "vol": 0.0,
        "range": 0.0
      }
    },
    {
      "ticker": "CMI",
      "label": "STRONG BUY",
      "composite": 3.0,
      "rsi": 56.4,
      "subs": {
        "rsi": 0.5,
        "macd": 0.5,
        "trend": 0.5,
        "bb": 0.5,
        "vol": 0.5,
        "range": 0.5
      }
    },
    {
      "ticker": "CRWV",
      "label": "BUY",
      "composite": 1.0,
      "rsi": 48.5,
      "subs": {
        "rsi": 0.5,
        "macd": 0.5,
        "trend": 0.0,
        "bb": -0.5,
        "vol": 0.5,
        "range": 0.0
      }
    },
    {
      "ticker": "ESI",
      "label": "STRONG BUY",
      "composite": 2.5,
      "rsi": 57.4,
      "subs": {
        "rsi": 0.5,
        "macd": 0.5,
        "trend": 0.5,
        "bb": 0.5,
        "vol": 0.5,
        "range": 0.0
      }
    },
    {
      "ticker": "GENC",
      "label": "STRONG BUY",
      "composite": 2.0,
      "rsi": 53.2,
      "subs": {
        "rsi": 0.5,
        "macd": 0.5,
        "trend": 0.5,
        "bb": 0.5,
        "vol": 0.0,
        "range": 0.0
      }
    },
    {
      "ticker": "GRPN",
      "label": "SELL",
      "composite": -1.5,
      "rsi": 48.9,
      "subs": {
        "rsi": 0.5,
        "macd": -0.5,
        "trend": 0.0,
        "bb": -0.5,
        "vol": -0.5,
        "range": -0.5
      }
    },
    {
      "ticker": "JAKK",
      "label": "STRONG BUY",
      "composite": 2.0,
      "rsi": 54.2,
      "subs": {
        "rsi": 0.5,
        "macd": 0.5,
        "trend": 0.5,
        "bb": 0.5,
        "vol": 0.0,
        "range": 0.0
      }
    },
    {
      "ticker": "KSPI",
      "label": "LEAN BULL",
      "composite": 0.5,
      "rsi": 48.8,
      "subs": {
        "rsi": 0.5,
        "macd": 0.5,
        "trend": 0.0,
        "bb": -0.5,
        "vol": 0.0,
        "range": 0.0
      }
    },
    {
      "ticker": "OPEN",
      "label": "STRONG SELL",
      "composite": -2.0,
      "rsi": 41.1,
      "subs": {
        "rsi": 0.0,
        "macd": -0.5,
        "trend": -0.5,
        "bb": -0.5,
        "vol": 0.0,
        "range": -0.5
      }
    },
    {
      "ticker": "PYPL",
      "label": "SELL",
      "composite": -1.0,
      "rsi": 40.8,
      "subs": {
        "rsi": 0.0,
        "macd": 0.5,
        "trend": -0.5,
        "bb": -0.5,
        "vol": 0.0,
        "range": -0.5
      }
    },
    {
      "ticker": "TENB",
      "label": "LEAN BULL",
      "composite": 0.5,
      "rsi": 59.8,
      "subs": {
        "rsi": 0.5,
        "macd": -0.5,
        "trend": 0.0,
        "bb": 0.5,
        "vol": 0.0,
        "range": 0.0
      }
    },
    {
      "ticker": "VIA",
      "label": "NEUTRAL",
      "composite": 0.0,
      "rsi": 49.0,
      "subs": {
        "rsi": 0.5,
        "macd": 0.5,
        "trend": -0.5,
        "bb": -0.5,
        "vol": 0.5,
        "range": -0.5
      }
    },
    {
      "ticker": "VST",
      "label": "STRONG BUY",
      "composite": 2.0,
      "rsi": 58.7,
      "subs": {
        "rsi": 0.5,
        "macd": 0.5,
        "trend": 0.0,
        "bb": 0.5,
        "vol": 0.0,
        "range": 0.5
      }
    },
    {
      "ticker": "XNET",
      "label": "LEAN BEAR",
      "composite": -0.5,
      "rsi": 41.2,
      "subs": {
        "rsi": 0.0,
        "macd": 0.5,
        "trend": -0.5,
        "bb": -0.5,
        "vol": 0.5,
        "range": -0.5
      }
    },
    {
      "ticker": "ZS",
      "label": "STRONG SELL",
      "composite": -2.0,
      "rsi": 43.1,
      "subs": {
        "rsi": 0.0,
        "macd": -0.5,
        "trend": -0.5,
        "bb": -0.5,
        "vol": 0.0,
        "range": -0.5
      }
    },
    {
      "ticker": "ZTS",
      "label": "SELL",
      "composite": -1.0,
      "rsi": 35.2,
      "subs": {
        "rsi": 0.0,
        "macd": 0.5,
        "trend": -0.5,
        "bb": -0.5,
        "vol": 0.0,
        "range": -0.5
      }
    }
  ],
  "volatility": [
    {
      "ticker": "CEG",
      "hv20": 0.46720318169446207,
      "garch": 0.5319198763127695,
      "expansion": 0.13851937904958522,
      "regime": "NORMAL",
      "signal": "BASE"
    },
    {
      "ticker": "CMI",
      "hv20": 0.46543063188091793,
      "garch": 0.3490909448482291,
      "expansion": -0.24996138858014558,
      "regime": "HIGH",
      "signal": "WEAK"
    },
    {
      "ticker": "CRWV",
      "hv20": 0.8564604663101407,
      "garch": 0.9598063163728126,
      "expansion": 0.12066622351865605,
      "regime": "NORMAL",
      "signal": "BASE"
    },
    {
      "ticker": "ESI",
      "hv20": 0.614298757016721,
      "garch": 0.6183744567266348,
      "expansion": 0.006634719122185851,
      "regime": "EXTREME",
      "signal": "WEAK"
    },
    {
      "ticker": "GENC",
      "hv20": 0.3503730229980864,
      "garch": 0.35579279709056194,
      "expansion": 0.01546858272962732,
      "regime": "NORMAL",
      "signal": "WEAK"
    },
    {
      "ticker": "GRPN",
      "hv20": 0.8101447655158547,
      "garch": 0.7833130106363971,
      "expansion": -0.03311970405977084,
      "regime": "HIGH",
      "signal": "WEAK"
    },
    {
      "ticker": "JAKK",
      "hv20": 0.21960721602050387,
      "garch": 0.4593501076998379,
      "expansion": 1.0916894992054824,
      "regime": "LOW",
      "signal": "SIGNAL"
    },
    {
      "ticker": "KSPI",
      "hv20": 0.3535663236203012,
      "garch": 0.350262835307608,
      "expansion": -0.009343334169576847,
      "regime": "HIGH",
      "signal": "WEAK"
    },
    {
      "ticker": "OPEN",
      "hv20": 0.7736043761703113,
      "garch": 0.7476111518530798,
      "expansion": -0.033600151599335076,
      "regime": "NORMAL",
      "signal": "WEAK"
    },
    {
      "ticker": "PYPL",
      "hv20": 0.3104389128866206,
      "garch": 0.4128098536158596,
      "expansion": 0.32976194826009836,
      "regime": "NORMAL",
      "signal": "SIGNAL"
    },
    {
      "ticker": "TENB",
      "hv20": 0.6158448984690265,
      "garch": 0.4838754308135145,
      "expansion": -0.21429010451102942,
      "regime": "HIGH",
      "signal": "WEAK"
    },
    {
      "ticker": "VIA",
      "hv20": 0.6861703163835644,
      "garch": null,
      "expansion": null,
      "regime": "NORMAL",
      "signal": "WEAK"
    },
    {
      "ticker": "VST",
      "hv20": 0.4804064962018475,
      "garch": 0.5634186391611323,
      "expansion": 0.1727956295670208,
      "regime": "NORMAL",
      "signal": "BASE"
    },
    {
      "ticker": "XNET",
      "hv20": 0.7790074805688921,
      "garch": 0.7162807610590507,
      "expansion": -0.08052133140497378,
      "regime": "HIGH",
      "signal": "WEAK"
    },
    {
      "ticker": "ZS",
      "hv20": 1.5041340054629522,
      "garch": 0.4590084572015919,
      "expansion": -0.6948353966239097,
      "regime": "EXTREME",
      "signal": "WEAK"
    },
    {
      "ticker": "ZTS",
      "hv20": 0.2924028501550066,
      "garch": 0.3226556026848923,
      "expansion": 0.10346257744699924,
      "regime": "HIGH",
      "signal": "BASE"
    }
  ],
  "correlation": {
    "tickers": [
      "CEG",
      "CMI",
      "CRWV",
      "ESI",
      "GENC",
      "GRPN",
      "JAKK",
      "KSPI",
      "OPEN",
      "PYPL",
      "TENB",
      "VIA",
      "VST",
      "XNET",
      "ZS",
      "ZTS"
    ],
    "matrix": [
      [
        1.0,
        0.328,
        0.231,
        0.297,
        0.151,
        0.09,
        0.088,
        0.059,
        0.189,
        0.141,
        0.059,
        0.007,
        0.797,
        0.25,
        0.044,
        0.121
      ],
      [
        0.328,
        1.0,
        0.373,
        0.619,
        0.345,
        0.194,
        0.132,
        0.247,
        0.182,
        0.084,
        -0.066,
        0.001,
        0.356,
        0.301,
        -0.057,
        0.182
      ],
      [
        0.231,
        0.373,
        1.0,
        0.343,
        0.118,
        0.159,
        0.055,
        0.13,
        0.247,
        0.15,
        0.11,
        0.214,
        0.318,
        0.367,
        0.178,
        0.085
      ],
      [
        0.297,
        0.619,
        0.343,
        1.0,
        0.27,
        0.303,
        0.236,
        0.303,
        0.258,
        0.288,
        0.082,
        0.05,
        0.366,
        0.34,
        0.036,
        0.169
      ],
      [
        0.151,
        0.345,
        0.118,
        0.27,
        1.0,
        0.157,
        0.319,
        0.141,
        0.129,
        0.098,
        0.161,
        0.069,
        0.171,
        0.162,
        0.053,
        0.159
      ],
      [
        0.09,
        0.194,
        0.159,
        0.303,
        0.157,
        1.0,
        0.149,
        0.343,
        0.301,
        0.268,
        0.246,
        0.167,
        0.13,
        0.236,
        0.15,
        0.159
      ],
      [
        0.088,
        0.132,
        0.055,
        0.236,
        0.319,
        0.149,
        1.0,
        0.096,
        0.14,
        0.212,
        -0.03,
        0.145,
        0.058,
        0.197,
        -0.046,
        0.144
      ],
      [
        0.059,
        0.247,
        0.13,
        0.303,
        0.141,
        0.343,
        0.096,
        1.0,
        0.242,
        0.257,
        0.255,
        0.133,
        0.109,
        0.206,
        0.151,
        0.18
      ],
      [
        0.189,
        0.182,
        0.247,
        0.258,
        0.129,
        0.301,
        0.14,
        0.242,
        1.0,
        0.247,
        0.121,
        0.153,
        0.253,
        0.348,
        0.065,
        0.172
      ],
      [
        0.141,
        0.084,
        0.15,
        0.288,
        0.098,
        0.268,
        0.212,
        0.257,
        0.247,
        1.0,
        0.346,
        0.144,
        0.087,
        0.343,
        0.204,
        0.174
      ],
      [
        0.059,
        -0.066,
        0.11,
        0.082,
        0.161,
        0.246,
        -0.03,
        0.255,
        0.121,
        0.346,
        1.0,
        0.335,
        0.065,
        0.146,
        0.56,
        0.101
      ],
      [
        0.007,
        0.001,
        0.214,
        0.05,
        0.069,
        0.167,
        0.145,
        0.133,
        0.153,
        0.144,
        0.335,
        1.0,
        0.056,
        0.164,
        0.368,
        0.021
      ],
      [
        0.797,
        0.356,
        0.318,
        0.366,
        0.171,
        0.13,
        0.058,
        0.109,
        0.253,
        0.087,
        0.065,
        0.056,
        1.0,
        0.276,
        0.07,
        0.087
      ],
      [
        0.25,
        0.301,
        0.367,
        0.34,
        0.162,
        0.236,
        0.197,
        0.206,
        0.348,
        0.343,
        0.146,
        0.164,
        0.276,
        1.0,
        0.218,
        0.047
      ],
      [
        0.044,
        -0.057,
        0.178,
        0.036,
        0.053,
        0.15,
        -0.046,
        0.151,
        0.065,
        0.204,
        0.56,
        0.368,
        0.07,
        0.218,
        1.0,
        -0.033
      ],
      [
        0.121,
        0.182,
        0.085,
        0.169,
        0.159,
        0.159,
        0.144,
        0.18,
        0.172,
        0.174,
        0.101,
        0.021,
        0.087,
        0.047,
        -0.033,
        1.0
      ]
    ]
  },
  "residual_correlation": {
    "tickers": [
      "CEG",
      "CMI",
      "CRWV",
      "ESI",
      "GENC",
      "GRPN",
      "JAKK",
      "KSPI",
      "OPEN",
      "PYPL",
      "TENB",
      "VIA",
      "VST",
      "XNET",
      "ZS",
      "ZTS"
    ],
    "matrix": [
      [
        1.0,
        0.056,
        0.001,
        -0.038,
        0.028,
        -0.058,
        -0.019,
        -0.133,
        0.036,
        0.038,
        -0.015,
        -0.103,
        0.732,
        0.095,
        0.012,
        0.074
      ],
      [
        0.056,
        1.0,
        0.125,
        0.244,
        0.077,
        -0.059,
        -0.148,
        -0.006,
        -0.066,
        -0.097,
        -0.255,
        -0.143,
        0.037,
        0.003,
        -0.142,
        0.064
      ],
      [
        0.001,
        0.125,
        1.0,
        0.038,
        0.014,
        -0.05,
        -0.04,
        -0.108,
        0.044,
        -0.035,
        -0.017,
        0.083,
        0.079,
        0.14,
        0.109,
        0.038
      ],
      [
        -0.038,
        0.244,
        0.038,
        1.0,
        -0.072,
        0.054,
        0.003,
        0.018,
        -0.012,
        0.141,
        -0.11,
        -0.122,
        0.001,
        0.029,
        -0.053,
        -0.017
      ],
      [
        0.028,
        0.077,
        0.014,
        -0.072,
        1.0,
        -0.029,
        0.067,
        -0.079,
        -0.075,
        0.003,
        0.092,
        -0.003,
        0.026,
        -0.054,
        0.006,
        -0.035
      ],
      [
        -0.058,
        -0.059,
        -0.05,
        0.054,
        -0.029,
        1.0,
        0.006,
        0.181,
        0.11,
        0.095,
        0.11,
        0.05,
        -0.034,
        0.012,
        0.049,
        0.026
      ],
      [
        -0.019,
        -0.148,
        -0.04,
        0.003,
        0.067,
        0.006,
        1.0,
        -0.1,
        -0.032,
        0.101,
        -0.128,
        0.09,
        -0.058,
        0.02,
        -0.113,
        -0.039
      ],
      [
        -0.133,
        -0.006,
        -0.108,
        0.018,
        -0.079,
        0.181,
        -0.1,
        1.0,
        0.06,
        0.081,
        0.151,
        0.012,
        -0.1,
        -0.024,
        0.06,
        0.045
      ],
      [
        0.036,
        -0.066,
        0.044,
        -0.012,
        -0.075,
        0.11,
        -0.032,
        0.06,
        1.0,
        0.067,
        -0.019,
        0.03,
        0.106,
        0.159,
        -0.047,
        0.027
      ],
      [
        0.038,
        -0.097,
        -0.035,
        0.141,
        0.003,
        0.095,
        0.101,
        0.081,
        0.067,
        1.0,
        0.231,
        0.008,
        -0.035,
        0.185,
        0.072,
        0.023
      ],
      [
        -0.015,
        -0.255,
        -0.017,
        -0.11,
        0.092,
        0.11,
        -0.128,
        0.151,
        -0.019,
        0.231,
        1.0,
        0.269,
        -0.023,
        0.001,
        0.516,
        -0.009
      ],
      [
        -0.103,
        -0.143,
        0.083,
        -0.122,
        -0.003,
        0.05,
        0.09,
        0.012,
        0.03,
        0.008,
        0.269,
        1.0,
        -0.058,
        0.029,
        0.313,
        -0.059
      ],
      [
        0.732,
        0.037,
        0.079,
        0.001,
        0.026,
        -0.034,
        -0.058,
        -0.1,
        0.106,
        -0.035,
        -0.023,
        -0.058,
        1.0,
        0.106,
        0.041,
        0.03
      ],
      [
        0.095,
        0.003,
        0.14,
        0.029,
        -0.054,
        0.012,
        0.02,
        -0.024,
        0.159,
        0.185,
        0.001,
        0.029,
        0.106,
        1.0,
        0.134,
        -0.108
      ],
      [
        0.012,
        -0.142,
        0.109,
        -0.053,
        0.006,
        0.049,
        -0.113,
        0.06,
        -0.047,
        0.072,
        0.516,
        0.313,
        0.041,
        0.134,
        1.0,
        -0.118
      ],
      [
        0.074,
        0.064,
        0.038,
        -0.017,
        -0.035,
        0.026,
        -0.039,
        0.045,
        0.027,
        0.023,
        -0.009,
        -0.059,
        0.03,
        -0.108,
        -0.118,
        1.0
      ]
    ]
  },
  "factor_correlation": {
    "factors": [
      "Market",
      "Size",
      "Value (SMID)",
      "Momentum",
      "Quality",
      "Profitability",
      "Liquidity",
      "Credit"
    ],
    "matrix": [
      [
        1.0,
        0.324,
        -0.496,
        0.406,
        -0.248,
        -0.541,
        0.301,
        0.18
      ],
      [
        0.324,
        1.0,
        -0.154,
        0.247,
        0.156,
        0.148,
        0.329,
        0.037
      ],
      [
        -0.496,
        -0.154,
        1.0,
        -0.556,
        0.306,
        0.596,
        -0.371,
        -0.139
      ],
      [
        0.406,
        0.247,
        -0.556,
        1.0,
        -0.215,
        -0.546,
        0.275,
        0.045
      ],
      [
        -0.248,
        0.156,
        0.306,
        -0.215,
        1.0,
        0.434,
        -0.236,
        -0.127
      ],
      [
        -0.541,
        0.148,
        0.596,
        -0.546,
        0.434,
        1.0,
        -0.266,
        -0.1
      ],
      [
        0.301,
        0.329,
        -0.371,
        0.275,
        -0.236,
        -0.266,
        1.0,
        0.155
      ],
      [
        0.18,
        0.037,
        -0.139,
        0.045,
        -0.127,
        -0.1,
        0.155,
        1.0
      ]
    ]
  },
  "factor_exposures": [
    {
      "ticker": "CEG",
      "r_squared": 0.24562206658036623,
      "alpha_annual": -0.3943196730765678,
      "idio_vol_annual": 0.4062418004143213,
      "Market": 0.7081365164654163,
      "Size": 0.4036854311055809,
      "Value (SMID)": -0.4451230795028865,
      "Momentum": 0.5253592433893717,
      "Quality": -0.8544884633483303,
      "Profitability": -0.6198211813476953,
      "Liquidity": -0.4195482253851818,
      "Credit": -0.9689606699795403
    },
    {
      "ticker": "CMI",
      "r_squared": 0.4742935133762962,
      "alpha_annual": 0.3643915098544752,
      "idio_vol_annual": 0.24629240129153507,
      "Market": 1.1439479848199883,
      "Size": 0.8091182444837021,
      "Value (SMID)": 0.35725575196652454,
      "Momentum": 0.6887454548286611,
      "Quality": -0.03971707773082569,
      "Profitability": -0.15437865597588463,
      "Liquidity": -0.317329314720392,
      "Credit": 0.785848501554004
    },
    {
      "ticker": "CRWV",
      "r_squared": 0.2713772811152235,
      "alpha_annual": -1.0466542704955712,
      "idio_vol_annual": 0.8035428866895624,
      "Market": 1.0387161812124073,
      "Size": 0.6208986266120196,
      "Value (SMID)": -2.0387990409539256,
      "Momentum": 0.6184185884645769,
      "Quality": -4.09654698407594,
      "Profitability": -0.041217860083936686,
      "Liquidity": 0.4168842038464774,
      "Credit": 1.8746449671775376
    },
    {
      "ticker": "ESI",
      "r_squared": 0.5148799080467698,
      "alpha_annual": 0.26884401754790566,
      "idio_vol_annual": 0.28893639979804764,
      "Market": 1.644236863001925,
      "Size": 0.9972928479813029,
      "Value (SMID)": -0.17180384274474414,
      "Momentum": 0.6911863582337943,
      "Quality": 0.2531201378189878,
      "Profitability": 0.22484976573090765,
      "Liquidity": -0.7486150092753192,
      "Credit": 0.24057671112614742
    },
    {
      "ticker": "GENC",
      "r_squared": 0.3299124544014058,
      "alpha_annual": -0.4088314393591275,
      "idio_vol_annual": 0.32305051561158854,
      "Market": 1.2899460658443378,
      "Size": 1.241043007759024,
      "Value (SMID)": 1.1576840791408343,
      "Momentum": -0.025300435671290367,
      "Quality": -0.7649603862125388,
      "Profitability": 0.09119310673627051,
      "Liquidity": -0.19138511115864476,
      "Credit": 0.6503114278181538
    },
    {
      "ticker": "GRPN",
      "r_squared": 0.1668125192475467,
      "alpha_annual": -1.1466740700261335,
      "idio_vol_annual": 0.6250569292161428,
      "Market": 1.8917680684927851,
      "Size": 0.3187402601363393,
      "Value (SMID)": -0.9244773667409469,
      "Momentum": -0.13796699621956132,
      "Quality": -1.5041151552922596,
      "Profitability": 1.4502313481503433,
      "Liquidity": 0.2256357011835412,
      "Credit": 1.4754663228582596
    },
    {
      "ticker": "JAKK",
      "r_squared": 0.2698233723589839,
      "alpha_annual": -0.27371771618522633,
      "idio_vol_annual": 0.3511866137719819,
      "Market": 1.2333432645094122,
      "Size": 1.0402679549136584,
      "Value (SMID)": 0.8342541787279747,
      "Momentum": -0.3504530749082734,
      "Quality": 1.3398886194643598,
      "Profitability": -0.34493394375030284,
      "Liquidity": 0.32926041151592056,
      "Credit": -0.4294682467499041
    },
    {
      "ticker": "KSPI",
      "r_squared": 0.21473425739012197,
      "alpha_annual": -0.18088672872101447,
      "idio_vol_annual": 0.32238733962714056,
      "Market": 1.1667327917341253,
      "Size": 0.44736032923144253,
      "Value (SMID)": -0.3465702070809185,
      "Momentum": -0.4899455690946478,
      "Quality": 0.045287343650117745,
      "Profitability": 0.09035380059542858,
      "Liquidity": -0.03671554485714551,
      "Credit": 0.5912785298780431
    },
    {
      "ticker": "OPEN",
      "r_squared": 0.12452872016124428,
      "alpha_annual": 1.4712381879967131,
      "idio_vol_annual": 1.3412460438617761,
      "Market": 3.027954321702417,
      "Size": 1.3090334357446651,
      "Value (SMID)": -1.659040100026695,
      "Momentum": -1.9148906714448108,
      "Quality": 0.9425582408461295,
      "Profitability": 0.9831488555213193,
      "Liquidity": 1.754716481457284,
      "Credit": -2.9721981712588303
    },
    {
      "ticker": "PYPL",
      "r_squared": 0.2946507018967891,
      "alpha_annual": -0.6861345530642825,
      "idio_vol_annual": 0.3379420261552386,
      "Market": 1.8071034340931595,
      "Size": -0.34249936550370474,
      "Value (SMID)": -0.8928963588264617,
      "Momentum": -0.8628009333895095,
      "Quality": 1.5401787520215096,
      "Profitability": 0.6184486498145205,
      "Liquidity": 0.3599083277014397,
      "Credit": -0.008441033402535408
    },
    {
      "ticker": "TENB",
      "r_squared": 0.14838788937780256,
      "alpha_annual": -0.29670835116616096,
      "idio_vol_annual": 0.412967496142864,
      "Market": 1.4712787115243966,
      "Size": -0.10764547340049097,
      "Value (SMID)": -0.7882175355182585,
      "Momentum": -0.33474223850191354,
      "Quality": -0.5147368249730512,
      "Profitability": 1.3384207841812867,
      "Liquidity": -0.060399289691919156,
      "Credit": -0.2624596664158897
    },
    {
      "ticker": "VIA",
      "r_squared": 0.11089237141768138,
      "alpha_annual": -1.5731586838415992,
      "idio_vol_annual": 0.6795835591981494,
      "Market": 0.9665781389772772,
      "Size": 0.4366436968501048,
      "Value (SMID)": -1.4142952176712338,
      "Momentum": -0.9952016355685662,
      "Quality": -1.5780403979110151,
      "Profitability": 0.48391020624892056,
      "Liquidity": 0.6331972256421501,
      "Credit": -0.7270933532227225
    },
    {
      "ticker": "VST",
      "r_squared": 0.2909605743455992,
      "alpha_annual": -0.4211751643120521,
      "idio_vol_annual": 0.4127297534792124,
      "Market": 0.6093231195647196,
      "Size": 0.797368207329725,
      "Value (SMID)": -0.6803187630685421,
      "Momentum": 0.5966722869333403,
      "Quality": -1.8315196035975114,
      "Profitability": -0.5020627104010486,
      "Liquidity": -0.7589194729485043,
      "Credit": -0.7976416484163894
    },
    {
      "ticker": "XNET",
      "r_squared": 0.17249042285551897,
      "alpha_annual": -0.30789845430406176,
      "idio_vol_annual": 0.6709522911328735,
      "Market": 1.780364759891315,
      "Size": 0.2243333799473628,
      "Value (SMID)": -0.7650600386113501,
      "Momentum": -0.3582714305180442,
      "Quality": 0.2638267568883207,
      "Profitability": 0.6243888914225919,
      "Liquidity": 1.127522238906567,
      "Credit": 2.50024065842087
    },
    {
      "ticker": "ZS",
      "r_squared": 0.09183190206320735,
      "alpha_annual": -0.9360857079613137,
      "idio_vol_annual": 0.5982526856966341,
      "Market": 1.3427779309779164,
      "Size": -0.3701572249312528,
      "Value (SMID)": -1.0843301155876481,
      "Momentum": -0.9325534586223424,
      "Quality": -0.8849032316269064,
      "Profitability": 0.8623584565549475,
      "Liquidity": 0.21861772322965253,
      "Credit": 0.1909653427229266
    },
    {
      "ticker": "ZTS",
      "r_squared": 0.1681415241796237,
      "alpha_annual": -0.9130278158495002,
      "idio_vol_annual": 0.3438276904525586,
      "Market": 1.3386012427498644,
      "Size": 0.14806342627711294,
      "Value (SMID)": 0.06236600143119218,
      "Momentum": -0.2561085575952471,
      "Quality": 1.0817514929089067,
      "Profitability": 0.7394079787780556,
      "Liquidity": 0.08031866637402824,
      "Credit": -0.7751954443537055
    }
  ],
  "portfolio_factor_exposure": {
    "loadings": {
      "Market": 1.4222744400058225,
      "Size": 0.4294898027999675,
      "Value (SMID)": -0.5427787114497342,
      "Momentum": -0.18957365716512936,
      "Quality": -0.5577774650154557,
      "Profitability": 0.5483572115362247,
      "Liquidity": 0.13809934336771865,
      "Credit": 0.4569295271579884
    },
    "alpha_annual": -0.47750134264738503,
    "r_squared_weighted": 0.23058871049324012
  },
  "stress_tests": [
    {
      "scenario": "COVID Crash (Feb-Mar 2020)",
      "market_move": -0.339,
      "portfolio_impact": -0.5183466914083618,
