{
  "generated_at": "2026-06-25T14:41:41.362418Z",
  "market_session": "OPEN",
  "fund_name": "Convex Capital",
  "tagline": "Lose small. Win big. \u2014 Paper-traded portfolio. Hypothetical performance for educational purposes only.",
  "summary": {
    "nav": 1062817.353241024,
    "cash": 4722.310000000056,
    "equity": 1058095.043241024,
    "deposits": 1000000.0,
    "total_return": 0.06281735324102411,
    "realized_pnl": 0.0,
    "open_positions": 16
  },
  "metrics": {
    "annualized_return": -0.1373652065836629,
    "annualized_vol": 0.2922612949989949,
    "sharpe": -0.6197030180964804,
    "sortino": -0.8194924899316587,
    "calmar": -0.3618961836312143,
    "max_drawdown": -0.3795707520465128,
    "var_95_1d": -0.03320462573815221,
    "risk_free_rate": 0.04375,
    "method": "Synthetic: current weights \u00d7 each holding's 252-day return history. Sortino uses Frank Sortino downside deviation (RMS of shortfalls vs MAR=RF).",
    "beta_benchmark": 1.0053806795057094,
    "benchmark_annualized_return": 0.3891874362903627,
    "treynor": -0.18014589923560828,
    "jensens_alpha": -0.5284113310079779,
    "information_ratio": -1.772358024942119,
    "tracking_error": 0.21407801095186224,
    "annualized_active_return": -0.37942288067417984,
    "up_capture": 0.6752989780178138,
    "down_capture": 1.1001368811321626,
    "data_basis": "synthetic_252d",
    "days_of_live_nav": 18,
    "benchmark_ticker": "IWM",
    "benchmark_name": "Russell 2000",
    "beta_spy": 1.0053806795057094,
    "beta_spy_stress": 1.5562202504043692
  },
  "nav_curve": [
    {
      "date": "2026-06-01",
      "value": 999882.8292976379
    },
    {
      "date": "2026-06-02",
      "value": 1005079.4966617966
    },
    {
      "date": "2026-06-03",
      "value": 995768.7768651581
    },
    {
      "date": "2026-06-04",
      "value": 1004929.1794892884
    },
    {
      "date": "2026-06-05",
      "value": 974274.0015833282
    },
    {
      "date": "2026-06-08",
      "value": 974266.9881036186
    },
    {
      "date": "2026-06-09",
      "value": 979640.5088702394
    },
    {
      "date": "2026-06-10",
      "value": 966884.7384401513
    },
    {
      "date": "2026-06-11",
      "value": 990753.0886875344
    },
    {
      "date": "2026-06-12",
      "value": 996222.4282127572
    },
    {
      "date": "2026-06-15",
      "value": 1017018.2685251809
    },
    {
      "date": "2026-06-16",
      "value": 1019223.7061524964
    },
    {
      "date": "2026-06-17",
      "value": 1004256.765778122
    },
    {
      "date": "2026-06-18",
      "value": 1005956.2144795037
    },
    {
      "date": "2026-06-22",
      "value": 1013145.2704611397
    },
    {
      "date": "2026-06-23",
      "value": 1003670.4086042023
    },
    {
      "date": "2026-06-24",
      "value": 1028642.2278996087
    },
    {
      "date": "2026-06-25",
      "value": 1064396.9518242455
    }
  ],
  "drawdown_curve": [
    {
      "date": "2026-06-01",
      "value": 0.0
    },
    {
      "date": "2026-06-02",
      "value": 0.0
    },
    {
      "date": "2026-06-03",
      "value": -0.009263665040986776
    },
    {
      "date": "2026-06-04",
      "value": -0.00014955749570802555
    },
    {
      "date": "2026-06-05",
      "value": -0.030649809473562682
    },
    {
      "date": "2026-06-08",
      "value": -0.03065678750836781
    },
    {
      "date": "2026-06-09",
      "value": -0.025310423579476604
    },
    {
      "date": "2026-06-10",
      "value": -0.038001728568240384
    },
    {
      "date": "2026-06-11",
      "value": -0.01425400480444075
    },
    {
      "date": "2026-06-12",
      "value": -0.008812306368259061
    },
    {
      "date": "2026-06-15",
      "value": 0.0
    },
    {
      "date": "2026-06-16",
      "value": 0.0
    },
    {
      "date": "2026-06-17",
      "value": -0.014684647034823809
    },
    {
      "date": "2026-06-18",
      "value": -0.01301725184854327
    },
    {
      "date": "2026-06-22",
      "value": -0.005963789553426265
    },
    {
      "date": "2026-06-23",
      "value": -0.015259944852545435
    },
    {
      "date": "2026-06-24",
      "value": 0.0
    },
    {
      "date": "2026-06-25",
      "value": 0.0
    }
  ],
  "benchmarks": {
    "SPY": [
      {
        "date": "2026-06-01",
        "value": 0.0
      },
      {
        "date": "2026-06-02",
        "value": 0.0013579397972762752
      },
      {
        "date": "2026-06-03",
        "value": -0.005668771434361286
      },
      {
        "date": "2026-06-04",
        "value": -0.0019115061781299625
      },
      {
        "date": "2026-06-05",
        "value": -0.027671542654459702
      },
      {
        "date": "2026-06-08",
        "value": -0.025470023194608782
      },
      {
        "date": "2026-06-09",
        "value": -0.02833070775180091
      },
      {
        "date": "2026-06-10",
        "value": -0.04364962071587053
      },
      {
        "date": "2026-06-11",
        "value": -0.027394678792744487
      },
      {
        "date": "2026-06-12",
        "value": -0.022134588105308994
      },
      {
        "date": "2026-06-15",
        "value": -0.0048909388718152425
      },
      {
        "date": "2026-06-16",
        "value": -0.010823344076597685
      },
      {
        "date": "2026-06-17",
        "value": -0.023176054438276084
      },
      {
        "date": "2026-06-18",
        "value": -0.013020023259145863
      },
      {
        "date": "2026-06-22",
        "value": -0.016126029204297176
      },
      {
        "date": "2026-06-23",
        "value": -0.030413801760312054
      },
      {
        "date": "2026-06-24",
        "value": -0.03086322150786902
      },
      {
        "date": "2026-06-25",
        "value": -0.02689145129583903
      }
    ],
    "IWM": [
      {
        "date": "2026-06-01",
        "value": 0.0
      },
      {
        "date": "2026-06-02",
        "value": 0.009273902616242058
      },
      {
        "date": "2026-06-03",
        "value": -0.004533265755123028
      },
      {
        "date": "2026-06-04",
        "value": 0.010485102307313143
      },
      {
        "date": "2026-06-05",
        "value": -0.025365222965751943
      },
      {
        "date": "2026-06-08",
        "value": -0.016852527916236926
      },
      {
        "date": "2026-06-09",
        "value": -0.013703535746163342
      },
      {
        "date": "2026-06-10",
        "value": -0.023981055236295123
      },
      {
        "date": "2026-06-11",
        "value": 0.00494832553389335
      },
      {
        "date": "2026-06-12",
        "value": 0.01373793881377372
      },
      {
        "date": "2026-06-15",
        "value": 0.022010765090349826
      },
      {
        "date": "2026-06-16",
        "value": 0.013130856989941098
      },
      {
        "date": "2026-06-17",
        "value": 0.005499833171586088
      },
      {
        "date": "2026-06-18",
        "value": 0.025305943833869415
      },
      {
        "date": "2026-06-22",
        "value": 0.03428980212625787
      },
      {
        "date": "2026-06-23",
        "value": 0.02436943940571834
      },
      {
        "date": "2026-06-24",
        "value": 0.0291215086708434
      },
      {
        "date": "2026-06-25",
        "value": 0.0430655483235014
      }
    ]
  },
  "holdings": [
    {
      "ticker": "GRPN",
      "company": "Groupon, Inc.",
      "sector": "Communication Services",
      "country": "United States",
      "shares": 11310.0,
      "price": 20.34000015258789,
      "cost_basis": 17.3017824933687,
      "market_value": 230045.40172576904,
      "unrealized_pnl": 34362.241725769025,
      "short_percent_of_float": 0.56310004,
      "short_ratio": 5.75
    },
    {
      "ticker": "TENB",
      "company": "Tenable Holdings, Inc.",
      "sector": "Technology",
      "country": "United States",
      "shares": 4766.0,
      "price": 27.959999084472656,
      "cost_basis": 26.224616030214015,
      "market_value": 133257.35563659668,
      "unrealized_pnl": 8270.835636596683,
      "short_percent_of_float": 0.129,
      "short_ratio": 3.05
    },
    {
      "ticker": "KSPI",
      "company": "Joint Stock Company Kaspi.kz",
      "sector": "Technology",
      "country": "Kazakhstan",
      "shares": 1515.0,
      "price": 86.4000015258789,
      "cost_basis": 82.53049504950495,
      "market_value": 130896.00231170654,
      "unrealized_pnl": 5862.302311706544,
      "short_percent_of_float": 0.0159,
      "short_ratio": 3.24
    },
    {
      "ticker": "CMI",
      "company": "Cummins Inc.",
      "sector": "Industrials",
      "country": "United States",
      "shares": 153.0,
      "price": 723.0850219726562,
      "cost_basis": 651.1282352941176,
      "market_value": 110632.0083618164,
      "unrealized_pnl": 11009.388361816407,
      "short_percent_of_float": 0.0171,
      "short_ratio": 2.07
    },
    {
      "ticker": "JAKK",
      "company": "JAKKS Pacific, Inc.",
      "sector": "Consumer Cyclical",
      "country": "United States",
      "shares": 3436.0,
      "price": 22.799999237060547,
      "cost_basis": 21.83,
      "market_value": 78340.79737854004,
      "unrealized_pnl": 3332.917378540045,
      "short_percent_of_float": 0.039100002,
      "short_ratio": 7.32
    },
    {
      "ticker": "XNET",
      "company": "Xunlei Limited",
      "sector": "Technology",
      "country": "China",
      "shares": 10526.0,
      "price": 5.079999923706055,
      "cost_basis": 4.75,
      "market_value": 53472.07919692993,
      "unrealized_pnl": 3473.5791969299316,
      "short_percent_of_float": 0.0377,
      "short_ratio": 6.03
    },
    {
      "ticker": "VIA",
      "company": "Via Transportation, Inc.",
      "sector": "Technology",
      "country": "United States",
      "shares": 3280.0,
      "price": 15.295000076293945,
      "cost_basis": 15.241405487804878,
      "market_value": 50167.60025024414,
      "unrealized_pnl": 175.7902502441418,
      "short_percent_of_float": 0.13520001,
      "short_ratio": 6.88
    },
    {
      "ticker": "CRWV",
      "company": "CoreWeave, Inc.",
      "sector": "Technology",
      "country": "United States",
      "shares": 468.0,
      "price": 102.01000213623047,
      "cost_basis": 106.78134615384614,
      "market_value": 47740.68099975586,
      "unrealized_pnl": -2232.989000244136,
      "short_percent_of_float": 0.18190001,
      "short_ratio": 1.91
    },
    {
      "ticker": "ZS",
      "company": "Zscaler, Inc.",
      "sector": "Technology",
      "country": "United States",
      "shares": 365.0,
      "price": 125.05000305175781,
      "cost_basis": 136.79813698630136,
      "market_value": 45643.2511138916,
      "unrealized_pnl": -4288.0688861083945,
      "short_percent_of_float": 0.114700004,
      "short_ratio": 2.09
    },
    {
      "ticker": "VST",
      "company": "Vistra Corp.",
      "sector": "Utilities",
      "country": "United States",
      "shares": 162.0,
      "price": 168.48500061035156,
      "cost_basis": 154.76,
      "market_value": 27294.570098876953,
      "unrealized_pnl": 2223.4500988769546,
      "short_percent_of_float": 0.0539,
      "short_ratio": 2.73
    },
    {
      "ticker": "ESI",
      "company": "Element Solutions Inc",
      "sector": "Basic Materials",
      "country": "United States",
      "shares": 557.0,
      "price": 47.650001525878906,
      "cost_basis": 44.92,
      "market_value": 26541.05084991455,
      "unrealized_pnl": 1520.6108499145498,
      "short_percent_of_float": 0.0838,
      "short_ratio": 4.45
    },
    {
      "ticker": "CEG",
      "company": "Constellation Energy Corporation",
      "sector": "Utilities",
      "country": "United States",
      "shares": 94.0,
      "price": 274.30999755859375,
      "cost_basis": 265.7,
      "market_value": 25785.139770507812,
      "unrealized_pnl": 809.3397705078136,
      "short_percent_of_float": 0.036,
      "short_ratio": 3.46
    },
    {
      "ticker": "GENC",
      "company": "Gencor Industries, Inc.",
      "sector": "Industrials",
      "country": "United States",
      "shares": 1746.0,
      "price": 14.75,
      "cost_basis": 14.32,
      "market_value": 25753.5,
      "unrealized_pnl": 750.7799999999995,
      "short_percent_of_float": 0.0064,
      "short_ratio": 2.39
    },
    {
      "ticker": "ZTS",
      "company": "Zoetis Inc.",
      "sector": "Healthcare",
      "country": "United States",
      "shares": 312.0,
      "price": 79.17500305175781,
      "cost_basis": 80.09,
      "market_value": 24702.600952148438,
      "unrealized_pnl": -285.47904785156356,
      "short_percent_of_float": 0.0363,
      "short_ratio": 1.45
    },
    {
      "ticker": "OPEN",
      "company": "Opendoor Technologies Inc.",
      "sector": "Real Estate",
      "country": "United States",
      "shares": 5479.0,
      "price": 4.400000095367432,
      "cost_basis": 4.562927541522176,
      "market_value": 24107.600522518158,
      "unrealized_pnl": -892.6794774818428,
      "short_percent_of_float": 0.16149999,
      "short_ratio": 3.77
    },
    {
      "ticker": "PYPL",
      "company": "PayPal Holdings, Inc.",
      "sector": "Financial Services",
      "country": "United States",
      "shares": 553.0,
      "price": 42.8849983215332,
      "cost_basis": 45.19,
      "market_value": 23715.40407180786,
      "unrealized_pnl": -1274.6659281921375,
      "short_percent_of_float": 0.0626,
      "short_ratio": 3.16
    }
  ],
  "sector_exposure": [
    {
      "name": "Technology",
      "value": 461176.96950912476,
      "pct": 0.43391930711592336
    },
    {
      "name": "Communication Services",
      "value": 230045.40172576904,
      "pct": 0.2164486692132507
    },
    {
      "name": "Industrials",
      "value": 136385.5083618164,
      "pct": 0.12832450274349924
    },
    {
      "name": "Consumer Cyclical",
      "value": 78340.79737854004,
      "pct": 0.07371049892970089
    },
    {
      "name": "Utilities",
      "value": 53079.709869384766,
      "pct": 0.04994245691182973
    },
    {
      "name": "Basic Materials",
      "value": 26541.05084991455,
      "pct": 0.02497235368709266
    },
    {
      "name": "Healthcare",
      "value": 24702.600952148438,
      "pct": 0.023242564563721816
    },
    {
      "name": "Real Estate",
      "value": 24107.600522518158,
      "pct": 0.02268273137336616
    },
    {
      "name": "Financial Services",
      "value": 23715.40407180786,
      "pct": 0.022313715521757874
    },
    {
      "name": "Cash",
      "value": 4722.310000000056,
      "pct": 0.004443199939857529
    }
  ],
  "geographic_exposure": [
    {
      "name": "United States",
      "value": 873726.9617323875,
      "pct": 0.8220857130982929
    },
    {
      "name": "Kazakhstan",
      "value": 130896.00231170654,
      "pct": 0.12315945153938614
    },
    {
      "name": "China",
      "value": 53472.07919692993,
      "pct": 0.050311635422463426
    },
    {
      "name": "Cash",
      "value": 4722.310000000056,
      "pct": 0.004443199939857529
    }
  ],
  "signals": [
    {
      "ticker": "CEG",
      "label": "BUY",
      "composite": 1.5,
      "rsi": 52.0,
      "subs": {
        "rsi": 0.5,
        "macd": 0.5,
        "trend": -0.5,
        "bb": 0.5,
        "vol": 0.0,
        "range": 0.5
      }
    },
    {
      "ticker": "CMI",
      "label": "STRONG BUY",
      "composite": 2.5,
      "rsi": 60.5,
      "subs": {
        "rsi": 0.5,
        "macd": 0.5,
        "trend": 0.5,
        "bb": 0.5,
        "vol": 0.0,
        "range": 0.5
      }
    },
    {
      "ticker": "CRWV",
      "label": "SELL",
      "composite": -1.0,
      "rsi": 45.8,
      "subs": {
        "rsi": 0.5,
        "macd": -0.5,
        "trend": 0.0,
        "bb": -0.5,
        "vol": 0.0,
        "range": -0.5
      }
    },
    {
      "ticker": "ESI",
      "label": "STRONG BUY",
      "composite": 3.0,
      "rsi": 62.2,
      "subs": {
        "rsi": 0.5,
        "macd": 0.5,
        "trend": 0.5,
        "bb": 0.5,
        "vol": 0.5,
        "range": 0.5
      }
    },
    {
      "ticker": "GENC",
      "label": "STRONG BUY",
      "composite": 2.0,
      "rsi": 53.0,
      "subs": {
        "rsi": 0.5,
        "macd": 0.5,
        "trend": 0.5,
        "bb": 0.5,
        "vol": 0.0,
        "range": 0.0
      }
    },
    {
      "ticker": "GRPN",
      "label": "STRONG BUY",
      "composite": 2.5,
      "rsi": 64.5,
      "subs": {
        "rsi": 0.5,
        "macd": 0.5,
        "trend": 0.5,
        "bb": 0.5,
        "vol": 0.0,
        "range": 0.5
      }
    },
    {
      "ticker": "JAKK",
      "label": "STRONG BUY",
      "composite": 2.5,
      "rsi": 60.2,
      "subs": {
        "rsi": 0.5,
        "macd": 0.5,
        "trend": 0.5,
        "bb": 0.5,
        "vol": 0.0,
        "range": 0.5
      }
    },
    {
      "ticker": "KSPI",
      "label": "STRONG BUY",
      "composite": 2.0,
      "rsi": 54.5,
      "subs": {
        "rsi": 0.5,
        "macd": 0.5,
        "trend": 0.5,
        "bb": 0.5,
        "vol": 0.0,
        "range": 0.0
      }
    },
    {
      "ticker": "OPEN",
      "label": "SELL",
      "composite": -1.5,
      "rsi": 45.1,
      "subs": {
        "rsi": 0.5,
        "macd": -0.5,
        "trend": -0.5,
        "bb": -0.5,
        "vol": 0.0,
        "range": -0.5
      }
    },
    {
      "ticker": "PYPL",
      "label": "BUY",
      "composite": 1.0,
      "rsi": 48.3,
      "subs": {
        "rsi": 0.5,
        "macd": 0.5,
        "trend": -0.5,
        "bb": 0.5,
        "vol": 0.0,
        "range": 0.0
      }
    },
    {
      "ticker": "TENB",
      "label": "NEUTRAL",
      "composite": 0.0,
      "rsi": 60.5,
      "subs": {
        "rsi": 0.5,
        "macd": -0.5,
        "trend": 0.0,
        "bb": 0.5,
        "vol": -0.5,
        "range": 0.0
      }
    },
    {
      "ticker": "VIA",
      "label": "BUY",
      "composite": 1.5,
      "rsi": 52.2,
      "subs": {
        "rsi": 0.5,
        "macd": 0.5,
        "trend": -0.5,
        "bb": 0.5,
        "vol": 0.5,
        "range": 0.0
      }
    },
    {
      "ticker": "VST",
      "label": "STRONG BUY",
      "composite": 2.0,
      "rsi": 62.7,
      "subs": {
        "rsi": 0.5,
        "macd": 0.5,
        "trend": 0.0,
        "bb": 0.5,
        "vol": 0.0,
        "range": 0.5
      }
    },
    {
      "ticker": "XNET",
      "label": "LEAN BULL",
      "composite": 0.5,
      "rsi": 45.0,
      "subs": {
        "rsi": 0.5,
        "macd": 0.5,
        "trend": -0.5,
        "bb": -0.5,
        "vol": 0.5,
        "range": 0.0
      }
    },
    {
      "ticker": "ZS",
      "label": "STRONG SELL",
      "composite": -2.0,
      "rsi": 41.4,
      "subs": {
        "rsi": 0.0,
        "macd": -0.5,
        "trend": -0.5,
        "bb": -0.5,
        "vol": 0.0,
        "range": -0.5
      }
    },
    {
      "ticker": "ZTS",
      "label": "LEAN BULL",
      "composite": 0.5,
      "rsi": 43.2,
      "subs": {
        "rsi": 0.0,
        "macd": 0.5,
        "trend": -0.5,
        "bb": 0.5,
        "vol": 0.0,
        "range": 0.0
      }
    }
  ],
  "volatility": [
    {
      "ticker": "CEG",
      "hv20": 0.445938906314045,
      "garch": 0.5259787853447749,
      "expansion": 0.17948619843984462,
      "regime": "NORMAL",
      "signal": "BASE"
    },
    {
      "ticker": "CMI",
      "hv20": 0.4657715193682139,
      "garch": 0.36948476427951144,
      "expansion": -0.20672529574008444,
      "regime": "HIGH",
      "signal": "WEAK"
    },
    {
      "ticker": "CRWV",
      "hv20": 0.8780567277021565,
      "garch": 0.941041820853864,
      "expansion": 0.07173237350682034,
      "regime": "NORMAL",
      "signal": "WEAK"
    },
    {
      "ticker": "ESI",
      "hv20": 0.5825750900063787,
      "garch": 0.5669687673278457,
      "expansion": -0.026788516959010616,
      "regime": "EXTREME",
      "signal": "WEAK"
    },
    {
      "ticker": "GENC",
      "hv20": 0.3237684406979945,
      "garch": 0.3415538515950136,
      "expansion": 0.05493250317627173,
      "regime": "NORMAL",
      "signal": "WEAK"
    },
    {
      "ticker": "GRPN",
      "hv20": 0.8955161704378563,
      "garch": 0.8580583762898848,
      "expansion": -0.041828160545282767,
      "regime": "HIGH",
      "signal": "WEAK"
    },
    {
      "ticker": "JAKK",
      "hv20": 0.21354208869019986,
      "garch": 0.45904898389666016,
      "expansion": 1.149688554197079,
      "regime": "LOW",
      "signal": "SIGNAL"
    },
    {
      "ticker": "KSPI",
      "hv20": 0.368401200118135,
      "garch": 0.3436055868188726,
      "expansion": -0.06730600576575536,
      "regime": "HIGH",
      "signal": "WEAK"
    },
    {
      "ticker": "OPEN",
      "hv20": 0.7543184437350753,
      "garch": 0.7173824158536684,
      "expansion": -0.0489660940789342,
      "regime": "NORMAL",
      "signal": "WEAK"
    },
    {
      "ticker": "PYPL",
      "hv20": 0.3204328603910523,
      "garch": 0.4001080492866225,
      "expansion": 0.24864862111312686,
      "regime": "NORMAL",
      "signal": "SIGNAL"
    },
    {
      "ticker": "TENB",
      "hv20": 0.559077636913699,
      "garch": 0.3904663422904754,
      "expansion": -0.3015883367362287,
      "regime": "HIGH",
      "signal": "WEAK"
    },
    {
      "ticker": "VIA",
      "hv20": 0.6738221927703792,
      "garch": null,
      "expansion": null,
      "regime": "NORMAL",
      "signal": "WEAK"
    },
    {
      "ticker": "VST",
      "hv20": 0.4522710423702866,
      "garch": 0.5588270509024135,
      "expansion": 0.2356021026101569,
      "regime": "NORMAL",
      "signal": "SIGNAL"
    },
    {
      "ticker": "XNET",
      "hv20": 0.7745551086250164,
      "garch": 0.7023827546092741,
      "expansion": -0.09317910786730467,
      "regime": "HIGH",
      "signal": "WEAK"
    },
    {
      "ticker": "ZS",
      "hv20": 0.6657173767348183,
      "garch": 0.39001152409176654,
      "expansion": -0.4141484994658272,
      "regime": "HIGH",
      "signal": "WEAK"
    },
    {
      "ticker": "ZTS",
      "hv20": 0.30277857707392003,
      "garch": 0.31957103073498677,
      "expansion": 0.05546116843321795,
      "regime": "HIGH",
      "signal": "WEAK"
    }
  ],
  "correlation": {
    "tickers": [
      "CEG",
      "CMI",
      "CRWV",
      "ESI",
      "GENC",
      "GRPN",
      "JAKK",
      "KSPI",
      "OPEN",
      "PYPL",
      "TENB",
      "VIA",
      "VST",
      "XNET",
      "ZS",
      "ZTS"
    ],
    "matrix": [
      [
        1.0,
        0.335,
        0.234,
        0.304,
        0.151,
        0.095,
        0.086,
        0.06,
        0.191,
        0.141,
        0.057,
        0.008,
        0.798,
        0.255,
        0.042,
        0.121
      ],
      [
        0.335,
        1.0,
        0.374,
        0.622,
        0.343,
        0.205,
        0.129,
        0.246,
        0.188,
        0.085,
        -0.062,
        0.004,
        0.362,
        0.311,
        -0.058,
        0.181
      ],
      [
        0.234,
        0.374,
        1.0,
        0.343,
        0.117,
        0.15,
        0.051,
        0.125,
        0.246,
        0.147,
        0.109,
        0.212,
        0.318,
        0.369,
        0.177,
        0.081
      ],
      [
        0.304,
        0.622,
        0.343,
        1.0,
        0.272,
        0.312,
        0.236,
        0.306,
        0.266,
        0.29,
        0.094,
        0.051,
        0.372,
        0.348,
        0.038,
        0.171
      ],
      [
        0.151,
        0.343,
        0.117,
        0.272,
        1.0,
        0.153,
        0.319,
        0.142,
        0.129,
        0.099,
        0.161,
        0.069,
        0.171,
        0.161,
        0.053,
        0.158
      ],
      [
        0.095,
        0.205,
        0.15,
        0.312,
        0.153,
        1.0,
        0.153,
        0.35,
        0.304,
        0.275,
        0.248,
        0.17,
        0.142,
        0.244,
        0.145,
        0.169
      ],
      [
        0.086,
        0.129,
        0.051,
        0.236,
        0.319,
        0.153,
        1.0,
        0.101,
        0.14,
        0.215,
        -0.028,
        0.146,
        0.058,
        0.194,
        -0.045,
        0.147
      ],
      [
        0.06,
        0.246,
        0.125,
        0.306,
        0.142,
        0.35,
        0.101,
        1.0,
        0.246,
        0.261,
        0.26,
        0.134,
        0.113,
        0.207,
        0.152,
        0.183
      ],
      [
        0.191,
        0.188,
        0.246,
        0.266,
        0.129,
        0.304,
        0.14,
        0.246,
        1.0,
        0.25,
        0.12,
        0.154,
        0.257,
        0.35,
        0.063,
        0.173
      ],
      [
        0.141,
        0.085,
        0.147,
        0.29,
        0.099,
        0.275,
        0.215,
        0.261,
        0.25,
        1.0,
        0.352,
        0.145,
        0.089,
        0.344,
        0.205,
        0.178
      ],
      [
        0.057,
        -0.062,
        0.109,
        0.094,
        0.161,
        0.248,
        -0.028,
        0.26,
        0.12,
        0.352,
        1.0,
        0.337,
        0.067,
        0.146,
        0.56,
        0.104
      ],
      [
        0.008,
        0.004,
        0.212,
        0.051,
        0.069,
        0.17,
        0.146,
        0.134,
        0.154,
        0.145,
        0.337,
        1.0,
        0.058,
        0.165,
        0.368,
        0.024
      ],
      [
        0.798,
        0.362,
        0.318,
        0.372,
        0.171,
        0.142,
        0.058,
        0.113,
        0.257,
        0.089,
        0.067,
        0.058,
        1.0,
        0.282,
        0.068,
        0.09
      ],
      [
        0.255,
        0.311,
        0.369,
        0.348,
        0.161,
        0.244,
        0.194,
        0.207,
        0.35,
        0.344,
        0.146,
        0.165,
        0.282,
        1.0,
        0.214,
        0.049
      ],
      [
        0.042,
        -0.058,
        0.177,
        0.038,
        0.053,
        0.145,
        -0.045,
        0.152,
        0.063,
        0.205,
        0.56,
        0.368,
        0.068,
        0.214,
        1.0,
        -0.033
      ],
      [
        0.121,
        0.181,
        0.081,
        0.171,
        0.158,
        0.169,
        0.147,
        0.183,
        0.173,
        0.178,
        0.104,
        0.024,
        0.09,
        0.049,
        -0.033,
        1.0
      ]
    ]
  },
  "residual_correlation": {
    "tickers": [
      "CEG",
      "CMI",
      "CRWV",
      "ESI",
      "GENC",
      "GRPN",
      "JAKK",
      "KSPI",
      "OPEN",
      "PYPL",
      "TENB",
      "VIA",
      "VST",
      "XNET",
      "ZS",
      "ZTS"
    ],
    "matrix": [
      [
        1.0,
        0.057,
        0.001,
        -0.034,
        0.028,
        -0.059,
        -0.02,
        -0.134,
        0.035,
        0.04,
        -0.023,
        -0.101,
        0.731,
        0.096,
        0.01,
        0.075
      ],
      [
        0.057,
        1.0,
        0.125,
        0.245,
        0.075,
        -0.052,
        -0.149,
        -0.006,
        -0.067,
        -0.094,
        -0.26,
        -0.141,
        0.038,
        0.006,
        -0.143,
        0.065
      ],
      [
        0.001,
        0.125,
        1.0,
        0.038,
        0.014,
        -0.058,
        -0.042,
        -0.111,
        0.044,
        -0.038,
        -0.019,
        0.083,
        0.078,
        0.137,
        0.108,
        0.036
      ],
      [
        -0.034,
        0.245,
        0.038,
        1.0,
        -0.071,
        0.049,
        0.002,
        0.018,
        -0.01,
        0.137,
        -0.104,
        -0.125,
        0.002,
        0.028,
        -0.052,
        -0.02
      ],
      [
        0.028,
        0.075,
        0.014,
        -0.071,
        1.0,
        -0.031,
        0.066,
        -0.079,
        -0.076,
        0.003,
        0.092,
        -0.004,
        0.025,
        -0.055,
        0.006,
        -0.036
      ],
      [
        -0.059,
        -0.052,
        -0.058,
        0.049,
        -0.031,
        1.0,
        0.017,
        0.193,
        0.115,
        0.109,
        0.111,
        0.057,
        -0.03,
        0.028,
        0.05,
        0.035
      ],
      [
        -0.02,
        -0.149,
        -0.042,
        0.002,
        0.066,
        0.017,
        1.0,
        -0.094,
        -0.032,
        0.105,
        -0.124,
        0.091,
        -0.058,
        0.021,
        -0.111,
        -0.037
      ],
      [
        -0.134,
        -0.006,
        -0.111,
        0.018,
        -0.079,
        0.193,
        -0.094,
        1.0,
        0.061,
        0.086,
        0.156,
        0.013,
        -0.1,
        -0.021,
        0.062,
        0.047
      ],
      [
        0.035,
        -0.067,
        0.044,
        -0.01,
        -0.076,
        0.115,
        -0.032,
        0.061,
        1.0,
        0.07,
        -0.018,
        0.031,
        0.107,
        0.161,
        -0.046,
        0.029
      ],
      [
        0.04,
        -0.094,
        -0.038,
        0.137,
        0.003,
        0.109,
        0.105,
        0.086,
        0.07,
        1.0,
        0.236,
        0.009,
        -0.032,
        0.191,
        0.073,
        0.026
      ],
      [
        -0.023,
        -0.26,
        -0.019,
        -0.104,
        0.092,
        0.111,
        -0.124,
        0.156,
        -0.018,
        0.236,
        1.0,
        0.272,
        -0.027,
        0.001,
        0.517,
        -0.007
      ],
      [
        -0.101,
        -0.141,
        0.083,
        -0.125,
        -0.004,
        0.057,
        0.091,
        0.013,
        0.031,
        0.009,
        0.272,
        1.0,
        -0.056,
        0.032,
        0.313,
        -0.057
      ],
      [
        0.731,
        0.038,
        0.078,
        0.002,
        0.025,
        -0.03,
        -0.058,
        -0.1,
        0.107,
        -0.032,
        -0.027,
        -0.056,
        1.0,
        0.107,
        0.04,
        0.031
      ],
      [
        0.096,
        0.006,
        0.137,
        0.028,
        -0.055,
        0.028,
        0.021,
        -0.021,
        0.161,
        0.191,
        0.001,
        0.032,
        0.107,
        1.0,
        0.134,
        -0.105
      ],
      [
        0.01,
        -0.143,
        0.108,
        -0.052,
        0.006,
        0.05,
        -0.111,
        0.062,
        -0.046,
        0.073,
        0.517,
        0.313,
        0.04,
        0.134,
        1.0,
        -0.117
      ],
      [
        0.075,
        0.065,
        0.036,
        -0.02,
        -0.036,
        0.035,
        -0.037,
        0.047,
        0.029,
        0.026,
        -0.007,
        -0.057,
        0.031,
        -0.105,
        -0.117,
        1.0
      ]
    ]
  },
  "factor_correlation": {
    "factors": [
      "Market",
      "Size",
      "Value (SMID)",
      "Momentum",
      "Quality",
      "Profitability",
      "Liquidity",
      "Credit"
    ],
    "matrix": [
      [
        1.0,
        0.321,
        -0.5,
        0.408,
        -0.255,
        -0.536,
        0.302,
        0.187
      ],
      [
        0.321,
        1.0,
        -0.157,
        0.252,
        0.158,
        0.157,
        0.322,
        0.031
      ],
      [
        -0.5,
        -0.157,
        1.0,
        -0.566,
        0.307,
        0.596,
        -0.369,
        -0.143
      ],
      [
        0.408,
        0.252,
        -0.566,
        1.0,
        -0.218,
        -0.534,
        0.281,
        0.047
      ],
      [
        -0.255,
        0.158,
        0.307,
        -0.218,
        1.0,
        0.444,
        -0.239,
        -0.131
      ],
      [
        -0.536,
        0.157,
        0.596,
        -0.534,
        0.444,
        1.0,
        -0.275,
        -0.115
      ],
      [
        0.302,
        0.322,
        -0.369,
        0.281,
        -0.239,
        -0.275,
        1.0,
        0.168
      ],
      [
        0.187,
        0.031,
        -0.143,
        0.047,
        -0.131,
        -0.115,
        0.168,
        1.0
      ]
    ]
  },
  "factor_exposures": [
    {
      "ticker": "CEG",
      "r_squared": 0.2482111642022612,
      "alpha_annual": -0.4251170693660455,
      "idio_vol_annual": 0.4050773120241102,
      "Market": 0.6927058842585229,
      "Size": 0.3954046900417691,
      "Value (SMID)": -0.4733386415266154,
      "Momentum": 0.5563238782457605,
      "Quality": -0.8744520244745969,
      "Profitability": -0.5892960710112989,
      "Liquidity": -0.44518426893517293,
      "Credit": -0.9100653432765407
    },
    {
      "ticker": "CMI",
      "r_squared": 0.4820297991465694,
      "alpha_annual": 0.36590322688885485,
      "idio_vol_annual": 0.2458584257951896,
      "Market": 1.1468868323723778,
      "Size": 0.8114013162650988,
      "Value (SMID)": 0.3874891393954679,
      "Momentum": 0.7340014190276989,
      "Quality": -0.027593939319552993,
      "Profitability": -0.1553387100549318,
      "Liquidity": -0.3440297173068943,
      "Credit": 0.832211583671051
    },
    {
      "ticker": "CRWV",
      "r_squared": 0.2746150954807861,
      "alpha_annual": -1.0156316673543477,
      "idio_vol_annual": 0.8017887340011233,
      "Market": 1.066664904161567,
      "Size": 0.6325216403088726,
      "Value (SMID)": -1.9485023712117395,
      "Momentum": 0.5909058946446941,
      "Quality": -3.9399350712679833,
      "Profitability": -0.18708159138786426,
      "Liquidity": 0.4434445650538209,
      "Credit": 1.878233537878707
    },
    {
      "ticker": "ESI",
      "r_squared": 0.5154610530964984,
      "alpha_annual": 0.26894747400369695,
      "idio_vol_annual": 0.2884941073139101,
      "Market": 1.6485856287642295,
      "Size": 0.9930156783810391,
      "Value (SMID)": -0.16867149082880803,
      "Momentum": 0.6731019112734977,
      "Quality": 0.24422866868966803,
      "Profitability": 0.22139846886372117,
      "Liquidity": -0.722388969214154,
      "Credit": 0.2343830152842472
    },
    {
      "ticker": "GENC",
      "r_squared": 0.32762325376388657,
      "alpha_annual": -0.42689235807205683,
      "idio_vol_annual": 0.3230359234175714,
      "Market": 1.2830083476033773,
      "Size": 1.2396369460958838,
      "Value (SMID)": 1.1576364740482696,
      "Momentum": -0.030845812486783197,
      "Quality": -0.7774075995203614,
      "Profitability": 0.08724059105053056,
      "Liquidity": -0.19063124719958585,
      "Credit": 0.6703443388418487
    },
    {
      "ticker": "GRPN",
      "r_squared": 0.17077149865132224,
      "alpha_annual": -0.9544309737947778,
      "idio_vol_annual": 0.6367706013024884,
      "Market": 1.9574921823262568,
      "Size": 0.317471570214809,
      "Value (SMID)": -1.1044139181330426,
      "Momentum": -0.016010366305703405,
      "Quality": -1.5435240010570777,
      "Profitability": 1.7193891756912543,
      "Liquidity": 0.11281236719188614,
      "Credit": 1.055721486974982
    },
    {
      "ticker": "JAKK",
      "r_squared": 0.27184723197140526,
      "alpha_annual": -0.23505603705793074,
      "idio_vol_annual": 0.3511890828066571,
      "Market": 1.2495079968450038,
      "Size": 1.0534795510895245,
      "Value (SMID)": 0.8520749618297079,
      "Momentum": -0.34916073301488204,
      "Quality": 1.3710890809302947,
      "Profitability": -0.3608144829777068,
      "Liquidity": 0.3094697156210322,
      "Credit": -0.5128599041959755
    },
    {
      "ticker": "KSPI",
      "r_squared": 0.21427098341322703,
      "alpha_annual": -0.13979761232867502,
      "idio_vol_annual": 0.3225561537122935,
      "Market": 1.1863306087252945,
      "Size": 0.4613883190749332,
      "Value (SMID)": -0.3198263972401829,
      "Momentum": -0.46934379606079235,
      "Quality": 0.06576482456081012,
      "Profitability": 0.08551181523356324,
      "Liquidity": -0.07097284625539763,
      "Credit": 0.5049114283247581
    },
    {
      "ticker": "OPEN",
      "r_squared": 0.12433498753347871,
      "alpha_annual": 1.5090124582297961,
      "idio_vol_annual": 1.341410687956297,
      "Market": 3.070669408818314,
      "Size": 1.2859650797311288,
      "Value (SMID)": -1.6548356493193623,
      "Momentum": -1.8771536950450394,
      "Quality": 1.0171293705347528,
      "Profitability": 0.9793614691143071,
      "Liquidity": 1.7774223561882057,
      "Credit": -2.9975992223007966
    },
    {
      "ticker": "PYPL",
      "r_squared": 0.2936790316173036,
      "alpha_annual": -0.6681003205514955,
      "idio_vol_annual": 0.3372388155227213,
      "Market": 1.8045938317829489,
      "Size": -0.3497275232173327,
      "Value (SMID)": -0.9634651330545102,
      "Momentum": -0.8573938770067517,
      "Quality": 1.4650825577308972,
      "Profitability": 0.7166919584297031,
      "Liquidity": 0.3597797567365636,
      "Credit": -0.07432941498504543
    },
    {
      "ticker": "TENB",
      "r_squared": 0.15283543952250034,
      "alpha_annual": -0.32848112987490063,
      "idio_vol_annual": 0.4091147539367437,
      "Market": 1.4580038622268008,
      "Size": -0.12174613715460025,
      "Value (SMID)": -0.8687351844217213,
      "Momentum": -0.326657522769943,
      "Quality": -0.5493135445711762,
      "Profitability": 1.392020795992517,
      "Liquidity": -0.09009397059589647,
      "Credit": -0.29020430593649416
    },
    {
      "ticker": "VIA",
      "r_squared": 0.111129919404793,
      "alpha_annual": -1.5216247366649889,
      "idio_vol_annual": 0.6766045232177547,
      "Market": 0.9742355733166183,
      "Size": 0.45079490807900097,
      "Value (SMID)": -1.4373985366380562,
      "Momentum": -0.9750879842739802,
      "Quality": -1.6173713918671604,
      "Profitability": 0.5574883867613267,
      "Liquidity": 0.624047693609256,
      "Credit": -0.7971436235261836
    },
    {
      "ticker": "VST",
      "r_squared": 0.2965646018349076,
      "alpha_annual": -0.39957681240459453,
      "idio_vol_annual": 0.4123140245173554,
      "Market": 0.620741389311176,
      "Size": 0.7961249237368029,
      "Value (SMID)": -0.6917534378304666,
      "Momentum": 0.6150904881172672,
      "Quality": -1.7964830348064813,
      "Profitability": -0.49803491732520944,
      "Liquidity": -0.7746343818788659,
      "Credit": -0.8316663905886378
    },
    {
      "ticker": "XNET",
      "r_squared": 0.172820784900224,
      "alpha_annual": -0.271589226733695,
      "idio_vol_annual": 0.6721834104927067,
      "Market": 1.8004839724816075,
      "Size": 0.21601126162278983,
      "Value (SMID)": -0.7812856722357169,
      "Momentum": -0.28147179199289685,
      "Quality": 0.26275453339512245,
      "Profitability": 0.6918371768727899,
      "Liquidity": 1.0913571590341076,
      "Credit": 2.4770993657711804
    },
    {
      "ticker": "ZS",
      "r_squared": 0.09427679508632969,
      "alpha_annual": -0.9443721829153826,
      "idio_vol_annual": 0.5967237674191419,
      "Market": 1.3369306995384829,
      "Size": -0.3834260766266037,
      "Value (SMID)": -1.1627837793495415,
      "Momentum": -0.9585042347309336,
      "Quality": -0.9184475594843092,
      "Profitability": 0.9113058770611783,
      "Liquidity": 0.23121646369685764,
      "Credit": 0.13427379984838222
    },
    {
      "ticker": "ZTS",
      "r_squared": 0.17056630994796984,
      "alpha_annual": -0.8795909826938163,
      "idio_vol_annual": 0.3441814128238247,
      "Market": 1.3456717955365372,
      "Size": 0.15342114133922724,
      "Value (SMID)": 0.046597474339237124,
      "Momentum": -0.2504180350829671,
      "Quality": 1.0784301340222922,
      "Profitability": 0.7678816044379227,
      "Liquidity": 0.07238319208943211,
      "Credit": -0.832319795231471
    }
  ],
