{
  "generated_at": "2026-06-10T11:11:04.820722Z",
  "market_session": "PRE",
  "fund_name": "Convex Capital",
  "tagline": "Lose small. Win big. \u2014 Paper-traded portfolio. Hypothetical performance for educational purposes only.",
  "summary": {
    "nav": 968445.3159966088,
    "cash": 49780.460000000036,
    "equity": 918664.8559966087,
    "deposits": 1000000.0,
    "total_return": -0.03155468400339123,
    "realized_pnl": 0.0,
    "open_positions": 17
  },
  "metrics": {
    "annualized_return": -0.29396378845838156,
    "annualized_vol": 0.2864706792354292,
    "sharpe": -1.0261566357958551,
    "sortino": -1.377210671001961,
    "max_drawdown": -0.42343878469180285,
    "var_95_1d": -0.03717961153458703,
    "method": "Synthetic: current weights \u00d7 each holding's 252-day return history.",
    "beta_spy": 1.5430930938550447,
    "data_basis": "synthetic_252d",
    "days_of_live_nav": 6
  },
  "nav_curve": [
    {
      "date": "2026-06-01",
      "value": 999876.7628759766
    },
    {
      "date": "2026-06-02",
      "value": 1004058.1192620469
    },
    {
      "date": "2026-06-03",
      "value": 988718.7906235124
    },
    {
      "date": "2026-06-04",
      "value": 1000919.7487734223
    },
    {
      "date": "2026-06-05",
      "value": 963668.4124958802
    },
    {
      "date": "2026-06-08",
      "value": 962233.467066555
    }
  ],
  "drawdown_curve": [
    {
      "date": "2026-06-01",
      "value": 0.0
    },
    {
      "date": "2026-06-02",
      "value": 0.0
    },
    {
      "date": "2026-06-03",
      "value": -0.015277331405684446
    },
    {
      "date": "2026-06-04",
      "value": -0.003125686081729177
    },
    {
      "date": "2026-06-05",
      "value": -0.040226462981895875
    },
    {
      "date": "2026-06-08",
      "value": -0.04165560876718144
    }
  ],
  "benchmarks": {
    "SPY": [
      {
        "date": "2026-06-01",
        "value": 0.0
      },
      {
        "date": "2026-06-02",
        "value": 0.0013579103629497435
      },
      {
        "date": "2026-06-03",
        "value": -0.005668768842152949
      },
      {
        "date": "2026-06-04",
        "value": -0.0019115026417536596
      },
      {
        "date": "2026-06-05",
        "value": -0.027671567540792585
      },
      {
        "date": "2026-06-08",
        "value": -0.02546999220062507
      }
    ],
    "IWM": [
      {
        "date": "2026-06-01",
        "value": 0.0
      },
      {
        "date": "2026-06-02",
        "value": 0.009273972502921835
      },
      {
        "date": "2026-06-03",
        "value": -0.004533177066893157
      },
      {
        "date": "2026-06-04",
        "value": 0.010485150059186044
      },
      {
        "date": "2026-06-05",
        "value": -0.02536513534214846
      },
      {
        "date": "2026-06-08",
        "value": -0.01685246539421037
      }
    ]
  },
  "holdings": [
    {
      "ticker": "GRPN",
      "company": "Groupon, Inc.",
      "sector": "Communication Services",
      "country": "United States",
      "shares": 11310.0,
      "price": 16.18000030517578,
      "cost_basis": 17.682836427939876,
      "market_value": 182995.8034515381,
      "unrealized_pnl": -16997.076548461908,
      "short_percent_of_float": 0.56310004,
      "short_ratio": 5.75
    },
    {
      "ticker": "KSPI",
      "company": "Joint Stock Company Kaspi.kz",
      "sector": "Technology",
      "country": "Kazakhstan",
      "shares": 1515.0,
      "price": 80.16999816894531,
      "cost_basis": 82.53049504950495,
      "market_value": 121457.54722595215,
      "unrealized_pnl": -3576.1527740478505,
      "short_percent_of_float": 0.0159,
      "short_ratio": 3.24
    },
    {
      "ticker": "TENB",
      "company": "Tenable Holdings, Inc.",
      "sector": "Technology",
      "country": "United States",
      "shares": 2916.0,
      "price": 27.559999465942383,
      "cost_basis": 25.719999999999995,
      "market_value": 80364.95844268799,
      "unrealized_pnl": 5365.438442688002,
      "short_percent_of_float": 0.129,
      "short_ratio": 3.05
    },
    {
      "ticker": "JAKK",
      "company": "JAKKS Pacific, Inc.",
      "sector": "Consumer Cyclical",
      "country": "United States",
      "shares": 3436.0,
      "price": 21.559999465942383,
      "cost_basis": 21.83,
      "market_value": 74080.15816497803,
      "unrealized_pnl": -927.7218350219669,
      "short_percent_of_float": 0.039100002,
      "short_ratio": 7.32
    },
    {
      "ticker": "VIA",
      "company": "Via Transportation, Inc.",
      "sector": "Technology",
      "country": "United States",
      "shares": 4921.0,
      "price": 14.90999984741211,
      "cost_basis": 15.241408250355619,
      "market_value": 73372.10924911499,
      "unrealized_pnl": -1630.8607508850096,
      "short_percent_of_float": 0.13520001,
      "short_ratio": 6.88
    },
    {
      "ticker": "ZS",
      "company": "Zscaler, Inc.",
      "sector": "Technology",
      "country": "United States",
      "shares": 549.0,
      "price": 129.25,
      "cost_basis": 136.8013843351548,
      "market_value": 70958.25,
      "unrealized_pnl": -4145.709999999989,
      "short_percent_of_float": 0.114700004,
      "short_ratio": 2.09
    },
    {
      "ticker": "CMI",
      "company": "Cummins Inc.",
      "sector": "Industrials",
      "country": "United States",
      "shares": 78.0,
      "price": 672.6799926757812,
      "cost_basis": 643.5,
      "market_value": 52469.03942871094,
      "unrealized_pnl": 2276.0394287109375,
      "short_percent_of_float": 0.0171,
      "short_ratio": 2.07
    },
    {
      "ticker": "XNET",
      "company": "Xunlei Limited",
      "sector": "Technology",
      "country": "China",
      "shares": 10526.0,
      "price": 4.820000171661377,
      "cost_basis": 4.75,
      "market_value": 50735.321806907654,
      "unrealized_pnl": 736.8218069076538,
      "short_percent_of_float": 0.0377,
      "short_ratio": 6.03
    },
    {
      "ticker": "CRWV",
      "company": "CoreWeave, Inc.",
      "sector": "Technology",
      "country": "United States",
      "shares": 468.0,
      "price": 102.37000274658203,
      "cost_basis": 106.78134615384614,
      "market_value": 47909.16128540039,
      "unrealized_pnl": -2064.508714599605,
      "short_percent_of_float": 0.18190001,
      "short_ratio": 1.91
    },
    {
      "ticker": "BABA",
      "company": "Alibaba Group Holding Limited",
      "sector": "Consumer Cyclical",
      "country": "Hong Kong",
      "shares": 299.0,
      "price": 120.06999969482422,
      "cost_basis": 125.39999999999999,
      "market_value": 35900.92990875244,
      "unrealized_pnl": -1593.670091247556,
      "short_percent_of_float": 0.0165,
      "short_ratio": 3.21
    },
    {
      "ticker": "PYPL",
      "company": "PayPal Holdings, Inc.",
      "sector": "Financial Services",
      "country": "United States",
      "shares": 830.0,
      "price": 41.2599983215332,
      "cost_basis": 45.19,
      "market_value": 34245.79860687256,
      "unrealized_pnl": -3261.9013931274394,
      "short_percent_of_float": 0.0626,
      "short_ratio": 3.16
    },
    {
      "ticker": "ZTS",
      "company": "Zoetis Inc.",
      "sector": "Healthcare",
      "country": "United States",
      "shares": 312.0,
      "price": 78.81999969482422,
      "cost_basis": 80.09,
      "market_value": 24591.839904785156,
      "unrealized_pnl": -396.2400952148448,
      "short_percent_of_float": 0.0363,
      "short_ratio": 1.45
    },
    {
      "ticker": "AVAV",
      "company": "AeroVironment, Inc.",
      "sector": "Industrials",
      "country": "United States",
      "shares": 122.0,
      "price": 184.67999267578125,
      "cost_basis": 204.09,
      "market_value": 22530.959106445312,
      "unrealized_pnl": -2368.020893554688,
      "short_percent_of_float": 0.120699994,
      "short_ratio": 3.48
    },
    {
      "ticker": "GENC",
      "company": "Gencor Industries, Inc.",
      "sector": "Industrials",
      "country": "United States",
      "shares": 873.0,
      "price": 14.84000015258789,
      "cost_basis": 14.32,
      "market_value": 12955.320133209229,
      "unrealized_pnl": 453.9601332092283,
      "short_percent_of_float": 0.0064,
      "short_ratio": 2.39
    },
    {
      "ticker": "VST",
      "company": "Vistra Corp.",
      "sector": "Utilities",
      "country": "United States",
      "shares": 81.0,
      "price": 146.89999389648438,
      "cost_basis": 154.76,
      "market_value": 11898.899505615234,
      "unrealized_pnl": -636.6604943847649,
      "short_percent_of_float": 0.0539,
      "short_ratio": 2.73
    },
    {
      "ticker": "CEG",
      "company": "Constellation Energy Corporation",
      "sector": "Utilities",
      "country": "United States",
      "shares": 47.0,
      "price": 250.6699981689453,
      "cost_basis": 265.7,
      "market_value": 11781.48991394043,
      "unrealized_pnl": -706.4100860595697,
      "short_percent_of_float": 0.036,
      "short_ratio": 3.46
    },
    {
      "ticker": "OPEN",
      "company": "Opendoor Technologies Inc.",
      "sector": "Real Estate",
      "country": "United States",
      "shares": 2417.0,
      "price": 4.309999942779541,
      "cost_basis": 5.171402565163425,
      "market_value": 10417.26986169815,
      "unrealized_pnl": -2082.0101383018477,
      "short_percent_of_float": 0.16149999,
      "short_ratio": 3.77
    }
  ],
  "sector_exposure": [
    {
      "name": "Technology",
      "value": 444797.3480100632,
      "pct": 0.45929010204601034
    },
    {
      "name": "Communication Services",
      "value": 182995.8034515381,
      "pct": 0.18895832364393292
    },
    {
      "name": "Consumer Cyclical",
      "value": 109981.08807373047,
      "pct": 0.11356458259137843
    },
    {
      "name": "Industrials",
      "value": 87955.31866836548,
      "pct": 0.0908211514016693
    },
    {
      "name": "Cash",
      "value": 49780.460000000036,
      "pct": 0.05140244800375941
    },
    {
      "name": "Financial Services",
      "value": 34245.79860687256,
      "pct": 0.03536162346103234
    },
    {
      "name": "Healthcare",
      "value": 24591.839904785156,
      "pct": 0.025393111514487688
    },
    {
      "name": "Utilities",
      "value": 23680.389419555664,
      "pct": 0.024451963397836896
    },
    {
      "name": "Real Estate",
      "value": 10417.26986169815,
      "pct": 0.010756693939892656
    }
  ],
  "geographic_exposure": [
    {
      "name": "United States",
      "value": 710571.0570549965,
      "pct": 0.7337234692738033
    },
    {
      "name": "Kazakhstan",
      "value": 121457.54722595215,
      "pct": 0.12541497720081643
    },
    {
      "name": "China",
      "value": 50735.321806907654,
      "pct": 0.05238842190557439
    },
    {
      "name": "Cash",
      "value": 49780.460000000036,
      "pct": 0.05140244800375941
    },
    {
      "name": "Hong Kong",
      "value": 35900.92990875244,
      "pct": 0.03707068361604648
    }
  ],
  "signals": [
    {
      "ticker": "AVAV",
      "label": "BUY",
      "composite": 1.0,
      "rsi": 49.1,
      "subs": {
        "rsi": 0.5,
        "macd": 0.5,
        "trend": -0.5,
        "bb": 0.5,
        "vol": 0.0,
        "range": 0.0
      }
    },
    {
      "ticker": "BABA",
      "label": "STRONG SELL",
      "composite": -2.0,
      "rsi": 36.2,
      "subs": {
        "rsi": 0.0,
        "macd": -0.5,
        "trend": -0.5,
        "bb": -0.5,
        "vol": 0.0,
        "range": -0.5
      }
    },
    {
      "ticker": "CEG",
      "label": "SELL",
      "composite": -1.5,
      "rsi": 34.9,
      "subs": {
        "rsi": 0.0,
        "macd": -0.5,
        "trend": -0.5,
        "bb": -0.5,
        "vol": 0.5,
        "range": -0.5
      }
    },
    {
      "ticker": "CMI",
      "label": "BUY",
      "composite": 1.0,
      "rsi": 53.1,
      "subs": {
        "rsi": 0.5,
        "macd": -0.5,
        "trend": 0.5,
        "bb": 0.5,
        "vol": 0.0,
        "range": 0.0
      }
    },
    {
      "ticker": "CRWV",
      "label": "SELL",
      "composite": -1.5,
      "rsi": 44.9,
      "subs": {
        "rsi": 0.0,
        "macd": -0.5,
        "trend": 0.0,
        "bb": -0.5,
        "vol": 0.0,
        "range": -0.5
      }
    },
    {
      "ticker": "GENC",
      "label": "STRONG BUY",
      "composite": 2.0,
      "rsi": 52.6,
      "subs": {
        "rsi": 0.5,
        "macd": 0.5,
        "trend": 0.5,
        "bb": 0.5,
        "vol": 0.0,
        "range": 0.0
      }
    },
    {
      "ticker": "GRPN",
      "label": "SELL",
      "composite": -1.5,
      "rsi": 44.4,
      "subs": {
        "rsi": 0.0,
        "macd": -0.5,
        "trend": 0.0,
        "bb": -0.5,
        "vol": 0.0,
        "range": -0.5
      }
    },
    {
      "ticker": "JAKK",
      "label": "SELL",
      "composite": -1.0,
      "rsi": 46.5,
      "subs": {
        "rsi": 0.5,
        "macd": -0.5,
        "trend": 0.0,
        "bb": -0.5,
        "vol": 0.0,
        "range": -0.5
      }
    },
    {
      "ticker": "KSPI",
      "label": "SELL",
      "composite": -1.0,
      "rsi": 32.8,
      "subs": {
        "rsi": 0.0,
        "macd": -0.5,
        "trend": 0.0,
        "bb": 0.0,
        "vol": 0.0,
        "range": -0.5
      }
    },
    {
      "ticker": "OPEN",
      "label": "STRONG SELL",
      "composite": -2.0,
      "rsi": 39.5,
      "subs": {
        "rsi": 0.0,
        "macd": -0.5,
        "trend": -0.5,
        "bb": -0.5,
        "vol": 0.0,
        "range": -0.5
      }
    },
    {
      "ticker": "PYPL",
      "label": "STRONG SELL",
      "composite": -2.0,
      "rsi": 29.2,
      "subs": {
        "rsi": -0.5,
        "macd": -0.5,
        "trend": -0.5,
        "bb": 0.0,
        "vol": 0.0,
        "range": -0.5
      }
    },
    {
      "ticker": "TENB",
      "label": "STRONG BUY",
      "composite": 2.0,
      "rsi": 60.9,
      "subs": {
        "rsi": 0.5,
        "macd": 0.5,
        "trend": 0.0,
        "bb": 0.5,
        "vol": 0.0,
        "range": 0.5
      }
    },
    {
      "ticker": "VIA",
      "label": "BUY",
      "composite": 1.0,
      "rsi": 47.5,
      "subs": {
        "rsi": 0.5,
        "macd": 0.5,
        "trend": -0.5,
        "bb": 0.5,
        "vol": 0.0,
        "range": 0.0
      }
    },
    {
      "ticker": "VST",
      "label": "STRONG SELL",
      "composite": -2.0,
      "rsi": 43.5,
      "subs": {
        "rsi": 0.0,
        "macd": -0.5,
        "trend": -0.5,
        "bb": -0.5,
        "vol": -0.5,
        "range": 0.0
      }
    },
    {
      "ticker": "XNET",
      "label": "SELL",
      "composite": -1.5,
      "rsi": 34.4,
      "subs": {
        "rsi": 0.0,
        "macd": -0.5,
        "trend": -0.5,
        "bb": -0.5,
        "vol": 0.5,
        "range": -0.5
      }
    },
    {
      "ticker": "ZS",
      "label": "STRONG SELL",
      "composite": -2.0,
      "rsi": 41.4,
      "subs": {
        "rsi": 0.0,
        "macd": -0.5,
        "trend": -0.5,
        "bb": -0.5,
        "vol": 0.0,
        "range": -0.5
      }
    },
    {
      "ticker": "ZTS",
      "label": "LEAN BULL",
      "composite": 0.5,
      "rsi": 32.5,
      "subs": {
        "rsi": 0.0,
        "macd": 0.5,
        "trend": -0.5,
        "bb": 0.5,
        "vol": 0.0,
        "range": 0.0
      }
    }
  ],
  "volatility": [
    {
      "ticker": "AVAV",
      "hv20": 0.8879684993215613,
      "garch": 0.7731430734331611,
      "expansion": -0.1293124992340728,
      "regime": "HIGH",
      "signal": "WEAK"
    },
    {
      "ticker": "BABA",
      "hv20": 0.4711466106865847,
      "garch": 0.4334747416978369,
      "expansion": -0.07995784779996606,
      "regime": "HIGH",
      "signal": "WEAK"
    },
    {
      "ticker": "CEG",
      "hv20": 0.5525311143311176,
      "garch": 0.571223345980892,
      "expansion": 0.03383018831872088,
      "regime": "HIGH",
      "signal": "WEAK"
    },
    {
      "ticker": "CMI",
      "hv20": 0.43273593583512576,
      "garch": 0.3691626157253963,
      "expansion": -0.14691019359656587,
      "regime": "HIGH",
      "signal": "WEAK"
    },
    {
      "ticker": "CRWV",
      "hv20": 0.7991896111239162,
      "garch": 0.9924041445286279,
      "expansion": 0.241763069383485,
      "regime": "LOW",
      "signal": "SIGNAL"
    },
    {
      "ticker": "GENC",
      "hv20": 0.4155923196304386,
      "garch": 0.44527877296708995,
      "expansion": 0.07143166977447939,
      "regime": "NORMAL",
      "signal": "WEAK"
    },
    {
      "ticker": "GRPN",
      "hv20": 0.8792874391308394,
      "garch": 0.8149303875569548,
      "expansion": -0.0731922790088989,
      "regime": "HIGH",
      "signal": "WEAK"
    },
    {
      "ticker": "JAKK",
      "hv20": 0.2603764026094843,
      "garch": 0.45984577989702735,
      "expansion": 0.7660808555939289,
      "regime": "LOW",
      "signal": "SIGNAL"
    },
    {
      "ticker": "KSPI",
      "hv20": 0.2665184890534583,
      "garch": 0.35093019412926735,
      "expansion": 0.3167198845213238,
      "regime": "LOW",
      "signal": "SIGNAL"
    },
    {
      "ticker": "OPEN",
      "hv20": 0.736102259756758,
      "garch": 0.9324185973023558,
      "expansion": 0.26669709940908165,
      "regime": "LOW",
      "signal": "SIGNAL"
    },
    {
      "ticker": "PYPL",
      "hv20": 0.23405545843726822,
      "garch": 0.39071978625867676,
      "expansion": 0.6693470379516822,
      "regime": "LOW",
      "signal": "SIGNAL"
    },
    {
      "ticker": "TENB",
      "hv20": 0.6998980352991583,
      "garch": 0.606519238267524,
      "expansion": -0.13341771561299112,
      "regime": "EXTREME",
      "signal": "WEAK"
    },
    {
      "ticker": "VIA",
      "hv20": 1.008175658547803,
      "garch": null,
      "expansion": null,
      "regime": "NORMAL",
      "signal": "WEAK"
    },
    {
      "ticker": "VST",
      "hv20": 0.4979898239430335,
      "garch": 0.5662887564960413,
      "expansion": 0.13714925339683387,
      "regime": "NORMAL",
      "signal": "BASE"
    },
    {
      "ticker": "XNET",
      "hv20": 0.766444165048805,
      "garch": 0.8737977012748964,
      "expansion": 0.1400670017746896,
      "regime": "HIGH",
      "signal": "BASE"
    },
    {
      "ticker": "ZS",
      "hv20": 1.5794360500508882,
      "garch": 0.576013759835081,
      "expansion": -0.6353041582047452,
      "regime": "EXTREME",
      "signal": "WEAK"
    },
    {
      "ticker": "ZTS",
      "hv20": 0.39860583231357377,
      "garch": 0.3128691984986621,
      "expansion": -0.21509126777519066,
      "regime": "HIGH",
      "signal": "WEAK"
    }
  ],
  "correlation": {
    "tickers": [
      "AVAV",
      "BABA",
      "CEG",
      "CMI",
      "CRWV",
      "GENC",
      "GRPN",
      "JAKK",
      "KSPI",
      "OPEN",
      "PYPL",
      "TENB",
      "VIA",
      "VST",
      "XNET",
      "ZS",
      "ZTS"
    ],
    "matrix": [
      [
        1.0,
        0.131,
        0.264,
        0.247,
        0.307,
        0.098,
        0.233,
        0.084,
        0.093,
        0.337,
        0.2,
        0.19,
        0.033,
        0.301,
        0.331,
        0.174,
        0.069
      ],
      [
        0.131,
        1.0,
        0.181,
        0.334,
        0.353,
        0.131,
        0.192,
        0.117,
        0.214,
        0.196,
        0.244,
        0.064,
        -0.037,
        0.226,
        0.478,
        0.038,
        0.077
      ],
      [
        0.264,
        0.181,
        1.0,
        0.312,
        0.218,
        0.149,
        0.08,
        0.09,
        0.053,
        0.19,
        0.124,
        0.063,
        0.006,
        0.796,
        0.247,
        0.041,
        0.122
      ],
      [
        0.247,
        0.334,
        0.312,
        1.0,
        0.367,
        0.362,
        0.186,
        0.152,
        0.232,
        0.201,
        0.065,
        -0.055,
        0.007,
        0.321,
        0.314,
        -0.056,
        0.202
      ],
      [
        0.307,
        0.353,
        0.218,
        0.367,
        1.0,
        0.12,
        0.167,
        0.062,
        0.132,
        0.241,
        0.132,
        0.117,
        0.224,
        0.309,
        0.372,
        0.182,
        0.088
      ],
      [
        0.098,
        0.131,
        0.149,
        0.362,
        0.12,
        1.0,
        0.16,
        0.315,
        0.159,
        0.131,
        0.098,
        0.167,
        0.066,
        0.173,
        0.167,
        0.053,
        0.152
      ],
      [
        0.233,
        0.192,
        0.08,
        0.186,
        0.167,
        0.16,
        1.0,
        0.15,
        0.336,
        0.306,
        0.262,
        0.255,
        0.179,
        0.115,
        0.221,
        0.149,
        0.16
      ],
      [
        0.084,
        0.117,
        0.09,
        0.152,
        0.062,
        0.315,
        0.15,
        1.0,
        0.108,
        0.138,
        0.214,
        -0.032,
        0.143,
        0.061,
        0.196,
        -0.051,
        0.134
      ],
      [
        0.093,
        0.214,
        0.053,
        0.232,
        0.132,
        0.159,
        0.336,
        0.108,
        1.0,
        0.249,
        0.255,
        0.262,
        0.149,
        0.083,
        0.191,
        0.155,
        0.204
      ],
      [
        0.337,
        0.196,
        0.19,
        0.201,
        0.241,
        0.131,
        0.306,
        0.138,
        0.249,
        1.0,
        0.239,
        0.12,
        0.163,
        0.263,
        0.342,
        0.064,
        0.164
      ],
      [
        0.2,
        0.244,
        0.124,
        0.065,
        0.132,
        0.098,
        0.262,
        0.214,
        0.255,
        0.239,
        1.0,
        0.363,
        0.159,
        0.063,
        0.326,
        0.206,
        0.17
      ],
      [
        0.19,
        0.064,
        0.063,
        -0.055,
        0.117,
        0.167,
        0.255,
        -0.032,
        0.262,
        0.12,
        0.363,
        1.0,
        0.335,
        0.076,
        0.165,
        0.56,
        0.103
      ],
      [
        0.033,
        -0.037,
        0.006,
        0.007,
        0.224,
        0.066,
        0.179,
        0.143,
        0.149,
        0.163,
        0.159,
        0.335,
        1.0,
        0.061,
        0.19,
        0.369,
        0.025
      ],
      [
        0.301,
        0.226,
        0.796,
        0.321,
        0.309,
        0.173,
        0.115,
        0.061,
        0.083,
        0.263,
        0.063,
        0.076,
        0.061,
        1.0,
        0.269,
        0.069,
        0.091
      ],
      [
        0.331,
        0.478,
        0.247,
        0.314,
        0.372,
        0.167,
        0.221,
        0.196,
        0.191,
        0.342,
        0.326,
        0.165,
        0.19,
        0.269,
        1.0,
        0.221,
        0.039
      ],
      [
        0.174,
        0.038,
        0.041,
        -0.056,
        0.182,
        0.053,
        0.149,
        -0.051,
        0.155,
        0.064,
        0.206,
        0.56,
        0.369,
        0.069,
        0.221,
        1.0,
        -0.032
      ],
      [
        0.069,
        0.077,
        0.122,
        0.202,
        0.088,
        0.152,
        0.16,
        0.134,
        0.204,
        0.164,
        0.17,
        0.103,
        0.025,
        0.091,
        0.039,
        -0.032,
        1.0
      ]
    ]
  },
  "residual_correlation": {
    "tickers": [
      "AVAV",
      "BABA",
      "CEG",
      "CMI",
      "CRWV",
      "GENC",
      "GRPN",
      "JAKK",
      "KSPI",
      "OPEN",
      "PYPL",
      "TENB",
      "VIA",
      "VST",
      "XNET",
      "ZS",
      "ZTS"
    ],
    "matrix": [
      [
        1.0,
        -0.012,
        0.117,
        0.064,
        0.116,
        -0.032,
        0.086,
        -0.057,
        -0.123,
        0.15,
        0.009,
        0.073,
        -0.142,
        0.148,
        0.163,
        0.099,
        -0.051
      ],
      [
        -0.012,
        1.0,
        0.009,
        0.102,
        0.188,
        -0.081,
        0.024,
        -0.046,
        0.037,
        0.04,
        0.122,
        -0.05,
        -0.161,
        0.056,
        0.344,
        -0.048,
        -0.024
      ],
      [
        0.117,
        0.009,
        1.0,
        0.032,
        -0.04,
        0.03,
        -0.059,
        -0.014,
        -0.12,
        0.029,
        0.039,
        -0.015,
        -0.093,
        0.732,
        0.082,
        0.017,
        0.081
      ],
      [
        0.064,
        0.102,
        0.032,
        1.0,
        0.097,
        0.069,
        -0.063,
        -0.145,
        -0.013,
        -0.067,
        -0.104,
        -0.261,
        -0.116,
        -0.005,
        0.017,
        -0.121,
        0.071
      ],
      [
        0.116,
        0.188,
        -0.04,
        0.097,
        1.0,
        0.014,
        -0.04,
        -0.033,
        -0.095,
        0.017,
        -0.043,
        -0.008,
        0.107,
        0.056,
        0.106,
        0.128,
        0.044
      ],
      [
        -0.032,
        -0.081,
        0.03,
        0.069,
        0.014,
        1.0,
        -0.028,
        0.063,
        -0.072,
        -0.077,
        0.005,
        0.089,
        -0.01,
        0.033,
        -0.04,
        0.012,
        -0.05
      ],
      [
        0.086,
        0.024,
        -0.059,
        -0.063,
        -0.04,
        -0.028,
        1.0,
        0.007,
        0.17,
        0.108,
        0.09,
        0.119,
        0.056,
        -0.038,
        -0.014,
        0.048,
        0.031
      ],
      [
        -0.057,
        -0.046,
        -0.014,
        -0.145,
        -0.033,
        0.063,
        0.007,
        1.0,
        -0.093,
        -0.028,
        0.103,
        -0.134,
        0.082,
        -0.051,
        0.028,
        -0.118,
        -0.052
      ],
      [
        -0.123,
        0.037,
        -0.12,
        -0.013,
        -0.095,
        -0.072,
        0.17,
        -0.093,
        1.0,
        0.067,
        0.074,
        0.15,
        0.017,
        -0.11,
        -0.027,
        0.055,
        0.072
      ],
      [
        0.15,
        0.04,
        0.029,
        -0.067,
        0.017,
        -0.077,
        0.108,
        -0.028,
        0.067,
        1.0,
        0.064,
        -0.024,
        0.033,
        0.106,
        0.156,
        -0.043,
        0.021
      ],
      [
        0.009,
        0.122,
        0.039,
        -0.104,
        -0.043,
        0.005,
        0.09,
        0.103,
        0.074,
        0.064,
        1.0,
        0.251,
        0.002,
        -0.043,
        0.181,
        0.066,
        0.024
      ],
      [
        0.073,
        -0.05,
        -0.015,
        -0.261,
        -0.008,
        0.089,
        0.119,
        -0.134,
        0.15,
        -0.024,
        0.251,
        1.0,
        0.263,
        -0.015,
        0.03,
        0.521,
        -0.01
      ],
      [
        -0.142,
        -0.161,
        -0.093,
        -0.116,
        0.107,
        -0.01,
        0.056,
        0.082,
        0.017,
        0.033,
        0.002,
        0.263,
        1.0,
        -0.038,
        0.056,
        0.302,
        -0.062
      ],
      [
        0.148,
        0.056,
        0.732,
        -0.005,
        0.056,
        0.033,
        -0.038,
        -0.051,
        -0.11,
        0.106,
        -0.043,
        -0.015,
        -0.038,
        1.0,
        0.088,
        0.049,
        0.04
      ],
      [
        0.163,
        0.344,
        0.082,
        0.017,
        0.106,
        -0.04,
        -0.014,
        0.028,
        -0.027,
        0.156,
        0.181,
        0.03,
        0.056,
        0.088,
        1.0,
        0.142,
        -0.108
      ],
      [
        0.099,
        -0.048,
        0.017,
        -0.121,
        0.128,
        0.012,
        0.048,
        -0.118,
        0.055,
        -0.043,
        0.066,
        0.521,
        0.302,
        0.049,
        0.142,
        1.0,
        -0.11
      ],
      [
        -0.051,
        -0.024,
        0.081,
        0.071,
        0.044,
        -0.05,
        0.031,
        -0.052,
        0.072,
        0.021,
        0.024,
        -0.01,
        -0.062,
        0.04,
        -0.108,
        -0.11,
        1.0
      ]
    ]
  },
  "factor_correlation": {
    "factors": [
      "Market",
      "Size",
      "Value (SMID)",
      "Momentum",
      "Quality",
      "Profitability",
      "Liquidity",
      "Credit"
    ],
    "matrix": [
      [
        1.0,
        0.357,
        -0.473,
        0.372,
        -0.19,
        -0.522,
        0.322,
        0.191
      ],
      [
        0.357,
        1.0,
        -0.158,
        0.231,
        0.128,
        0.158,
        0.342,
        0.058
      ],
      [
        -0.473,
        -0.158,
        1.0,
        -0.525,
        0.268,
        0.563,
        -0.371,
        -0.136
      ],
      [
        0.372,
        0.231,
        -0.525,
        1.0,
        -0.192,
        -0.509,
        0.264,
        0.025
      ],
      [
        -0.19,
        0.128,
        0.268,
        -0.192,
        1.0,
        0.397,
        -0.22,
        -0.135
      ],
      [
        -0.522,
        0.158,
        0.563,
        -0.509,
        0.397,
        1.0,
        -0.267,
        -0.086
      ],
      [
        0.322,
        0.342,
        -0.371,
        0.264,
        -0.22,
        -0.267,
        1.0,
        0.171
      ],
      [
        0.191,
        0.058,
        -0.136,
        0.025,
        -0.135,
        -0.086,
        0.171,
        1.0
      ]
    ]
  },
  "factor_exposures": [
    {
      "ticker": "AVAV",
      "r_squared": 0.17925648676884276,
      "alpha_annual": -0.20152267774490684,
      "idio_vol_annual": 0.6624338674660993,
      "Market": 1.008844146955397,
      "Size": 0.8091743604831005,
      "Value (SMID)": -2.163603854870394,
      "Momentum": -0.6242444633263058,
      "Quality": -1.340770822614731,
      "Profitability": 0.004651749321911066,
      "Liquidity": 0.05033629555839865,
      "Credit": -1.6811984261724089
    },
    {
      "ticker": "BABA",
      "r_squared": 0.15008607381271766,
      "alpha_annual": -0.3217620951028553,
      "idio_vol_annual": 0.3973702530655815,
      "Market": 1.1819698648979249,
      "Size": 0.17334765431445862,
      "Value (SMID)": 0.2267266644319175,
      "Momentum": -0.11765793822667825,
      "Quality": -0.17395220072754916,
      "Profitability": -0.24950862820430805,
      "Liquidity": 0.19534968382229598,
      "Credit": 0.8931093661211167
    },
    {
      "ticker": "CEG",
      "r_squared": 0.24915388736355382,
      "alpha_annual": -0.39341001979997575,
      "idio_vol_annual": 0.40456706502255324,
      "Market": 0.7232424171100539,
      "Size": 0.36642937041131735,
      "Value (SMID)": -0.4621694561882614,
      "Momentum": 0.6846832045466696,
      "Quality": -0.7544939183054706,
      "Profitability": -0.631283466043416,
      "Liquidity": -0.3414540660351544,
      "Credit": -0.8060285170216399
    },
    {
      "ticker": "CMI",
      "r_squared": 0.49903716744215,
      "alpha_annual": 0.35364575298896356,
      "idio_vol_annual": 0.23287874448186638,
      "Market": 1.1343709946254628,
      "Size": 0.8480608423894168,
      "Value (SMID)": 0.4219203548370297,
      "Momentum": 0.7861745397095169,
      "Quality": 0.3838634492856236,
      "Profitability": -0.20541942477360356,
      "Liquidity": -0.32157188832835115,
      "Credit": 0.9096577971556378
    },
    {
      "ticker": "CRWV",
      "r_squared": 0.28711888161538457,
      "alpha_annual": -0.8053964555468698,
      "idio_vol_annual": 0.8045968790204459,
      "Market": 0.9166117684946361,
      "Size": 0.756890271671158,
      "Value (SMID)": -2.163320059825147,
      "Momentum": 1.0218433603223758,
      "Quality": -4.614951276196973,
      "Profitability": -0.009557420147828694,
      "Liquidity": 0.4181520609546892,
      "Credit": 1.5395828344115412
    },
    {
      "ticker": "GENC",
      "r_squared": 0.33458431222449037,
      "alpha_annual": -0.44824140052921013,
      "idio_vol_annual": 0.32696636525942896,
      "Market": 1.4149754584115586,
      "Size": 1.1714516203930125,
      "Value (SMID)": 1.1703855269337453,
      "Momentum": 0.005000878844799197,
      "Quality": -0.5207092399629785,
      "Profitability": 0.13777047620731486,
      "Liquidity": -0.16650733587377334,
      "Credit": 0.5768130436308327
    },
    {
      "ticker": "GRPN",
      "r_squared": 0.15929612223274092,
      "alpha_annual": -1.1438086685576432,
      "idio_vol_annual": 0.6293404433767344,
      "Market": 1.8699114932798226,
      "Size": 0.2149555467657492,
      "Value (SMID)": -0.8860500421535683,
      "Momentum": -0.09357532643869856,
      "Quality": -1.9353964813450915,
      "Profitability": 1.4677690251614366,
      "Liquidity": 0.20364631214147186,
      "Credit": 1.6144896413516634
    },
    {
      "ticker": "JAKK",
      "r_squared": 0.2876649294113567,
      "alpha_annual": -0.32170372271444425,
      "idio_vol_annual": 0.3609767769155825,
      "Market": 1.4045324539730273,
      "Size": 0.986494057945828,
      "Value (SMID)": 0.8321675657527883,
      "Momentum": -0.39908075413223804,
      "Quality": 1.5471507614615854,
      "Profitability": -0.2764313505393825,
      "Liquidity": 0.41649060240742103,
      "Credit": -0.3208347605102417
    },
    {
      "ticker": "KSPI",
      "r_squared": 0.22972911081456115,
      "alpha_annual": -0.29088016687224433,
      "idio_vol_annual": 0.31553262413419003,
      "Market": 1.2972377103262314,
      "Size": 0.3763062000213514,
      "Value (SMID)": -0.3080062312959954,
      "Momentum": -0.6053665148201233,
      "Quality": 0.11972278158349137,
      "Profitability": 0.1380104404315587,
      "Liquidity": -0.038644862513363215,
      "Credit": 0.386370678955469
    },
    {
      "ticker": "OPEN",
      "r_squared": 0.11898728559193439,
      "alpha_annual": 1.2800417245127778,
      "idio_vol_annual": 1.3594645774091167,
      "Market": 2.9784862198484534,
      "Size": 1.1753342990662226,
      "Value (SMID)": -1.7295573045227048,
      "Momentum": -1.6376803303769596,
      "Quality": 1.6207331181790334,
      "Profitability": 1.0334648079488966,
      "Liquidity": 1.7992326153226084,
      "Credit": -3.022077397284219
    },
    {
      "ticker": "PYPL",
      "r_squared": 0.30974550816791013,
      "alpha_annual": -0.771605997069507,
      "idio_vol_annual": 0.33634271150485984,
      "Market": 1.8903122758763302,
      "Size": -0.4278501613400391,
      "Value (SMID)": -0.9223563187672681,
      "Momentum": -0.9383788329224262,
      "Quality": 1.578847103800784,
      "Profitability": 0.7612444176010168,
      "Liquidity": 0.4721388241143948,
      "Credit": -0.09977918108810854
    },
    {
      "ticker": "TENB",
      "r_squared": 0.15019310732179136,
      "alpha_annual": -0.38561376454908985,
      "idio_vol_annual": 0.40780303347801244,
      "Market": 1.5464149885798422,
      "Size": -0.13301227524552806,
      "Value (SMID)": -0.7871398743812926,
      "Momentum": -0.2813109980202111,
      "Quality": -0.4810069385235569,
      "Profitability": 1.343238853686898,
      "Liquidity": -0.2388658725370933,
      "Credit": -0.29076317725684314
    },
    {
      "ticker": "VIA",
      "r_squared": 0.12601181075892132,
      "alpha_annual": -1.6738842365613287,
      "idio_vol_annual": 0.6851528536949769,
      "Market": 1.2757770648770228,
      "Size": 0.307995520790491,
      "Value (SMID)": -1.51824732531907,
      "Momentum": -1.2712472218609807,
      "Quality": -1.7391148108464591,
      "Profitability": 0.6478424164371807,
      "Liquidity": 0.5620489812307459,
      "Credit": -0.9589870471710725
    },
    {
      "ticker": "VST",
      "r_squared": 0.2726232344268352,
      "alpha_annual": -0.39312717925978485,
      "idio_vol_annual": 0.41303091762619426,
      "Market": 0.5692611744184615,
      "Size": 0.7403164553868092,
      "Value (SMID)": -0.6804541348983549,
      "Momentum": 0.725411632294974,
      "Quality": -1.7030552467458668,
      "Profitability": -0.5219503248462762,
      "Liquidity": -0.6987621880226923,
      "Credit": -0.6576705637944092
    },
    {
      "ticker": "XNET",
      "r_squared": 0.16951003934547282,
      "alpha_annual": -0.7173538251983593,
      "idio_vol_annual": 0.7256105647109856,
      "Market": 1.998898270571766,
      "Size": 0.1606251127341759,
      "Value (SMID)": -0.6859583757067208,
      "Momentum": -0.5541302533460677,
      "Quality": 0.28989897241319906,
      "Profitability": 0.511593562049037,
      "Liquidity": 1.3043848146747543,
      "Credit": 2.3574707989075034
    },
    {
      "ticker": "ZS",
      "r_squared": 0.09348618061303371,
      "alpha_annual": -0.9949419502835148,
      "idio_vol_annual": 0.595504135992521,
      "Market": 1.358284800186479,
      "Size": -0.4370536467139306,
      "Value (SMID)": -1.1832128233592722,
      "Momentum": -1.058896463737007,
      "Quality": -1.000602341613986,
      "Profitability": 0.8436888321969948,
      "Liquidity": 0.13945540475720455,
      "Credit": 0.002736378658860835
    },
    {
      "ticker": "ZTS",
      "r_squared": 0.17670420469300574,
      "alpha_annual": -0.9769488881046563,
      "idio_vol_annual": 0.3413520983217355,
      "Market": 1.4217784476124429,
      "Size": -0.006555090823484733,
      "Value (SMID)": 0.09234420920961746,
      "Momentum": -0.11090816423345674,
      "Quality": 1.3249287366386715,
      "Profitability": 0.9394454160220642,
      "Liquidity": 0.1644764194550501,
      "Credit": -0.6272276287110748
    }
  ],
  "portfolio_factor_exposure": {
    "loadings": {
      "Market": 1.472162612914018,
      "Size": 0.30273628670697234,
      "Value (SMID)": -0.6521944763819723,
      "Momentum": -0.3293810201535369,
      "Quality": -0.671999682435982,
      "Profitability": 0.58146480453601,
      "Liquidity": 0.2147821587438821,
      "Credit": 0.4356072551157818
    },
    "alpha_annual": -0.6723141958922026,
    "r_squared_weighted": 0.2078952138042634
  },
  "stress_tests": [
    {
      "scenario": "COVID Crash (Feb-Mar 2020)",
      "market_move": -0.339,
      "portfolio_impact": -0.5231085588168601,
      "stressed_nav": 461843.28245268407,
      "pnl": -506602.03354392474,
      "description": "Rapid 33.9% selloff in SPY over 23 trading days as COVID-19 spread."
    },
    {
      "scenario": "2022 Rate Shock (Jan-Oct)",
      "market_move": -0.252,
      "portfolio_impact": -0.3888594596514713,
      "stressed_nav": 591856.1937161691,
      "pnl": -376589.1222804397,
      "description": "Grinding 9-month decline as the Fed hiked rates aggressively."
    },
    {
      "scenario": "GFC 2008-09",
      "market_move": -0.565,
      "portfolio_impact": -0.8718475980281002,
      "stressed_nav": 124108.59342340095,
      "pnl": -844336.7225732079,
      "description": "Credit crisis bear market; SPY drew down 56.5% from Oct 2007 peak."
    },
    {
      "scenario": "Dot-Com Bust (2000-02)",
      "market_move": -0.491,
      "portfolio_impact": -0.757658709082827,
      "stressed_nav": 234694.28806130774,
      "pnl": -733751.0279353011,
      "description": "Tech bubble burst; SPY -49.1% peak-to-trough over 30 months."
    },
    {
      "scenario": "Black Monday (Oct 1987)",
      "market_move": -0.204,
      "portfolio_impact": -0.3147909911464291,
      "stressed_nav": 663587.4551029196,
      "pnl": -304857.8608936892,
      "description": "Flash crash; -20.4% on a single trading day."
    },
    {
      "scenario": "Aug 2024 Yen Carry Unwind",
      "market_move": -0.084,
      "portfolio_impact": -0.12961981988382376,
      "stressed_nav": 842915.6085697956,
