{
  "generated_at": "2026-06-29T17:58:25.397270Z",
  "market_session": "OPEN",
  "fund_name": "Convex Capital",
  "tagline": "Lose small. Win big. \u2014 Paper-traded portfolio. Hypothetical performance for educational purposes only.",
  "summary": {
    "nav": 1131073.358535347,
    "cash": 4722.310000000056,
    "equity": 1126351.048535347,
    "deposits": 1000000.0,
    "total_return": 0.13107335853534696,
    "realized_pnl": 0.0,
    "open_positions": 16
  },
  "metrics": {
    "period_return": 0.13070419146999024,
    "calendar_days_since_inception": 28,
    "trading_days_observed": 19,
    "annualized_return": 3.9595508632227476,
    "annualized_return_arithmetic": 1.6777958829467767,
    "annualized_vol": 0.30424971967811626,
    "sharpe": 5.373878388497597,
    "sortino": 11.533198289624007,
    "calmar": 104.1939672852647,
    "max_drawdown": -0.038001728568240384,
    "var_95_1d": -0.01626666375148884,
    "risk_free_rate": 0.043720002174377444,
    "beta_benchmark": 0.8107091439163027,
    "benchmark_annualized_return": 0.26325891328955264,
    "benchmark_annualized_return_arithmetic": 0.23380321417008582,
    "benchmark_period_return": 0.03305848987258364,
    "period_active_return": 0.0976457015974066,
    "treynor": 2.0156129889921415,
    "jensens_alpha": 1.4799736827024974,
    "information_ratio": 4.975826287345273,
    "tracking_error": 0.2454258807680235,
    "annualized_active_return": 2.3812555456567646,
    "annualized_active_return_arithmetic": 1.2211965491203978,
    "up_capture": 1.4640383411488174,
    "down_capture": 0.6130787137985435,
    "data_basis": "realized_nav",
    "days_of_live_nav": 20,
    "benchmark_ticker": "IWM",
    "benchmark_name": "Russell 2000",
    "beta_spy": 0.8107091439163027,
    "beta_spy_stress": 1.5264065197948475
  },
  "nav_curve": [
    {
      "date": "2026-06-01",
      "value": 999882.8292976379
    },
    {
      "date": "2026-06-02",
      "value": 1005079.4966617966
    },
    {
      "date": "2026-06-03",
      "value": 995768.7768651581
    },
    {
      "date": "2026-06-04",
      "value": 1004929.1794892884
    },
    {
      "date": "2026-06-05",
      "value": 974274.0015833282
    },
    {
      "date": "2026-06-08",
      "value": 974266.9881036186
    },
    {
      "date": "2026-06-09",
      "value": 979640.5088702394
    },
    {
      "date": "2026-06-10",
      "value": 966884.7384401513
    },
    {
      "date": "2026-06-11",
      "value": 990753.0886875344
    },
    {
      "date": "2026-06-12",
      "value": 996222.4282127572
    },
    {
      "date": "2026-06-15",
      "value": 1017018.2685251809
    },
    {
      "date": "2026-06-16",
      "value": 1019223.7061524964
    },
    {
      "date": "2026-06-17",
      "value": 1004256.765778122
    },
    {
      "date": "2026-06-18",
      "value": 1005956.2144795037
    },
    {
      "date": "2026-06-22",
      "value": 1013145.2704611397
    },
    {
      "date": "2026-06-23",
      "value": 1003670.4086042023
    },
    {
      "date": "2026-06-24",
      "value": 1028642.2278996087
    },
    {
      "date": "2026-06-25",
      "value": 1087855.2699132538
    },
    {
      "date": "2026-06-26",
      "value": 1108818.5221582032
    },
    {
      "date": "2026-06-29",
      "value": 1130571.706065712
    }
  ],
  "drawdown_curve": [
    {
      "date": "2026-06-01",
      "value": 0.0
    },
    {
      "date": "2026-06-02",
      "value": 0.0
    },
    {
      "date": "2026-06-03",
      "value": -0.009263665040986776
    },
    {
      "date": "2026-06-04",
      "value": -0.00014955749570802555
    },
    {
      "date": "2026-06-05",
      "value": -0.030649809473562682
    },
    {
      "date": "2026-06-08",
      "value": -0.03065678750836781
    },
    {
      "date": "2026-06-09",
      "value": -0.025310423579476604
    },
    {
      "date": "2026-06-10",
      "value": -0.038001728568240384
    },
    {
      "date": "2026-06-11",
      "value": -0.01425400480444075
    },
    {
      "date": "2026-06-12",
      "value": -0.008812306368259061
    },
    {
      "date": "2026-06-15",
      "value": 0.0
    },
    {
      "date": "2026-06-16",
      "value": 0.0
    },
    {
      "date": "2026-06-17",
      "value": -0.014684647034823809
    },
    {
      "date": "2026-06-18",
      "value": -0.01301725184854327
    },
    {
      "date": "2026-06-22",
      "value": -0.005963789553426265
    },
    {
      "date": "2026-06-23",
      "value": -0.015259944852545435
    },
    {
      "date": "2026-06-24",
      "value": 0.0
    },
    {
      "date": "2026-06-25",
      "value": 0.0
    },
    {
      "date": "2026-06-26",
      "value": 0.0
    },
    {
      "date": "2026-06-29",
      "value": 0.0
    }
  ],
  "benchmarks": {
    "SPY": [
      {
        "date": "2026-06-01",
        "value": 0.0
      },
      {
        "date": "2026-06-02",
        "value": 0.0013579397972762752
      },
      {
        "date": "2026-06-03",
        "value": -0.005668771434361286
      },
      {
        "date": "2026-06-04",
        "value": -0.0019115061781299625
      },
      {
        "date": "2026-06-05",
        "value": -0.027671542654459702
      },
      {
        "date": "2026-06-08",
        "value": -0.025470023194608782
      },
      {
        "date": "2026-06-09",
        "value": -0.02833070775180091
      },
      {
        "date": "2026-06-10",
        "value": -0.04364962071587053
      },
      {
        "date": "2026-06-11",
        "value": -0.027394678792744487
      },
      {
        "date": "2026-06-12",
        "value": -0.022134588105308994
      },
      {
        "date": "2026-06-15",
        "value": -0.0048909388718152425
      },
      {
        "date": "2026-06-16",
        "value": -0.010823344076597685
      },
      {
        "date": "2026-06-17",
        "value": -0.023176054438276084
      },
      {
        "date": "2026-06-18",
        "value": -0.013020023259145863
      },
      {
        "date": "2026-06-22",
        "value": -0.016126029204297176
      },
      {
        "date": "2026-06-23",
        "value": -0.030413801760312054
      },
      {
        "date": "2026-06-24",
        "value": -0.03086322150786902
      },
      {
        "date": "2026-06-25",
        "value": -0.029462203242598517
      },
      {
        "date": "2026-06-26",
        "value": -0.03648052466024476
      },
      {
        "date": "2026-06-29",
        "value": -0.021545123001126765
      }
    ],
    "IWM": [
      {
        "date": "2026-06-01",
        "value": 0.0
      },
      {
        "date": "2026-06-02",
        "value": 0.009273902616242058
      },
      {
        "date": "2026-06-03",
        "value": -0.004533265755123028
      },
      {
        "date": "2026-06-04",
        "value": 0.010485102307313143
      },
      {
        "date": "2026-06-05",
        "value": -0.025365222965751943
      },
      {
        "date": "2026-06-08",
        "value": -0.016852527916236926
      },
      {
        "date": "2026-06-09",
        "value": -0.013703535746163342
      },
      {
        "date": "2026-06-10",
        "value": -0.023981055236295123
      },
      {
        "date": "2026-06-11",
        "value": 0.00494832553389335
      },
      {
        "date": "2026-06-12",
        "value": 0.01373793881377372
      },
      {
        "date": "2026-06-15",
        "value": 0.022010765090349826
      },
      {
        "date": "2026-06-16",
        "value": 0.013130856989941098
      },
      {
        "date": "2026-06-17",
        "value": 0.005499833171586088
      },
      {
        "date": "2026-06-18",
        "value": 0.025305943833869415
      },
      {
        "date": "2026-06-22",
        "value": 0.03428980212625787
      },
      {
        "date": "2026-06-23",
        "value": 0.02436943940571834
      },
      {
        "date": "2026-06-24",
        "value": 0.0291215086708434
      },
      {
        "date": "2026-06-25",
        "value": 0.036821973757975135
      },
      {
        "date": "2026-06-26",
        "value": 0.04001309645392226
      },
      {
        "date": "2026-06-29",
        "value": 0.03305848987258364
      }
    ]
  },
  "holdings": [
    {
      "ticker": "GRPN",
      "company": "Groupon, Inc.",
      "sector": "Communication Services",
      "country": "United States",
      "shares": 11310.0,
      "price": 23.434999465942383,
      "cost_basis": 17.3017824933687,
      "market_value": 265049.84395980835,
      "unrealized_pnl": 69366.68395980833,
      "short_percent_of_float": 0.5577,
      "short_ratio": 7.12
    },
    {
      "ticker": "TENB",
      "company": "Tenable Holdings, Inc.",
      "sector": "Technology",
      "country": "United States",
      "shares": 4766.0,
      "price": 32.720001220703125,
      "cost_basis": 26.224616030214015,
      "market_value": 155943.5258178711,
      "unrealized_pnl": 30957.005817871097,
      "short_percent_of_float": 0.1225,
      "short_ratio": 3.03
    },
    {
      "ticker": "KSPI",
      "company": "Joint Stock Company Kaspi.kz",
      "sector": "Technology",
      "country": "Kazakhstan",
      "shares": 1515.0,
      "price": 87.55999755859375,
      "cost_basis": 82.53049504950495,
      "market_value": 132653.39630126953,
      "unrealized_pnl": 7619.696301269532,
      "short_percent_of_float": 0.019199999,
      "short_ratio": 3.76
    },
    {
      "ticker": "CMI",
      "company": "Cummins Inc.",
      "sector": "Industrials",
      "country": "United States",
      "shares": 153.0,
      "price": 692.2999877929688,
      "cost_basis": 651.1282352941176,
      "market_value": 105921.89813232422,
      "unrealized_pnl": 6299.278132324219,
      "short_percent_of_float": 0.0214,
      "short_ratio": 2.63
    },
    {
      "ticker": "JAKK",
      "company": "JAKKS Pacific, Inc.",
      "sector": "Consumer Cyclical",
      "country": "United States",
      "shares": 3436.0,
      "price": 23.31999969482422,
      "cost_basis": 21.83,
      "market_value": 80127.51895141602,
      "unrealized_pnl": 5119.638951416022,
      "short_percent_of_float": 0.0436,
      "short_ratio": 10.5
    },
    {
      "ticker": "VIA",
      "company": "Via Transportation, Inc.",
      "sector": "Technology",
      "country": "United States",
      "shares": 3280.0,
      "price": 18.5,
      "cost_basis": 15.241405487804878,
      "market_value": 60680.0,
      "unrealized_pnl": 10688.19,
      "short_percent_of_float": 0.16370001,
      "short_ratio": 7.41
    },
    {
      "ticker": "XNET",
      "company": "Xunlei Limited",
      "sector": "Technology",
      "country": "China",
      "shares": 10526.0,
      "price": 5.28000020980835,
      "cost_basis": 4.75,
      "market_value": 55577.28220844269,
      "unrealized_pnl": 5578.782208442688,
      "short_percent_of_float": 0.0537,
      "short_ratio": 5.2
    },
    {
      "ticker": "ZS",
      "company": "Zscaler, Inc.",
      "sector": "Technology",
      "country": "United States",
      "shares": 365.0,
      "price": 137.11500549316406,
      "cost_basis": 136.79813698630136,
      "market_value": 50046.97700500488,
      "unrealized_pnl": 115.65700500488703,
      "short_percent_of_float": 0.1129,
      "short_ratio": 1.62
    },
    {
      "ticker": "CRWV",
      "company": "CoreWeave, Inc.",
      "sector": "Technology",
      "country": "United States",
      "shares": 468.0,
      "price": 95.5,
      "cost_basis": 106.78134615384614,
      "market_value": 44694.0,
      "unrealized_pnl": -5279.6699999999955,
      "short_percent_of_float": 0.2299,
      "short_ratio": 2.46
    },
    {
      "ticker": "VST",
      "company": "Vistra Corp.",
      "sector": "Utilities",
      "country": "United States",
      "shares": 162.0,
      "price": 163.74009704589844,
      "cost_basis": 154.76,
      "market_value": 26525.895721435547,
      "unrealized_pnl": 1454.7757214355483,
      "short_percent_of_float": 0.052699998,
      "short_ratio": 3.04
    },
    {
      "ticker": "GENC",
      "company": "Gencor Industries, Inc.",
      "sector": "Industrials",
      "country": "United States",
      "shares": 1746.0,
      "price": 15.163599967956543,
      "cost_basis": 14.32,
      "market_value": 26475.645544052124,
      "unrealized_pnl": 1472.9255440521235,
      "short_percent_of_float": 0.006,
      "short_ratio": 1.66
    },
    {
      "ticker": "ESI",
      "company": "Element Solutions Inc",
      "sector": "Basic Materials",
      "country": "United States",
      "shares": 557.0,
      "price": 46.20000076293945,
      "cost_basis": 44.92,
      "market_value": 25733.400424957275,
      "unrealized_pnl": 712.9604249572744,
      "short_percent_of_float": 0.087,
      "short_ratio": 5.6
    },
    {
      "ticker": "OPEN",
      "company": "Opendoor Technologies Inc.",
      "sector": "Real Estate",
      "country": "United States",
      "shares": 5479.0,
      "price": 4.542200088500977,
      "cost_basis": 4.562927541522176,
      "market_value": 24886.71428489685,
      "unrealized_pnl": -113.5657151031502,
      "short_percent_of_float": 0.17889999,
      "short_ratio": 4.06
    },
    {
      "ticker": "PYPL",
      "company": "PayPal Holdings, Inc.",
      "sector": "Financial Services",
      "country": "United States",
      "shares": 553.0,
      "price": 44.22999954223633,
      "cost_basis": 45.19,
      "market_value": 24459.18974685669,
      "unrealized_pnl": -530.8802531433093,
      "short_percent_of_float": 0.0687,
      "short_ratio": 3.63
    },
    {
      "ticker": "CEG",
      "company": "Constellation Energy Corporation",
      "sector": "Utilities",
      "country": "United States",
      "shares": 94.0,
      "price": 260.05999755859375,
      "cost_basis": 265.7,
      "market_value": 24445.639770507812,
      "unrealized_pnl": -530.1602294921864,
      "short_percent_of_float": 0.0356,
      "short_ratio": 2.75
    },
    {
      "ticker": "ZTS",
      "company": "Zoetis Inc.",
      "sector": "Healthcare",
      "country": "United States",
      "shares": 312.0,
      "price": 74.13500213623047,
      "cost_basis": 80.09,
      "market_value": 23130.120666503906,
      "unrealized_pnl": -1857.9593334960948,
      "short_percent_of_float": 0.0434,
      "short_ratio": 2.25
    }
  ],
  "sector_exposure": [
    {
      "name": "Technology",
      "value": 499595.1813325882,
      "pct": 0.4417000697280374
    },
    {
      "name": "Communication Services",
      "value": 265049.84395980835,
      "pct": 0.23433479531604165
    },
    {
      "name": "Industrials",
      "value": 132397.54367637634,
      "pct": 0.11705478046783895
    },
    {
      "name": "Consumer Cyclical",
      "value": 80127.51895141602,
      "pct": 0.07084201775840161
    },
    {
      "name": "Utilities",
      "value": 50971.53549194336,
      "pct": 0.04506474766406626
    },
    {
      "name": "Basic Materials",
      "value": 25733.400424957275,
      "pct": 0.02275130983394397
    },
    {
      "name": "Real Estate",
      "value": 24886.71428489685,
      "pct": 0.022002741110552927
    },
    {
      "name": "Financial Services",
      "value": 24459.18974685669,
      "pct": 0.02162475984628394
    },
    {
      "name": "Healthcare",
      "value": 23130.120666503906,
      "pct": 0.020449708670050925
    },
    {
      "name": "Cash",
      "value": 4722.310000000056,
      "pct": 0.004175069604782385
    }
  ],
  "geographic_exposure": [
    {
      "name": "United States",
      "value": 938120.3700256348,
      "pct": 0.8294071847297584
    },
    {
      "name": "Kazakhstan",
      "value": 132653.39630126953,
      "pct": 0.11728098385505735
    },
    {
      "name": "China",
      "value": 55577.28220844269,
      "pct": 0.04913676181040193
    },
    {
      "name": "Cash",
      "value": 4722.310000000056,
      "pct": 0.004175069604782385
    }
  ],
  "signals": [
    {
      "ticker": "CEG",
      "label": "LEAN BEAR",
      "composite": -0.5,
      "rsi": 43.0,
      "subs": {
        "rsi": 0.0,
        "macd": 0.5,
        "trend": -0.5,
        "bb": -0.5,
        "vol": 0.0,
        "range": 0.0
      }
    },
    {
      "ticker": "CMI",
      "label": "STRONG BUY",
      "composite": 2.5,
      "rsi": 52.3,
      "subs": {
        "rsi": 0.5,
        "macd": 0.5,
        "trend": 0.5,
        "bb": 0.5,
        "vol": 0.5,
        "range": 0.0
      }
    },
    {
      "ticker": "CRWV",
      "label": "SELL",
      "composite": -1.5,
      "rsi": 40.8,
      "subs": {
        "rsi": 0.0,
        "macd": -0.5,
        "trend": 0.0,
        "bb": -0.5,
        "vol": 0.0,
        "range": -0.5
      }
    },
    {
      "ticker": "ESI",
      "label": "STRONG BUY",
      "composite": 3.0,
      "rsi": 56.6,
      "subs": {
        "rsi": 0.5,
        "macd": 0.5,
        "trend": 0.5,
        "bb": 0.5,
        "vol": 0.5,
        "range": 0.5
      }
    },
    {
      "ticker": "GENC",
      "label": "STRONG BUY",
      "composite": 3.0,
      "rsi": 56.9,
      "subs": {
        "rsi": 0.5,
        "macd": 0.5,
        "trend": 0.5,
        "bb": 0.5,
        "vol": 0.5,
        "range": 0.5
      }
    },
    {
      "ticker": "GRPN",
      "label": "STRONG BUY",
      "composite": 2.0,
      "rsi": 71.2,
      "subs": {
        "rsi": 0.0,
        "macd": 0.5,
        "trend": 0.5,
        "bb": 0.0,
        "vol": 0.5,
        "range": 0.5
      }
    },
    {
      "ticker": "JAKK",
      "label": "STRONG BUY",
      "composite": 3.0,
      "rsi": 61.1,
      "subs": {
        "rsi": 0.5,
        "macd": 0.5,
        "trend": 0.5,
        "bb": 0.5,
        "vol": 0.5,
        "range": 0.5
      }
    },
    {
      "ticker": "KSPI",
      "label": "STRONG BUY",
      "composite": 2.5,
      "rsi": 55.8,
      "subs": {
        "rsi": 0.5,
        "macd": 0.5,
        "trend": 0.5,
        "bb": 0.5,
        "vol": 0.0,
        "range": 0.5
      }
    },
    {
      "ticker": "OPEN",
      "label": "NEUTRAL",
      "composite": 0.0,
      "rsi": 49.5,
      "subs": {
        "rsi": 0.5,
        "macd": 0.5,
        "trend": -0.5,
        "bb": -0.5,
        "vol": 0.5,
        "range": -0.5
      }
    },
    {
      "ticker": "PYPL",
      "label": "BUY",
      "composite": 1.5,
      "rsi": 55.5,
      "subs": {
        "rsi": 0.5,
        "macd": 0.5,
        "trend": -0.5,
        "bb": 0.5,
        "vol": 0.0,
        "range": 0.5
      }
    },
    {
      "ticker": "TENB",
      "label": "BUY",
      "composite": 1.5,
      "rsi": 74.1,
      "subs": {
        "rsi": 0.0,
        "macd": 0.5,
        "trend": 0.5,
        "bb": 0.0,
        "vol": 0.0,
        "range": 0.5
      }
    },
    {
      "ticker": "VIA",
      "label": "STRONG BUY",
      "composite": 2.5,
      "rsi": 70.0,
      "subs": {
        "rsi": 0.5,
        "macd": 0.5,
        "trend": 0.5,
        "bb": 0.0,
        "vol": 0.5,
        "range": 0.5
      }
    },
    {
      "ticker": "VST",
      "label": "STRONG BUY",
      "composite": 2.0,
      "rsi": 57.3,
      "subs": {
        "rsi": 0.5,
        "macd": 0.5,
        "trend": 0.0,
        "bb": 0.5,
        "vol": 0.0,
        "range": 0.5
      }
    },
    {
      "ticker": "XNET",
      "label": "BUY",
      "composite": 1.0,
      "rsi": 49.5,
      "subs": {
        "rsi": 0.5,
        "macd": 0.5,
        "trend": -0.5,
        "bb": 0.5,
        "vol": 0.0,
        "range": 0.0
      }
    },
    {
      "ticker": "ZS",
      "label": "LEAN BULL",
      "composite": 0.5,
      "rsi": 52.2,
      "subs": {
        "rsi": 0.5,
        "macd": 0.5,
        "trend": -0.5,
        "bb": 0.5,
        "vol": -0.5,
        "range": 0.0
      }
    },
    {
      "ticker": "ZTS",
      "label": "LEAN BEAR",
      "composite": -0.5,
      "rsi": 32.8,
      "subs": {
        "rsi": 0.0,
        "macd": 0.5,
        "trend": -0.5,
        "bb": 0.0,
        "vol": 0.0,
        "range": -0.5
      }
    }
  ],
  "volatility": [
    {
      "ticker": "CEG",
      "hv20": 0.43860447703282496,
      "garch": 0.5144664873076165,
      "expansion": 0.17296223419332316,
      "regime": "NORMAL",
      "signal": "BASE"
    },
    {
      "ticker": "CMI",
      "hv20": 0.5073522241247931,
      "garch": 0.4122795142501335,
      "expansion": -0.18738995387014334,
      "regime": "EXTREME",
      "signal": "WEAK"
    },
    {
      "ticker": "CRWV",
      "hv20": 0.8683510817873502,
      "garch": 0.9109689941848147,
      "expansion": 0.04907912627890426,
      "regime": "NORMAL",
      "signal": "WEAK"
    },
    {
      "ticker": "ESI",
      "hv20": 0.6009826402643724,
      "garch": 0.5491847583485097,
      "expansion": -0.08618864913149049,
      "regime": "EXTREME",
      "signal": "WEAK"
    },
    {
      "ticker": "GENC",
      "hv20": 0.3156091222179703,
      "garch": 0.3516247218812644,
      "expansion": 0.11411457124620297,
      "regime": "LOW",
      "signal": "BASE"
    },
    {
      "ticker": "GRPN",
      "hv20": 1.1295985844700072,
      "garch": 0.8427752423060856,
      "expansion": -0.25391616642162784,
      "regime": "EXTREME",
      "signal": "WEAK"
    },
    {
      "ticker": "JAKK",
      "hv20": 0.24370811810176704,
      "garch": 0.4741298802163806,
      "expansion": 0.9454825055043697,
      "regime": "LOW",
      "signal": "SIGNAL"
    },
    {
      "ticker": "KSPI",
      "hv20": 0.37622718533470056,
      "garch": 0.3656270583720153,
      "expansion": -0.02817480335254118,
      "regime": "HIGH",
      "signal": "WEAK"
    },
    {
      "ticker": "OPEN",
      "hv20": 0.7231908376032697,
      "garch": 0.6851064902621246,
      "expansion": -0.05266154569568484,
      "regime": "LOW",
      "signal": "WEAK"
    },
    {
      "ticker": "PYPL",
      "hv20": 0.35169731592015663,
      "garch": 0.4172194242215051,
      "expansion": 0.1863025543141293,
      "regime": "NORMAL",
      "signal": "BASE"
    },
    {
      "ticker": "TENB",
      "hv20": 0.6166347197425754,
      "garch": 0.6989628028236028,
      "expansion": 0.13351191628553868,
      "regime": "HIGH",
      "signal": "BASE"
    },
    {
      "ticker": "VIA",
      "hv20": 0.8132272293164233,
      "garch": null,
      "expansion": null,
      "regime": "NORMAL",
      "signal": "WEAK"
    },
    {
      "ticker": "VST",
      "hv20": 0.4592074213598362,
      "garch": 0.5450477587619101,
      "expansion": 0.18693151157678958,
      "regime": "NORMAL",
      "signal": "BASE"
    },
    {
      "ticker": "XNET",
      "hv20": 0.7532831355346286,
      "garch": 0.707114858201188,
      "expansion": -0.06128940786743283,
      "regime": "HIGH",
      "signal": "WEAK"
    },
    {
      "ticker": "ZS",
      "hv20": 0.6671584704153355,
      "garch": 0.7576070802829012,
      "expansion": 0.13557290190928328,
      "regime": "HIGH",
      "signal": "BASE"
    },
    {
      "ticker": "ZTS",
      "hv20": 0.31645678988626436,
      "garch": 0.3333125510376344,
      "expansion": 0.05326402115570998,
      "regime": "HIGH",
      "signal": "WEAK"
    }
  ],
  "correlation": {
    "tickers": [
      "CEG",
      "CMI",
      "CRWV",
      "ESI",
      "GENC",
      "GRPN",
      "JAKK",
      "KSPI",
      "OPEN",
      "PYPL",
      "TENB",
      "VIA",
      "VST",
      "XNET",
      "ZS",
      "ZTS"
    ],
    "matrix": [
      [
        1.0,
        0.329,
        0.234,
        0.303,
        0.147,
        0.083,
        0.086,
        0.057,
        0.186,
        0.134,
        0.04,
        -0.005,
        0.796,
        0.246,
        0.036,
        0.122
      ],
      [
        0.329,
        1.0,
        0.366,
        0.63,
        0.317,
        0.222,
        0.117,
        0.227,
        0.177,
        0.057,
        -0.101,
        -0.032,
        0.365,
        0.279,
        -0.079,
        0.18
      ],
      [
        0.234,
        0.366,
        1.0,
        0.34,
        0.115,
        0.131,
        0.048,
        0.122,
        0.244,
        0.141,
        0.097,
        0.198,
        0.316,
        0.36,
        0.173,
        0.082
      ],
      [
        0.303,
        0.63,
        0.34,
        1.0,
        0.257,
        0.312,
        0.227,
        0.294,
        0.259,
        0.269,
        0.063,
        0.027,
        0.375,
        0.328,
        0.024,
        0.171
      ],
      [
        0.147,
        0.317,
        0.115,
        0.257,
        1.0,
        0.135,
        0.32,
        0.146,
        0.13,
        0.108,
        0.171,
        0.082,
        0.164,
        0.168,
        0.062,
        0.154
      ],
      [
        0.083,
        0.222,
        0.131,
        0.312,
        0.135,
        1.0,
        0.156,
        0.337,
        0.289,
        0.253,
        0.218,
        0.166,
        0.147,
        0.236,
        0.129,
        0.15
      ],
      [
        0.086,
        0.117,
        0.048,
        0.227,
        0.32,
        0.156,
        1.0,
        0.111,
        0.138,
        0.221,
        -0.025,
        0.151,
        0.057,
        0.206,
        -0.042,
        0.147
      ],
      [
        0.057,
        0.227,
        0.122,
        0.294,
        0.146,
        0.337,
        0.111,
        1.0,
        0.243,
        0.267,
        0.254,
        0.142,
        0.108,
        0.216,
        0.154,
        0.18
      ],
      [
        0.186,
        0.177,
        0.244,
        0.259,
        0.13,
        0.289,
        0.138,
        0.243,
        1.0,
        0.25,
        0.13,
        0.16,
        0.253,
        0.347,
        0.069,
        0.166
      ],
      [
        0.134,
        0.057,
        0.141,
        0.269,
        0.108,
        0.253,
        0.221,
        0.267,
        0.25,
        1.0,
        0.362,
        0.165,
        0.08,
        0.351,
        0.216,
        0.168
      ],
      [
        0.04,
        -0.101,
        0.097,
        0.063,
        0.171,
        0.218,
        -0.025,
        0.254,
        0.13,
        0.362,
        1.0,
        0.376,
        0.05,
        0.158,
        0.569,
        0.076
      ],
      [
        -0.005,
        -0.032,
        0.198,
        0.027,
        0.082,
        0.166,
        0.151,
        0.142,
        0.16,
        0.165,
        0.376,
        1.0,
        0.045,
        0.182,
        0.384,
        0.005
      ],
      [
        0.796,
        0.365,
        0.316,
        0.375,
        0.164,
        0.147,
        0.057,
        0.108,
        0.253,
        0.08,
        0.05,
        0.045,
        1.0,
        0.271,
        0.061,
        0.088
      ],
      [
        0.246,
        0.279,
        0.36,
        0.328,
        0.168,
        0.236,
        0.206,
        0.216,
        0.347,
        0.351,
        0.158,
        0.182,
        0.271,
        1.0,
        0.222,
        0.039
      ],
      [
        0.036,
        -0.079,
        0.173,
        0.024,
        0.062,
        0.129,
        -0.042,
        0.154,
        0.069,
        0.216,
        0.569,
        0.384,
        0.061,
        0.222,
        1.0,
        -0.041
      ],
      [
        0.122,
        0.18,
        0.082,
        0.171,
        0.154,
        0.15,
        0.147,
        0.18,
        0.166,
        0.168,
        0.076,
        0.005,
        0.088,
        0.039,
        -0.041,
        1.0
      ]
    ]
  },
  "residual_correlation": {
    "tickers": [
      "CEG",
      "CMI",
      "CRWV",
      "ESI",
      "GENC",
      "GRPN",
      "JAKK",
      "KSPI",
      "OPEN",
      "PYPL",
      "TENB",
      "VIA",
      "VST",
      "XNET",
      "ZS",
      "ZTS"
    ],
    "matrix": [
      [
        1.0,
        0.044,
        0.01,
        -0.04,
        0.03,
        -0.077,
        -0.022,
        -0.13,
        0.032,
        0.042,
        -0.014,
        -0.094,
        0.728,
        0.102,
        0.013,
        0.066
      ],
      [
        0.044,
        1.0,
        0.113,
        0.251,
        0.069,
        -0.036,
        -0.14,
        -0.014,
        -0.064,
        -0.101,
        -0.272,
        -0.156,
        0.027,
        -0.012,
        -0.15,
        0.079
      ],
      [
        0.01,
        0.113,
        1.0,
        0.032,
        0.013,
        -0.07,
        -0.043,
        -0.104,
        0.043,
        -0.032,
        -0.013,
        0.085,
        0.08,
        0.146,
        0.109,
        0.03
      ],
      [
        -0.04,
        0.251,
        0.032,
        1.0,
        -0.068,
        0.05,
        -0.001,
        0.011,
        -0.008,
        0.129,
        -0.102,
        -0.127,
        0.0,
        0.016,
        -0.054,
        -0.015
      ],
      [
        0.03,
        0.069,
        0.013,
        -0.068,
        1.0,
        -0.045,
        0.052,
        -0.083,
        -0.075,
        -0.005,
        0.108,
        0.003,
        0.032,
        -0.06,
        0.012,
        -0.043
      ],
      [
        -0.077,
        -0.036,
        -0.07,
        0.05,
        -0.045,
        1.0,
        0.039,
        0.201,
        0.124,
        0.127,
        0.107,
        0.082,
        -0.028,
        0.045,
        0.056,
        0.032
      ],
      [
        -0.022,
        -0.14,
        -0.043,
        -0.001,
        0.052,
        0.039,
        1.0,
        -0.085,
        -0.03,
        0.116,
        -0.144,
        0.078,
        -0.064,
        0.032,
        -0.116,
        -0.026
      ],
      [
        -0.13,
        -0.014,
        -0.104,
        0.011,
        -0.083,
        0.201,
        -0.085,
        1.0,
        0.06,
        0.098,
        0.156,
        0.028,
        -0.096,
        -0.002,
        0.067,
        0.04
      ],
      [
        0.032,
        -0.064,
        0.043,
        -0.008,
        -0.075,
        0.124,
        -0.03,
        0.06,
        1.0,
        0.068,
        -0.013,
        0.037,
        0.109,
        0.155,
        -0.043,
        0.028
      ],
      [
        0.042,
        -0.101,
        -0.032,
        0.129,
        -0.005,
        0.127,
        0.116,
        0.098,
        0.068,
        1.0,
        0.228,
        0.024,
        -0.03,
        0.207,
        0.077,
        0.02
      ],
      [
        -0.014,
        -0.272,
        -0.013,
        -0.102,
        0.108,
        0.107,
        -0.144,
        0.156,
        -0.013,
        0.228,
        1.0,
        0.309,
        -0.001,
        0.012,
        0.522,
        -0.041
      ],
      [
        -0.094,
        -0.156,
        0.085,
        -0.127,
        0.003,
        0.082,
        0.078,
        0.028,
        0.037,
        0.024,
        0.309,
        1.0,
        -0.036,
        0.053,
        0.327,
        -0.083
      ],
      [
        0.728,
        0.027,
        0.08,
        0.0,
        0.032,
        -0.028,
        -0.064,
        -0.096,
        0.109,
        -0.03,
        -0.001,
        -0.036,
        1.0,
        0.11,
        0.049,
        0.017
      ],
      [
        0.102,
        -0.012,
        0.146,
        0.016,
        -0.06,
        0.045,
        0.032,
        -0.002,
        0.155,
        0.207,
        0.012,
        0.053,
        0.11,
        1.0,
        0.141,
        -0.115
      ],
      [
        0.013,
        -0.15,
        0.109,
        -0.054,
        0.012,
        0.056,
        -0.116,
        0.067,
        -0.043,
        0.077,
        0.522,
        0.327,
        0.049,
        0.141,
        1.0,
        -0.129
      ],
      [
        0.066,
        0.079,
        0.03,
        -0.015,
        -0.043,
        0.032,
        -0.026,
        0.04,
        0.028,
        0.02,
        -0.041,
        -0.083,
        0.017,
        -0.115,
        -0.129,
        1.0
      ]
    ]
  },
  "factor_correlation": {
    "factors": [
      "Market",
      "Size",
      "Value (SMID)",
      "Momentum",
      "Quality",
      "Profitability",
      "Liquidity",
      "Credit"
    ],
    "matrix": [
      [
        1.0,
        0.282,
        -0.506,
        0.411,
        -0.253,
        -0.549,
        0.31,
        0.191
      ],
      [
        0.282,
        1.0,
        -0.125,
        0.194,
        0.159,
        0.185,
        0.27,
        0.031
      ],
      [
        -0.506,
        -0.125,
        1.0,
        -0.565,
        0.329,
        0.613,
        -0.353,
        -0.146
      ],
      [
        0.411,
        0.194,
        -0.565,
        1.0,
        -0.265,
        -0.568,
        0.247,
        0.052
      ],
      [
        -0.253,
        0.159,
        0.329,
        -0.265,
        1.0,
        0.453,
        -0.187,
        -0.131
      ],
      [
        -0.549,
        0.185,
        0.613,
        -0.568,
        0.453,
        1.0,
        -0.274,
        -0.115
      ],
      [
        0.31,
        0.27,
        -0.353,
        0.247,
        -0.187,
        -0.274,
        1.0,
        0.164
      ],
      [
        0.191,
        0.031,
        -0.146,
        0.052,
        -0.131,
        -0.115,
        0.164,
        1.0
      ]
    ]
  },
  "factor_exposures": [
    {
      "ticker": "CEG",
      "r_squared": 0.2376196419827038,
      "alpha_annual": -0.428215007222061,
      "idio_vol_annual": 0.40704856611628176,
      "Market": 0.656140602644693,
      "Size": 0.47296737450891985,
      "Value (SMID)": -0.5036378852296646,
      "Momentum": 0.4125514481719764,
      "Quality": -0.7865985627144111,
      "Profitability": -0.6385873506876467,
      "Liquidity": -0.4322977124285808,
      "Credit": -0.8894978442477834
    },
    {
      "ticker": "CMI",
      "r_squared": 0.4900057516038744,
      "alpha_annual": 0.33884327032065303,
      "idio_vol_annual": 0.24793571952275983,
      "Market": 1.1409592929311898,
      "Size": 0.7830088156653447,
      "Value (SMID)": 0.4071156660880775,
      "Momentum": 0.8028960407184798,
      "Quality": -0.18589155494914278,
      "Profitability": -0.1722965086621776,
      "Liquidity": -0.40319527472270533,
      "Credit": 0.8510973490528742
    },
    {
      "ticker": "CRWV",
      "r_squared": 0.26932146295195225,
      "alpha_annual": -0.8918963216916271,
      "idio_vol_annual": 0.8022550117698809,
      "Market": 1.0474396252651985,
      "Size": 0.7440129915593824,
      "Value (SMID)": -1.9802923464153324,
      "Momentum": 0.3066312001827336,
      "Quality": -3.824349175782584,
      "Profitability": -0.2798089716957105,
      "Liquidity": 0.5171481158840505,
      "Credit": 1.8724375991458637
    },
    {
      "ticker": "ESI",
      "r_squared": 0.5255731795774822,
      "alpha_annual": 0.23155477163566338,
      "idio_vol_annual": 0.28717738392314107,
      "Market": 1.6716791551658143,
      "Size": 0.963115481615886,
      "Value (SMID)": -0.17343755796057905,
      "Momentum": 0.7441314299708525,
      "Quality": 0.22610443756243445,
      "Profitability": 0.2686169154827904,
      "Liquidity": -0.7237812471377493,
      "Credit": 0.20622624230868505
    },
    {
      "ticker": "GENC",
      "r_squared": 0.3207003763900962,
      "alpha_annual": -0.41987066300011017,
      "idio_vol_annual": 0.3231931095567562,
      "Market": 1.312247665997911,
      "Size": 1.1522429269613794,
      "Value (SMID)": 1.1574707989838062,
      "Momentum": -0.05936404342131418,
      "Quality": -0.5473868241139287,
      "Profitability": 0.0825582032656681,
      "Liquidity": -0.0602242905199466,
      "Credit": 0.6702597228210118
    },
    {
      "ticker": "GRPN",
      "r_squared": 0.15916971056187568,
      "alpha_annual": -0.7874031008518079,
      "idio_vol_annual": 0.6649579030409755,
      "Market": 1.9941292100488186,
      "Size": 0.274575489854613,
      "Value (SMID)": -0.7716594682273372,
      "Momentum": 0.40198960420785323,
      "Quality": -1.7078211722731953,
      "Profitability": 1.7511540992862349,
      "Liquidity": 0.04590774622685212,
      "Credit": 1.0345043149981537
    },
    {
      "ticker": "JAKK",
      "r_squared": 0.2724041667923788,
      "alpha_annual": -0.22399587761218975,
      "idio_vol_annual": 0.3525890154142381,
      "Market": 1.2095322151343717,
      "Size": 1.1384518818695628,
      "Value (SMID)": 0.8557906586468278,
      "Momentum": -0.3129601732773275,
      "Quality": 1.1762792211421822,
      "Profitability": -0.3550615186712355,
      "Liquidity": 0.17611415425068855,
      "Credit": -0.49091552498252067
    },
    {
      "ticker": "KSPI",
      "r_squared": 0.21175158963025953,
      "alpha_annual": -0.13810840554659257,
      "idio_vol_annual": 0.32374359224282534,
      "Market": 1.1573083742352126,
      "Size": 0.5249810095272486,
      "Value (SMID)": -0.30893142565403914,
      "Momentum": -0.45910869100319984,
      "Quality": 0.05870335218568261,
      "Profitability": 0.09452027384382514,
      "Liquidity": -0.12187511133718604,
      "Credit": 0.519463898026329
    },
    {
      "ticker": "OPEN",
      "r_squared": 0.12036626998644984,
      "alpha_annual": 1.5401721776111064,
      "idio_vol_annual": 1.342014031781668,
      "Market": 3.05290011470614,
      "Size": 1.1939903964672953,
      "Value (SMID)": -1.5685822078280542,
      "Momentum": -1.7074007217726763,
      "Quality": 0.6851080198354385,
      "Profitability": 0.9162834338914747,
      "Liquidity": 1.657606367705488,
      "Credit": -2.9198994482684126
    },
    {
      "ticker": "PYPL",
      "r_squared": 0.29310956673337996,
      "alpha_annual": -0.6448970450343838,
      "idio_vol_annual": 0.3394289860335893,
      "Market": 1.7618420295531123,
      "Size": -0.25588579544115453,
      "Value (SMID)": -0.93546829168423,
      "Momentum": -0.8695017264220625,
      "Quality": 1.384294297918204,
      "Profitability": 0.692967850770104,
      "Liquidity": 0.27922640651546793,
      "Credit": -0.05043913172958005
    },
    {
      "ticker": "TENB",
      "r_squared": 0.16082850672267213,
      "alpha_annual": -0.19071319620157978,
      "idio_vol_annual": 0.4233483756018219,
      "Market": 1.6153749899686067,
      "Size": -0.34379357088489126,
      "Value (SMID)": -0.7777801267243125,
      "Momentum": -0.3969340550355712,
      "Quality": 0.2827092741880163,
      "Profitability": 1.4321227751717955,
      "Liquidity": 0.4087284561104171,
      "Credit": -0.40910075347888863
    },
    {
      "ticker": "VIA",
      "r_squared": 0.11435278954179151,
      "alpha_annual": -1.3155546491329826,
      "idio_vol_annual": 0.6901140584513195,
      "Market": 1.1383638555113598,
      "Size": 0.2659758014052647,
      "Value (SMID)": -1.214234045958585,
      "Momentum": -1.030327493335005,
      "Quality": -0.5461349853185422,
      "Profitability": 0.5947913466491508,
      "Liquidity": 1.1746586402686516,
      "Credit": -0.8821927275628436
    },
    {
      "ticker": "VST",
      "r_squared": 0.2923746820521571,
      "alpha_annual": -0.3894806882753644,
      "idio_vol_annual": 0.41340885828685703,
      "Market": 0.6378647926636095,
      "Size": 0.7804988425666453,
      "Value (SMID)": -0.6750729489926655,
      "Momentum": 0.5570495401806637,
      "Quality": -1.5432666538508764,
      "Profitability": -0.5031886469531804,
      "Liquidity": -0.6553896429824315,
      "Credit": -0.8488867657199737
    },
    {
      "ticker": "XNET",
      "r_squared": 0.1668535996565499,
      "alpha_annual": -0.19722740439746933,
      "idio_vol_annual": 0.6744143189995218,
      "Market": 1.7093154890520026,
      "Size": 0.37493480010229485,
      "Value (SMID)": -0.7205938774321843,
      "Momentum": -0.394914295640725,
      "Quality": 0.22081914762987997,
      "Profitability": 0.5823030217954281,
      "Liquidity": 1.0032806752833552,
      "Credit": 2.553974662987301
    },
    {
      "ticker": "ZS",
      "r_squared": 0.10012125758933521,
      "alpha_annual": -0.8730235079603672,
      "idio_vol_annual": 0.5996718478114722,
