{
  "generated_at": "2026-06-29T15:21:35.950543Z",
  "market_session": "OPEN",
  "fund_name": "Convex Capital",
  "tagline": "Lose small. Win big. \u2014 Paper-traded portfolio. Hypothetical performance for educational purposes only.",
  "summary": {
    "nav": 1130506.4450874901,
    "cash": 4722.310000000056,
    "equity": 1125784.13508749,
    "deposits": 1000000.0,
    "total_return": 0.1305064450874902,
    "realized_pnl": 0.0,
    "open_positions": 16
  },
  "metrics": {
    "period_return": 0.13002658930541755,
    "calendar_days_since_inception": 28,
    "trading_days_observed": 19,
    "annualized_return": 3.9209464126250513,
    "annualized_return_arithmetic": 1.669691678977476,
    "annualized_vol": 0.3038932469854552,
    "sharpe": 5.353324941642115,
    "sortino": 11.475491680240397,
    "calmar": 103.17810690069368,
    "max_drawdown": -0.038001728568240384,
    "var_95_1d": -0.01626666375148884,
    "risk_free_rate": 0.04377999782562256,
    "beta_benchmark": 0.7530276374259937,
    "benchmark_annualized_return": 0.2586544087405436,
    "benchmark_annualized_return_arithmetic": 0.23014825247567156,
    "benchmark_period_return": 0.02553141624620836,
    "period_active_return": 0.10449517305920919,
    "treynor": 2.159166012431576,
    "jensens_alpha": 1.485571234661521,
    "information_ratio": 5.1426545225905675,
    "tracking_error": 0.25455417524606316,
    "annualized_active_return": 2.6902555457251003,
    "annualized_active_return_arithmetic": 1.3090841805734785,
    "up_capture": 1.4640383411488174,
    "down_capture": 0.5763729820622818,
    "data_basis": "realized_nav",
    "days_of_live_nav": 20,
    "benchmark_ticker": "IWM",
    "benchmark_name": "Russell 2000",
    "beta_spy": 0.7530276374259937,
    "beta_spy_stress": 1.5309281272538613
  },
  "nav_curve": [
    {
      "date": "2026-06-01",
      "value": 999882.8292976379
    },
    {
      "date": "2026-06-02",
      "value": 1005079.4966617966
    },
    {
      "date": "2026-06-03",
      "value": 995768.7768651581
    },
    {
      "date": "2026-06-04",
      "value": 1004929.1794892884
    },
    {
      "date": "2026-06-05",
      "value": 974274.0015833282
    },
    {
      "date": "2026-06-08",
      "value": 974266.9881036186
    },
    {
      "date": "2026-06-09",
      "value": 979640.5088702394
    },
    {
      "date": "2026-06-10",
      "value": 966884.7384401513
    },
    {
      "date": "2026-06-11",
      "value": 990753.0886875344
    },
    {
      "date": "2026-06-12",
      "value": 996222.4282127572
    },
    {
      "date": "2026-06-15",
      "value": 1017018.2685251809
    },
    {
      "date": "2026-06-16",
      "value": 1019223.7061524964
    },
    {
      "date": "2026-06-17",
      "value": 1004256.765778122
    },
    {
      "date": "2026-06-18",
      "value": 1005956.2144795037
    },
    {
      "date": "2026-06-22",
      "value": 1013145.2704611397
    },
    {
      "date": "2026-06-23",
      "value": 1003670.4086042023
    },
    {
      "date": "2026-06-24",
      "value": 1028642.2278996087
    },
    {
      "date": "2026-06-25",
      "value": 1087855.2699132538
    },
    {
      "date": "2026-06-26",
      "value": 1108818.5221582032
    },
    {
      "date": "2026-06-29",
      "value": 1129894.183296261
    }
  ],
  "drawdown_curve": [
    {
      "date": "2026-06-01",
      "value": 0.0
    },
    {
      "date": "2026-06-02",
      "value": 0.0
    },
    {
      "date": "2026-06-03",
      "value": -0.009263665040986776
    },
    {
      "date": "2026-06-04",
      "value": -0.00014955749570802555
    },
    {
      "date": "2026-06-05",
      "value": -0.030649809473562682
    },
    {
      "date": "2026-06-08",
      "value": -0.03065678750836781
    },
    {
      "date": "2026-06-09",
      "value": -0.025310423579476604
    },
    {
      "date": "2026-06-10",
      "value": -0.038001728568240384
    },
    {
      "date": "2026-06-11",
      "value": -0.01425400480444075
    },
    {
      "date": "2026-06-12",
      "value": -0.008812306368259061
    },
    {
      "date": "2026-06-15",
      "value": 0.0
    },
    {
      "date": "2026-06-16",
      "value": 0.0
    },
    {
      "date": "2026-06-17",
      "value": -0.014684647034823809
    },
    {
      "date": "2026-06-18",
      "value": -0.01301725184854327
    },
    {
      "date": "2026-06-22",
      "value": -0.005963789553426265
    },
    {
      "date": "2026-06-23",
      "value": -0.015259944852545435
    },
    {
      "date": "2026-06-24",
      "value": 0.0
    },
    {
      "date": "2026-06-25",
      "value": 0.0
    },
    {
      "date": "2026-06-26",
      "value": 0.0
    },
    {
      "date": "2026-06-29",
      "value": 0.0
    }
  ],
  "benchmarks": {
    "SPY": [
      {
        "date": "2026-06-01",
        "value": 0.0
      },
      {
        "date": "2026-06-02",
        "value": 0.0013579397972762752
      },
      {
        "date": "2026-06-03",
        "value": -0.005668771434361286
      },
      {
        "date": "2026-06-04",
        "value": -0.0019115061781299625
      },
      {
        "date": "2026-06-05",
        "value": -0.027671542654459702
      },
      {
        "date": "2026-06-08",
        "value": -0.025470023194608782
      },
      {
        "date": "2026-06-09",
        "value": -0.02833070775180091
      },
      {
        "date": "2026-06-10",
        "value": -0.04364962071587053
      },
      {
        "date": "2026-06-11",
        "value": -0.027394678792744487
      },
      {
        "date": "2026-06-12",
        "value": -0.022134588105308994
      },
      {
        "date": "2026-06-15",
        "value": -0.0048909388718152425
      },
      {
        "date": "2026-06-16",
        "value": -0.010823344076597685
      },
      {
        "date": "2026-06-17",
        "value": -0.023176054438276084
      },
      {
        "date": "2026-06-18",
        "value": -0.013020023259145863
      },
      {
        "date": "2026-06-22",
        "value": -0.016126029204297176
      },
      {
        "date": "2026-06-23",
        "value": -0.030413801760312054
      },
      {
        "date": "2026-06-24",
        "value": -0.03086322150786902
      },
      {
        "date": "2026-06-25",
        "value": -0.029462203242598517
      },
      {
        "date": "2026-06-26",
        "value": -0.03648052466024476
      },
      {
        "date": "2026-06-29",
        "value": -0.02570848752305588
      }
    ],
    "IWM": [
      {
        "date": "2026-06-01",
        "value": 0.0
      },
      {
        "date": "2026-06-02",
        "value": 0.009273902616242058
      },
      {
        "date": "2026-06-03",
        "value": -0.004533265755123028
      },
      {
        "date": "2026-06-04",
        "value": 0.010485102307313143
      },
      {
        "date": "2026-06-05",
        "value": -0.025365222965751943
      },
      {
        "date": "2026-06-08",
        "value": -0.016852527916236926
      },
      {
        "date": "2026-06-09",
        "value": -0.013703535746163342
      },
      {
        "date": "2026-06-10",
        "value": -0.023981055236295123
      },
      {
        "date": "2026-06-11",
        "value": 0.00494832553389335
      },
      {
        "date": "2026-06-12",
        "value": 0.01373793881377372
      },
      {
        "date": "2026-06-15",
        "value": 0.022010765090349826
      },
      {
        "date": "2026-06-16",
        "value": 0.013130856989941098
      },
      {
        "date": "2026-06-17",
        "value": 0.005499833171586088
      },
      {
        "date": "2026-06-18",
        "value": 0.025305943833869415
      },
      {
        "date": "2026-06-22",
        "value": 0.03428980212625787
      },
      {
        "date": "2026-06-23",
        "value": 0.02436943940571834
      },
      {
        "date": "2026-06-24",
        "value": 0.0291215086708434
      },
      {
        "date": "2026-06-25",
        "value": 0.036821973757975135
      },
      {
        "date": "2026-06-26",
        "value": 0.04001309645392226
      },
      {
        "date": "2026-06-29",
        "value": 0.02553141624620836
      }
    ]
  },
  "holdings": [
    {
      "ticker": "GRPN",
      "company": "Groupon, Inc.",
      "sector": "Communication Services",
      "country": "United States",
      "shares": 11310.0,
      "price": 24.270000457763672,
      "cost_basis": 17.3017824933687,
      "market_value": 274493.7051773071,
      "unrealized_pnl": 78810.54517730711,
      "short_percent_of_float": 0.5577,
      "short_ratio": 7.12
    },
    {
      "ticker": "TENB",
      "company": "Tenable Holdings, Inc.",
      "sector": "Technology",
      "country": "United States",
      "shares": 4766.0,
      "price": 32.310001373291016,
      "cost_basis": 26.224616030214015,
      "market_value": 153989.46654510498,
      "unrealized_pnl": 29002.946545104984,
      "short_percent_of_float": 0.1225,
      "short_ratio": 3.03
    },
    {
      "ticker": "KSPI",
      "company": "Joint Stock Company Kaspi.kz",
      "sector": "Technology",
      "country": "Kazakhstan",
      "shares": 1515.0,
      "price": 86.91000366210938,
      "cost_basis": 82.53049504950495,
      "market_value": 131668.6555480957,
      "unrealized_pnl": 6634.955548095704,
      "short_percent_of_float": 0.019199999,
      "short_ratio": 3.76
    },
    {
      "ticker": "CMI",
      "company": "Cummins Inc.",
      "sector": "Industrials",
      "country": "United States",
      "shares": 153.0,
      "price": 686.3300170898438,
      "cost_basis": 651.1282352941176,
      "market_value": 105008.4926147461,
      "unrealized_pnl": 5385.872614746094,
      "short_percent_of_float": 0.0214,
      "short_ratio": 2.63
    },
    {
      "ticker": "JAKK",
      "company": "JAKKS Pacific, Inc.",
      "sector": "Consumer Cyclical",
      "country": "United States",
      "shares": 3436.0,
      "price": 23.110000610351562,
      "cost_basis": 21.83,
      "market_value": 79405.96209716797,
      "unrealized_pnl": 4398.082097167975,
      "short_percent_of_float": 0.0436,
      "short_ratio": 10.5
    },
    {
      "ticker": "VIA",
      "company": "Via Transportation, Inc.",
      "sector": "Technology",
      "country": "United States",
      "shares": 3280.0,
      "price": 18.308500289916992,
      "cost_basis": 15.241405487804878,
      "market_value": 60051.880950927734,
      "unrealized_pnl": 10060.070950927735,
      "short_percent_of_float": 0.16370001,
      "short_ratio": 7.41
    },
    {
      "ticker": "XNET",
      "company": "Xunlei Limited",
      "sector": "Technology",
      "country": "China",
      "shares": 10526.0,
      "price": 5.139999866485596,
      "cost_basis": 4.75,
      "market_value": 54103.63859462738,
      "unrealized_pnl": 4105.13859462738,
      "short_percent_of_float": 0.0537,
      "short_ratio": 5.2
    },
    {
      "ticker": "ZS",
      "company": "Zscaler, Inc.",
      "sector": "Technology",
      "country": "United States",
      "shares": 365.0,
      "price": 137.8699951171875,
      "cost_basis": 136.79813698630136,
      "market_value": 50322.54821777344,
      "unrealized_pnl": 391.2282177734417,
      "short_percent_of_float": 0.1129,
      "short_ratio": 1.62
    },
    {
      "ticker": "CRWV",
      "company": "CoreWeave, Inc.",
      "sector": "Technology",
      "country": "United States",
      "shares": 468.0,
      "price": 92.13999938964844,
      "cost_basis": 106.78134615384614,
      "market_value": 43121.51971435547,
      "unrealized_pnl": -6852.150285644527,
      "short_percent_of_float": 0.2299,
      "short_ratio": 2.46
    },
    {
      "ticker": "VST",
      "company": "Vistra Corp.",
      "sector": "Utilities",
      "country": "United States",
      "shares": 162.0,
      "price": 163.11000061035156,
      "cost_basis": 154.76,
      "market_value": 26423.820098876953,
      "unrealized_pnl": 1352.7000988769546,
      "short_percent_of_float": 0.052699998,
      "short_ratio": 3.04
    },
    {
      "ticker": "GENC",
      "company": "Gencor Industries, Inc.",
      "sector": "Industrials",
      "country": "United States",
      "shares": 1746.0,
      "price": 15.090999603271484,
      "cost_basis": 14.32,
      "market_value": 26348.88530731201,
      "unrealized_pnl": 1346.1653073120112,
      "short_percent_of_float": 0.006,
      "short_ratio": 1.66
    },
    {
      "ticker": "ESI",
      "company": "Element Solutions Inc",
      "sector": "Basic Materials",
      "country": "United States",
      "shares": 557.0,
      "price": 45.10499954223633,
      "cost_basis": 44.92,
      "market_value": 25123.484745025635,
      "unrealized_pnl": 103.04474502563382,
      "short_percent_of_float": 0.087,
      "short_ratio": 5.6
    },
    {
      "ticker": "PYPL",
      "company": "PayPal Holdings, Inc.",
      "sector": "Financial Services",
      "country": "United States",
      "shares": 553.0,
      "price": 44.209999084472656,
      "cost_basis": 45.19,
      "market_value": 24448.12949371338,
      "unrealized_pnl": -541.9405062866199,
      "short_percent_of_float": 0.0687,
      "short_ratio": 3.63
    },
    {
      "ticker": "CEG",
      "company": "Constellation Energy Corporation",
      "sector": "Utilities",
      "country": "United States",
      "shares": 94.0,
      "price": 258.8500061035156,
      "cost_basis": 265.7,
      "market_value": 24331.90057373047,
      "unrealized_pnl": -643.8994262695302,
      "short_percent_of_float": 0.0356,
      "short_ratio": 2.75
    },
    {
      "ticker": "OPEN",
      "company": "Opendoor Technologies Inc.",
      "sector": "Real Estate",
      "country": "United States",
      "shares": 5479.0,
      "price": 4.315000057220459,
      "cost_basis": 4.562927541522176,
      "market_value": 23641.885313510895,
      "unrealized_pnl": -1358.394686489106,
      "short_percent_of_float": 0.17889999,
      "short_ratio": 4.06
    },
    {
      "ticker": "ZTS",
      "company": "Zoetis Inc.",
      "sector": "Healthcare",
      "country": "United States",
      "shares": 312.0,
      "price": 74.68000030517578,
      "cost_basis": 80.09,
      "market_value": 23300.160095214844,
      "unrealized_pnl": -1687.9199047851573,
      "short_percent_of_float": 0.0434,
      "short_ratio": 2.25
    }
  ],
  "sector_exposure": [
    {
      "name": "Technology",
      "value": 493257.7095708847,
      "pct": 0.43631569878640664
    },
    {
      "name": "Communication Services",
      "value": 274493.7051773071,
      "pct": 0.2428059622040138
    },
    {
      "name": "Industrials",
      "value": 131357.3779220581,
      "pct": 0.11619339145995963
    },
    {
      "name": "Consumer Cyclical",
      "value": 79405.96209716797,
      "pct": 0.07023928297111365
    },
    {
      "name": "Utilities",
      "value": 50755.72067260742,
      "pct": 0.04489644521104824
    },
    {
      "name": "Basic Materials",
      "value": 25123.484745025635,
      "pct": 0.022223212308251212
    },
    {
      "name": "Financial Services",
      "value": 24448.12949371338,
      "pct": 0.021625820533753202
    },
    {
      "name": "Real Estate",
      "value": 23641.885313510895,
      "pct": 0.020912649738747173
    },
    {
      "name": "Healthcare",
      "value": 23300.160095214844,
      "pct": 0.020610373515749077
    },
    {
      "name": "Cash",
      "value": 4722.310000000056,
      "pct": 0.0041771632709573766
    }
  ],
  "geographic_exposure": [
    {
      "name": "United States",
      "value": 940011.840944767,
      "pct": 0.8314962245721822
    },
    {
      "name": "Kazakhstan",
      "value": 131668.6555480957,
      "pct": 0.11646873498178582
    },
    {
      "name": "China",
      "value": 54103.63859462738,
      "pct": 0.04785787717507465
    },
    {
      "name": "Cash",
      "value": 4722.310000000056,
      "pct": 0.0041771632709573766
    }
  ],
  "signals": [
    {
      "ticker": "CEG",
      "label": "LEAN BEAR",
      "composite": -0.5,
      "rsi": 42.3,
      "subs": {
        "rsi": 0.0,
        "macd": 0.5,
        "trend": -0.5,
        "bb": -0.5,
        "vol": 0.0,
        "range": 0.0
      }
    },
    {
      "ticker": "CMI",
      "label": "STRONG BUY",
      "composite": 2.5,
      "rsi": 50.9,
      "subs": {
        "rsi": 0.5,
        "macd": 0.5,
        "trend": 0.5,
        "bb": 0.5,
        "vol": 0.5,
        "range": 0.0
      }
    },
    {
      "ticker": "CRWV",
      "label": "SELL",
      "composite": -1.5,
      "rsi": 38.4,
      "subs": {
        "rsi": 0.0,
        "macd": -0.5,
        "trend": 0.0,
        "bb": -0.5,
        "vol": 0.0,
        "range": -0.5
      }
    },
    {
      "ticker": "ESI",
      "label": "STRONG BUY",
      "composite": 2.5,
      "rsi": 53.8,
      "subs": {
        "rsi": 0.5,
        "macd": 0.5,
        "trend": 0.5,
        "bb": 0.5,
        "vol": 0.5,
        "range": 0.0
      }
    },
    {
      "ticker": "GENC",
      "label": "STRONG BUY",
      "composite": 3.0,
      "rsi": 55.4,
      "subs": {
        "rsi": 0.5,
        "macd": 0.5,
        "trend": 0.5,
        "bb": 0.5,
        "vol": 0.5,
        "range": 0.5
      }
    },
    {
      "ticker": "GRPN",
      "label": "STRONG BUY",
      "composite": 2.0,
      "rsi": 73.0,
      "subs": {
        "rsi": 0.0,
        "macd": 0.5,
        "trend": 0.5,
        "bb": 0.0,
        "vol": 0.5,
        "range": 0.5
      }
    },
    {
      "ticker": "JAKK",
      "label": "STRONG BUY",
      "composite": 3.0,
      "rsi": 58.6,
      "subs": {
        "rsi": 0.5,
        "macd": 0.5,
        "trend": 0.5,
        "bb": 0.5,
        "vol": 0.5,
        "range": 0.5
      }
    },
    {
      "ticker": "KSPI",
      "label": "STRONG BUY",
      "composite": 2.5,
      "rsi": 54.3,
      "subs": {
        "rsi": 0.5,
        "macd": 0.5,
        "trend": 0.5,
        "bb": 0.5,
        "vol": 0.0,
        "range": 0.5
      }
    },
    {
      "ticker": "OPEN",
      "label": "SELL",
      "composite": -1.5,
      "rsi": 43.0,
      "subs": {
        "rsi": 0.0,
        "macd": -0.5,
        "trend": -0.5,
        "bb": -0.5,
        "vol": 0.5,
        "range": -0.5
      }
    },
    {
      "ticker": "PYPL",
      "label": "BUY",
      "composite": 1.5,
      "rsi": 55.4,
      "subs": {
        "rsi": 0.5,
        "macd": 0.5,
        "trend": -0.5,
        "bb": 0.5,
        "vol": 0.0,
        "range": 0.5
      }
    },
    {
      "ticker": "TENB",
      "label": "BUY",
      "composite": 1.0,
      "rsi": 73.3,
      "subs": {
        "rsi": 0.0,
        "macd": 0.5,
        "trend": 0.5,
        "bb": 0.0,
        "vol": -0.5,
        "range": 0.5
      }
    },
    {
      "ticker": "VIA",
      "label": "STRONG BUY",
      "composite": 2.5,
      "rsi": 69.2,
      "subs": {
        "rsi": 0.5,
        "macd": 0.5,
        "trend": 0.5,
        "bb": 0.0,
        "vol": 0.5,
        "range": 0.5
      }
    },
    {
      "ticker": "VST",
      "label": "STRONG BUY",
      "composite": 2.0,
      "rsi": 56.7,
      "subs": {
        "rsi": 0.5,
        "macd": 0.5,
        "trend": 0.0,
        "bb": 0.5,
        "vol": 0.0,
        "range": 0.5
      }
    },
    {
      "ticker": "XNET",
      "label": "BUY",
      "composite": 1.0,
      "rsi": 46.8,
      "subs": {
        "rsi": 0.5,
        "macd": 0.5,
        "trend": -0.5,
        "bb": 0.5,
        "vol": 0.0,
        "range": 0.0
      }
    },
    {
      "ticker": "ZS",
      "label": "LEAN BULL",
      "composite": 0.5,
      "rsi": 52.8,
      "subs": {
        "rsi": 0.5,
        "macd": 0.5,
        "trend": -0.5,
        "bb": 0.5,
        "vol": -0.5,
        "range": 0.0
      }
    },
    {
      "ticker": "ZTS",
      "label": "SELL",
      "composite": -1.0,
      "rsi": 33.7,
      "subs": {
        "rsi": 0.0,
        "macd": 0.5,
        "trend": -0.5,
        "bb": -0.5,
        "vol": 0.0,
        "range": -0.5
      }
    }
  ],
  "volatility": [
    {
      "ticker": "CEG",
      "hv20": 0.44056527172371407,
      "garch": 0.5157379997302678,
      "expansion": 0.1706279019960879,
      "regime": "NORMAL",
      "signal": "BASE"
    },
    {
      "ticker": "CMI",
      "hv20": 0.5069133753107893,
      "garch": 0.409512850749816,
      "expansion": -0.19214431755969522,
      "regime": "EXTREME",
      "signal": "WEAK"
    },
    {
      "ticker": "CRWV",
      "hv20": 0.8816679545444368,
      "garch": 0.9321517780740626,
      "expansion": 0.05725945155363061,
      "regime": "NORMAL",
      "signal": "WEAK"
    },
    {
      "ticker": "ESI",
      "hv20": 0.6033780668854215,
      "garch": 0.5501440134020259,
      "expansion": -0.08822669633681678,
      "regime": "EXTREME",
      "signal": "WEAK"
    },
    {
      "ticker": "GENC",
      "hv20": 0.31701001914057575,
      "garch": 0.35277730449428546,
      "expansion": 0.11282698714279113,
      "regime": "LOW",
      "signal": "BASE"
    },
    {
      "ticker": "GRPN",
      "hv20": 1.147625200418856,
      "garch": 0.8814973768708053,
      "expansion": -0.2318943706106492,
      "regime": "EXTREME",
      "signal": "WEAK"
    },
    {
      "ticker": "JAKK",
      "hv20": 0.25878519294704766,
      "garch": 0.4842299678753504,
      "expansion": 0.8711656658595339,
      "regime": "LOW",
      "signal": "SIGNAL"
    },
    {
      "ticker": "KSPI",
      "hv20": 0.38059312592875794,
      "garch": 0.3945220600146869,
      "expansion": 0.03659796548331854,
      "regime": "HIGH",
      "signal": "WEAK"
    },
    {
      "ticker": "OPEN",
      "hv20": 0.7041135336320172,
      "garch": 0.661286217880275,
      "expansion": -0.06082444620944412,
      "regime": "LOW",
      "signal": "WEAK"
    },
    {
      "ticker": "PYPL",
      "hv20": 0.3517169416515474,
      "garch": 0.41723142026658433,
      "expansion": 0.18627046598154315,
      "regime": "NORMAL",
      "signal": "BASE"
    },
    {
      "ticker": "TENB",
      "hv20": 0.5984348678419871,
      "garch": 0.6637343458674945,
      "expansion": 0.10911710118259571,
      "regime": "HIGH",
      "signal": "BASE"
    },
    {
      "ticker": "VIA",
      "hv20": 0.8060603774349968,
      "garch": null,
      "expansion": null,
      "regime": "NORMAL",
      "signal": "WEAK"
    },
    {
      "ticker": "VST",
      "hv20": 0.45936956986522126,
      "garch": 0.5450664324557521,
      "expansion": 0.18655319858403832,
      "regime": "NORMAL",
      "signal": "BASE"
    },
    {
      "ticker": "XNET",
      "hv20": 0.7631143219752056,
      "garch": 0.7621183038525278,
      "expansion": -0.0013052017161724314,
      "regime": "HIGH",
      "signal": "WEAK"
    },
    {
      "ticker": "ZS",
      "hv20": 0.6714074223824975,
      "garch": 0.7966095772649838,
      "expansion": 0.1864771682716955,
      "regime": "HIGH",
      "signal": "BASE"
    },
    {
      "ticker": "ZTS",
      "hv20": 0.3101912984309132,
      "garch": 0.32496576719530385,
      "expansion": 0.047630184467219235,
      "regime": "HIGH",
      "signal": "WEAK"
    }
  ],
  "correlation": {
    "tickers": [
      "CEG",
      "CMI",
      "CRWV",
      "ESI",
      "GENC",
      "GRPN",
      "JAKK",
      "KSPI",
      "OPEN",
      "PYPL",
      "TENB",
      "VIA",
      "VST",
      "XNET",
      "ZS",
      "ZTS"
    ],
    "matrix": [
      [
        1.0,
        0.33,
        0.236,
        0.305,
        0.148,
        0.08,
        0.087,
        0.059,
        0.188,
        0.134,
        0.04,
        -0.005,
        0.796,
        0.248,
        0.035,
        0.122
      ],
      [
        0.33,
        1.0,
        0.366,
        0.629,
        0.317,
        0.219,
        0.119,
        0.229,
        0.176,
        0.057,
        -0.107,
        -0.035,
        0.365,
        0.28,
        -0.081,
        0.182
      ],
      [
        0.236,
        0.366,
        1.0,
        0.342,
        0.116,
        0.124,
        0.053,
        0.125,
        0.245,
        0.141,
        0.09,
        0.194,
        0.315,
        0.363,
        0.169,
        0.084
      ],
      [
        0.305,
        0.629,
        0.342,
        1.0,
        0.258,
        0.306,
        0.231,
        0.297,
        0.259,
        0.268,
        0.054,
        0.022,
        0.375,
        0.33,
        0.02,
        0.173
      ],
      [
        0.148,
        0.317,
        0.116,
        0.258,
        1.0,
        0.133,
        0.321,
        0.147,
        0.131,
        0.108,
        0.17,
        0.081,
        0.164,
        0.168,
        0.061,
        0.154
      ],
      [
        0.08,
        0.219,
        0.124,
        0.306,
        0.133,
        1.0,
        0.149,
        0.33,
        0.284,
        0.252,
        0.225,
        0.169,
        0.145,
        0.228,
        0.133,
        0.148
      ],
      [
        0.087,
        0.119,
        0.053,
        0.231,
        0.321,
        0.149,
        1.0,
        0.114,
        0.143,
        0.221,
        -0.027,
        0.151,
        0.057,
        0.21,
        -0.044,
        0.146
      ],
      [
        0.059,
        0.229,
        0.125,
        0.297,
        0.147,
        0.33,
        0.114,
        1.0,
        0.246,
        0.266,
        0.253,
        0.141,
        0.109,
        0.219,
        0.152,
        0.18
      ],
      [
        0.188,
        0.176,
        0.245,
        0.259,
        0.131,
        0.284,
        0.143,
        0.246,
        1.0,
        0.25,
        0.119,
        0.154,
        0.253,
        0.349,
        0.065,
        0.17
      ],
      [
        0.134,
        0.057,
        0.141,
        0.268,
        0.108,
        0.252,
        0.221,
        0.266,
        0.25,
        1.0,
        0.363,
        0.165,
        0.08,
        0.351,
        0.216,
        0.168
      ],
      [
        0.04,
        -0.107,
        0.09,
        0.054,
        0.17,
        0.225,
        -0.027,
        0.253,
        0.119,
        0.363,
        1.0,
        0.373,
        0.049,
        0.152,
        0.571,
        0.081
      ],
      [
        -0.005,
        -0.035,
        0.194,
        0.022,
        0.081,
        0.169,
        0.151,
        0.141,
        0.154,
        0.165,
        0.373,
        1.0,
        0.045,
        0.178,
        0.384,
        0.008
      ],
      [
        0.796,
        0.365,
        0.315,
        0.375,
        0.164,
        0.145,
        0.057,
        0.109,
        0.253,
        0.08,
        0.049,
        0.045,
        1.0,
        0.271,
        0.061,
        0.089
      ],
      [
        0.248,
        0.28,
        0.363,
        0.33,
        0.168,
        0.228,
        0.21,
        0.219,
        0.349,
        0.351,
        0.152,
        0.178,
        0.271,
        1.0,
        0.218,
        0.041
      ],
      [
        0.035,
        -0.081,
        0.169,
        0.02,
        0.061,
        0.133,
        -0.044,
        0.152,
        0.065,
        0.216,
        0.571,
        0.384,
        0.061,
        0.218,
        1.0,
        -0.04
      ],
      [
        0.122,
        0.182,
        0.084,
        0.173,
        0.154,
        0.148,
        0.146,
        0.18,
        0.17,
        0.168,
        0.081,
        0.008,
        0.089,
        0.041,
        -0.04,
        1.0
      ]
    ]
  },
  "residual_correlation": {
    "tickers": [
      "CEG",
      "CMI",
      "CRWV",
      "ESI",
      "GENC",
      "GRPN",
      "JAKK",
      "KSPI",
      "OPEN",
      "PYPL",
      "TENB",
      "VIA",
      "VST",
      "XNET",
      "ZS",
      "ZTS"
    ],
    "matrix": [
      [
        1.0,
        0.044,
        0.009,
        -0.039,
        0.032,
        -0.077,
        -0.023,
        -0.131,
        0.034,
        0.041,
        -0.01,
        -0.093,
        0.727,
        0.1,
        0.014,
        0.065
      ],
      [
        0.044,
        1.0,
        0.11,
        0.252,
        0.07,
        -0.03,
        -0.144,
        -0.016,
        -0.066,
        -0.103,
        -0.27,
        -0.155,
        0.03,
        -0.016,
        -0.149,
        0.078
      ],
      [
        0.009,
        0.11,
        1.0,
        0.032,
        0.013,
        -0.075,
        -0.04,
        -0.102,
        0.046,
        -0.03,
        -0.013,
        0.085,
        0.077,
        0.148,
        0.109,
        0.029
      ],
      [
        -0.039,
        0.252,
        0.032,
        1.0,
        -0.069,
        0.052,
        -0.001,
        0.01,
        -0.011,
        0.129,
        -0.106,
        -0.129,
        0.001,
        0.016,
        -0.055,
        -0.014
      ],
      [
        0.032,
        0.07,
        0.013,
        -0.069,
        1.0,
        -0.041,
        0.051,
        -0.083,
        -0.079,
        -0.005,
        0.105,
        0.001,
        0.033,
        -0.06,
        0.011,
        -0.042
      ],
      [
        -0.077,
        -0.03,
        -0.075,
        0.052,
        -0.041,
        1.0,
        0.027,
        0.194,
        0.119,
        0.119,
        0.115,
        0.085,
        -0.021,
        0.034,
        0.059,
        0.03
      ],
      [
        -0.023,
        -0.144,
        -0.04,
        -0.001,
        0.051,
        0.027,
        1.0,
        -0.081,
        -0.023,
        0.119,
        -0.145,
        0.078,
        -0.069,
        0.039,
        -0.117,
        -0.026
      ],
      [
        -0.131,
        -0.016,
        -0.102,
        0.01,
        -0.083,
        0.194,
        -0.081,
        1.0,
        0.062,
        0.1,
        0.156,
        0.028,
        -0.098,
        0.001,
        0.066,
        0.04
      ],
      [
        0.034,
        -0.066,
        0.046,
        -0.011,
        -0.079,
        0.119,
        -0.023,
        0.062,
        1.0,
        0.072,
        -0.022,
        0.033,
        0.106,
        0.16,
        -0.046,
        0.03
      ],
      [
        0.041,
        -0.103,
        -0.03,
        0.129,
        -0.005,
        0.119,
        0.119,
        0.1,
        0.072,
        1.0,
        0.229,
        0.024,
        -0.033,
        0.21,
        0.076,
        0.02
      ],
      [
        -0.01,
        -0.27,
        -0.013,
        -0.106,
        0.105,
        0.115,
        -0.145,
        0.156,
        -0.022,
        0.229,
        1.0,
        0.306,
        0.002,
        0.011,
        0.523,
        -0.039
      ],
      [
        -0.093,
        -0.155,
        0.085,
        -0.129,
        0.001,
        0.085,
        0.078,
        0.028,
        0.033,
        0.024,
        0.306,
        1.0,
        -0.035,
        0.052,
        0.326,
        -0.082
      ],
      [
        0.727,
        0.03,
        0.077,
        0.001,
        0.033,
        -0.021,
        -0.069,
        -0.098,
        0.106,
        -0.033,
        0.002,
        -0.035,
        1.0,
        0.104,
        0.05,
        0.017
      ],
      [
        0.1,
        -0.016,
        0.148,
        0.016,
        -0.06,
        0.034,
        0.039,
        0.001,
        0.16,
        0.21,
        0.011,
        0.052,
        0.104,
        1.0,
        0.139,
        -0.115
      ],
      [
        0.014,
        -0.149,
        0.109,
        -0.055,
        0.011,
        0.059,
        -0.117,
        0.066,
        -0.046,
        0.076,
        0.523,
        0.326,
        0.05,
        0.139,
        1.0,
        -0.128
      ],
      [
        0.065,
        0.078,
        0.029,
        -0.014,
        -0.042,
        0.03,
        -0.026,
        0.04,
        0.03,
        0.02,
        -0.039,
        -0.082,
        0.017,
        -0.115,
        -0.128,
        1.0
      ]
    ]
  },
  "factor_correlation": {
    "factors": [
      "Market",
      "Size",
      "Value (SMID)",
      "Momentum",
      "Quality",
      "Profitability",
      "Liquidity",
      "Credit"
    ],
    "matrix": [
      [
        1.0,
        0.286,
        -0.501,
        0.402,
        -0.252,
        -0.545,
        0.303,
        0.19
      ],
      [
        0.286,
        1.0,
        -0.136,
        0.214,
        0.147,
        0.179,
        0.273,
        0.033
      ],
      [
        -0.501,
        -0.136,
        1.0,
        -0.563,
        0.331,
        0.608,
        -0.342,
        -0.146
      ],
      [
        0.402,
        0.214,
        -0.563,
        1.0,
        -0.271,
        -0.558,
        0.225,
        0.051
      ],
      [
        -0.252,
        0.147,
        0.331,
        -0.271,
        1.0,
        0.452,
        -0.181,
        -0.131
      ],
      [
        -0.545,
        0.179,
        0.608,
        -0.558,
        0.452,
        1.0,
        -0.263,
        -0.114
      ],
      [
        0.303,
        0.273,
        -0.342,
        0.225,
        -0.181,
        -0.263,
        1.0,
        0.162
      ],
      [
        0.19,
        0.033,
        -0.146,
        0.051,
        -0.131,
        -0.114,
        0.162,
        1.0
      ]
    ]
  },
  "factor_exposures": [
    {
      "ticker": "CEG",
      "r_squared": 0.24007711627185013,
      "alpha_annual": -0.42313771937632383,
      "idio_vol_annual": 0.4065552445385369,
      "Market": 0.6731379059759547,
      "Size": 0.4345830575284222,
      "Value (SMID)": -0.49387362751400826,
      "Momentum": 0.4337780608297252,
      "Quality": -0.7336048149969733,
      "Profitability": -0.6311328849694757,
      "Liquidity": -0.3857401296640711,
      "Credit": -0.8955705396400454
    },
    {
      "ticker": "CMI",
      "r_squared": 0.4888803613881211,
      "alpha_annual": 0.3441794750420465,
      "idio_vol_annual": 0.2481718172504021,
      "Market": 1.1531892663216767,
      "Size": 0.7590645970123885,
      "Value (SMID)": 0.41471432424782784,
      "Momentum": 0.801112500933233,
      "Quality": -0.14232603032286303,
      "Profitability": -0.17320090355242956,
      "Liquidity": -0.3768647082552936,
      "Credit": 0.843535590605536
    },
    {
      "ticker": "CRWV",
      "r_squared": 0.27086144883434293,
      "alpha_annual": -0.8978055356389312,
      "idio_vol_annual": 0.8024093011099704,
      "Market": 1.039475904283557,
      "Size": 0.754264491115194,
      "Value (SMID)": -1.9860828562838706,
      "Momentum": 0.33253095528192056,
      "Quality": -3.860509600940146,
      "Profitability": -0.2701301029184028,
      "Liquidity": 0.5104060619370729,
      "Credit": 1.8818969448492628
    },
    {
      "ticker": "ESI",
      "r_squared": 0.5265845727267826,
      "alpha_annual": 0.2304339919280406,
      "idio_vol_annual": 0.2870158698833658,
      "Market": 1.6662330830665704,
      "Size": 0.9765230949507434,
      "Value (SMID)": -0.17638079111109206,
      "Momentum": 0.7322033042651399,
      "Quality": 0.2107556074230239,
      "Profitability": 0.2643303061519276,
      "Liquidity": -0.7408530218265141,
      "Credit": 0.20726139644149755
    },
    {
      "ticker": "GENC",
      "r_squared": 0.32157070230227647,
      "alpha_annual": -0.4204392331874315,
      "idio_vol_annual": 0.32302199175934854,
      "Market": 1.3074990583189523,
      "Size": 1.1648155666416797,
      "Value (SMID)": 1.1550194073349587,
      "Momentum": -0.07388051951555265,
      "Quality": -0.5594634024801078,
      "Profitability": 0.07732805667857909,
      "Liquidity": -0.0768420027264617,
      "Credit": 0.670364962061183
    },
    {
      "ticker": "GRPN",
      "r_squared": 0.15459485368851644,
      "alpha_annual": -0.7514369294462294,
      "idio_vol_annual": 0.6691492420911132,
      "Market": 2.075846865655854,
      "Size": 0.11530541814956213,
      "Value (SMID)": -0.7207954982633603,
      "Momentum": 0.3868473955849777,
      "Quality": -1.415770541092932,
      "Profitability": 1.7439180923333797,
      "Liquidity": 0.22047653384635515,
      "Credit": 0.9832589490586364
    },
    {
      "ticker": "JAKK",
      "r_squared": 0.2717580159072138,
      "alpha_annual": -0.23285152470935866,
      "idio_vol_annual": 0.35330150304571417,
      "Market": 1.191682268241589,
      "Size": 1.1710664109506406,
      "Value (SMID)": 0.8443347748703633,
      "Momentum": -0.2995419893726128,
      "Quality": 1.109270984391709,
      "Profitability": -0.3497558977180652,
      "Liquidity": 0.14222851566423733,
      "Credit": -0.47788219356014977
    },
    {
      "ticker": "KSPI",
      "r_squared": 0.21193839423802863,
      "alpha_annual": -0.14355842804501756,
      "idio_vol_annual": 0.3240433998212225,
      "Market": 1.1464387785364925,
      "Size": 0.544714737358512,
      "Value (SMID)": -0.31592346303465874,
      "Momentum": -0.4503554688005873,
      "Quality": 0.017721020022657193,
      "Profitability": 0.09796249337374739,
      "Liquidity": -0.1422645326975181,
      "Credit": 0.5275256675554276
    },
    {
      "ticker": "OPEN",
      "r_squared": 0.11947494539391179,
      "alpha_annual": 1.506949568251982,
      "idio_vol_annual": 1.342525722877023,
      "Market": 2.968976859363399,
      "Size": 1.3656863174052705,
      "Value (SMID)": -1.6195829653721285,
      "Momentum": -1.7295062716407306,
      "Quality": 0.3972075173636063,
      "Profitability": 0.9098462207045137,
      "Liquidity": 1.4624928882582762,
      "Credit": -2.87441362698098
    },
    {
      "ticker": "PYPL",
      "r_squared": 0.29144626220432746,
      "alpha_annual": -0.6509229824631365,
      "idio_vol_annual": 0.33982771310194776,
      "Market": 1.7511612922745137,
      "Size": -0.2379456122039667,
      "Value (SMID)": -0.9425605663342603,
      "Momentum": -0.8541195882851089,
      "Quality": 1.341843264455697,
      "Profitability": 0.6988359227360237,
      "Liquidity": 0.2620342996947349,
      "Credit": -0.04133758203649329
    },
    {
      "ticker": "TENB",
      "r_squared": 0.16196434878241894,
      "alpha_annual": -0.19324776926277798,
      "idio_vol_annual": 0.4212276564936127,
      "Market": 1.595856476183608,
      "Size": -0.29252451862664347,
      "Value (SMID)": -0.7878555164847361,
      "Momentum": -0.45468352775558596,
      "Quality": 0.2324980870217977,
      "Profitability": 1.4112678881461584,
      "Liquidity": 0.3412498643301286,
      "Credit": -0.408211958289222
    },
    {
      "ticker": "VIA",
      "r_squared": 0.11411348705698432,
      "alpha_annual": -1.319039315523711,
      "idio_vol_annual": 0.6892461037844755,
      "Market": 1.1254361284482572,
      "Size": 0.3217528481178415,
      "Value (SMID)": -1.2214916263199733,
      "Momentum": -1.0784850808709474,
      "Quality": -0.6023121238178457,
      "Profitability": 0.578016951364227,
      "Liquidity": 1.112037989780706,
      "Credit": -0.887911942066044
    },
    {
      "ticker": "VST",
      "r_squared": 0.29041105498981523,
      "alpha_annual": -0.37794022957701817,
      "idio_vol_annual": 0.41398087338368006,
      "Market": 0.664907276008886,
      "Size": 0.7269907913339039,
      "Value (SMID)": -0.6583550101440223,
      "Momentum": 0.5557339604006382,
      "Quality": -1.4477906508105958,
      "Profitability": -0.5042318192543186,
      "Liquidity": -0.5960544891194398,
      "Credit": -0.8650772144633485
    },
    {
      "ticker": "XNET",
      "r_squared": 0.16582114020318584,
      "alpha_annual": -0.2137825032200108,
      "idio_vol_annual": 0.6758034623241858,
      "Market": 1.6772297486246102,
      "Size": 0.43217882803319213,
      "Value (SMID)": -0.7413742097392085,
      "Momentum": -0.36434694357903763,
      "Quality": 0.09825506659139509,
      "Profitability": 0.5941935654909025,
      "Liquidity": 0.9450662405964128,
      "Credit": 2.5786238791992724
    },
    {
      "ticker": "ZS",
      "r_squared": 0.10122315955398886,
      "alpha_annual": -0.8708914337217485,
