{
  "generated_at": "2026-06-05T14:55:53.530401Z",
  "market_session": "OPEN",
  "fund_name": "Convex Capital",
  "tagline": "Lose small. Win big. \u2014 Paper-traded portfolio. Hypothetical performance for educational purposes only.",
  "summary": {
    "nav": 976481.0568499756,
    "cash": 137249.77000000002,
    "equity": 839231.2868499756,
    "deposits": 1000000.0,
    "total_return": -0.02351894315002434,
    "realized_pnl": 0.0,
    "open_positions": 16
  },
  "metrics": {
    "annualized_return": -0.25670639048709554,
    "annualized_vol": 0.2913944018428791,
    "sharpe": -0.8809585526132122,
    "sortino": -1.235287237284842,
    "max_drawdown": -0.4060216212774401,
    "var_95_1d": -0.03326206078798165,
    "method": "Synthetic: current weights \u00d7 each holding's 252-day return history.",
    "beta_spy": 1.5994351619373974,
    "data_basis": "synthetic_252d",
    "days_of_live_nav": 5
  },
  "nav_curve": [
    {
      "date": "2026-06-01",
      "value": 999876.7626599121
    },
    {
      "date": "2026-06-02",
      "value": 1003056.6285483933
    },
    {
      "date": "2026-06-03",
      "value": 985610.7896986008
    },
    {
      "date": "2026-06-04",
      "value": 997714.9077720642
    },
    {
      "date": "2026-06-05",
      "value": 977202.633158226
    }
  ],
  "drawdown_curve": [
    {
      "date": "2026-06-01",
      "value": 0.0
    },
    {
      "date": "2026-06-02",
      "value": 0.0
    },
    {
      "date": "2026-06-03",
      "value": -0.017392675900103283
    },
    {
      "date": "2026-06-04",
      "value": -0.005325442875602646
    },
    {
      "date": "2026-06-05",
      "value": -0.0257752101469911
    }
  ],
  "benchmarks": {
    "SPY": [
      {
        "date": "2026-06-01",
        "value": 0.0
      },
      {
        "date": "2026-06-02",
        "value": 0.0013579103629497435
      },
      {
        "date": "2026-06-03",
        "value": -0.005668768842152949
      },
      {
        "date": "2026-06-04",
        "value": -0.0019115026417536596
      },
      {
        "date": "2026-06-05",
        "value": -0.011878014332085685
      }
    ],
    "IWM": [
      {
        "date": "2026-06-01",
        "value": 0.0
      },
      {
        "date": "2026-06-02",
        "value": 0.009273972502921835
      },
      {
        "date": "2026-06-03",
        "value": -0.004533177066893157
      },
      {
        "date": "2026-06-04",
        "value": 0.010485150059186044
      },
      {
        "date": "2026-06-05",
        "value": -0.004429367882325397
      }
    ]
  },
  "holdings": [
    {
      "ticker": "GRPN",
      "company": "Groupon, Inc.",
      "sector": "Communication Services",
      "country": "United States",
      "shares": 9713.0,
      "price": 17.309999465942383,
      "cost_basis": 18.017072994955218,
      "market_value": 168132.02481269836,
      "unrealized_pnl": -6867.805187301664,
      "short_percent_of_float": 0.5812,
      "short_ratio": 4.89
    },
    {
      "ticker": "KSPI",
      "company": "Joint Stock Company Kaspi.kz",
      "sector": "Technology",
      "country": "Kazakhstan",
      "shares": 1515.0,
      "price": 82.38999938964844,
      "cost_basis": 82.53049504950495,
      "market_value": 124820.84907531738,
      "unrealized_pnl": -212.85092468261587,
      "short_percent_of_float": 0.015700001,
      "short_ratio": 2.81
    },
    {
      "ticker": "JAKK",
      "company": "JAKKS Pacific, Inc.",
      "sector": "Consumer Cyclical",
      "country": "United States",
      "shares": 3436.0,
      "price": 21.4950008392334,
      "cost_basis": 21.83,
      "market_value": 73856.82288360596,
      "unrealized_pnl": -1151.0571163940372,
      "short_percent_of_float": 0.0339,
      "short_ratio": 6.7
    },
    {
      "ticker": "ZS",
      "company": "Zscaler, Inc.",
      "sector": "Technology",
      "country": "United States",
      "shares": 549.0,
      "price": 133.64500427246094,
      "cost_basis": 136.8013843351548,
      "market_value": 73371.10734558105,
      "unrealized_pnl": -1732.8526544189347,
      "short_percent_of_float": 0.1058,
      "short_ratio": 4.01
    },
    {
      "ticker": "VIA",
      "company": "Via Transportation, Inc.",
      "sector": "Technology",
      "country": "United States",
      "shares": 4921.0,
      "price": 14.760000228881836,
      "cost_basis": 15.241408250355619,
      "market_value": 72633.96112632751,
      "unrealized_pnl": -2369.008873672485,
      "short_percent_of_float": 0.1248,
      "short_ratio": 7.65
    },
    {
      "ticker": "CMI",
      "company": "Cummins Inc.",
      "sector": "Industrials",
      "country": "United States",
      "shares": 78.0,
      "price": 670.094970703125,
      "cost_basis": 643.5,
      "market_value": 52267.40771484375,
      "unrealized_pnl": 2074.40771484375,
      "short_percent_of_float": 0.014400001,
      "short_ratio": 1.92
    },
    {
      "ticker": "XNET",
      "company": "Xunlei Limited",
      "sector": "Technology",
      "country": "China",
      "shares": 10526.0,
      "price": 4.701200008392334,
      "cost_basis": 4.75,
      "market_value": 49484.83128833771,
      "unrealized_pnl": -513.6687116622925,
      "short_percent_of_float": 0.0322,
      "short_ratio": 6.99
    },
    {
      "ticker": "CRWV",
      "company": "CoreWeave, Inc.",
      "sector": "Technology",
      "country": "United States",
      "shares": 468.0,
      "price": 102.66000366210938,
      "cost_basis": 106.78134615384614,
      "market_value": 48044.88171386719,
      "unrealized_pnl": -1928.7882861328078,
      "short_percent_of_float": 0.1714,
      "short_ratio": 1.75
    },
    {
      "ticker": "BABA",
      "company": "Alibaba Group Holding Limited",
      "sector": "Consumer Cyclical",
      "country": "Hong Kong",
      "shares": 299.0,
      "price": 123.18000030517578,
      "cost_basis": 125.39999999999999,
      "market_value": 36830.82009124756,
      "unrealized_pnl": -663.7799087524388,
      "short_percent_of_float": 0.0197,
      "short_ratio": 3.3
    },
    {
      "ticker": "PYPL",
      "company": "PayPal Holdings, Inc.",
      "sector": "Financial Services",
      "country": "United States",
      "shares": 830.0,
      "price": 41.6150016784668,
      "cost_basis": 45.19,
      "market_value": 34540.45139312744,
      "unrealized_pnl": -2967.2486068725566,
      "short_percent_of_float": 0.0545,
      "short_ratio": 2.87
    },
    {
      "ticker": "AVAV",
      "company": "AeroVironment, Inc.",
      "sector": "Industrials",
      "country": "United States",
      "shares": 122.0,
      "price": 192.0800018310547,
      "cost_basis": 204.09,
      "market_value": 23433.760223388672,
      "unrealized_pnl": -1465.2197766113286,
      "short_percent_of_float": 0.12109999,
      "short_ratio": 3.92
    },
    {
      "ticker": "OPEN",
      "company": "Opendoor Technologies Inc.",
      "sector": "Real Estate",
      "country": "United States",
      "shares": 4835.0,
      "price": 4.625,
      "cost_basis": 5.171470527404343,
      "market_value": 22361.875,
      "unrealized_pnl": -2642.1849999999968,
      "short_percent_of_float": 0.14819999,
      "short_ratio": 3.26
    },
    {
      "ticker": "PRGS",
      "company": "Progress Software Corporation",
      "sector": "Technology",
      "country": "United States",
      "shares": 708.0,
      "price": 31.309999465942383,
      "cost_basis": 35.32,
      "market_value": 22167.479621887207,
      "unrealized_pnl": -2839.0803781127934,
      "short_percent_of_float": 0.1445,
      "short_ratio": 5.14
    },
    {
      "ticker": "GENC",
      "company": "Gencor Industries, Inc.",
      "sector": "Industrials",
      "country": "United States",
      "shares": 873.0,
      "price": 14.755000114440918,
      "cost_basis": 14.32,
      "market_value": 12881.115099906921,
      "unrealized_pnl": 379.75509990692115,
      "short_percent_of_float": 0.0061000003,
      "short_ratio": 2.96
    },
    {
      "ticker": "VST",
      "company": "Vistra Corp.",
      "sector": "Utilities",
      "country": "United States",
      "shares": 81.0,
      "price": 151.0800018310547,
      "cost_basis": 154.76,
      "market_value": 12237.48014831543,
      "unrealized_pnl": -298.0798516845696,
      "short_percent_of_float": 0.0461,
      "short_ratio": 2.83
    },
    {
      "ticker": "CEG",
      "company": "Constellation Energy Corporation",
      "sector": "Utilities",
      "country": "United States",
      "shares": 47.0,
      "price": 258.8599853515625,
      "cost_basis": 265.7,
      "market_value": 12166.419311523438,
      "unrealized_pnl": -321.48068847656197,
      "short_percent_of_float": 0.0325,
      "short_ratio": 3.35
    }
  ],
  "sector_exposure": [
    {
      "name": "Technology",
      "value": 390523.11017131805,
      "pct": 0.3999290180099389
    },
    {
      "name": "Communication Services",
      "value": 168132.02481269836,
      "pct": 0.17218155296844617
    },
    {
      "name": "Cash",
      "value": 137249.77000000002,
      "pct": 0.14055548649633126
    },
    {
      "name": "Consumer Cyclical",
      "value": 110687.64297485352,
      "pct": 0.11335359984546974
    },
    {
      "name": "Industrials",
      "value": 88582.28303813934,
      "pct": 0.09071582332984154
    },
    {
      "name": "Financial Services",
      "value": 34540.45139312744,
      "pct": 0.03537237220407662
    },
    {
      "name": "Utilities",
      "value": 24403.899459838867,
      "pct": 0.024991677297420658
    },
    {
      "name": "Real Estate",
      "value": 22361.875,
      "pct": 0.022900469848475134
    }
  ],
  "geographic_exposure": [
    {
      "name": "United States",
      "value": 628094.7863950729,
      "pct": 0.6432227046177835
    },
    {
      "name": "Cash",
      "value": 137249.77000000002,
      "pct": 0.14055548649633126
    },
    {
      "name": "Kazakhstan",
      "value": 124820.84907531738,
      "pct": 0.12782720995937824
    },
    {
      "name": "China",
      "value": 49484.83128833771,
      "pct": 0.05067669356328379
    },
    {
      "name": "Hong Kong",
      "value": 36830.82009124756,
      "pct": 0.037717905363223204
    }
  ],
  "signals": [
    {
      "ticker": "AVAV",
      "label": "BUY",
      "composite": 1.5,
      "rsi": 52.5,
      "subs": {
        "rsi": 0.5,
        "macd": 0.5,
        "trend": 0.0,
        "bb": 0.5,
        "vol": 0.0,
        "range": 0.0
      }
    },
    {
      "ticker": "BABA",
      "label": "STRONG SELL",
      "composite": -2.0,
      "rsi": 39.3,
      "subs": {
        "rsi": 0.0,
        "macd": -0.5,
        "trend": -0.5,
        "bb": -0.5,
        "vol": 0.0,
        "range": -0.5
      }
    },
    {
      "ticker": "CEG",
      "label": "SELL",
      "composite": -1.5,
      "rsi": 37.8,
      "subs": {
        "rsi": 0.0,
        "macd": -0.5,
        "trend": -0.5,
        "bb": -0.5,
        "vol": 0.5,
        "range": -0.5
      }
    },
    {
      "ticker": "CMI",
      "label": "NEUTRAL",
      "composite": 0.0,
      "rsi": 52.7,
      "subs": {
        "rsi": 0.5,
        "macd": -0.5,
        "trend": 0.5,
        "bb": -0.5,
        "vol": 0.0,
        "range": 0.0
      }
    },
    {
      "ticker": "CRWV",
      "label": "SELL",
      "composite": -1.5,
      "rsi": 44.8,
      "subs": {
        "rsi": 0.0,
        "macd": -0.5,
        "trend": 0.0,
        "bb": -0.5,
        "vol": 0.0,
        "range": -0.5
      }
    },
    {
      "ticker": "GENC",
      "label": "STRONG BUY",
      "composite": 2.0,
      "rsi": 51.6,
      "subs": {
        "rsi": 0.5,
        "macd": 0.5,
        "trend": 0.0,
        "bb": 0.5,
        "vol": 0.5,
        "range": 0.0
      }
    },
    {
      "ticker": "GRPN",
      "label": "SELL",
      "composite": -1.0,
      "rsi": 49.0,
      "subs": {
        "rsi": 0.5,
        "macd": -0.5,
        "trend": 0.0,
        "bb": -0.5,
        "vol": 0.0,
        "range": -0.5
      }
    },
    {
      "ticker": "JAKK",
      "label": "SELL",
      "composite": -1.0,
      "rsi": 45.9,
      "subs": {
        "rsi": 0.5,
        "macd": -0.5,
        "trend": 0.0,
        "bb": -0.5,
        "vol": 0.0,
        "range": -0.5
      }
    },
    {
      "ticker": "KSPI",
      "label": "SELL",
      "composite": -1.0,
      "rsi": 36.7,
      "subs": {
        "rsi": 0.0,
        "macd": -0.5,
        "trend": 0.0,
        "bb": 0.0,
        "vol": 0.0,
        "range": -0.5
      }
    },
    {
      "ticker": "OPEN",
      "label": "SELL",
      "composite": -1.0,
      "rsi": 44.6,
      "subs": {
        "rsi": 0.0,
        "macd": 0.5,
        "trend": -0.5,
        "bb": -0.5,
        "vol": 0.0,
        "range": -0.5
      }
    },
    {
      "ticker": "PRGS",
      "label": "BUY",
      "composite": 1.5,
      "rsi": 53.8,
      "subs": {
        "rsi": 0.5,
        "macd": 0.5,
        "trend": 0.0,
        "bb": 0.5,
        "vol": 0.0,
        "range": 0.0
      }
    },
    {
      "ticker": "PYPL",
      "label": "SELL",
      "composite": -1.5,
      "rsi": 30.3,
      "subs": {
        "rsi": 0.0,
        "macd": -0.5,
        "trend": -0.5,
        "bb": 0.0,
        "vol": 0.0,
        "range": -0.5
      }
    },
    {
      "ticker": "VIA",
      "label": "NEUTRAL",
      "composite": 0.0,
      "rsi": 46.8,
      "subs": {
        "rsi": 0.5,
        "macd": 0.5,
        "trend": -0.5,
        "bb": -0.5,
        "vol": 0.0,
        "range": 0.0
      }
    },
    {
      "ticker": "VST",
      "label": "LEAN BULL",
      "composite": 0.5,
      "rsi": 47.3,
      "subs": {
        "rsi": 0.5,
        "macd": 0.5,
        "trend": -0.5,
        "bb": 0.5,
        "vol": -0.5,
        "range": 0.0
      }
    },
    {
      "ticker": "XNET",
      "label": "SELL",
      "composite": -1.0,
      "rsi": 31.0,
      "subs": {
        "rsi": 0.0,
        "macd": -0.5,
        "trend": -0.5,
        "bb": 0.0,
        "vol": 0.5,
        "range": -0.5
      }
    },
    {
      "ticker": "ZS",
      "label": "STRONG SELL",
      "composite": -2.0,
      "rsi": 43.1,
      "subs": {
        "rsi": 0.0,
        "macd": -0.5,
        "trend": -0.5,
        "bb": -0.5,
        "vol": 0.0,
        "range": -0.5
      }
    }
  ],
  "volatility": [
    {
      "ticker": "AVAV",
      "hv20": 0.8450014866501375,
      "garch": 0.7633713837487558,
      "expansion": -0.09660350211333968,
      "regime": "HIGH",
      "signal": "WEAK"
    },
    {
      "ticker": "BABA",
      "hv20": 0.4593768477482536,
      "garch": 0.4281596794752514,
      "expansion": -0.06795546712034067,
      "regime": "HIGH",
      "signal": "WEAK"
    },
    {
      "ticker": "CEG",
      "hv20": 0.5469229911620579,
      "garch": 0.5663270524554728,
      "expansion": 0.03547859864546321,
      "regime": "HIGH",
      "signal": "WEAK"
    },
    {
      "ticker": "CMI",
      "hv20": 0.39201421506337675,
      "garch": 0.31749150816200705,
      "expansion": -0.19010205252205367,
      "regime": "HIGH",
      "signal": "WEAK"
    },
    {
      "ticker": "CRWV",
      "hv20": 0.8738897269411542,
      "garch": 0.996857518123168,
      "expansion": 0.14071316710911996,
      "regime": "NORMAL",
      "signal": "BASE"
    },
    {
      "ticker": "GENC",
      "hv20": 0.4226903550584308,
      "garch": 0.45983741004118395,
      "expansion": 0.08788242868143545,
      "regime": "HIGH",
      "signal": "WEAK"
    },
    {
      "ticker": "GRPN",
      "hv20": 0.9470535547454464,
      "garch": 0.8107369848408622,
      "expansion": -0.1439375516004731,
      "regime": "EXTREME",
      "signal": "WEAK"
    },
    {
      "ticker": "JAKK",
      "hv20": 0.2614446795142304,
      "garch": 0.4607819308060039,
      "expansion": 0.7624452395135606,
      "regime": "LOW",
      "signal": "SIGNAL"
    },
    {
      "ticker": "KSPI",
      "hv20": 0.2524453379134676,
      "garch": 0.3495744789495826,
      "expansion": 0.38475315820412803,
      "regime": "LOW",
      "signal": "SIGNAL"
    },
    {
      "ticker": "OPEN",
      "hv20": 0.6887091661340596,
      "garch": 0.8500904143965449,
      "expansion": 0.23432423466696217,
      "regime": "LOW",
      "signal": "SIGNAL"
    },
    {
      "ticker": "PRGS",
      "hv20": 0.6045626651226037,
      "garch": 0.5101954766428839,
      "expansion": -0.15609165752996407,
      "regime": "HIGH",
      "signal": "WEAK"
    },
    {
      "ticker": "PYPL",
      "hv20": 0.22757739906364785,
      "garch": 0.39149509246016084,
      "expansion": 0.7202722856968289,
      "regime": "LOW",
      "signal": "SIGNAL"
    },
    {
      "ticker": "VIA",
      "hv20": 1.0193342384188147,
      "garch": null,
      "expansion": null,
      "regime": "NORMAL",
      "signal": "WEAK"
    },
    {
      "ticker": "VST",
      "hv20": 0.5077390966943796,
      "garch": 0.563915058709933,
      "expansion": 0.1106394256051688,
      "regime": "HIGH",
      "signal": "BASE"
    },
    {
      "ticker": "XNET",
      "hv20": 0.7462401836692143,
      "garch": 0.911807506940945,
      "expansion": 0.22186867833576987,
      "regime": "HIGH",
      "signal": "SIGNAL"
    },
    {
      "ticker": "ZS",
      "hv20": 1.576587261335942,
      "garch": 0.6789408251383916,
      "expansion": -0.5693604522954967,
      "regime": "EXTREME",
      "signal": "WEAK"
    }
  ],
  "correlation": {
    "tickers": [
      "AVAV",
      "BABA",
      "CEG",
      "CMI",
      "CRWV",
      "GENC",
      "GRPN",
      "JAKK",
      "KSPI",
      "OPEN",
      "PRGS",
      "PYPL",
      "VIA",
      "VST",
      "XNET",
      "ZS"
    ],
    "matrix": [
      [
        1.0,
        0.122,
        0.258,
        0.237,
        0.302,
        0.096,
        0.219,
        0.086,
        0.084,
        0.328,
        0.175,
        0.195,
        0.03,
        0.296,
        0.328,
        0.169
      ],
      [
        0.122,
        1.0,
        0.176,
        0.33,
        0.349,
        0.13,
        0.18,
        0.118,
        0.207,
        0.187,
        0.02,
        0.24,
        -0.039,
        0.222,
        0.476,
        0.034
      ],
      [
        0.258,
        0.176,
        1.0,
        0.311,
        0.215,
        0.149,
        0.069,
        0.09,
        0.046,
        0.183,
        -0.006,
        0.121,
        0.005,
        0.795,
        0.246,
        0.037
      ],
      [
        0.237,
        0.33,
        0.311,
        1.0,
        0.36,
        0.36,
        0.171,
        0.156,
        0.229,
        0.192,
        -0.168,
        0.057,
        -0.0,
        0.32,
        0.301,
        -0.062
      ],
      [
        0.302,
        0.349,
        0.215,
        0.36,
        1.0,
        0.118,
        0.159,
        0.063,
        0.128,
        0.236,
        -0.023,
        0.129,
        0.223,
        0.307,
        0.368,
        0.179
      ],
      [
        0.096,
        0.13,
        0.149,
        0.36,
        0.118,
        1.0,
        0.158,
        0.316,
        0.159,
        0.13,
        0.159,
        0.096,
        0.064,
        0.173,
        0.163,
        0.052
      ],
      [
        0.219,
        0.18,
        0.069,
        0.171,
        0.159,
        0.158,
        1.0,
        0.153,
        0.328,
        0.292,
        0.15,
        0.256,
        0.177,
        0.106,
        0.214,
        0.142
      ],
      [
        0.086,
        0.118,
        0.09,
        0.156,
        0.063,
        0.316,
        0.153,
        1.0,
        0.108,
        0.14,
        0.352,
        0.216,
        0.144,
        0.061,
        0.2,
        -0.051
      ],
      [
        0.084,
        0.207,
        0.046,
        0.229,
        0.128,
        0.159,
        0.328,
        0.108,
        1.0,
        0.241,
        0.103,
        0.251,
        0.149,
        0.078,
        0.189,
        0.151
      ],
      [
        0.328,
        0.187,
        0.183,
        0.192,
        0.236,
        0.13,
        0.292,
        0.14,
        0.241,
        1.0,
        0.157,
        0.235,
        0.162,
        0.257,
        0.34,
        0.058
      ],
      [
        0.175,
        0.02,
        -0.006,
        -0.168,
        -0.023,
        0.159,
        0.15,
        0.352,
        0.103,
        0.157,
        1.0,
        0.296,
        0.386,
        0.02,
        0.157,
        0.295
      ],
      [
        0.195,
        0.24,
        0.121,
        0.057,
        0.129,
        0.096,
        0.256,
        0.216,
        0.251,
        0.235,
        0.296,
        1.0,
        0.158,
        0.059,
        0.324,
        0.203
      ],
      [
        0.03,
        -0.039,
        0.005,
        -0.0,
        0.223,
        0.064,
        0.177,
        0.144,
        0.149,
        0.162,
        0.386,
        0.158,
        1.0,
        0.06,
        0.187,
        0.368
      ],
      [
        0.296,
        0.222,
        0.795,
        0.32,
        0.307,
        0.173,
        0.106,
        0.061,
        0.078,
        0.257,
        0.02,
        0.059,
        0.06,
        1.0,
        0.267,
        0.066
      ],
      [
        0.328,
        0.476,
        0.246,
        0.301,
        0.368,
        0.163,
        0.214,
        0.2,
        0.189,
        0.34,
        0.157,
        0.324,
        0.187,
        0.267,
        1.0,
        0.219
      ],
      [
        0.169,
        0.034,
        0.037,
        -0.062,
        0.179,
        0.052,
        0.142,
        -0.051,
        0.151,
        0.058,
        0.295,
        0.203,
        0.368,
        0.066,
        0.219,
        1.0
      ]
    ]
  },
  "residual_correlation": {
    "tickers": [
      "AVAV",
      "BABA",
      "CEG",
      "CMI",
      "CRWV",
      "GENC",
      "GRPN",
      "JAKK",
      "KSPI",
      "OPEN",
      "PRGS",
      "PYPL",
      "VIA",
      "VST",
      "XNET",
      "ZS"
    ],
    "matrix": [
      [
        1.0,
        -0.011,
        0.123,
        0.064,
        0.124,
        -0.03,
        0.086,
        -0.053,
        -0.124,
        0.151,
        0.123,
        0.009,
        -0.143,
        0.154,
        0.168,
        0.097
      ],
      [
        -0.011,
        1.0,
        0.005,
        0.102,
        0.185,
        -0.081,
        0.024,
        -0.046,
        0.038,
        0.042,
        -0.065,
        0.127,
        -0.158,
        0.052,
        0.348,
        -0.046
      ],
      [
        0.123,
        0.005,
        1.0,
        0.028,
        -0.044,
        0.028,
        -0.056,
        -0.02,
        -0.121,
        0.027,
        0.032,
        0.051,
        -0.087,
        0.729,
        0.084,
        0.024
      ],
      [
        0.064,
        0.102,
        0.028,
        1.0,
        0.092,
        0.068,
        -0.061,
        -0.148,
        -0.012,
        -0.067,
        -0.281,
        -0.104,
        -0.117,
        -0.009,
        0.014,
        -0.12
      ],
      [
        0.124,
        0.185,
        -0.044,
        0.092,
        1.0,
        0.008,
        -0.032,
        -0.04,
        -0.094,
        0.014,
        -0.044,
        -0.035,
        0.107,
        0.051,
        0.103,
        0.131
      ],
      [
        -0.03,
        -0.081,
        0.028,
        0.068,
        0.008,
        1.0,
        -0.024,
        0.06,
        -0.07,
        -0.076,
        0.05,
        0.005,
        -0.012,
        0.03,
        -0.045,
        0.013
      ],
      [
        0.086,
        0.024,
        -0.056,
        -0.061,
        -0.032,
        -0.024,
        1.0,
        0.012,
        0.169,
        0.108,
        0.028,
        0.092,
        0.06,
        -0.034,
        -0.006,
        0.047
      ],
      [
        -0.053,
        -0.046,
        -0.02,
        -0.148,
        -0.04,
        0.06,
        0.012,
        1.0,
        -0.092,
        -0.026,
        0.309,
        0.109,
        0.084,
        -0.059,
        0.029,
        -0.116
      ],
      [
        -0.124,
        0.038,
        -0.121,
        -0.012,
        -0.094,
        -0.07,
        0.169,
        -0.092,
        1.0,
        0.067,
        -0.037,
        0.075,
        0.019,
        -0.111,
        -0.024,
        0.055
      ],
      [
        0.151,
        0.042,
        0.027,
        -0.067,
        0.014,
        -0.076,
        0.108,
        -0.026,
        0.067,
        1.0,
        0.026,
        0.067,
        0.036,
        0.105,
        0.161,
        -0.042
      ],
      [
        0.123,
        -0.065,
        0.032,
        -0.281,
        -0.044,
        0.05,
        0.028,
        0.309,
        -0.037,
        0.026,
        1.0,
        0.131,
        0.326,
        0.071,
        0.069,
        0.203
      ],
      [
        0.009,
        0.127,
        0.051,
        -0.104,
        -0.035,
        0.005,
        0.092,
        0.109,
        0.075,
        0.067,
        0.131,
        1.0,
        -0.004,
        -0.034,
        0.181,
        0.061
      ],
      [
        -0.143,
        -0.158,
        -0.087,
        -0.117,
        0.107,
        -0.012,
        0.06,
        0.084,
        0.019,
        0.036,
        0.326,
        -0.004,
        1.0,
        -0.033,
        0.052,
        0.3
      ],
      [
        0.154,
        0.052,
        0.729,
        -0.009,
        0.051,
        0.03,
        -0.034,
        -0.059,
        -0.111,
        0.105,
        0.071,
        -0.034,
        -0.033,
        1.0,
        0.088,
        0.055
      ],
      [
        0.168,
        0.348,
        0.084,
        0.014,
        0.103,
        -0.045,
        -0.006,
        0.029,
        -0.024,
        0.161,
        0.069,
        0.181,
        0.052,
        0.088,
        1.0,
        0.141
      ],
      [
        0.097,
        -0.046,
        0.024,
        -0.12,
        0.131,
        0.013,
        0.047,
        -0.116,
        0.055,
        -0.042,
        0.203,
        0.061,
        0.3,
        0.055,
        0.141,
        1.0
      ]
    ]
  },
  "factor_correlation": {
    "factors": [
      "Market",
      "Size",
      "Value (SMID)",
      "Momentum",
      "Quality",
      "Profitability",
      "Liquidity",
      "Credit"
    ],
    "matrix": [
      [
        1.0,
        0.346,
        -0.453,
        0.344,
        -0.168,
        -0.517,
        0.296,
        0.198
      ],
      [
        0.346,
        1.0,
        -0.148,
        0.21,
        0.142,
        0.171,
        0.33,
        0.058
      ],
      [
        -0.453,
        -0.148,
        1.0,
        -0.514,
        0.247,
        0.556,
        -0.35,
        -0.142
      ],
      [
        0.344,
        0.21,
        -0.514,
        1.0,
        -0.174,
        -0.507,
        0.223,
        0.018
      ],
      [
        -0.168,
        0.142,
        0.247,
        -0.174,
        1.0,
        0.394,
        -0.202,
        -0.14
      ],
      [
        -0.517,
        0.171,
        0.556,
        -0.507,
        0.394,
        1.0,
        -0.255,
        -0.084
      ],
      [
        0.296,
        0.33,
        -0.35,
        0.223,
        -0.202,
        -0.255,
        1.0,
        0.175
      ],
      [
        0.198,
        0.058,
        -0.142,
        0.018,
        -0.14,
        -0.084,
        0.175,
        1.0
      ]
    ]
  },
  "factor_exposures": [
    {
      "ticker": "AVAV",
      "r_squared": 0.17081348707241473,
      "alpha_annual": -0.1790771284708661,
      "idio_vol_annual": 0.66278140457818,
      "Market": 0.9534374837509848,
      "Size": 0.8581261913688735,
      "Value (SMID)": -2.1751064480267166,
      "Momentum": -0.7016755418080782,
      "Quality": -1.2982100897646773,
      "Profitability": -0.06933697917137653,
      "Liquidity": -0.0019903455040892293,
      "Credit": -1.6476432042787645
    },
    {
      "ticker": "BABA",
      "r_squared": 0.1448930077099806,
      "alpha_annual": -0.2936982272968419,
      "idio_vol_annual": 0.3973639496144734,
      "Market": 1.1548837502259368,
      "Size": 0.19234737386630718,
      "Value (SMID)": 0.2342416589406507,
      "Momentum": -0.1080542886619093,
      "Quality": -0.12912528265547138,
      "Profitability": -0.2722201336097965,
      "Liquidity": 0.18354853576523017,
      "Credit": 0.9421149816245937
    },
    {
      "ticker": "CEG",
      "r_squared": 0.25665356965461206,
      "alpha_annual": -0.43354032416086247,
      "idio_vol_annual": 0.40239716268445685,
      "Market": 0.7854810820176269,
      "Size": 0.3091240176726775,
      "Value (SMID)": -0.3905002330340569,
      "Momentum": 0.8671604149279993,
      "Quality": -0.8181014128307026,
      "Profitability": -0.5439069394636089,
      "Liquidity": -0.2543630076693331,
      "Credit": -0.8111726503093692
    },
    {
      "ticker": "CMI",
      "r_squared": 0.4872535859086724,
      "alpha_annual": 0.3506043006278095,
      "idio_vol_annual": 0.23283478019321155,
      "Market": 1.1484719617937502,
      "Size": 0.8392055335098954,
      "Value (SMID)": 0.4134417215509773,
      "Momentum": 0.799998864839073,
      "Quality": 0.36781499844096815,
      "Profitability": -0.18244753956159865,
      "Liquidity": -0.3111846522614628,
      "Credit": 0.8955051152961984
    },
    {
      "ticker": "CRWV",
      "r_squared": 0.28728968641387753,
      "alpha_annual": -1.1489147764209362,
      "idio_vol_annual": 0.8184665189530271,
      "Market": 1.2288860231514351,
      "Size": 0.5024095772522843,
      "Value (SMID)": -1.9639343729379557,
      "Momentum": 1.3897214317631723,
      "Quality": -5.1046179774270515,
      "Profitability": 0.28413024566185696,
      "Liquidity": 0.7003052198282248,
      "Credit": 1.1941498057891151
    },
    {
      "ticker": "GENC",
      "r_squared": 0.33575368821913343,
      "alpha_annual": -0.476830579154251,
      "idio_vol_annual": 0.32654608441282806,
      "Market": 1.45512941368918,
      "Size": 1.1448141765400377,
      "Value (SMID)": 1.166588736854817,
      "Momentum": 0.04264342499756566,
      "Quality": -0.5820349635970519,
      "Profitability": 0.18933478242711047,
      "Liquidity": -0.13575489344341443,
      "Credit": 0.5281895539743415
    },
    {
      "ticker": "GRPN",
      "r_squared": 0.1452026844927795,
      "alpha_annual": -1.1032005366610813,
      "idio_vol_annual": 0.6282151014012155,
      "Market": 1.7783262657009526,
      "Size": 0.2730744473310006,
      "Value (SMID)": -0.8450369157350269,
      "Momentum": -0.16835326309058948,
      "Quality": -1.813778663479968,
      "Profitability": 1.3343676662222852,
      "Liquidity": 0.13891994969160454,
      "Credit": 1.7213632111339072
    },
    {
      "ticker": "JAKK",
      "r_squared": 0.28956142254630957,
      "alpha_annual": -0.3351179571293528,
      "idio_vol_annual": 0.3606622154677044,
      "Market": 1.4332667689488336,
      "Size": 0.9717161499604672,
      "Value (SMID)": 0.8301027677898037,
      "Momentum": -0.3373627599511114,
      "Quality": 1.4977511870234053,
      "Profitability": -0.22540842687209253,
      "Liquidity": 0.4464642968320877,
      "Credit": -0.3445040332379818
    },
    {
      "ticker": "KSPI",
      "r_squared": 0.22488809313989677,
      "alpha_annual": -0.25448090813158103,
      "idio_vol_annual": 0.3161373708570032,
      "Market": 1.2639741712151233,
      "Size": 0.40433149946639635,
      "Value (SMID)": -0.326019088615483,
      "Momentum": -0.6336123654959797,
      "Quality": 0.16881250954234792,
      "Profitability": 0.10927383223002704,
      "Liquidity": -0.06591554764155025,
      "Credit": 0.4260462845760858
    },
    {
      "ticker": "OPEN",
      "r_squared": 0.11464212713393762,
      "alpha_annual": 1.3503759563351352,
      "idio_vol_annual": 1.3601381662976855,
      "Market": 2.875247004524128,
      "Size": 1.2624625131538592,
      "Value (SMID)": -1.7515113029475562,
      "Momentum": -1.7379979114858515,
      "Quality": 1.7331080233596996,
      "Profitability": 0.9163167294891199,
      "Liquidity": 1.7135827362828686,
      "Credit": -2.9241577149441667
    },
    {
      "ticker": "PRGS",
      "r_squared": 0.18919162072851647,
      "alpha_annual": -1.0155843866476546,
      "idio_vol_annual": 0.444133233708206,
      "Market": 1.9111267372484055,
      "Size": -0.3963071910336254,
      "Value (SMID)": -0.5420369086505652,
      "Momentum": -1.080604117328577,
      "Quality": -0.857241125657418,
      "Profitability": 1.5302818980104118,
      "Liquidity": 0.16933148430513847,
      "Credit": -0.5094003928398229
    },
    {
      "ticker": "PYPL",
      "r_squared": 0.3098317745854301,
      "alpha_annual": -0.8017577410625146,
      "idio_vol_annual": 0.3358762897187173,
      "Market": 1.8878916425790448,
      "Size": -0.41473418071613033,
      "Value (SMID)": -0.9452257552325444,
      "Momentum": -1.0162870527675623,
      "Quality": 1.531574195327383,
      "Profitability": 0.7373436263586609,
      "Liquidity": 0.44746960800821,
      "Credit": -0.1557219303729934
    },
    {
      "ticker": "VIA",
      "r_squared": 0.1310246313825365,
      "alpha_annual": -1.7496460169776902,
      "idio_vol_annual": 0.6845269378537915,
      "Market": 1.325722895205705,
      "Size": 0.31772351638911417,
      "Value (SMID)": -1.5943265122516361,
      "Momentum": -1.3976389019834605,
      "Quality": -1.8942986097502983,
      "Profitability": 0.6694726642480083,
      "Liquidity": 0.5376612790276345,
      "Credit": -1.157756231476231
    },
    {
      "ticker": "VST",
      "r_squared": 0.2802964946524641,
      "alpha_annual": -0.41657647787039476,
      "idio_vol_annual": 0.4101274656687315,
      "Market": 0.6314656069691527,
      "Size": 0.6888176967044942,
      "Value (SMID)": -0.6368400921941996,
      "Momentum": 0.9025346640246849,
      "Quality": -1.763552169099415,
      "Profitability": -0.41973432117546067,
      "Liquidity": -0.6159889189476374,
      "Credit": -0.6644257648189859
    },
    {
      "ticker": "XNET",
      "r_squared": 0.16700428740855655,
      "alpha_annual": -0.8129697485872748,
      "idio_vol_annual": 0.7257146812715036,
      "Market": 2.0490256790262174,
      "Size": 0.14240439917417827,
      "Value (SMID)": -0.7026451220805379,
      "Momentum": -0.6030898454937016,
      "Quality": 0.12935633975856337,
      "Profitability": 0.538082029994898,
      "Liquidity": 1.314873151775321,
      "Credit": 2.212418100191999
    },
    {
      "ticker": "ZS",
      "r_squared": 0.09344745524741938,
      "alpha_annual": -0.970409379313282,
      "idio_vol_annual": 0.5950288084536879,
      "Market": 1.3211569154852707,
      "Size": -0.40105516964937415,
      "Value (SMID)": -1.231248053522271,
      "Momentum": -1.1712589441254986,
      "Quality": -0.9659724999552426,
      "Profitability": 0.7931067541900003,
      "Liquidity": 0.08590972976060779,
      "Credit": 0.0024860701514701393
    }
  ],
  "portfolio_factor_exposure": {
    "loadings": {
      "Market": 1.4883713568975643,
      "Size": 0.3528232178319187,
      "Value (SMID)": -0.6658631253225323,
      "Momentum": -0.4018251214485311,
      "Quality": -0.7184067373955145,
      "Profitability": 0.4978559924587167,
      "Liquidity": 0.2714001067520239,
      "Credit": 0.4167302051909643
    },
    "alpha_annual": -0.677910353262008,
    "r_squared_weighted": 0.20906490083185109
  },
  "stress_tests": [
    {
      "scenario": "COVID Crash (Feb-Mar 2020)",
      "market_move": -0.339,
      "portfolio_impact": -0.5422085198967778,
      "stressed_nav": 447024.708308109,
      "pnl": -529456.3485418665,
      "description": "Rapid 33.9% selloff in SPY over 23 trading days as COVID-19 spread."
    },
    {
      "scenario": "2022 Rate Shock (Jan-Oct)",
      "market_move": -0.252,
      "portfolio_impact": -0.40305766080822414,
      "stressed_nav": 582902.886252482,
      "pnl": -393578.17059749365,
      "description": "Grinding 9-month decline as the Fed hiked rates aggressively."
    },
    {
      "scenario": "GFC 2008-09",
      "market_move": -0.565,
      "portfolio_impact": -0.9036808664946294,
      "stressed_nav": 94053.80928019815,
      "pnl": -882427.2475697774,
      "description": "Credit crisis bear market; SPY drew down 56.5% from Oct 2007 peak."
    },
    {
      "scenario": "Dot-Com Bust (2000-02)",
      "market_move": -0.491,
      "portfolio_impact": -0.7853226645112621,
      "stressed_nav": 209628.35143977957,
      "pnl": -766852.705410196,
      "description": "Tech bubble burst; SPY -49.1% peak-to-trough over 30 months."
    },
    {
      "scenario": "Black Monday (Oct 1987)",
      "market_move": -0.204,
      "portfolio_impact": -0.32628477303522907,
      "stressed_nav": 657870.1568424806,
      "pnl": -318610.90000749496,
      "description": "Flash crash; -20.4% on a single trading day."
    },
    {
      "scenario": "Aug 2024 Yen Carry Unwind",
      "market_move": -0.084,
      "portfolio_impact": -0.1343525536027414,
      "stressed_nav": 845288.3333174776,
      "pnl": -131192.723532498,
      "description": "Yen carry unwind shock; SPY -8.4% in one week."
    }
  ],
  "monte_carlo": {
    "horizon_days": 21,
    "n_paths": 10000,
    "current_nav": 976481.0568499756,
    "terminal_return": {
      "p5": -0.15701517974895807,
      "p25": -0.08279878165196888,
      "p50": -0.027351421946304022,
      "p75": 0.029287372444443738,
      "p95": 0.11755948389377398,
      "prob_negative": 0.6248
    },
    "terminal_nav": {
      "p5": 823158.7081872241,
      "p50": 949772.911441499,
      "p95": 1091275.6659253056
    },
    "max_drawdown": {
      "p5": -0.17118086584482903,
      "p50": -0.08178406117829466,
      "p95": -0.030864878926264237
    },
    "method": "Bootstrap of synthetic portfolio daily returns (current weights \u00d7 each holding's 252-day history). 10,000 paths, 21-trading-day horizon (~1 month)."
  },
  "factor_stress": [
    {
      "scenario": "Tech Selloff -15%",
      "description": "Concentrated drawdown in Tech and Communication Services.",
      "shocks": {
        "sector:Technology": -0.15,
        "sector:Communication Services": -0.1
      },
      "pnl": -75391.66900696754,
      "stressed_nav": 901089.387843008,
      "portfolio_impact": -0.07720750799833545,
      "equity_at_risk_pct": 0.8594445135036688
    },
    {
      "scenario": "Rate Shock (+100bp)",
      "description": "Long-duration growth and rate-sensitive sectors hit; banks benefit.",
      "shocks": {
        "sector:Technology": -0.08,
        "sector:Consumer Cyclical": -0.1,
        "sector:Financial Services": 0.05,
        "sector:Real Estate": -0.12,
        "sector:Utilities": -0.06
      },
      "pnl": -44731.24950912476,
      "stressed_nav": 931749.8073408508,
      "portfolio_impact": -0.045808619834800515,
      "equity_at_risk_pct": 0.8594445135036688
    },
    {
      "scenario": "Energy Spike (+30%)",
      "description": "Oil shock \u2014 producers rally, downstream consumers pinched.",
      "shocks": {
        "sector:Energy": 0.3,
        "sector:Industrials": -0.05,
        "sector:Consumer Cyclical": -0.07,
        "sector:Consumer Defensive": -0.03
      },
      "pnl": -12177.249160146714,
      "stressed_nav": 964303.8076898289,
      "portfolio_impact": -0.01247054315567496,
      "equity_at_risk_pct": 0.8594445135036688
    },
    {
      "scenario": "Recession (broad -20%)",
      "description": "Cyclicals and credit-sensitive names down hard; defensives flat.",
      "shocks": {
        "sector:Technology": -0.15,
        "sector:Consumer Cyclical": -0.22,
        "sector:Financial Services": -0.18,
        "sector:Industrials": -0.18,
        "sector:Energy": -0.2,
        "sector:Materials": -0.2,
        "sector:Communication Services": -0.12,
        "sector:Healthcare": -0.04,
