{
  "generated_at": "2026-06-22T19:40:57.568769Z",
  "market_session": "OPEN",
  "fund_name": "Convex Capital",
  "tagline": "Lose small. Win big. \u2014 Paper-traded portfolio. Hypothetical performance for educational purposes only.",
  "summary": {
    "nav": 1010226.4261354447,
    "cash": 4788.150000000078,
    "equity": 1005438.2761354446,
    "deposits": 1000000.0,
    "total_return": 0.010226426135444555,
    "realized_pnl": 0.0,
    "open_positions": 16
  },
  "metrics": {
    "annualized_return": -0.17468622785202192,
    "annualized_vol": 0.2817686103091817,
    "sharpe": -0.7799883239517101,
    "sortino": -1.0156969247702554,
    "calmar": -0.4716101052404338,
    "max_drawdown": -0.37040391185630833,
    "var_95_1d": -0.0322682429908835,
    "risk_free_rate": 0.04508999824523926,
    "method": "Synthetic: current weights \u00d7 each holding's 252-day return history. Sortino uses Frank Sortino downside deviation (RMS of shortfalls vs MAR=RF).",
    "beta_spy": 1.543604602996913,
    "benchmark_annualized_return": 0.2113879339152862,
    "treynor": -0.14237857652831884,
    "jensens_alpha": -0.47647448506643014,
    "information_ratio": -1.4773439450975128,
    "tracking_error": 0.21586249066849858,
    "annualized_active_return": -0.3189031435627747,
    "up_capture": 1.3545152023344713,
    "down_capture": 1.4986975854593934,
    "data_basis": "synthetic_252d",
    "days_of_live_nav": 15
  },
  "nav_curve": [
    {
      "date": "2026-06-01",
      "value": 999690.7946434022
    },
    {
      "date": "2026-06-02",
      "value": 1005956.9559421922
    },
    {
      "date": "2026-06-03",
      "value": 995933.4362950898
    },
    {
      "date": "2026-06-04",
      "value": 1004845.355703888
    },
    {
      "date": "2026-06-05",
      "value": 973224.8065592195
    },
    {
      "date": "2026-06-08",
      "value": 973022.1538583185
    },
    {
      "date": "2026-06-09",
      "value": 978322.5603671265
    },
    {
      "date": "2026-06-10",
      "value": 964713.1933031273
    },
    {
      "date": "2026-06-11",
      "value": 988256.9600315285
    },
    {
      "date": "2026-06-12",
      "value": 993752.5422706795
    },
    {
      "date": "2026-06-15",
      "value": 1014406.7780808449
    },
    {
      "date": "2026-06-16",
      "value": 1016588.5875152588
    },
    {
      "date": "2026-06-17",
      "value": 1000534.9000591278
    },
    {
      "date": "2026-06-18",
      "value": 1001766.7596568108
    },
    {
      "date": "2026-06-22",
      "value": 1010105.0298017502
    }
  ],
  "drawdown_curve": [
    {
      "date": "2026-06-01",
      "value": 0.0
    },
    {
      "date": "2026-06-02",
      "value": 0.0
    },
    {
      "date": "2026-06-03",
      "value": -0.009964163563752383
    },
    {
      "date": "2026-06-04",
      "value": -0.0011050176965704233
    },
    {
      "date": "2026-06-05",
      "value": -0.03253832004403746
    },
    {
      "date": "2026-06-08",
      "value": -0.03273977270034045
    },
    {
      "date": "2026-06-09",
      "value": -0.02747075350672735
    },
    {
      "date": "2026-06-10",
      "value": -0.040999530243752316
    },
    {
      "date": "2026-06-11",
      "value": -0.01759518218558934
    },
    {
      "date": "2026-06-12",
      "value": -0.012132143029998663
    },
    {
      "date": "2026-06-15",
      "value": 0.0
    },
    {
      "date": "2026-06-16",
      "value": 0.0
    },
    {
      "date": "2026-06-17",
      "value": -0.015791725043234384
    },
    {
      "date": "2026-06-18",
      "value": -0.014579966803164172
    },
    {
      "date": "2026-06-22",
      "value": -0.0063777596887603155
    }
  ],
  "benchmarks": {
    "SPY": [
      {
        "date": "2026-06-01",
        "value": 0.0
      },
      {
        "date": "2026-06-02",
        "value": 0.0013579397972762752
      },
      {
        "date": "2026-06-03",
        "value": -0.005668771434361286
      },
      {
        "date": "2026-06-04",
        "value": -0.0019115061781299625
      },
      {
        "date": "2026-06-05",
        "value": -0.027671542654459702
      },
      {
        "date": "2026-06-08",
        "value": -0.025470023194608782
      },
      {
        "date": "2026-06-09",
        "value": -0.02833070775180091
      },
      {
        "date": "2026-06-10",
        "value": -0.04364962071587053
      },
      {
        "date": "2026-06-11",
        "value": -0.027394678792744487
      },
      {
        "date": "2026-06-12",
        "value": -0.022134588105308994
      },
      {
        "date": "2026-06-15",
        "value": -0.0048909388718152425
      },
      {
        "date": "2026-06-16",
        "value": -0.010823344076597685
      },
      {
        "date": "2026-06-17",
        "value": -0.023176054438276084
      },
      {
        "date": "2026-06-18",
        "value": -0.013020023259145863
      },
      {
        "date": "2026-06-22",
        "value": -0.017170238361069234
      }
    ],
    "IWM": [
      {
        "date": "2026-06-01",
        "value": 0.0
      },
      {
        "date": "2026-06-02",
        "value": 0.009273902616242058
      },
      {
        "date": "2026-06-03",
        "value": -0.004533265755123028
      },
      {
        "date": "2026-06-04",
        "value": 0.010485102307313143
      },
      {
        "date": "2026-06-05",
        "value": -0.025365222965751943
      },
      {
        "date": "2026-06-08",
        "value": -0.016852527916236926
      },
      {
        "date": "2026-06-09",
        "value": -0.013703535746163342
      },
      {
        "date": "2026-06-10",
        "value": -0.023981055236295123
      },
      {
        "date": "2026-06-11",
        "value": 0.00494832553389335
      },
      {
        "date": "2026-06-12",
        "value": 0.01373793881377372
      },
      {
        "date": "2026-06-15",
        "value": 0.022010765090349826
      },
      {
        "date": "2026-06-16",
        "value": 0.013130856989941098
      },
      {
        "date": "2026-06-17",
        "value": 0.005499833171586088
      },
      {
        "date": "2026-06-18",
        "value": 0.025305943833869415
      },
      {
        "date": "2026-06-22",
        "value": 0.034775467585323794
      }
    ]
  },
  "holdings": [
    {
      "ticker": "GRPN",
      "company": "Groupon, Inc.",
      "sector": "Communication Services",
      "country": "United States",
      "shares": 11310.0,
      "price": 17.299999237060547,
      "cost_basis": 17.3017824933687,
      "market_value": 195662.99137115479,
      "unrealized_pnl": -20.16862884523068,
      "short_percent_of_float": 0.56310004,
      "short_ratio": 5.75
    },
    {
      "ticker": "KSPI",
      "company": "Joint Stock Company Kaspi.kz",
      "sector": "Technology",
      "country": "Kazakhstan",
      "shares": 1515.0,
      "price": 85.08000183105469,
      "cost_basis": 82.53049504950495,
      "market_value": 128896.20277404785,
      "unrealized_pnl": 3862.5027740478527,
      "short_percent_of_float": 0.0159,
      "short_ratio": 3.24
    },
    {
      "ticker": "TENB",
      "company": "Tenable Holdings, Inc.",
      "sector": "Technology",
      "country": "United States",
      "shares": 4766.0,
      "price": 26.440000534057617,
      "cost_basis": 26.224616030214015,
      "market_value": 126013.0425453186,
      "unrealized_pnl": 1026.522545318606,
      "short_percent_of_float": 0.129,
      "short_ratio": 3.05
    },
    {
      "ticker": "CMI",
      "company": "Cummins Inc.",
      "sector": "Industrials",
      "country": "United States",
      "shares": 153.0,
      "price": 717.5349731445312,
      "cost_basis": 651.1282352941176,
      "market_value": 109782.85089111328,
      "unrealized_pnl": 10160.230891113282,
      "short_percent_of_float": 0.0171,
      "short_ratio": 2.07
    },
    {
      "ticker": "JAKK",
      "company": "JAKKS Pacific, Inc.",
      "sector": "Consumer Cyclical",
      "country": "United States",
      "shares": 3436.0,
      "price": 22.059999465942383,
      "cost_basis": 21.83,
      "market_value": 75798.15816497803,
      "unrealized_pnl": 790.2781649780331,
      "short_percent_of_float": 0.039100002,
      "short_ratio": 7.32
    },
    {
      "ticker": "XNET",
      "company": "Xunlei Limited",
      "sector": "Technology",
      "country": "China",
      "shares": 10526.0,
      "price": 5.03000020980835,
      "cost_basis": 4.75,
      "market_value": 52945.78220844269,
      "unrealized_pnl": 2947.282208442688,
      "short_percent_of_float": 0.0377,
      "short_ratio": 6.03
    },
    {
      "ticker": "CRWV",
      "company": "CoreWeave, Inc.",
      "sector": "Technology",
      "country": "United States",
      "shares": 468.0,
      "price": 110.62999725341797,
      "cost_basis": 106.78134615384614,
      "market_value": 51774.83871459961,
      "unrealized_pnl": 1801.168714599614,
      "short_percent_of_float": 0.18190001,
      "short_ratio": 1.91
    },
    {
      "ticker": "VIA",
      "company": "Via Transportation, Inc.",
      "sector": "Technology",
      "country": "United States",
      "shares": 3280.0,
      "price": 14.949999809265137,
      "cost_basis": 15.241405487804878,
      "market_value": 49035.99937438965,
      "unrealized_pnl": -955.8106256103504,
      "short_percent_of_float": 0.13520001,
      "short_ratio": 6.88
    },
    {
      "ticker": "ZS",
      "company": "Zscaler, Inc.",
      "sector": "Technology",
      "country": "United States",
      "shares": 365.0,
      "price": 123.375,
      "cost_basis": 136.79813698630136,
      "market_value": 45031.875,
      "unrealized_pnl": -4899.444999999996,
      "short_percent_of_float": 0.114700004,
      "short_ratio": 2.09
    },
    {
      "ticker": "VST",
      "company": "Vistra Corp.",
      "sector": "Utilities",
      "country": "United States",
      "shares": 162.0,
      "price": 167.3800048828125,
      "cost_basis": 154.76,
      "market_value": 27115.560791015625,
      "unrealized_pnl": 2044.4407910156265,
      "short_percent_of_float": 0.0539,
      "short_ratio": 2.73
    },
    {
      "ticker": "GENC",
      "company": "Gencor Industries, Inc.",
      "sector": "Industrials",
      "country": "United States",
      "shares": 1746.0,
      "price": 14.859999656677246,
      "cost_basis": 14.32,
      "market_value": 25945.55940055847,
      "unrealized_pnl": 942.8394005584712,
      "short_percent_of_float": 0.0064,
      "short_ratio": 2.39
    },
    {
      "ticker": "CEG",
      "company": "Constellation Energy Corporation",
      "sector": "Utilities",
      "country": "United States",
      "shares": 94.0,
      "price": 275.3599853515625,
      "cost_basis": 265.7,
      "market_value": 25883.838623046875,
      "unrealized_pnl": 908.0386230468761,
      "short_percent_of_float": 0.036,
      "short_ratio": 3.46
    },
    {
      "ticker": "ZTS",
      "company": "Zoetis Inc.",
      "sector": "Healthcare",
      "country": "United States",
      "shares": 312.0,
      "price": 75.91000366210938,
      "cost_basis": 80.09,
      "market_value": 23683.921142578125,
      "unrealized_pnl": -1304.158857421876,
      "short_percent_of_float": 0.0363,
      "short_ratio": 1.45
    },
    {
      "ticker": "OPEN",
      "company": "Opendoor Technologies Inc.",
      "sector": "Real Estate",
      "country": "United States",
      "shares": 5479.0,
      "price": 4.295000076293945,
      "cost_basis": 4.562927541522176,
      "market_value": 23532.305418014526,
      "unrealized_pnl": -1467.9745819854745,
      "short_percent_of_float": 0.16149999,
      "short_ratio": 3.77
    },
    {
      "ticker": "PYPL",
      "company": "PayPal Holdings, Inc.",
      "sector": "Financial Services",
      "country": "United States",
      "shares": 553.0,
      "price": 42.41999816894531,
      "cost_basis": 45.19,
      "market_value": 23458.258987426758,
      "unrealized_pnl": -1531.811012573241,
      "short_percent_of_float": 0.0626,
      "short_ratio": 3.16
    },
    {
      "ticker": "BABA",
      "company": "Alibaba Group Holding Limited",
      "sector": "Consumer Cyclical",
      "country": "China",
      "shares": 199.0,
      "price": 104.91000366210938,
      "cost_basis": 125.4,
      "market_value": 20877.090728759766,
      "unrealized_pnl": -4077.5092712402356,
      "short_percent_of_float": 0.0165,
      "short_ratio": 3.21
    }
  ],
  "sector_exposure": [
    {
      "name": "Technology",
      "value": 453697.7406167984,
      "pct": 0.4491050014919819
    },
    {
      "name": "Communication Services",
      "value": 195662.99137115479,
      "pct": 0.19368231349842113
    },
    {
      "name": "Industrials",
      "value": 135728.41029167175,
      "pct": 0.13435444448913492
    },
    {
      "name": "Consumer Cyclical",
      "value": 96675.2488937378,
      "pct": 0.09569661453379581
    },
    {
      "name": "Utilities",
      "value": 52999.3994140625,
      "pct": 0.05246289152898945
    },
    {
      "name": "Healthcare",
      "value": 23683.921142578125,
      "pct": 0.023444171058937174
    },
    {
      "name": "Real Estate",
      "value": 23532.305418014526,
      "pct": 0.023294090125949116
    },
    {
      "name": "Financial Services",
      "value": 23458.258987426758,
      "pct": 0.023220793260343424
    },
    {
      "name": "Cash",
      "value": 4788.150000000078,
      "pct": 0.004739680012447144
    }
  ],
  "geographic_exposure": [
    {
      "name": "United States",
      "value": 802719.2004241943,
      "pct": 0.7945933502204494
    },
    {
      "name": "Kazakhstan",
      "value": 128896.20277404785,
      "pct": 0.12759139875911965
    },
    {
      "name": "China",
      "value": 73822.87293720245,
      "pct": 0.07307557100798387
    },
    {
      "name": "Cash",
      "value": 4788.150000000078,
      "pct": 0.004739680012447144
    }
  ],
  "signals": [
    {
      "ticker": "BABA",
      "label": "STRONG SELL",
      "composite": -2.5,
      "rsi": 23.4,
      "subs": {
        "rsi": -0.5,
        "macd": -0.5,
        "trend": -0.5,
        "bb": -0.5,
        "vol": 0.0,
        "range": -0.5
      }
    },
    {
      "ticker": "CEG",
      "label": "BUY",
      "composite": 1.0,
      "rsi": 52.4,
      "subs": {
        "rsi": 0.5,
        "macd": 0.5,
        "trend": -0.5,
        "bb": 0.5,
        "vol": 0.0,
        "range": 0.0
      }
    },
    {
      "ticker": "CMI",
      "label": "STRONG BUY",
      "composite": 3.0,
      "rsi": 61.9,
      "subs": {
        "rsi": 0.5,
        "macd": 0.5,
        "trend": 0.5,
        "bb": 0.5,
        "vol": 0.5,
        "range": 0.5
      }
    },
    {
      "ticker": "CRWV",
      "label": "BUY",
      "composite": 1.5,
      "rsi": 51.8,
      "subs": {
        "rsi": 0.5,
        "macd": 0.5,
        "trend": 0.0,
        "bb": 0.5,
        "vol": 0.0,
        "range": 0.0
      }
    },
    {
      "ticker": "GENC",
      "label": "STRONG BUY",
      "composite": 2.0,
      "rsi": 52.0,
      "subs": {
        "rsi": 0.5,
        "macd": 0.5,
        "trend": 0.5,
        "bb": 0.5,
        "vol": 0.0,
        "range": 0.0
      }
    },
    {
      "ticker": "GRPN",
      "label": "SELL",
      "composite": -1.5,
      "rsi": 50.9,
      "subs": {
        "rsi": 0.5,
        "macd": -0.5,
        "trend": 0.0,
        "bb": -0.5,
        "vol": -0.5,
        "range": -0.5
      }
    },
    {
      "ticker": "JAKK",
      "label": "BUY",
      "composite": 1.0,
      "rsi": 51.7,
      "subs": {
        "rsi": 0.5,
        "macd": -0.5,
        "trend": 0.5,
        "bb": 0.5,
        "vol": 0.0,
        "range": 0.0
      }
    },
    {
      "ticker": "KSPI",
      "label": "LEAN BEAR",
      "composite": -0.5,
      "rsi": 51.4,
      "subs": {
        "rsi": 0.5,
        "macd": -0.5,
        "trend": 0.0,
        "bb": -0.5,
        "vol": 0.0,
        "range": 0.0
      }
    },
    {
      "ticker": "OPEN",
      "label": "STRONG SELL",
      "composite": -2.0,
      "rsi": 41.1,
      "subs": {
        "rsi": 0.0,
        "macd": -0.5,
        "trend": -0.5,
        "bb": -0.5,
        "vol": 0.0,
        "range": -0.5
      }
    },
    {
      "ticker": "PYPL",
      "label": "NEUTRAL",
      "composite": 0.0,
      "rsi": 44.4,
      "subs": {
        "rsi": 0.0,
        "macd": 0.5,
        "trend": -0.5,
        "bb": -0.5,
        "vol": 0.5,
        "range": 0.0
      }
    },
    {
      "ticker": "TENB",
      "label": "SELL",
      "composite": -1.5,
      "rsi": 52.9,
      "subs": {
        "rsi": 0.5,
        "macd": -0.5,
        "trend": 0.0,
        "bb": -0.5,
        "vol": -0.5,
        "range": -0.5
      }
    },
    {
      "ticker": "VIA",
      "label": "NEUTRAL",
      "composite": 0.0,
      "rsi": 49.0,
      "subs": {
        "rsi": 0.5,
        "macd": 0.5,
        "trend": -0.5,
        "bb": -0.5,
        "vol": 0.5,
        "range": -0.5
      }
    },
    {
      "ticker": "VST",
      "label": "STRONG BUY",
      "composite": 2.0,
      "rsi": 63.4,
      "subs": {
        "rsi": 0.5,
        "macd": 0.5,
        "trend": 0.0,
        "bb": 0.5,
        "vol": 0.0,
        "range": 0.5
      }
    },
    {
      "ticker": "XNET",
      "label": "LEAN BEAR",
      "composite": -0.5,
      "rsi": 42.2,
      "subs": {
        "rsi": 0.0,
        "macd": 0.5,
        "trend": -0.5,
        "bb": -0.5,
        "vol": 0.5,
        "range": -0.5
      }
    },
    {
      "ticker": "ZS",
      "label": "STRONG SELL",
      "composite": -2.0,
      "rsi": 39.6,
      "subs": {
        "rsi": 0.0,
        "macd": -0.5,
        "trend": -0.5,
        "bb": -0.5,
        "vol": 0.0,
        "range": -0.5
      }
    },
    {
      "ticker": "ZTS",
      "label": "SELL",
      "composite": -1.0,
      "rsi": 33.3,
      "subs": {
        "rsi": 0.0,
        "macd": 0.5,
        "trend": -0.5,
        "bb": -0.5,
        "vol": 0.0,
        "range": -0.5
      }
    }
  ],
  "volatility": [
    {
      "ticker": "BABA",
      "hv20": 0.28303328269799366,
      "garch": 0.4058764209612157,
      "expansion": 0.43402364941758426,
      "regime": "LOW",
      "signal": "SIGNAL"
    },
    {
      "ticker": "CEG",
      "hv20": 0.48021237012554624,
      "garch": 0.5373658622440154,
      "expansion": 0.11901711757972207,
      "regime": "NORMAL",
      "signal": "BASE"
    },
    {
      "ticker": "CMI",
      "hv20": 0.4443833292602578,
      "garch": 0.3244220949181966,
      "expansion": -0.2699498978545269,
      "regime": "HIGH",
      "signal": "WEAK"
    },
    {
      "ticker": "CRWV",
      "hv20": 0.8496054605256732,
      "garch": 0.9718864220702756,
      "expansion": 0.14392676039175173,
      "regime": "NORMAL",
      "signal": "BASE"
    },
    {
      "ticker": "GENC",
      "hv20": 0.3517799513004137,
      "garch": 0.3644993486639497,
      "expansion": 0.03615725488765523,
      "regime": "NORMAL",
      "signal": "WEAK"
    },
    {
      "ticker": "GRPN",
      "hv20": 0.8462654297087152,
      "garch": 0.8027922662295573,
      "expansion": -0.051370600703991104,
      "regime": "HIGH",
      "signal": "WEAK"
    },
    {
      "ticker": "JAKK",
      "hv20": 0.21528181815528932,
      "garch": 0.4601707995235597,
      "expansion": 1.1375274673294729,
      "regime": "LOW",
      "signal": "SIGNAL"
    },
    {
      "ticker": "KSPI",
      "hv20": 0.3581655814833885,
      "garch": 0.45470390885235806,
      "expansion": 0.2695354672806464,
      "regime": "HIGH",
      "signal": "SIGNAL"
    },
    {
      "ticker": "OPEN",
      "hv20": 0.771333688726704,
      "garch": 0.7720081273733683,
      "expansion": 0.0008743798650589493,
      "regime": "NORMAL",
      "signal": "WEAK"
    },
    {
      "ticker": "PYPL",
      "hv20": 0.30672625690225735,
      "garch": 0.41386943424411665,
      "expansion": 0.34931204919962877,
      "regime": "NORMAL",
      "signal": "SIGNAL"
    },
    {
      "ticker": "TENB",
      "hv20": 0.5846614114125523,
      "garch": 0.39382602305280484,
      "expansion": -0.3264032560293073,
      "regime": "HIGH",
      "signal": "WEAK"
    },
    {
      "ticker": "VIA",
      "hv20": 0.6951954958834213,
      "garch": null,
      "expansion": null,
      "regime": "NORMAL",
      "signal": "WEAK"
    },
    {
      "ticker": "VST",
      "hv20": 0.49429529720043996,
      "garch": 0.5656354278209731,
      "expansion": 0.14432694590578765,
      "regime": "NORMAL",
      "signal": "BASE"
    },
    {
      "ticker": "XNET",
      "hv20": 0.7721858490491155,
      "garch": 0.7519898070093232,
      "expansion": -0.02615437988751296,
      "regime": "HIGH",
      "signal": "WEAK"
    },
    {
      "ticker": "ZS",
      "hv20": 1.524329914858076,
      "garch": 0.37122382618712685,
      "expansion": -0.7564675320160663,
      "regime": "EXTREME",
      "signal": "WEAK"
    },
    {
      "ticker": "ZTS",
      "hv20": 0.29651439413031494,
      "garch": 0.34990878229597344,
      "expansion": 0.18007351151456152,
      "regime": "HIGH",
      "signal": "BASE"
    }
  ],
  "correlation": {
    "tickers": [
      "BABA",
      "CEG",
      "CMI",
      "CRWV",
      "GENC",
      "GRPN",
      "JAKK",
      "KSPI",
      "OPEN",
      "PYPL",
      "TENB",
      "VIA",
      "VST",
      "XNET",
      "ZS",
      "ZTS"
    ],
    "matrix": [
      [
        1.0,
        0.182,
        0.325,
        0.349,
        0.134,
        0.189,
        0.118,
        0.192,
        0.195,
        0.246,
        0.066,
        -0.041,
        0.219,
        0.468,
        0.042,
        0.085
      ],
      [
        0.182,
        1.0,
        0.328,
        0.231,
        0.151,
        0.09,
        0.089,
        0.058,
        0.189,
        0.14,
        0.062,
        0.007,
        0.798,
        0.25,
        0.045,
        0.122
      ],
      [
        0.325,
        0.328,
        1.0,
        0.372,
        0.349,
        0.192,
        0.137,
        0.241,
        0.186,
        0.081,
        -0.051,
        0.003,
        0.351,
        0.298,
        -0.052,
        0.189
      ],
      [
        0.349,
        0.231,
        0.372,
        1.0,
        0.119,
        0.155,
        0.056,
        0.126,
        0.247,
        0.148,
        0.118,
        0.215,
        0.315,
        0.367,
        0.182,
        0.087
      ],
      [
        0.134,
        0.151,
        0.349,
        0.119,
        1.0,
        0.154,
        0.319,
        0.141,
        0.129,
        0.099,
        0.161,
        0.069,
        0.172,
        0.163,
        0.053,
        0.159
      ],
      [
        0.189,
        0.09,
        0.192,
        0.155,
        0.154,
        1.0,
        0.149,
        0.346,
        0.298,
        0.268,
        0.246,
        0.165,
        0.132,
        0.236,
        0.149,
        0.155
      ],
      [
        0.118,
        0.089,
        0.137,
        0.056,
        0.319,
        0.149,
        1.0,
        0.097,
        0.139,
        0.213,
        -0.035,
        0.145,
        0.06,
        0.199,
        -0.047,
        0.143
      ],
      [
        0.192,
        0.058,
        0.241,
        0.126,
        0.141,
        0.346,
        0.097,
        1.0,
        0.243,
        0.256,
        0.262,
        0.134,
        0.108,
        0.203,
        0.152,
        0.18
      ],
      [
        0.195,
        0.189,
        0.186,
        0.247,
        0.129,
        0.298,
        0.139,
        0.243,
        1.0,
        0.247,
        0.12,
        0.153,
        0.254,
        0.35,
        0.065,
        0.171
      ],
      [
        0.246,
        0.14,
        0.081,
        0.148,
        0.099,
        0.268,
        0.213,
        0.256,
        0.247,
        1.0,
        0.354,
        0.145,
        0.085,
        0.343,
        0.206,
        0.175
      ],
      [
        0.066,
        0.062,
        -0.051,
        0.118,
        0.161,
        0.246,
        -0.035,
        0.262,
        0.12,
        0.354,
        1.0,
        0.336,
        0.073,
        0.154,
        0.56,
        0.097
      ],
      [
        -0.041,
        0.007,
        0.003,
        0.215,
        0.069,
        0.165,
        0.145,
        0.134,
        0.153,
        0.145,
        0.336,
        1.0,
        0.057,
        0.165,
        0.368,
        0.021
      ],
      [
        0.219,
        0.798,
        0.351,
        0.315,
        0.172,
        0.132,
        0.06,
        0.108,
        0.254,
        0.085,
        0.073,
        0.057,
        1.0,
        0.273,
        0.072,
        0.089
      ],
      [
        0.468,
        0.25,
        0.298,
        0.367,
        0.163,
        0.236,
        0.199,
        0.203,
        0.35,
        0.343,
        0.154,
        0.165,
        0.273,
        1.0,
        0.22,
        0.05
      ],
      [
        0.042,
        0.045,
        -0.052,
        0.182,
        0.053,
        0.149,
        -0.047,
        0.152,
        0.065,
        0.206,
        0.56,
        0.368,
        0.072,
        0.22,
        1.0,
        -0.034
      ],
      [
        0.085,
        0.122,
        0.189,
        0.087,
        0.159,
        0.155,
        0.143,
        0.18,
        0.171,
        0.175,
        0.097,
        0.021,
        0.089,
        0.05,
        -0.034,
        1.0
      ]
    ]
  },
  "residual_correlation": {
    "tickers": [
      "BABA",
      "CEG",
      "CMI",
      "CRWV",
      "GENC",
      "GRPN",
      "JAKK",
      "KSPI",
      "OPEN",
      "PYPL",
      "TENB",
      "VIA",
      "VST",
      "XNET",
      "ZS",
      "ZTS"
    ],
    "matrix": [
      [
        1.0,
        0.02,
        0.107,
        0.196,
        -0.074,
        0.02,
        -0.046,
        0.01,
        0.038,
        0.104,
        -0.06,
        -0.164,
        0.057,
        0.335,
        -0.057,
        -0.024
      ],
      [
        0.02,
        1.0,
        0.056,
        0.0,
        0.028,
        -0.06,
        -0.019,
        -0.131,
        0.035,
        0.044,
        -0.026,
        -0.102,
        0.731,
        0.096,
        0.011,
        0.075
      ],
      [
        0.107,
        0.056,
        1.0,
        0.128,
        0.079,
        -0.066,
        -0.149,
        -0.01,
        -0.064,
        -0.099,
        -0.259,
        -0.142,
        0.036,
        0.003,
        -0.142,
        0.065
      ],
      [
        0.196,
        0.0,
        0.128,
        1.0,
        0.016,
        -0.056,
        -0.04,
        -0.11,
        0.04,
        -0.035,
        -0.022,
        0.084,
        0.079,
        0.14,
        0.109,
        0.039
      ],
      [
        -0.074,
        0.028,
        0.079,
        0.016,
        1.0,
        -0.034,
        0.066,
        -0.082,
        -0.072,
        0.001,
        0.093,
        -0.003,
        0.026,
        -0.055,
        0.006,
        -0.033
      ],
      [
        0.02,
        -0.06,
        -0.066,
        -0.056,
        -0.034,
        1.0,
        0.006,
        0.187,
        0.108,
        0.1,
        0.109,
        0.049,
        -0.034,
        0.012,
        0.049,
        0.023
      ],
      [
        -0.046,
        -0.019,
        -0.149,
        -0.04,
        0.066,
        0.006,
        1.0,
        -0.1,
        -0.033,
        0.102,
        -0.129,
        0.09,
        -0.058,
        0.019,
        -0.113,
        -0.039
      ],
      [
        0.01,
        -0.131,
        -0.01,
        -0.11,
        -0.082,
        0.187,
        -0.1,
        1.0,
        0.062,
        0.081,
        0.158,
        0.011,
        -0.099,
        -0.026,
        0.06,
        0.045
      ],
      [
        0.038,
        0.035,
        -0.064,
        0.04,
        -0.072,
        0.108,
        -0.033,
        0.062,
        1.0,
        0.064,
        -0.018,
        0.03,
        0.104,
        0.165,
        -0.046,
        0.025
      ],
      [
        0.104,
        0.044,
        -0.099,
        -0.035,
        0.001,
        0.1,
        0.102,
        0.081,
        0.064,
        1.0,
        0.241,
        0.006,
        -0.031,
        0.184,
        0.073,
        0.023
      ],
      [
        -0.06,
        -0.026,
        -0.259,
        -0.022,
        0.093,
        0.109,
        -0.129,
        0.158,
        -0.018,
        0.241,
        1.0,
        0.274,
        -0.031,
        0.005,
        0.519,
        -0.01
      ],
      [
        -0.164,
        -0.102,
        -0.142,
        0.084,
        -0.003,
        0.049,
        0.09,
        0.011,
        0.03,
        0.006,
        0.274,
        1.0,
        -0.057,
        0.028,
        0.314,
        -0.059
      ],
      [
        0.057,
        0.731,
        0.036,
        0.079,
        0.026,
        -0.034,
        -0.058,
        -0.099,
        0.104,
        -0.031,
        -0.031,
        -0.057,
        1.0,
        0.106,
        0.039,
        0.03
      ],
      [
        0.335,
        0.096,
        0.003,
        0.14,
        -0.055,
        0.012,
        0.019,
        -0.026,
        0.165,
        0.184,
        0.005,
        0.028,
        0.106,
        1.0,
        0.134,
        -0.107
      ],
      [
        -0.057,
        0.011,
        -0.142,
        0.109,
        0.006,
        0.049,
        -0.113,
        0.06,
        -0.046,
        0.073,
        0.519,
        0.314,
        0.039,
        0.134,
        1.0,
        -0.117
      ],
      [
        -0.024,
        0.075,
        0.065,
        0.039,
        -0.033,
        0.023,
        -0.039,
        0.045,
        0.025,
        0.023,
        -0.01,
        -0.059,
        0.03,
        -0.107,
        -0.117,
        1.0
      ]
    ]
  },
  "factor_correlation": {
    "factors": [
      "Market",
      "Size",
      "Value (SMID)",
      "Momentum",
      "Quality",
      "Profitability",
      "Liquidity",
      "Credit"
    ],
    "matrix": [
      [
        1.0,
        0.327,
        -0.49,
        0.395,
        -0.244,
        -0.533,
        0.309,
        0.173
      ],
      [
        0.327,
        1.0,
        -0.158,
        0.262,
        0.153,
        0.145,
        0.328,
        0.039
      ],
      [
        -0.49,
        -0.158,
        1.0,
        -0.547,
        0.308,
        0.588,
        -0.381,
        -0.132
      ],
      [
        0.395,
        0.262,
        -0.547,
        1.0,
        -0.225,
        -0.529,
        0.299,
        0.032
      ],
      [
        -0.244,
        0.153,
        0.308,
        -0.225,
        1.0,
        0.435,
        -0.235,
        -0.132
      ],
      [
        -0.533,
        0.145,
        0.588,
        -0.529,
        0.435,
        1.0,
        -0.28,
        -0.09
      ],
      [
        0.309,
        0.328,
        -0.381,
        0.299,
        -0.235,
        -0.28,
        1.0,
        0.157
      ],
      [
        0.173,
        0.039,
        -0.132,
        0.032,
        -0.132,
        -0.09,
        0.157,
        1.0
      ]
    ]
  },
  "factor_exposures": [
    {
      "ticker": "BABA",
      "r_squared": 0.15050238772532787,
      "alpha_annual": -0.3982212543425587,
      "idio_vol_annual": 0.3978090048287301,
      "Market": 1.2438881153385961,
      "Size": 0.10771247872539175,
      "Value (SMID)": 0.25073401845755316,
      "Momentum": -0.19195615148535028,
      "Quality": -0.3548296297084894,
      "Profitability": -0.1373564935429271,
      "Liquidity": 0.21708356044155458,
      "Credit": 1.018135921152993
    },
    {
      "ticker": "CEG",
      "r_squared": 0.2519612014851541,
      "alpha_annual": -0.4405865108122436,
      "idio_vol_annual": 0.40448545584955875,
      "Market": 0.7203716272531387,
      "Size": 0.3785853228290888,
      "Value (SMID)": -0.44060585423173143,
      "Momentum": 0.60546218493708,
      "Quality": -0.7789257466780676,
      "Profitability": -0.640115529672822,
      "Liquidity": -0.47489861905283876,
      "Credit": -0.905807028152095
    },
    {
      "ticker": "CMI",
      "r_squared": 0.46596725168164277,
      "alpha_annual": 0.350191976392184,
      "idio_vol_annual": 0.2468260764689009,
      "Market": 1.1603582637966927,
      "Size": 0.7921107042865171,
      "Value (SMID)": 0.35840502263022145,
      "Momentum": 0.6843223712918398,
      "Quality": -0.020953431818550167,
      "Profitability": -0.14725391037970265,
      "Liquidity": -0.3072252429179797,
      "Credit": 0.762435075690868
    },
    {
      "ticker": "CRWV",
      "r_squared": 0.27021321785703156,
      "alpha_annual": -1.0109264336852577,
      "idio_vol_annual": 0.8065041996670659,
      "Market": 1.0541443752804882,
      "Size": 0.5720539305020655,
      "Value (SMID)": -2.0491389500867103,
      "Momentum": 0.7171004504974995,
      "Quality": -4.167982067520575,
      "Profitability": 0.03187905832349408,
      "Liquidity": 0.3504074237412774,
      "Credit": 2.0345907051017647
    },
    {
      "ticker": "GENC",
      "r_squared": 0.32624199685466493,
      "alpha_annual": -0.4559359003513706,
      "idio_vol_annual": 0.32561138529701406,
      "Market": 1.3109452212291586,
      "Size": 1.2252577852803843,
      "Value (SMID)": 1.1610204845944814,
      "Momentum": -0.04093542169358155,
      "Quality": -0.6492761369450436,
      "Profitability": 0.06986360424145077,
      "Liquidity": -0.16285372408828708,
      "Credit": 0.5688407890665285
    },
    {
      "ticker": "GRPN",
      "r_squared": 0.1649771066839948,
      "alpha_annual": -1.1523511319389592,
      "idio_vol_annual": 0.6276431290899497,
      "Market": 1.8505530931159357,
      "Size": 0.3669876050503857,
      "Value (SMID)": -0.9215196775919057,
      "Momentum": -0.11931977195485333,
      "Quality": -1.4660694120150677,
      "Profitability": 1.390315234663014,
      "Liquidity": 0.19652859445414383,
      "Credit": 1.5039412253808104
    },
    {
      "ticker": "JAKK",
      "r_squared": 0.2710390527050166,
      "alpha_annual": -0.2935896592360238,
      "idio_vol_annual": 0.35145789637854397,
      "Market": 1.2386600840043145,
      "Size": 1.03494910809277,
      "Value (SMID)": 0.8352482686039556,
      "Momentum": -0.34417118590179774,
      "Quality": 1.3938384047111303,
      "Profitability": -0.35684064529340587,
      "Liquidity": 0.3310163683643142,
      "Credit": -0.44673925449483226
    },
    {
      "ticker": "KSPI",
      "r_squared": 0.2150329555946897,
      "alpha_annual": -0.1854358757128724,
      "idio_vol_annual": 0.32295900299274183,
      "Market": 1.156436445781989,
      "Size": 0.47153914545694864,
      "Value (SMID)": -0.34217671452050347,
      "Momentum": -0.5315156153031969,
      "Quality": 0.04023411640778403,
      "Profitability": 0.06471159837108953,
      "Liquidity": -0.014044768077607572,
      "Credit": 0.5398933642027137
    },
    {
      "ticker": "OPEN",
      "r_squared": 0.12689690017755062,
      "alpha_annual": 1.4628219904977362,
      "idio_vol_annual": 1.341877993505161,
      "Market": 3.038073399860017,
      "Size": 1.3192749154854906,
      "Value (SMID)": -1.6644436028587437,
      "Momentum": -2.0293982964018222,
      "Quality": 1.067229824452115,
      "Profitability": 0.9758568480059563,
      "Liquidity": 1.868379253713745,
      "Credit": -3.1712345889222973
    },
    {
      "ticker": "PYPL",
      "r_squared": 0.2908486099818809,
      "alpha_annual": -0.6211407751393772,
      "idio_vol_annual": 0.33922380236732674,
      "Market": 1.780082531321503,
      "Size": -0.310734360525051,
      "Value (SMID)": -0.8970133372848016,
      "Momentum": -0.8977582204937247,
      "Quality": 1.3929670691139224,
      "Profitability": 0.6429069520577086,
      "Liquidity": 0.3661921096522206,
      "Credit": 0.02355504650933711
    },
    {
      "ticker": "TENB",
      "r_squared": 0.14797395671761826,
      "alpha_annual": -0.36668589397014567,
      "idio_vol_annual": 0.4098299637264148,
      "Market": 1.4841318530156236,
      "Size": -0.1362638355879327,
      "Value (SMID)": -0.7817153545688924,
      "Momentum": -0.22589479071711305,
      "Quality": -0.3841191504205035,
      "Profitability": 1.29862034573002,
      "Liquidity": -0.13438614175251312,
      "Credit": -0.18614690972397113
    },
    {
      "ticker": "VIA",
      "r_squared": 0.11099971048441049,
      "alpha_annual": -1.559549004937345,
      "idio_vol_annual": 0.6812417077182826,
      "Market": 0.9715793700553355,
      "Size": 0.44405512731763264,
      "Value (SMID)": -1.4117043643337217,
      "Momentum": -1.0239648239500458,
      "Quality": -1.6014673224041165,
      "Profitability": 0.49400671431028476,
      "Liquidity": 0.6535175388479787,
      "Credit": -0.7585235875811388
    },
    {
      "ticker": "VST",
      "r_squared": 0.2913632055107652,
      "alpha_annual": -0.4293355768189846,
      "idio_vol_annual": 0.41250606889064173,
      "Market": 0.6094733991906442,
      "Size": 0.7878774870013338,
      "Value (SMID)": -0.6775298051282164,
      "Momentum": 0.6507049932358069,
      "Quality": -1.8537907151784494,
      "Profitability": -0.5039779078433271,
      "Liquidity": -0.8069947028319924,
      "Credit": -0.7212369585405293
    },
    {
      "ticker": "XNET",
      "r_squared": 0.17092997387660214,
      "alpha_annual": -0.3850043264670746,
      "idio_vol_annual": 0.6759798464026783,
      "Market": 1.8064721359571172,
      "Size": 0.22430415661329683,
      "Value (SMID)": -0.7556354797556195,
      "Momentum": -0.44778720502121383,
      "Quality": 0.4415025933422394,
      "Profitability": 0.5682665000235856,
      "Liquidity": 1.2149476636280538,
      "Credit": 2.288261064406485
    },
    {
      "ticker": "ZS",
      "r_squared": 0.09119450043279187,
      "alpha_annual": -0.9654009890856402,
      "idio_vol_annual": 0.5978246630034046,
      "Market": 1.351792311640062,
      "Size": -0.3773034644770282,
      "Value (SMID)": -1.076568453689449,
      "Momentum": -0.917805401513732,
      "Quality": -0.8840295647983443,
      "Profitability": 0.8443855738536394,
      "Liquidity": 0.2007997675738198,
      "Credit": 0.19664335370303038
    },
    {
      "ticker": "ZTS",
      "r_squared": 0.16555671103592373,
      "alpha_annual": -0.8887527745939421,
      "idio_vol_annual": 0.34449852741822906,
      "Market": 1.3354124075248182,
      "Size": 0.14130740393465097,
      "Value (SMID)": 0.05710183834620765,
      "Momentum": -0.2305204512203145,
      "Quality": 1.0470709394068745,
      "Profitability": 0.7644881743882801,
      "Liquidity": 0.061883246814789405,
      "Credit": -0.7206420628696616
    }
  ],
  "portfolio_factor_exposure": {
    "loadings": {
      "Market": 1.4105414894291428,
      "Size": 0.41713605705095863,
      "Value (SMID)": -0.5344376810726879,
      "Momentum": -0.19437797387464484,
      "Quality": -0.5466029493177058,
      "Profitability": 0.516841571463116,
      "Liquidity": 0.1539462998272611,
      "Credit": 0.48761262153148255
    },
    "alpha_annual": -0.5136549247981068,
    "r_squared_weighted": 0.22148716174570826
  },
  "stress_tests": [
    {
      "scenario": "COVID Crash (Feb-Mar 2020)",
      "market_move": -0.339,
      "portfolio_impact": -0.5232819604159535,
      "stressed_nav": 481593.1614032867,
      "pnl": -528633.264732158,
      "description": "Rapid 33.9% selloff in SPY over 23 trading days as COVID-19 spread."
    },
    {
      "scenario": "2022 Rate Shock (Jan-Oct)",
      "market_move": -0.252,
      "portfolio_impact": -0.3889883599552221,
      "stressed_nav": 617260.1054495927,
      "pnl": -392966.32068585197,
      "description": "Grinding 9-month decline as the Fed hiked rates aggressively."
    },
    {
      "scenario": "GFC 2008-09",
      "market_move": -0.565,
