{
  "generated_at": "2026-06-09T18:31:49.047643Z",
  "market_session": "OPEN",
  "fund_name": "Convex Capital",
  "tagline": "Lose small. Win big. \u2014 Paper-traded portfolio. Hypothetical performance for educational purposes only.",
  "summary": {
    "nav": 956903.8924243737,
    "cash": 149773.03000000003,
    "equity": 807130.8624243736,
    "deposits": 1000000.0,
    "total_return": -0.04309610757562632,
    "realized_pnl": 0.0,
    "open_positions": 16
  },
  "metrics": {
    "annualized_return": -0.2904398275630592,
    "annualized_vol": 0.28583565407737116,
    "sharpe": -1.016107764794247,
    "sortino": -1.398797774056437,
    "max_drawdown": -0.4004716537584083,
    "var_95_1d": -0.03437210978780926,
    "method": "Synthetic: current weights \u00d7 each holding's 252-day return history.",
    "beta_spy": 1.5744991323746933,
    "data_basis": "synthetic_252d",
    "days_of_live_nav": 7
  },
  "nav_curve": [
    {
      "date": "2026-06-01",
      "value": 999876.7628759766
    },
    {
      "date": "2026-06-02",
      "value": 1004058.1192620469
    },
    {
      "date": "2026-06-03",
      "value": 988718.7906235124
    },
    {
      "date": "2026-06-04",
      "value": 1000919.7487734223
    },
    {
      "date": "2026-06-05",
      "value": 963668.4124958802
    },
    {
      "date": "2026-06-08",
      "value": 962233.467066555
    },
    {
      "date": "2026-06-09",
      "value": 956915.8313682366
    }
  ],
  "drawdown_curve": [
    {
      "date": "2026-06-01",
      "value": 0.0
    },
    {
      "date": "2026-06-02",
      "value": 0.0
    },
    {
      "date": "2026-06-03",
      "value": -0.015277331405684446
    },
    {
      "date": "2026-06-04",
      "value": -0.003125686081729177
    },
    {
      "date": "2026-06-05",
      "value": -0.040226462981895875
    },
    {
      "date": "2026-06-08",
      "value": -0.04165560876718144
    },
    {
      "date": "2026-06-09",
      "value": -0.0469517520842902
    }
  ],
  "benchmarks": {
    "SPY": [
      {
        "date": "2026-06-01",
        "value": 0.0
      },
      {
        "date": "2026-06-02",
        "value": 0.0013579103629497435
      },
      {
        "date": "2026-06-03",
        "value": -0.005668768842152949
      },
      {
        "date": "2026-06-04",
        "value": -0.0019115026417536596
      },
      {
        "date": "2026-06-05",
        "value": -0.027671567540792585
      },
      {
        "date": "2026-06-08",
        "value": -0.02546999220062507
      },
      {
        "date": "2026-06-09",
        "value": -0.03004453118820616
      }
    ],
    "IWM": [
      {
        "date": "2026-06-01",
        "value": 0.0
      },
      {
        "date": "2026-06-02",
        "value": 0.009273972502921835
      },
      {
        "date": "2026-06-03",
        "value": -0.004533177066893157
      },
      {
        "date": "2026-06-04",
        "value": 0.010485150059186044
      },
      {
        "date": "2026-06-05",
        "value": -0.02536513534214846
      },
      {
        "date": "2026-06-08",
        "value": -0.01685246539421037
      },
      {
        "date": "2026-06-09",
        "value": -0.014637728650817472
      }
    ]
  },
  "holdings": [
    {
      "ticker": "GRPN",
      "company": "Groupon, Inc.",
      "sector": "Communication Services",
      "country": "United States",
      "shares": 9713.0,
      "price": 16.329999923706055,
      "cost_basis": 18.017072994955218,
      "market_value": 158613.2892589569,
      "unrealized_pnl": -16386.540741043118,
      "short_percent_of_float": 0.5812,
      "short_ratio": 4.89
    },
    {
      "ticker": "KSPI",
      "company": "Joint Stock Company Kaspi.kz",
      "sector": "Technology",
      "country": "Kazakhstan",
      "shares": 1515.0,
      "price": 78.33999633789062,
      "cost_basis": 82.53049504950495,
      "market_value": 118685.0944519043,
      "unrealized_pnl": -6348.605548095702,
      "short_percent_of_float": 0.015700001,
      "short_ratio": 2.81
    },
    {
      "ticker": "JAKK",
      "company": "JAKKS Pacific, Inc.",
      "sector": "Consumer Cyclical",
      "country": "United States",
      "shares": 3436.0,
      "price": 21.959999084472656,
      "cost_basis": 21.83,
      "market_value": 75454.55685424805,
      "unrealized_pnl": 446.67685424805273,
      "short_percent_of_float": 0.0339,
      "short_ratio": 6.7
    },
    {
      "ticker": "VIA",
      "company": "Via Transportation, Inc.",
      "sector": "Technology",
      "country": "United States",
      "shares": 4921.0,
      "price": 14.710000038146973,
      "cost_basis": 15.241408250355619,
      "market_value": 72387.91018772125,
      "unrealized_pnl": -2615.0598122787474,
      "short_percent_of_float": 0.1248,
      "short_ratio": 7.65
    },
    {
      "ticker": "ZS",
      "company": "Zscaler, Inc.",
      "sector": "Technology",
      "country": "United States",
      "shares": 549.0,
      "price": 124.8499984741211,
      "cost_basis": 136.8013843351548,
      "market_value": 68542.64916229248,
      "unrealized_pnl": -6561.310837707509,
      "short_percent_of_float": 0.1058,
      "short_ratio": 4.01
    },
    {
      "ticker": "CMI",
      "company": "Cummins Inc.",
      "sector": "Industrials",
      "country": "United States",
      "shares": 78.0,
      "price": 664.9149780273438,
      "cost_basis": 643.5,
      "market_value": 51863.36828613281,
      "unrealized_pnl": 1670.3682861328125,
      "short_percent_of_float": 0.014400001,
      "short_ratio": 1.92
    },
    {
      "ticker": "XNET",
      "company": "Xunlei Limited",
      "sector": "Technology",
      "country": "China",
      "shares": 10526.0,
      "price": 4.880000114440918,
      "cost_basis": 4.75,
      "market_value": 51366.8812046051,
      "unrealized_pnl": 1368.3812046051025,
      "short_percent_of_float": 0.0322,
      "short_ratio": 6.99
    },
    {
      "ticker": "CRWV",
      "company": "CoreWeave, Inc.",
      "sector": "Technology",
      "country": "United States",
      "shares": 468.0,
      "price": 98.61499786376953,
      "cost_basis": 106.78134615384614,
      "market_value": 46151.81900024414,
      "unrealized_pnl": -3821.850999755855,
      "short_percent_of_float": 0.1714,
      "short_ratio": 1.75
    },
    {
      "ticker": "BABA",
      "company": "Alibaba Group Holding Limited",
      "sector": "Consumer Cyclical",
      "country": "Hong Kong",
      "shares": 299.0,
      "price": 119.82499694824219,
      "cost_basis": 125.39999999999999,
      "market_value": 35827.674087524414,
      "unrealized_pnl": -1666.9259124755833,
      "short_percent_of_float": 0.0197,
      "short_ratio": 3.3
    },
    {
      "ticker": "PYPL",
      "company": "PayPal Holdings, Inc.",
      "sector": "Financial Services",
      "country": "United States",
      "shares": 830.0,
      "price": 41.209999084472656,
      "cost_basis": 45.19,
      "market_value": 34204.299240112305,
      "unrealized_pnl": -3303.4007598876933,
      "short_percent_of_float": 0.0545,
      "short_ratio": 2.87
    },
    {
      "ticker": "ZTS",
      "company": "Zoetis Inc.",
      "sector": "Healthcare",
      "country": "United States",
      "shares": 312.0,
      "price": 81.61000061035156,
      "cost_basis": 80.09,
      "market_value": 25462.320190429688,
      "unrealized_pnl": 474.24019042968644,
      "short_percent_of_float": 0.036,
      "short_ratio": 1.79
    },
    {
      "ticker": "AVAV",
      "company": "AeroVironment, Inc.",
      "sector": "Industrials",
      "country": "United States",
      "shares": 122.0,
      "price": 176.7100067138672,
      "cost_basis": 204.09,
      "market_value": 21558.620819091797,
      "unrealized_pnl": -3340.3591809082036,
      "short_percent_of_float": 0.12109999,
      "short_ratio": 3.92
    },
    {
      "ticker": "GENC",
      "company": "Gencor Industries, Inc.",
      "sector": "Industrials",
      "country": "United States",
      "shares": 873.0,
      "price": 14.920000076293945,
      "cost_basis": 14.32,
      "market_value": 13025.160066604614,
      "unrealized_pnl": 523.800066604614,
      "short_percent_of_float": 0.0061000003,
      "short_ratio": 2.96
    },
    {
      "ticker": "CEG",
      "company": "Constellation Energy Corporation",
      "sector": "Utilities",
      "country": "United States",
      "shares": 47.0,
      "price": 251.25,
      "cost_basis": 265.7,
      "market_value": 11808.75,
      "unrealized_pnl": -679.1499999999994,
      "short_percent_of_float": 0.0325,
      "short_ratio": 3.35
    },
    {
      "ticker": "VST",
      "company": "Vistra Corp.",
      "sector": "Utilities",
      "country": "United States",
      "shares": 81.0,
      "price": 145.1999969482422,
      "cost_basis": 154.76,
      "market_value": 11761.199752807617,
      "unrealized_pnl": -774.3602471923821,
      "short_percent_of_float": 0.0461,
      "short_ratio": 2.83
    },
    {
      "ticker": "OPEN",
      "company": "Opendoor Technologies Inc.",
      "sector": "Real Estate",
      "country": "United States",
      "shares": 2417.0,
      "price": 4.309999942779541,
      "cost_basis": 5.171402565163425,
      "market_value": 10417.26986169815,
      "unrealized_pnl": -2082.0101383018477,
      "short_percent_of_float": 0.14819999,
      "short_ratio": 3.26
    }
  ],
  "sector_exposure": [
    {
      "name": "Technology",
      "value": 357134.3540067673,
      "pct": 0.37321862397481304
    },
    {
      "name": "Communication Services",
      "value": 158613.2892589569,
      "pct": 0.1657567604381884
    },
    {
      "name": "Cash",
      "value": 149773.03000000003,
      "pct": 0.1565183621738031
    },
    {
      "name": "Consumer Cyclical",
      "value": 111282.23094177246,
      "pct": 0.11629405191343953
    },
    {
      "name": "Industrials",
      "value": 86447.14917182922,
      "pct": 0.09034047186579017
    },
    {
      "name": "Financial Services",
      "value": 34204.299240112305,
      "pct": 0.03574475922911511
    },
    {
      "name": "Healthcare",
      "value": 25462.320190429688,
      "pct": 0.0266090674225594
    },
    {
      "name": "Utilities",
      "value": 23569.949752807617,
      "pct": 0.024631470244197387
    },
    {
      "name": "Real Estate",
      "value": 10417.26986169815,
      "pct": 0.010886432738093864
    }
  ],
  "geographic_exposure": [
    {
      "name": "United States",
      "value": 601251.2126803398,
      "pct": 0.6283297804934554
    },
    {
      "name": "Cash",
      "value": 149773.03000000003,
      "pct": 0.1565183621738031
    },
    {
      "name": "Kazakhstan",
      "value": 118685.0944519043,
      "pct": 0.12403031839614369
    },
    {
      "name": "China",
      "value": 51366.8812046051,
      "pct": 0.05368029288130913
    },
    {
      "name": "Hong Kong",
      "value": 35827.674087524414,
      "pct": 0.037441246055288625
    }
  ],
  "signals": [
    {
      "ticker": "AVAV",
      "label": "NEUTRAL",
      "composite": 0.0,
      "rsi": 45.5,
      "subs": {
        "rsi": 0.5,
        "macd": 0.5,
        "trend": -0.5,
        "bb": -0.5,
        "vol": 0.0,
        "range": 0.0
      }
    },
    {
      "ticker": "BABA",
      "label": "STRONG SELL",
      "composite": -2.0,
      "rsi": 36.0,
      "subs": {
        "rsi": 0.0,
        "macd": -0.5,
        "trend": -0.5,
        "bb": -0.5,
        "vol": 0.0,
        "range": -0.5
      }
    },
    {
      "ticker": "CEG",
      "label": "STRONG SELL",
      "composite": -2.0,
      "rsi": 35.2,
      "subs": {
        "rsi": 0.0,
        "macd": -0.5,
        "trend": -0.5,
        "bb": -0.5,
        "vol": 0.0,
        "range": -0.5
      }
    },
    {
      "ticker": "CMI",
      "label": "NEUTRAL",
      "composite": 0.0,
      "rsi": 51.0,
      "subs": {
        "rsi": 0.5,
        "macd": -0.5,
        "trend": 0.5,
        "bb": -0.5,
        "vol": 0.0,
        "range": 0.0
      }
    },
    {
      "ticker": "CRWV",
      "label": "SELL",
      "composite": -1.5,
      "rsi": 42.5,
      "subs": {
        "rsi": 0.0,
        "macd": -0.5,
        "trend": 0.0,
        "bb": -0.5,
        "vol": 0.0,
        "range": -0.5
      }
    },
    {
      "ticker": "GENC",
      "label": "STRONG BUY",
      "composite": 2.0,
      "rsi": 53.5,
      "subs": {
        "rsi": 0.5,
        "macd": 0.5,
        "trend": 0.5,
        "bb": 0.5,
        "vol": 0.0,
        "range": 0.0
      }
    },
    {
      "ticker": "GRPN",
      "label": "SELL",
      "composite": -1.0,
      "rsi": 45.2,
      "subs": {
        "rsi": 0.5,
        "macd": -0.5,
        "trend": 0.0,
        "bb": -0.5,
        "vol": 0.0,
        "range": -0.5
      }
    },
    {
      "ticker": "JAKK",
      "label": "BUY",
      "composite": 1.0,
      "rsi": 51.9,
      "subs": {
        "rsi": 0.5,
        "macd": -0.5,
        "trend": 0.5,
        "bb": 0.5,
        "vol": 0.0,
        "range": 0.0
      }
    },
    {
      "ticker": "KSPI",
      "label": "SELL",
      "composite": -1.5,
      "rsi": 29.9,
      "subs": {
        "rsi": -0.5,
        "macd": -0.5,
        "trend": 0.0,
        "bb": 0.0,
        "vol": 0.0,
        "range": -0.5
      }
    },
    {
      "ticker": "OPEN",
      "label": "STRONG SELL",
      "composite": -2.0,
      "rsi": 39.5,
      "subs": {
        "rsi": 0.0,
        "macd": -0.5,
        "trend": -0.5,
        "bb": -0.5,
        "vol": 0.0,
        "range": -0.5
      }
    },
    {
      "ticker": "PYPL",
      "label": "STRONG SELL",
      "composite": -2.5,
      "rsi": 29.0,
      "subs": {
        "rsi": -0.5,
        "macd": -0.5,
        "trend": -0.5,
        "bb": -0.5,
        "vol": 0.0,
        "range": -0.5
      }
    },
    {
      "ticker": "VIA",
      "label": "NEUTRAL",
      "composite": 0.0,
      "rsi": 46.3,
      "subs": {
        "rsi": 0.5,
        "macd": 0.5,
        "trend": -0.5,
        "bb": -0.5,
        "vol": 0.0,
        "range": 0.0
      }
    },
    {
      "ticker": "VST",
      "label": "STRONG SELL",
      "composite": -2.0,
      "rsi": 42.0,
      "subs": {
        "rsi": 0.0,
        "macd": -0.5,
        "trend": -0.5,
        "bb": -0.5,
        "vol": -0.5,
        "range": 0.0
      }
    },
    {
      "ticker": "XNET",
      "label": "SELL",
      "composite": -1.5,
      "rsi": 35.9,
      "subs": {
        "rsi": 0.0,
        "macd": -0.5,
        "trend": -0.5,
        "bb": -0.5,
        "vol": 0.5,
        "range": -0.5
      }
    },
    {
      "ticker": "ZS",
      "label": "STRONG SELL",
      "composite": -2.0,
      "rsi": 39.6,
      "subs": {
        "rsi": 0.0,
        "macd": -0.5,
        "trend": -0.5,
        "bb": -0.5,
        "vol": 0.0,
        "range": -0.5
      }
    },
    {
      "ticker": "ZTS",
      "label": "BUY",
      "composite": 1.0,
      "rsi": 40.7,
      "subs": {
        "rsi": 0.0,
        "macd": 0.5,
        "trend": -0.5,
        "bb": 0.5,
        "vol": 0.0,
        "range": 0.5
      }
    }
  ],
  "volatility": [
    {
      "ticker": "AVAV",
      "hv20": 0.9033556741365403,
      "garch": 0.758483656185042,
      "expansion": -0.1603709614045123,
      "regime": "HIGH",
      "signal": "WEAK"
    },
    {
      "ticker": "BABA",
      "hv20": 0.46930161572970513,
      "garch": 0.422832835416752,
      "expansion": -0.09901687689845266,
      "regime": "HIGH",
      "signal": "WEAK"
    },
    {
      "ticker": "CEG",
      "hv20": 0.553854541999291,
      "garch": 0.5639034171120525,
      "expansion": 0.018143527498189947,
      "regime": "HIGH",
      "signal": "WEAK"
    },
    {
      "ticker": "CMI",
      "hv20": 0.4152700132396459,
      "garch": 0.3468237466252771,
      "expansion": -0.16482352308657916,
      "regime": "HIGH",
      "signal": "WEAK"
    },
    {
      "ticker": "CRWV",
      "hv20": 0.8055245055276654,
      "garch": 0.9773773844475546,
      "expansion": 0.2133428315843918,
      "regime": "LOW",
      "signal": "SIGNAL"
    },
    {
      "ticker": "GENC",
      "hv20": 0.3980780620134725,
      "garch": 0.42921979463348336,
      "expansion": 0.07823021560770384,
      "regime": "NORMAL",
      "signal": "WEAK"
    },
    {
      "ticker": "GRPN",
      "hv20": 0.861894592562119,
      "garch": 0.7947913770685922,
      "expansion": -0.07785547800462679,
      "regime": "HIGH",
      "signal": "WEAK"
    },
    {
      "ticker": "JAKK",
      "hv20": 0.24972929840472102,
      "garch": 0.46549194791575493,
      "expansion": 0.8639861277364443,
      "regime": "LOW",
      "signal": "SIGNAL"
    },
    {
      "ticker": "KSPI",
      "hv20": 0.27516308975511683,
      "garch": 0.3941868012124624,
      "expansion": 0.4325569667184342,
      "regime": "NORMAL",
      "signal": "SIGNAL"
    },
    {
      "ticker": "OPEN",
      "hv20": 0.7305164240280202,
      "garch": 0.8903518178994788,
      "expansion": 0.2187978101712438,
      "regime": "LOW",
      "signal": "SIGNAL"
    },
    {
      "ticker": "PYPL",
      "hv20": 0.23421650880355954,
      "garch": 0.3903298757503006,
      "expansion": 0.6665344289529794,
      "regime": "LOW",
      "signal": "SIGNAL"
    },
    {
      "ticker": "VIA",
      "hv20": 1.0070230278252599,
      "garch": null,
      "expansion": null,
      "regime": "NORMAL",
      "signal": "WEAK"
    },
    {
      "ticker": "VST",
      "hv20": 0.4871495922432625,
      "garch": 0.5609413883214562,
      "expansion": 0.15147666600395132,
      "regime": "NORMAL",
      "signal": "BASE"
    },
    {
      "ticker": "XNET",
      "hv20": 0.7649060406819761,
      "garch": 0.7867300666103768,
      "expansion": 0.02853164280013113,
      "regime": "HIGH",
      "signal": "WEAK"
    },
    {
      "ticker": "ZS",
      "hv20": 1.5816128773472722,
      "garch": 0.6083123350589557,
      "expansion": -0.6153848114342398,
      "regime": "EXTREME",
      "signal": "WEAK"
    },
    {
      "ticker": "ZTS",
      "hv20": 0.3089485715787495,
      "garch": 0.3461180480004857,
      "expansion": 0.12030959143716857,
      "regime": "HIGH",
      "signal": "BASE"
    }
  ],
  "correlation": {
    "tickers": [
      "AVAV",
      "BABA",
      "CEG",
      "CMI",
      "CRWV",
      "GENC",
      "GRPN",
      "JAKK",
      "KSPI",
      "OPEN",
      "PYPL",
      "VIA",
      "VST",
      "XNET",
      "ZS",
      "ZTS"
    ],
    "matrix": [
      [
        1.0,
        0.131,
        0.262,
        0.249,
        0.309,
        0.096,
        0.231,
        0.08,
        0.097,
        0.336,
        0.199,
        0.033,
        0.302,
        0.328,
        0.176,
        0.061
      ],
      [
        0.131,
        1.0,
        0.181,
        0.334,
        0.352,
        0.131,
        0.192,
        0.117,
        0.213,
        0.196,
        0.244,
        -0.037,
        0.226,
        0.478,
        0.038,
        0.076
      ],
      [
        0.262,
        0.181,
        1.0,
        0.311,
        0.217,
        0.149,
        0.081,
        0.09,
        0.052,
        0.19,
        0.124,
        0.006,
        0.796,
        0.247,
        0.04,
        0.122
      ],
      [
        0.249,
        0.334,
        0.311,
        1.0,
        0.368,
        0.361,
        0.185,
        0.15,
        0.235,
        0.2,
        0.065,
        0.008,
        0.321,
        0.312,
        -0.054,
        0.195
      ],
      [
        0.309,
        0.352,
        0.217,
        0.368,
        1.0,
        0.119,
        0.166,
        0.06,
        0.135,
        0.241,
        0.132,
        0.225,
        0.309,
        0.37,
        0.183,
        0.083
      ],
      [
        0.096,
        0.131,
        0.149,
        0.361,
        0.119,
        1.0,
        0.16,
        0.315,
        0.157,
        0.131,
        0.098,
        0.066,
        0.172,
        0.167,
        0.052,
        0.153
      ],
      [
        0.231,
        0.192,
        0.081,
        0.185,
        0.166,
        0.16,
        1.0,
        0.15,
        0.334,
        0.306,
        0.262,
        0.179,
        0.114,
        0.221,
        0.147,
        0.161
      ],
      [
        0.08,
        0.117,
        0.09,
        0.15,
        0.06,
        0.315,
        0.15,
        1.0,
        0.104,
        0.139,
        0.214,
        0.142,
        0.06,
        0.197,
        -0.053,
        0.139
      ],
      [
        0.097,
        0.213,
        0.052,
        0.235,
        0.135,
        0.157,
        0.334,
        0.104,
        1.0,
        0.248,
        0.254,
        0.15,
        0.085,
        0.188,
        0.158,
        0.194
      ],
      [
        0.336,
        0.196,
        0.19,
        0.2,
        0.241,
        0.131,
        0.306,
        0.139,
        0.248,
        1.0,
        0.239,
        0.163,
        0.263,
        0.342,
        0.063,
        0.163
      ],
      [
        0.199,
        0.244,
        0.124,
        0.065,
        0.132,
        0.098,
        0.262,
        0.214,
        0.254,
        0.239,
        1.0,
        0.159,
        0.063,
        0.326,
        0.205,
        0.169
      ],
      [
        0.033,
        -0.037,
        0.006,
        0.008,
        0.225,
        0.066,
        0.179,
        0.142,
        0.15,
        0.163,
        0.159,
        1.0,
        0.061,
        0.189,
        0.369,
        0.023
      ],
      [
        0.302,
        0.226,
        0.796,
        0.321,
        0.309,
        0.172,
        0.114,
        0.06,
        0.085,
        0.263,
        0.063,
        0.061,
        1.0,
        0.268,
        0.07,
        0.089
      ],
      [
        0.328,
        0.478,
        0.247,
        0.312,
        0.37,
        0.167,
        0.221,
        0.197,
        0.188,
        0.342,
        0.326,
        0.189,
        0.268,
        1.0,
        0.219,
        0.042
      ],
      [
        0.176,
        0.038,
        0.04,
        -0.054,
        0.183,
        0.052,
        0.147,
        -0.053,
        0.158,
        0.063,
        0.205,
        0.369,
        0.07,
        0.219,
        1.0,
        -0.037
      ],
      [
        0.061,
        0.076,
        0.122,
        0.195,
        0.083,
        0.153,
        0.161,
        0.139,
        0.194,
        0.163,
        0.169,
        0.023,
        0.089,
        0.042,
        -0.037,
        1.0
      ]
    ]
  },
  "residual_correlation": {
    "tickers": [
      "AVAV",
      "BABA",
      "CEG",
      "CMI",
      "CRWV",
      "GENC",
      "GRPN",
      "JAKK",
      "KSPI",
      "OPEN",
      "PYPL",
      "VIA",
      "VST",
      "XNET",
      "ZS",
      "ZTS"
    ],
    "matrix": [
      [
        1.0,
        -0.014,
        0.114,
        0.066,
        0.115,
        -0.032,
        0.081,
        -0.058,
        -0.114,
        0.149,
        0.009,
        -0.141,
        0.148,
        0.157,
        0.102,
        -0.06
      ],
      [
        -0.014,
        1.0,
        0.011,
        0.101,
        0.189,
        -0.08,
        0.026,
        -0.046,
        0.035,
        0.04,
        0.123,
        -0.161,
        0.056,
        0.346,
        -0.05,
        -0.021
      ],
      [
        0.114,
        0.011,
        1.0,
        0.031,
        -0.04,
        0.031,
        -0.057,
        -0.014,
        -0.122,
        0.031,
        0.039,
        -0.093,
        0.731,
        0.084,
        0.018,
        0.084
      ],
      [
        0.066,
        0.101,
        0.031,
        1.0,
        0.097,
        0.069,
        -0.064,
        -0.146,
        -0.01,
        -0.067,
        -0.104,
        -0.115,
        -0.005,
        0.015,
        -0.12,
        0.067
      ],
      [
        0.115,
        0.189,
        -0.04,
        0.097,
        1.0,
        0.014,
        -0.04,
        -0.033,
        -0.094,
        0.018,
        -0.043,
        0.107,
        0.056,
        0.106,
        0.128,
        0.044
      ],
      [
        -0.032,
        -0.08,
        0.031,
        0.069,
        0.014,
        1.0,
        -0.027,
        0.063,
        -0.072,
        -0.076,
        0.006,
        -0.01,
        0.033,
        -0.038,
        0.011,
        -0.049
      ],
      [
        0.081,
        0.026,
        -0.057,
        -0.064,
        -0.04,
        -0.027,
        1.0,
        0.008,
        0.164,
        0.109,
        0.089,
        0.055,
        -0.039,
        -0.01,
        0.045,
        0.036
      ],
      [
        -0.058,
        -0.046,
        -0.014,
        -0.146,
        -0.033,
        0.063,
        0.008,
        1.0,
        -0.095,
        -0.028,
        0.102,
        0.082,
        -0.052,
        0.028,
        -0.118,
        -0.049
      ],
      [
        -0.114,
        0.035,
        -0.122,
        -0.01,
        -0.094,
        -0.072,
        0.164,
        -0.095,
        1.0,
        0.064,
        0.074,
        0.018,
        -0.109,
        -0.033,
        0.058,
        0.062
      ],
      [
        0.149,
        0.04,
        0.031,
        -0.067,
        0.018,
        -0.076,
        0.109,
        -0.028,
        0.064,
        1.0,
        0.064,
        0.033,
        0.107,
        0.157,
        -0.044,
        0.024
      ],
      [
        0.009,
        0.123,
        0.039,
        -0.104,
        -0.043,
        0.006,
        0.089,
        0.102,
        0.074,
        0.064,
        1.0,
        0.002,
        -0.044,
        0.181,
        0.066,
        0.024
      ],
      [
        -0.141,
        -0.161,
        -0.093,
        -0.115,
        0.107,
        -0.01,
        0.055,
        0.082,
        0.018,
        0.033,
        0.002,
        1.0,
        -0.038,
        0.055,
        0.302,
        -0.062
      ],
      [
        0.148,
        0.056,
        0.731,
        -0.005,
        0.056,
        0.033,
        -0.039,
        -0.052,
        -0.109,
        0.107,
        -0.044,
        -0.038,
        1.0,
        0.087,
        0.05,
        0.039
      ],
      [
        0.157,
        0.346,
        0.084,
        0.015,
        0.106,
        -0.038,
        -0.01,
        0.028,
        -0.033,
        0.157,
        0.181,
        0.055,
        0.087,
        1.0,
        0.138,
        -0.1
      ],
      [
        0.102,
        -0.05,
        0.018,
        -0.12,
        0.128,
        0.011,
        0.045,
        -0.118,
        0.058,
        -0.044,
        0.066,
        0.302,
        0.05,
        0.138,
        1.0,
        -0.113
      ],
      [
        -0.06,
        -0.021,
        0.084,
        0.067,
        0.044,
        -0.049,
        0.036,
        -0.049,
        0.062,
        0.024,
        0.024,
        -0.062,
        0.039,
        -0.1,
        -0.113,
        1.0
      ]
    ]
  },
  "factor_correlation": {
    "factors": [
      "Market",
      "Size",
      "Value (SMID)",
      "Momentum",
      "Quality",
      "Profitability",
      "Liquidity",
      "Credit"
    ],
    "matrix": [
      [
        1.0,
        0.351,
        -0.475,
        0.379,
        -0.189,
        -0.524,
        0.318,
        0.183
      ],
      [
        0.351,
        1.0,
        -0.156,
        0.226,
        0.138,
        0.159,
        0.333,
        0.049
      ],
      [
        -0.475,
        -0.156,
        1.0,
        -0.526,
        0.27,
        0.563,
        -0.374,
        -0.138
      ],
      [
        0.379,
        0.226,
        -0.526,
        1.0,
        -0.208,
        -0.507,
        0.278,
        0.036
      ],
      [
        -0.189,
        0.138,
        0.27,
        -0.208,
        1.0,
        0.397,
        -0.22,
        -0.129
      ],
      [
        -0.524,
        0.159,
        0.563,
        -0.507,
        0.397,
        1.0,
        -0.271,
        -0.089
      ],
      [
        0.318,
        0.333,
        -0.374,
        0.278,
        -0.22,
        -0.271,
        1.0,
        0.158
      ],
      [
        0.183,
        0.049,
        -0.138,
        0.036,
        -0.129,
        -0.089,
        0.158,
        1.0
      ]
    ]
  },
  "factor_exposures": [
    {
      "ticker": "AVAV",
      "r_squared": 0.17881778899766299,
      "alpha_annual": -0.2611373085780233,
      "idio_vol_annual": 0.6634801719062098,
      "Market": 1.0428118288110437,
      "Size": 0.7436673135677307,
      "Value (SMID)": -2.155957350850505,
      "Momentum": -0.5588786958632719,
      "Quality": -1.44774241138184,
      "Profitability": 0.08801918440230388,
      "Liquidity": 0.08288448170179868,
      "Credit": -1.6986814849932599
    },
    {
      "ticker": "BABA",
      "r_squared": 0.15336964724622704,
      "alpha_annual": -0.2975006752547626,
      "idio_vol_annual": 0.3965799338545788,
      "Market": 1.194595757313477,
      "Size": 0.18025954055560023,
      "Value (SMID)": 0.23574788318922346,
      "Momentum": -0.13852838043853677,
      "Quality": -0.20587092719266334,
      "Profitability": -0.2445173778599912,
      "Liquidity": 0.22372867027855692,
      "Credit": 0.978777668690067
    },
    {
      "ticker": "CEG",
      "r_squared": 0.24973799323101087,
      "alpha_annual": -0.39431994439787665,
      "idio_vol_annual": 0.4035286941242832,
      "Market": 0.6837442163392811,
      "Size": 0.3952968381108075,
      "Value (SMID)": -0.48040638433168126,
      "Momentum": 0.6770199731139563,
      "Quality": -0.641941304161582,
      "Profitability": -0.6888890294955166,
      "Liquidity": -0.4039322435290069,
      "Credit": -0.9250183451774063
    },
    {
      "ticker": "CMI",
      "r_squared": 0.4994369683185469,
      "alpha_annual": 0.34666812785035933,
      "idio_vol_annual": 0.23294940344528542,
      "Market": 1.1450542536129962,
      "Size": 0.8353921147087169,
      "Value (SMID)": 0.4258857665833621,
      "Momentum": 0.7952701699324121,
      "Quality": 0.352204954493922,
      "Profitability": -0.1857957148610308,
      "Liquidity": -0.3072110636608307,
      "Credit": 0.9274966131555402
    },
    {
      "ticker": "CRWV",
      "r_squared": 0.2866948202872107,
      "alpha_annual": -0.7862510053627787,
      "idio_vol_annual": 0.8047299805714196,
      "Market": 0.8997619437519819,
      "Size": 0.7823493959180408,
      "Value (SMID)": -2.1684931864921184,
      "Momentum": 0.999584998811987,
      "Quality": -4.56358945914774,
      "Profitability": -0.04505805569822163,
      "Liquidity": 0.3983633626555534,
      "Credit": 1.5277325739824248
    },
    {
      "ticker": "GENC",
      "r_squared": 0.33510501867541564,
      "alpha_annual": -0.4351130686462272,
      "idio_vol_annual": 0.32675644969401835,
      "Market": 1.4198639761446876,
      "Size": 1.1766519894640122,
      "Value (SMID)": 1.1743726318712275,
      "Momentum": -0.006726648255823142,
      "Quality": -0.5324891983338507,
      "Profitability": 0.1376051349551064,
      "Liquidity": -0.15421683676121045,
      "Credit": 0.6172580419521481
    },
    {
      "ticker": "GRPN",
      "r_squared": 0.15523682007590411,
      "alpha_annual": -1.0931023680157645,
      "idio_vol_annual": 0.6302406323364711,
      "Market": 1.837565659323307,
      "Size": 0.2732418504251249,
      "Value (SMID)": -0.894132498531907,
      "Momentum": -0.1499124113703485,
      "Quality": -1.834550597514819,
      "Profitability": 1.3917833653967568,
      "Liquidity": 0.17052702530195124,
      "Credit": 1.619222416070783
    },
    {
      "ticker": "JAKK",
      "r_squared": 0.28597060008677044,
      "alpha_annual": -0.3243987516056327,
      "idio_vol_annual": 0.3606828120511254,
      "Market": 1.3874457388004242,
      "Size": 0.9974318355413425,
      "Value (SMID)": 0.8239673704951234,
      "Momentum": -0.40015535365460514,
      "Quality": 1.595455846143317,
      "Profitability": -0.3000591036674887,
      "Liquidity": 0.3886569297907634,
      "Credit": -0.37690639595830916
    },
    {
      "ticker": "KSPI",
      "r_squared": 0.22733206121541172,
      "alpha_annual": -0.32086916573762947,
      "idio_vol_annual": 0.3164381120518238,
      "Market": 1.3274802898726112,
      "Size": 0.33354169404342254,
      "Value (SMID)": -0.29813217118989593,
      "Momentum": -0.5696472011350275,
      "Quality": 0.028368838745094438,
      "Profitability": 0.1992945771798551,
      "Liquidity": -0.0015758464870961886,
      "Credit": 0.4165423327866936
    },
    {
      "ticker": "OPEN",
      "r_squared": 0.11883996279980791,
      "alpha_annual": 1.270878022950801,
      "idio_vol_annual": 1.3594323556423502,
      "Market": 3.0077942312025567,
      "Size": 1.1472774339966871,
      "Value (SMID)": -1.7173376515653243,
      "Momentum": -1.6224191382120443,
      "Quality": 1.5353432619673815,
      "Profitability": 1.081752664617047,
      "Liquidity": 1.8421473639837092,
      "Credit": -2.9531467107602016
    },
    {
      "ticker": "PYPL",
      "r_squared": 0.30890667889296974,
      "alpha_annual": -0.768971740147986,
      "idio_vol_annual": 0.33630475267365967,
      "Market": 1.8945154412086334,
      "Size": -0.429214336891664,
      "Value (SMID)": -0.9200769164078402,
      "Momentum": -0.9400277075041841,
      "Quality": 1.5672892787631898,
      "Profitability": 0.7659567897367695,
      "Liquidity": 0.479685708536837,
      "Credit": -0.08208212608348672
    },
    {
      "ticker": "VIA",
      "r_squared": 0.1261017500271029,
      "alpha_annual": -1.68103762630297,
      "idio_vol_annual": 0.683314283884631,
      "Market": 1.2798610963523829,
      "Size": 0.29871734203819583,
      "Value (SMID)": -1.5162401053939618,
      "Momentum": -1.2628093201511503,
      "Quality": -1.7546168546222962,
      "Profitability": 0.65900946467788,
      "Liquidity": 0.5682109971346199,
      "Credit": -0.9535837484683148
    },
    {
      "ticker": "VST",
      "r_squared": 0.2733681990776974,
      "alpha_annual": -0.40094274300925825,
      "idio_vol_annual": 0.4126821154438503,
      "Market": 0.554213468079765,
      "Size": 0.7462809340515855,
      "Value (SMID)": -0.6884023936961693,
      "Momentum": 0.729759920113498,
      "Quality": -1.6614377413717496,
      "Profitability": -0.5397092555593461,
      "Liquidity": -0.7251804844925888,
      "Credit": -0.7178189732778409
    },
    {
      "ticker": "XNET",
      "r_squared": 0.17210326350392413,
      "alpha_annual": -0.6460210710639163,
      "idio_vol_annual": 0.7245718745225115,
      "Market": 2.002776814009617,
      "Size": 0.20577384961287049,
      "Value (SMID)": -0.6746863574506898,
      "Momentum": -0.6227022699436238,
      "Quality": 0.29089807680814767,
      "Profitability": 0.4773431964540752,
      "Liquidity": 1.335499871777537,
      "Credit": 2.5105466324958687
    },
    {
      "ticker": "ZS",
      "r_squared": 0.09428315297957623,
      "alpha_annual": -1.0212130354257254,
      "idio_vol_annual": 0.5959053354886233,
      "Market": 1.3925911069249586,
      "Size": -0.4803544319952148,
      "Value (SMID)": -1.1709702238108304,
      "Momentum": -1.0259047457886945,
      "Quality": -1.1029184666247718,
      "Profitability": 0.9088746253127763,
      "Liquidity": 0.18423396835336228,
      "Credit": 0.05238836758085631
    },
    {
      "ticker": "ZTS",
      "r_squared": 0.17557922585697472,
      "alpha_annual": -0.9306334029483784,
      "idio_vol_annual": 0.343193500461547,
      "Market": 1.3806971112398272,
      "Size": 0.0552916308566469,
      "Value (SMID)": 0.0796676382196074,
      "Momentum": -0.16485520508509582,
      "Quality": 1.4499712721867255,
      "Profitability": 0.8530781732310375,
      "Liquidity": 0.11607605891103451,
      "Credit": -0.6571598780747961
    }
  ],
  "portfolio_factor_exposure": {
    "loadings": {
      "Market": 1.45608007976619,
      "Size": 0.3553687785413261,
      "Value (SMID)": -0.6213846374841949,
      "Momentum": -0.3490046478980102,
      "Quality": -0.636047869041771,
      "Profitability": 0.47601830778289955,
      "Liquidity": 0.26519473953833494,
      "Credit": 0.49158942907908737
    },
    "alpha_annual": -0.6779600252007285,
    "r_squared_weighted": 0.21421547650457853
  },
  "stress_tests": [
    {
      "scenario": "COVID Crash (Feb-Mar 2020)",
      "market_move": -0.339,
      "portfolio_impact": -0.533755205875021,
      "stressed_nav": 446151.4583207931,
      "pnl": -510752.43410358054,
      "description": "Rapid 33.9% selloff in SPY over 23 trading days as COVID-19 spread."
    },
    {
      "scenario": "2022 Rate Shock (Jan-Oct)",
      "market_move": -0.252,
      "portfolio_impact": -0.39677378135842273,
      "stressed_nav": 577229.5166305616,
      "pnl": -379674.3757938121,
      "description": "Grinding 9-month decline as the Fed hiked rates aggressively."
    },
    {
      "scenario": "GFC 2008-09",
      "market_move": -0.565,
      "portfolio_impact": -0.8895920097917016,
      "stressed_nav": 105649.83558507287,
      "pnl": -851254.0568393008,
      "description": "Credit crisis bear market; SPY drew down 56.5% from Oct 2007 peak."
    },
    {
      "scenario": "Dot-Com Bust (2000-02)",
      "market_move": -0.491,
      "portfolio_impact": -0.7730790739959744,
      "stressed_nav": 217141.51736579536,
      "pnl": -739762.3750585783,
      "description": "Tech bubble burst; SPY -49.1% peak-to-trough over 30 months."
    },
    {
      "scenario": "Black Monday (Oct 1987)",
      "market_move": -0.204,
      "portfolio_impact": -0.3211978230044374,
      "stressed_nav": 649548.4453531924,
      "pnl": -307355.44707118126,
      "description": "Flash crash; -20.4% on a single trading day."
    },
    {
      "scenario": "Aug 2024 Yen Carry Unwind",
      "market_move": -0.084,
      "portfolio_impact": -0.13225792711947423,
      "stressed_nav": 830345.7671597697,
      "pnl": -126558.125264604,
      "description": "Yen carry unwind shock; SPY -8.4% in one week."
    }
  ],
  "monte_carlo": {
    "horizon_days": 21,
    "n_paths": 10000,
    "current_nav": 956903.8924243737,
    "terminal_return": {
      "p5": -0.15582375910412286,
      "p25": -0.08388084431644563,
      "p50": -0.03214907398549077,
      "p75": 0.025450276613743383,
      "p95": 0.10585536755087377,
      "prob_negative": 0.6491
    },
    "terminal_nav": {
      "p5": 807795.5308054406,
      "p50": 926140.3183898183,
      "p95": 1058197.3056678176
    },
    "max_drawdown": {
      "p5": -0.17263221734910117,
      "p50": -0.08269168313792562,
      "p95": -0.03106203702765639
    },
    "method": "Bootstrap of synthetic portfolio daily returns (current weights \u00d7 each holding's 252-day history). 10,000 paths, 21-trading-day horizon (~1 month)."
  },
  "factor_stress": [
    {
      "scenario": "Tech Selloff -15%",
      "description": "Concentrated drawdown in Tech and Communication Services.",
      "shocks": {
        "sector:Technology": -0.15,
        "sector:Communication Services": -0.1
      },
      "pnl": -69431.48202691079,
      "stressed_nav": 887472.4103974629,
      "portfolio_impact": -0.0725584696400408,
      "equity_at_risk_pct": 0.8434816378261969
    },
    {
      "scenario": "Rate Shock (+100bp)",
      "description": "Long-duration growth and rate-sensitive sectors hit; banks benefit.",
      "shocks": {
        "sector:Technology": -0.08,
        "sector:Consumer Cyclical": -0.1,
        "sector:Financial Services": 0.05,
        "sector:Real Estate": -0.12,
        "sector:Utilities": -0.06
      },
      "pnl": -40653.02582128525,
      "stressed_nav": 916250.8666030884,
      "portfolio_impact": -0.04248391729109635,
      "equity_at_risk_pct": 0.8434816378261969
    },
    {
      "scenario": "Energy Spike (+30%)",
      "description": "Oil shock \u2014 producers rally, downstream consumers pinched.",
      "shocks": {
        "sector:Energy": 0.3,
