{
  "generated_at": "2026-06-05T14:59:14.449957Z",
  "market_session": "OPEN",
  "fund_name": "Convex Capital",
  "tagline": "Lose small. Win big. \u2014 Paper-traded portfolio. Hypothetical performance for educational purposes only.",
  "summary": {
    "nav": 976704.9172839546,
    "cash": 112261.69,
    "equity": 864443.2272839546,
    "deposits": 1000000.0,
    "total_return": -0.023295082716045412,
    "realized_pnl": 0.0,
    "open_positions": 17
  },
  "metrics": {
    "annualized_return": -0.2647116720034254,
    "annualized_vol": 0.28518131568708793,
    "sharpe": -0.9282223534373386,
    "sortino": -1.305811273019756,
    "max_drawdown": -0.401152492479792,
    "var_95_1d": -0.03273410838382036,
    "method": "Synthetic: current weights \u00d7 each holding's 252-day return history.",
    "beta_spy": 1.5767467254813008,
    "data_basis": "synthetic_252d",
    "days_of_live_nav": 5
  },
  "nav_curve": [
    {
      "date": "2026-06-01",
      "value": 999876.7626599121
    },
    {
      "date": "2026-06-02",
      "value": 1003056.6285483933
    },
    {
      "date": "2026-06-03",
      "value": 985610.7896986008
    },
    {
      "date": "2026-06-04",
      "value": 997714.9077720642
    },
    {
      "date": "2026-06-05",
      "value": 977721.7488841438
    }
  ],
  "drawdown_curve": [
    {
      "date": "2026-06-01",
      "value": 0.0
    },
    {
      "date": "2026-06-02",
      "value": 0.0
    },
    {
      "date": "2026-06-03",
      "value": -0.017392675900103283
    },
    {
      "date": "2026-06-04",
      "value": -0.005325442875602646
    },
    {
      "date": "2026-06-05",
      "value": -0.025257676329714006
    }
  ],
  "benchmarks": {
    "SPY": [
      {
        "date": "2026-06-01",
        "value": 0.0
      },
      {
        "date": "2026-06-02",
        "value": 0.0013579103629497435
      },
      {
        "date": "2026-06-03",
        "value": -0.005668768842152949
      },
      {
        "date": "2026-06-04",
        "value": -0.0019115026417536596
      },
      {
        "date": "2026-06-05",
        "value": -0.011377125969359803
      }
    ],
    "IWM": [
      {
        "date": "2026-06-01",
        "value": 0.0
      },
      {
        "date": "2026-06-02",
        "value": 0.009273972502921835
      },
      {
        "date": "2026-06-03",
        "value": -0.004533177066893157
      },
      {
        "date": "2026-06-04",
        "value": 0.010485150059186044
      },
      {
        "date": "2026-06-05",
        "value": -0.0040314502755589565
      }
    ]
  },
  "holdings": [
    {
      "ticker": "GRPN",
      "company": "Groupon, Inc.",
      "sector": "Communication Services",
      "country": "United States",
      "shares": 9713.0,
      "price": 17.290000915527344,
      "cost_basis": 18.017072994955218,
      "market_value": 167937.7788925171,
      "unrealized_pnl": -7062.051107482938,
      "short_percent_of_float": 0.5812,
      "short_ratio": 4.89
    },
    {
      "ticker": "KSPI",
      "company": "Joint Stock Company Kaspi.kz",
      "sector": "Technology",
      "country": "Kazakhstan",
      "shares": 1515.0,
      "price": 82.26000213623047,
      "cost_basis": 82.53049504950495,
      "market_value": 124623.90323638916,
      "unrealized_pnl": -409.7967636108385,
      "short_percent_of_float": 0.015700001,
      "short_ratio": 2.81
    },
    {
      "ticker": "JAKK",
      "company": "JAKKS Pacific, Inc.",
      "sector": "Consumer Cyclical",
      "country": "United States",
      "shares": 3436.0,
      "price": 21.6200008392334,
      "cost_basis": 21.83,
      "market_value": 74286.32288360596,
      "unrealized_pnl": -721.5571163940372,
      "short_percent_of_float": 0.0339,
      "short_ratio": 6.7
    },
    {
      "ticker": "ZS",
      "company": "Zscaler, Inc.",
      "sector": "Technology",
      "country": "United States",
      "shares": 549.0,
      "price": 133.5050048828125,
      "cost_basis": 136.8013843351548,
      "market_value": 73294.24768066406,
      "unrealized_pnl": -1809.7123193359268,
      "short_percent_of_float": 0.1058,
      "short_ratio": 4.01
    },
    {
      "ticker": "VIA",
      "company": "Via Transportation, Inc.",
      "sector": "Technology",
      "country": "United States",
      "shares": 4921.0,
      "price": 14.84000015258789,
      "cost_basis": 15.241408250355619,
      "market_value": 73027.64075088501,
      "unrealized_pnl": -1975.32924911499,
      "short_percent_of_float": 0.1248,
      "short_ratio": 7.65
    },
    {
      "ticker": "CMI",
      "company": "Cummins Inc.",
      "sector": "Industrials",
      "country": "United States",
      "shares": 78.0,
      "price": 670.1699829101562,
      "cost_basis": 643.5,
      "market_value": 52273.25866699219,
      "unrealized_pnl": 2080.2586669921875,
      "short_percent_of_float": 0.014400001,
      "short_ratio": 1.92
    },
    {
      "ticker": "XNET",
      "company": "Xunlei Limited",
      "sector": "Technology",
      "country": "China",
      "shares": 10526.0,
      "price": 4.699999809265137,
      "cost_basis": 4.75,
      "market_value": 49472.19799232483,
      "unrealized_pnl": -526.3020076751709,
      "short_percent_of_float": 0.0322,
      "short_ratio": 6.99
    },
    {
      "ticker": "CRWV",
      "company": "CoreWeave, Inc.",
      "sector": "Technology",
      "country": "United States",
      "shares": 468.0,
      "price": 102.81500244140625,
      "cost_basis": 106.78134615384614,
      "market_value": 48117.421142578125,
      "unrealized_pnl": -1856.2488574218703,
      "short_percent_of_float": 0.1714,
      "short_ratio": 1.75
    },
    {
      "ticker": "BABA",
      "company": "Alibaba Group Holding Limited",
      "sector": "Consumer Cyclical",
      "country": "Hong Kong",
      "shares": 299.0,
      "price": 123.125,
      "cost_basis": 125.39999999999999,
      "market_value": 36814.375,
      "unrealized_pnl": -680.2249999999974,
      "short_percent_of_float": 0.0197,
      "short_ratio": 3.3
    },
    {
      "ticker": "PYPL",
      "company": "PayPal Holdings, Inc.",
      "sector": "Financial Services",
      "country": "United States",
      "shares": 830.0,
      "price": 41.69499969482422,
      "cost_basis": 45.19,
      "market_value": 34606.8497467041,
      "unrealized_pnl": -2900.8502532958964,
      "short_percent_of_float": 0.0545,
      "short_ratio": 2.87
    },
    {
      "ticker": "ZTS",
      "company": "Zoetis Inc.",
      "sector": "Healthcare",
      "country": "United States",
      "shares": 312.0,
      "price": 79.91000366210938,
      "cost_basis": 80.09,
      "market_value": 24931.921142578125,
      "unrealized_pnl": -56.158857421876064,
      "short_percent_of_float": 0.036,
      "short_ratio": 1.79
    },
    {
      "ticker": "AVAV",
      "company": "AeroVironment, Inc.",
      "sector": "Industrials",
      "country": "United States",
      "shares": 122.0,
      "price": 191.82000732421875,
      "cost_basis": 204.09,
      "market_value": 23402.040893554688,
      "unrealized_pnl": -1496.939106445313,
      "short_percent_of_float": 0.12109999,
      "short_ratio": 3.92
    },
    {
      "ticker": "OPEN",
      "company": "Opendoor Technologies Inc.",
      "sector": "Real Estate",
      "country": "United States",
      "shares": 4835.0,
      "price": 4.59499979019165,
      "cost_basis": 5.171470527404343,
      "market_value": 22216.82398557663,
      "unrealized_pnl": -2787.236014423367,
      "short_percent_of_float": 0.14819999,
      "short_ratio": 3.26
    },
    {
      "ticker": "PRGS",
      "company": "Progress Software Corporation",
      "sector": "Technology",
      "country": "United States",
      "shares": 708.0,
      "price": 31.290000915527344,
      "cost_basis": 35.32,
      "market_value": 22153.32064819336,
      "unrealized_pnl": -2853.239351806641,
      "short_percent_of_float": 0.1445,
      "short_ratio": 5.14
    },
    {
      "ticker": "GENC",
      "company": "Gencor Industries, Inc.",
      "sector": "Industrials",
      "country": "United States",
      "shares": 873.0,
      "price": 14.755000114440918,
      "cost_basis": 14.32,
      "market_value": 12881.115099906921,
      "unrealized_pnl": 379.75509990692115,
      "short_percent_of_float": 0.0061000003,
      "short_ratio": 2.96
    },
    {
      "ticker": "VST",
      "company": "Vistra Corp.",
      "sector": "Utilities",
      "country": "United States",
      "shares": 81.0,
      "price": 151.17999267578125,
      "cost_basis": 154.76,
      "market_value": 12245.579406738281,
      "unrealized_pnl": -289.980593261718,
      "short_percent_of_float": 0.0461,
      "short_ratio": 2.83
    },
    {
      "ticker": "CEG",
      "company": "Constellation Energy Corporation",
      "sector": "Utilities",
      "country": "United States",
      "shares": 47.0,
      "price": 258.69000244140625,
      "cost_basis": 265.7,
      "market_value": 12158.430114746094,
      "unrealized_pnl": -329.4698852539057,
      "short_percent_of_float": 0.0325,
      "short_ratio": 3.35
    }
  ],
  "sector_exposure": [
    {
      "name": "Technology",
      "value": 390688.73145103455,
      "pct": 0.40000692587631437
    },
    {
      "name": "Communication Services",
      "value": 167937.7788925171,
      "pct": 0.1719432101965071
    },
    {
      "name": "Cash",
      "value": 112261.69,
      "pct": 0.1149392083662076
    },
    {
      "name": "Consumer Cyclical",
      "value": 111100.69788360596,
      "pct": 0.1137505257908986
    },
    {
      "name": "Industrials",
      "value": 88556.4146604538,
      "pct": 0.09066854593781885
    },
    {
      "name": "Financial Services",
      "value": 34606.8497467041,
      "pct": 0.035432246868316884
    },
    {
      "name": "Healthcare",
      "value": 24931.921142578125,
      "pct": 0.025526564575828525
    },
    {
      "name": "Utilities",
      "value": 24404.009521484375,
      "pct": 0.024986061900197712
    },
    {
      "name": "Real Estate",
      "value": 22216.82398557663,
      "pct": 0.02274671048791044
    }
  ],
  "geographic_exposure": [
    {
      "name": "United States",
      "value": 653532.7510552406,
      "pct": 0.6691199557719038
    },
    {
      "name": "Kazakhstan",
      "value": 124623.90323638916,
      "pct": 0.12759626887406939
    },
    {
      "name": "Cash",
      "value": 112261.69,
      "pct": 0.1149392083662076
    },
    {
      "name": "China",
      "value": 49472.19799232483,
      "pct": 0.050652143873605504
    },
    {
      "name": "Hong Kong",
      "value": 36814.375,
      "pct": 0.037692423114213794
    }
  ],
  "signals": [
    {
      "ticker": "AVAV",
      "label": "BUY",
      "composite": 1.5,
      "rsi": 52.4,
      "subs": {
        "rsi": 0.5,
        "macd": 0.5,
        "trend": 0.0,
        "bb": 0.5,
        "vol": 0.0,
        "range": 0.0
      }
    },
    {
      "ticker": "BABA",
      "label": "STRONG SELL",
      "composite": -2.0,
      "rsi": 39.3,
      "subs": {
        "rsi": 0.0,
        "macd": -0.5,
        "trend": -0.5,
        "bb": -0.5,
        "vol": 0.0,
        "range": -0.5
      }
    },
    {
      "ticker": "CEG",
      "label": "SELL",
      "composite": -1.5,
      "rsi": 37.7,
      "subs": {
        "rsi": 0.0,
        "macd": -0.5,
        "trend": -0.5,
        "bb": -0.5,
        "vol": 0.5,
        "range": -0.5
      }
    },
    {
      "ticker": "CMI",
      "label": "NEUTRAL",
      "composite": 0.0,
      "rsi": 52.7,
      "subs": {
        "rsi": 0.5,
        "macd": -0.5,
        "trend": 0.5,
        "bb": -0.5,
        "vol": 0.0,
        "range": 0.0
      }
    },
    {
      "ticker": "CRWV",
      "label": "SELL",
      "composite": -1.5,
      "rsi": 45.0,
      "subs": {
        "rsi": 0.0,
        "macd": -0.5,
        "trend": 0.0,
        "bb": -0.5,
        "vol": 0.0,
        "range": -0.5
      }
    },
    {
      "ticker": "GENC",
      "label": "STRONG BUY",
      "composite": 2.0,
      "rsi": 51.6,
      "subs": {
        "rsi": 0.5,
        "macd": 0.5,
        "trend": 0.0,
        "bb": 0.5,
        "vol": 0.5,
        "range": 0.0
      }
    },
    {
      "ticker": "GRPN",
      "label": "SELL",
      "composite": -1.0,
      "rsi": 49.0,
      "subs": {
        "rsi": 0.5,
        "macd": -0.5,
        "trend": 0.0,
        "bb": -0.5,
        "vol": 0.0,
        "range": -0.5
      }
    },
    {
      "ticker": "JAKK",
      "label": "LEAN BEAR",
      "composite": -0.5,
      "rsi": 47.3,
      "subs": {
        "rsi": 0.5,
        "macd": -0.5,
        "trend": 0.0,
        "bb": -0.5,
        "vol": 0.0,
        "range": 0.0
      }
    },
    {
      "ticker": "KSPI",
      "label": "SELL",
      "composite": -1.0,
      "rsi": 36.7,
      "subs": {
        "rsi": 0.0,
        "macd": -0.5,
        "trend": 0.0,
        "bb": 0.0,
        "vol": 0.0,
        "range": -0.5
      }
    },
    {
      "ticker": "OPEN",
      "label": "SELL",
      "composite": -1.0,
      "rsi": 44.2,
      "subs": {
        "rsi": 0.0,
        "macd": 0.5,
        "trend": -0.5,
        "bb": -0.5,
        "vol": 0.0,
        "range": -0.5
      }
    },
    {
      "ticker": "PRGS",
      "label": "BUY",
      "composite": 1.5,
      "rsi": 53.7,
      "subs": {
        "rsi": 0.5,
        "macd": 0.5,
        "trend": 0.0,
        "bb": 0.5,
        "vol": 0.0,
        "range": 0.0
      }
    },
    {
      "ticker": "PYPL",
      "label": "SELL",
      "composite": -1.5,
      "rsi": 30.6,
      "subs": {
        "rsi": 0.0,
        "macd": -0.5,
        "trend": -0.5,
        "bb": 0.0,
        "vol": 0.0,
        "range": -0.5
      }
    },
    {
      "ticker": "VIA",
      "label": "NEUTRAL",
      "composite": 0.0,
      "rsi": 47.0,
      "subs": {
        "rsi": 0.5,
        "macd": 0.5,
        "trend": -0.5,
        "bb": -0.5,
        "vol": 0.0,
        "range": 0.0
      }
    },
    {
      "ticker": "VST",
      "label": "LEAN BULL",
      "composite": 0.5,
      "rsi": 47.4,
      "subs": {
        "rsi": 0.5,
        "macd": 0.5,
        "trend": -0.5,
        "bb": 0.5,
        "vol": -0.5,
        "range": 0.0
      }
    },
    {
      "ticker": "XNET",
      "label": "SELL",
      "composite": -1.0,
      "rsi": 31.0,
      "subs": {
        "rsi": 0.0,
        "macd": -0.5,
        "trend": -0.5,
        "bb": 0.0,
        "vol": 0.5,
        "range": -0.5
      }
    },
    {
      "ticker": "ZS",
      "label": "STRONG SELL",
      "composite": -2.0,
      "rsi": 43.1,
      "subs": {
        "rsi": 0.0,
        "macd": -0.5,
        "trend": -0.5,
        "bb": -0.5,
        "vol": 0.0,
        "range": -0.5
      }
    },
    {
      "ticker": "ZTS",
      "label": "LEAN BULL",
      "composite": 0.5,
      "rsi": 34.7,
      "subs": {
        "rsi": 0.0,
        "macd": 0.5,
        "trend": -0.5,
        "bb": 0.5,
        "vol": 0.0,
        "range": 0.0
      }
    }
  ],
  "volatility": [
    {
      "ticker": "AVAV",
      "hv20": 0.845367687050207,
      "garch": 0.7637552222826894,
      "expansion": -0.0965407904959,
      "regime": "HIGH",
      "signal": "WEAK"
    },
    {
      "ticker": "BABA",
      "hv20": 0.4593768477482536,
      "garch": 0.4281596794752514,
      "expansion": -0.06795546712034067,
      "regime": "HIGH",
      "signal": "WEAK"
    },
    {
      "ticker": "CEG",
      "hv20": 0.5470680509338753,
      "garch": 0.5664476698283513,
      "expansion": 0.03542451229128414,
      "regime": "HIGH",
      "signal": "WEAK"
    },
    {
      "ticker": "CMI",
      "hv20": 0.39197797854132976,
      "garch": 0.31741606379348086,
      "expansion": -0.19021965219912773,
      "regime": "HIGH",
      "signal": "WEAK"
    },
    {
      "ticker": "CRWV",
      "hv20": 0.872135780380637,
      "garch": 0.9944327505767793,
      "expansion": 0.14022698408585724,
      "regime": "NORMAL",
      "signal": "BASE"
    },
    {
      "ticker": "GENC",
      "hv20": 0.4226903550584308,
      "garch": 0.45983741004118395,
      "expansion": 0.08788242868143545,
      "regime": "HIGH",
      "signal": "WEAK"
    },
    {
      "ticker": "GRPN",
      "hv20": 0.9470535547454464,
      "garch": 0.8107369848408622,
      "expansion": -0.1439375516004731,
      "regime": "EXTREME",
      "signal": "WEAK"
    },
    {
      "ticker": "JAKK",
      "hv20": 0.2603366217118701,
      "garch": 0.4591599244604169,
      "expansion": 0.7637162280172641,
      "regime": "LOW",
      "signal": "SIGNAL"
    },
    {
      "ticker": "KSPI",
      "hv20": 0.25257125283804377,
      "garch": 0.35031365591421537,
      "expansion": 0.3869894217092353,
      "regime": "LOW",
      "signal": "SIGNAL"
    },
    {
      "ticker": "OPEN",
      "hv20": 0.6939446223109771,
      "garch": 0.8590956491211406,
      "expansion": 0.2379887695651807,
      "regime": "LOW",
      "signal": "SIGNAL"
    },
    {
      "ticker": "PRGS",
      "hv20": 0.6047187641792813,
      "garch": 0.5104517195121144,
      "expansion": -0.15588576087117986,
      "regime": "HIGH",
      "signal": "WEAK"
    },
    {
      "ticker": "PYPL",
      "hv20": 0.22548535435945308,
      "garch": 0.39143818789267915,
      "expansion": 0.73598054296988,
      "regime": "LOW",
      "signal": "SIGNAL"
    },
    {
      "ticker": "VIA",
      "hv20": 1.0189078458087102,
      "garch": null,
      "expansion": null,
      "regime": "NORMAL",
      "signal": "WEAK"
    },
    {
      "ticker": "VST",
      "hv20": 0.5075790491693376,
      "garch": 0.5638321417003066,
      "expansion": 0.11082626956929804,
      "regime": "HIGH",
      "signal": "BASE"
    },
    {
      "ticker": "XNET",
      "hv20": 0.7464266134230724,
      "garch": 0.9126190689110288,
      "expansion": 0.22265076365083875,
      "regime": "HIGH",
      "signal": "SIGNAL"
    },
    {
      "ticker": "ZS",
      "hv20": 1.576604562270896,
      "garch": 0.6799165057952427,
      "expansion": -0.5687463286190734,
      "regime": "EXTREME",
      "signal": "WEAK"
    },
    {
      "ticker": "ZTS",
      "hv20": 0.43773062114649464,
      "garch": 0.3142005648750248,
      "expansion": -0.2822056541256414,
      "regime": "HIGH",
      "signal": "WEAK"
    }
  ],
  "correlation": {
    "tickers": [
      "AVAV",
      "BABA",
      "CEG",
      "CMI",
      "CRWV",
      "GENC",
      "GRPN",
      "JAKK",
      "KSPI",
      "OPEN",
      "PRGS",
      "PYPL",
      "VIA",
      "VST",
      "XNET",
      "ZS",
      "ZTS"
    ],
    "matrix": [
      [
        1.0,
        0.122,
        0.258,
        0.237,
        0.302,
        0.096,
        0.219,
        0.084,
        0.084,
        0.328,
        0.175,
        0.195,
        0.03,
        0.296,
        0.328,
        0.169,
        0.068
      ],
      [
        0.122,
        1.0,
        0.176,
        0.33,
        0.349,
        0.13,
        0.18,
        0.117,
        0.207,
        0.188,
        0.02,
        0.24,
        -0.039,
        0.222,
        0.476,
        0.034,
        0.076
      ],
      [
        0.258,
        0.176,
        1.0,
        0.311,
        0.215,
        0.149,
        0.069,
        0.089,
        0.046,
        0.184,
        -0.005,
        0.12,
        0.005,
        0.795,
        0.246,
        0.037,
        0.121
      ],
      [
        0.237,
        0.33,
        0.311,
        1.0,
        0.36,
        0.36,
        0.171,
        0.155,
        0.229,
        0.192,
        -0.168,
        0.057,
        -0.001,
        0.32,
        0.301,
        -0.062,
        0.205
      ],
      [
        0.302,
        0.349,
        0.215,
        0.36,
        1.0,
        0.118,
        0.158,
        0.062,
        0.127,
        0.236,
        -0.023,
        0.128,
        0.222,
        0.306,
        0.368,
        0.179,
        0.088
      ],
      [
        0.096,
        0.13,
        0.149,
        0.36,
        0.118,
        1.0,
        0.158,
        0.315,
        0.159,
        0.13,
        0.159,
        0.096,
        0.064,
        0.173,
        0.163,
        0.052,
        0.152
      ],
      [
        0.219,
        0.18,
        0.069,
        0.171,
        0.158,
        0.158,
        1.0,
        0.151,
        0.328,
        0.293,
        0.15,
        0.255,
        0.177,
        0.106,
        0.214,
        0.142,
        0.16
      ],
      [
        0.084,
        0.117,
        0.089,
        0.155,
        0.062,
        0.315,
        0.151,
        1.0,
        0.108,
        0.139,
        0.352,
        0.215,
        0.144,
        0.061,
        0.198,
        -0.051,
        0.134
      ],
      [
        0.084,
        0.207,
        0.046,
        0.229,
        0.127,
        0.159,
        0.328,
        0.108,
        1.0,
        0.241,
        0.103,
        0.251,
        0.148,
        0.078,
        0.189,
        0.151,
        0.204
      ],
      [
        0.328,
        0.188,
        0.184,
        0.192,
        0.236,
        0.13,
        0.293,
        0.139,
        0.241,
        1.0,
        0.157,
        0.234,
        0.162,
        0.257,
        0.34,
        0.058,
        0.163
      ],
      [
        0.175,
        0.02,
        -0.005,
        -0.168,
        -0.023,
        0.159,
        0.15,
        0.352,
        0.103,
        0.157,
        1.0,
        0.296,
        0.386,
        0.02,
        0.157,
        0.295,
        0.1
      ],
      [
        0.195,
        0.24,
        0.12,
        0.057,
        0.128,
        0.096,
        0.255,
        0.215,
        0.251,
        0.234,
        0.296,
        1.0,
        0.157,
        0.059,
        0.324,
        0.203,
        0.169
      ],
      [
        0.03,
        -0.039,
        0.005,
        -0.001,
        0.222,
        0.064,
        0.177,
        0.144,
        0.148,
        0.162,
        0.386,
        0.157,
        1.0,
        0.06,
        0.187,
        0.368,
        0.025
      ],
      [
        0.296,
        0.222,
        0.795,
        0.32,
        0.306,
        0.173,
        0.106,
        0.061,
        0.078,
        0.257,
        0.02,
        0.059,
        0.06,
        1.0,
        0.267,
        0.066,
        0.091
      ],
      [
        0.328,
        0.476,
        0.246,
        0.301,
        0.368,
        0.163,
        0.214,
        0.198,
        0.189,
        0.34,
        0.157,
        0.324,
        0.187,
        0.267,
        1.0,
        0.219,
        0.039
      ],
      [
        0.169,
        0.034,
        0.037,
        -0.062,
        0.179,
        0.052,
        0.142,
        -0.051,
        0.151,
        0.058,
        0.295,
        0.203,
        0.368,
        0.066,
        0.219,
        1.0,
        -0.033
      ],
      [
        0.068,
        0.076,
        0.121,
        0.205,
        0.088,
        0.152,
        0.16,
        0.134,
        0.204,
        0.163,
        0.1,
        0.169,
        0.025,
        0.091,
        0.039,
        -0.033,
        1.0
      ]
    ]
  },
  "residual_correlation": {
    "tickers": [
      "AVAV",
      "BABA",
      "CEG",
      "CMI",
      "CRWV",
      "GENC",
      "GRPN",
      "JAKK",
      "KSPI",
      "OPEN",
      "PRGS",
      "PYPL",
      "VIA",
      "VST",
      "XNET",
      "ZS",
      "ZTS"
    ],
    "matrix": [
      [
        1.0,
        -0.01,
        0.123,
        0.064,
        0.124,
        -0.03,
        0.086,
        -0.054,
        -0.123,
        0.152,
        0.123,
        0.009,
        -0.143,
        0.154,
        0.168,
        0.097,
        -0.051
      ],
      [
        -0.01,
        1.0,
        0.005,
        0.102,
        0.185,
        -0.081,
        0.024,
        -0.046,
        0.038,
        0.042,
        -0.065,
        0.127,
        -0.158,
        0.051,
        0.349,
        -0.045,
        -0.024
      ],
      [
        0.123,
        0.005,
        1.0,
        0.028,
        -0.044,
        0.028,
        -0.055,
        -0.02,
        -0.121,
        0.027,
        0.032,
        0.051,
        -0.087,
        0.729,
        0.085,
        0.024,
        0.079
      ],
      [
        0.064,
        0.102,
        0.028,
        1.0,
        0.092,
        0.068,
        -0.06,
        -0.148,
        -0.012,
        -0.067,
        -0.281,
        -0.104,
        -0.117,
        -0.009,
        0.014,
        -0.12,
        0.069
      ],
      [
        0.124,
        0.185,
        -0.044,
        0.092,
        1.0,
        0.008,
        -0.032,
        -0.04,
        -0.094,
        0.014,
        -0.044,
        -0.036,
        0.107,
        0.051,
        0.103,
        0.131,
        0.039
      ],
      [
        -0.03,
        -0.081,
        0.028,
        0.068,
        0.008,
        1.0,
        -0.024,
        0.06,
        -0.07,
        -0.077,
        0.049,
        0.005,
        -0.012,
        0.03,
        -0.045,
        0.013,
        -0.052
      ],
      [
        0.086,
        0.024,
        -0.055,
        -0.06,
        -0.032,
        -0.024,
        1.0,
        0.011,
        0.169,
        0.108,
        0.028,
        0.092,
        0.06,
        -0.034,
        -0.006,
        0.047,
        0.034
      ],
      [
        -0.054,
        -0.046,
        -0.02,
        -0.148,
        -0.04,
        0.06,
        0.011,
        1.0,
        -0.092,
        -0.027,
        0.309,
        0.108,
        0.084,
        -0.058,
        0.027,
        -0.116,
        -0.054
      ],
      [
        -0.123,
        0.038,
        -0.121,
        -0.012,
        -0.094,
        -0.07,
        0.169,
        -0.092,
        1.0,
        0.068,
        -0.036,
        0.075,
        0.019,
        -0.111,
        -0.024,
        0.055,
        0.073
      ],
      [
        0.152,
        0.042,
        0.027,
        -0.067,
        0.014,
        -0.077,
        0.108,
        -0.027,
        0.068,
        1.0,
        0.027,
        0.067,
        0.036,
        0.105,
        0.161,
        -0.042,
        0.021
      ],
      [
        0.123,
        -0.065,
        0.032,
        -0.281,
        -0.044,
        0.049,
        0.028,
        0.309,
        -0.036,
        0.027,
        1.0,
        0.131,
        0.326,
        0.071,
        0.069,
        0.203,
        -0.052
      ],
      [
        0.009,
        0.127,
        0.051,
        -0.104,
        -0.036,
        0.005,
        0.092,
        0.108,
        0.075,
        0.067,
        0.131,
        1.0,
        -0.005,
        -0.033,
        0.181,
        0.061,
        0.024
      ],
      [
        -0.143,
        -0.158,
        -0.087,
        -0.117,
        0.107,
        -0.012,
        0.06,
        0.084,
        0.019,
        0.036,
        0.326,
        -0.005,
        1.0,
        -0.032,
        0.052,
        0.3,
        -0.064
      ],
      [
        0.154,
        0.051,
        0.729,
        -0.009,
        0.051,
        0.03,
        -0.034,
        -0.058,
        -0.111,
        0.105,
        0.071,
        -0.033,
        -0.032,
        1.0,
        0.088,
        0.055,
        0.036
      ],
      [
        0.168,
        0.349,
        0.085,
        0.014,
        0.103,
        -0.045,
        -0.006,
        0.027,
        -0.024,
        0.161,
        0.069,
        0.181,
        0.052,
        0.088,
        1.0,
        0.141,
        -0.112
      ],
      [
        0.097,
        -0.045,
        0.024,
        -0.12,
        0.131,
        0.013,
        0.047,
        -0.116,
        0.055,
        -0.042,
        0.203,
        0.061,
        0.3,
        0.055,
        0.141,
        1.0,
        -0.109
      ],
      [
        -0.051,
        -0.024,
        0.079,
        0.069,
        0.039,
        -0.052,
        0.034,
        -0.054,
        0.073,
        0.021,
        -0.052,
        0.024,
        -0.064,
        0.036,
        -0.112,
        -0.109,
        1.0
      ]
    ]
  },
  "factor_correlation": {
    "factors": [
      "Market",
      "Size",
      "Value (SMID)",
      "Momentum",
      "Quality",
      "Profitability",
      "Liquidity",
      "Credit"
    ],
    "matrix": [
      [
        1.0,
        0.346,
        -0.453,
        0.344,
        -0.167,
        -0.516,
        0.297,
        0.199
      ],
      [
        0.346,
        1.0,
        -0.148,
        0.211,
        0.142,
        0.172,
        0.33,
        0.058
      ],
      [
        -0.453,
        -0.148,
        1.0,
        -0.514,
        0.246,
        0.556,
        -0.35,
        -0.143
      ],
      [
        0.344,
        0.211,
        -0.514,
        1.0,
        -0.174,
        -0.506,
        0.225,
        0.018
      ],
      [
        -0.167,
        0.142,
        0.246,
        -0.174,
        1.0,
        0.393,
        -0.203,
        -0.14
      ],
      [
        -0.516,
        0.172,
        0.556,
        -0.506,
        0.393,
        1.0,
        -0.255,
        -0.084
      ],
      [
        0.297,
        0.33,
        -0.35,
        0.225,
        -0.203,
        -0.255,
        1.0,
        0.174
      ],
      [
        0.199,
        0.058,
        -0.143,
        0.018,
        -0.14,
        -0.084,
        0.174,
        1.0
      ]
    ]
  },
  "factor_exposures": [
    {
      "ticker": "AVAV",
      "r_squared": 0.17056209096196517,
      "alpha_annual": -0.18274155915418944,
      "idio_vol_annual": 0.6629083340922616,
      "Market": 0.954936611724739,
      "Size": 0.8546346635815155,
      "Value (SMID)": -2.1716608998787037,
      "Momentum": -0.6955114925907835,
      "Quality": -1.3005959825048963,
      "Profitability": -0.06277193199112688,
      "Liquidity": 0.00789614911375745,
      "Credit": -1.6473800175845463
    },
    {
      "ticker": "BABA",
      "r_squared": 0.14485385373335147,
      "alpha_annual": -0.2943816593965961,
      "idio_vol_annual": 0.39737304683905605,
      "Market": 1.155132435012282,
      "Size": 0.19154959879523176,
      "Value (SMID)": 0.23501974367460324,
      "Momentum": -0.106748456421965,
      "Quality": -0.1293327613986307,
      "Profitability": -0.2707815877447765,
      "Liquidity": 0.18580806698416355,
      "Credit": 0.9423661894764097
    },
    {
      "ticker": "CEG",
      "r_squared": 0.2568750834722714,
      "alpha_annual": -0.43571674161798585,
      "idio_vol_annual": 0.4023559636746791,
      "Market": 0.7868819882715166,
      "Size": 0.30940547309011135,
      "Value (SMID)": -0.39047661305730896,
      "Momentum": 0.8682922092923425,
      "Quality": -0.8233834393771776,
      "Profitability": -0.5435825934594909,
      "Liquidity": -0.25518321059454396,
      "Credit": -0.8147445616966481
    },
    {
      "ticker": "CMI",
      "r_squared": 0.48728670044923095,
      "alpha_annual": 0.3502946821247403,
      "idio_vol_annual": 0.23282406255983573,
      "Market": 1.1487696349489613,
      "Size": 0.839737505324528,
      "Value (SMID)": 0.41302555167573035,
      "Momentum": 0.7996363194858703,
      "Quality": 0.3662776297352363,
      "Profitability": -0.1831500103317242,
      "Liquidity": -0.31268742392872584,
      "Credit": 0.8942529275319767
    },
    {
      "ticker": "CRWV",
      "r_squared": 0.2869402483076422,
      "alpha_annual": -1.1450030651490979,
      "idio_vol_annual": 0.8185411208360965,
      "Market": 1.2270410176053639,
      "Size": 0.5049317413236359,
      "Value (SMID)": -1.966582617260946,
      "Momentum": 1.3844322577887593,
      "Quality": -5.1000965616875416,
      "Profitability": 0.2789589203879711,
      "Liquidity": 0.6931774203922669,
      "Credit": 1.1955967383614565
    },
    {
      "ticker": "GENC",
      "r_squared": 0.3357700924261692,
      "alpha_annual": -0.47687838971872987,
      "idio_vol_annual": 0.32654205220176924,
      "Market": 1.4553023150781783,
      "Size": 1.1455219696172947,
      "Value (SMID)": 1.1659847850609462,
      "Momentum": 0.04192538671441716,
      "Quality": -0.5832839661331963,
      "Profitability": 0.188286152366061,
      "Liquidity": -0.1377572202812914,
      "Credit": 0.5270470285267908
    },
    {
      "ticker": "GRPN",
      "r_squared": 0.14516617507561458,
      "alpha_annual": -1.1040710069877389,
      "idio_vol_annual": 0.6282285171676739,
      "Market": 1.778170128397248,
      "Size": 0.26990362309325255,
      "Value (SMID)": -0.8422009460545973,
      "Momentum": -0.16437703412800364,
      "Quality": -1.8105038877829112,
      "Profitability": 1.3394750549930332,
      "Liquidity": 0.14793990819232644,
      "Credit": 1.7250618730342162
    },
    {
      "ticker": "JAKK",
      "r_squared": 0.2890926681096616,
      "alpha_annual": -0.32673465245036915,
      "idio_vol_annual": 0.36069667635283137,
      "Market": 1.428543116043332,
      "Size": 0.973580698122131,
      "Value (SMID)": 0.8274781621133463,
      "Momentum": -0.3449116649934247,
      "Quality": 1.5132007114526356,
      "Profitability": -0.23112047067677924,
      "Liquidity": 0.4412610792765423,
      "Credit": -0.3357819494784701
    },
    {
      "ticker": "KSPI",
      "r_squared": 0.224816145382553,
      "alpha_annual": -0.2560421436530558,
      "idio_vol_annual": 0.31615946986827514,
      "Market": 1.264752841995139,
      "Size": 0.4035311756974849,
      "Value (SMID)": -0.3251404500449411,
      "Momentum": -0.6317153491397401,
      "Quality": 0.16668446129939643,
      "Profitability": 0.11103165579192888,
      "Liquidity": -0.06365190783457741,
      "Credit": 0.4251467110322263
    },
    {
      "ticker": "OPEN",
      "r_squared": 0.11468355478579029,
      "alpha_annual": 1.3428337579361027,
      "idio_vol_annual": 1.3603263344717362,
      "Market": 2.87871002545337,
      "Size": 1.2570783641219805,
      "Value (SMID)": -1.7459994096669897,
      "Momentum": -1.727228837024086,
      "Quality": 1.7253061177625189,
      "Profitability": 0.9271061665146966,
      "Liquidity": 1.7287742701367426,
      "Credit": -2.926254011096803
    },
    {
      "ticker": "PRGS",
      "r_squared": 0.18917108546606598,
      "alpha_annual": -1.017233531697885,
      "idio_vol_annual": 0.4441448952690709,
      "Market": 1.9119906603862,
      "Size": -0.3969666487492926,
      "Value (SMID)": -0.5412557278747059,
      "Momentum": -1.0787989515022238,
      "Quality": -0.8597870906369417,
      "Profitability": 1.5318517825930886,
      "Liquidity": 0.17120082906395181,
      "Credit": -0.5106712442369942
    },
    {
      "ticker": "PYPL",
      "r_squared": 0.30981479425986236,
      "alpha_annual": -0.800457272949467,
      "idio_vol_annual": 0.3357970996596404,
      "Market": 1.886796858196022,
      "Size": -0.41613269283876203,
      "Value (SMID)": -0.9441772459370551,
      "Momentum": -1.0156489456248814,
      "Quality": 1.5367299754510402,
      "Profitability": 0.739017372429276,
      "Liquidity": 0.4514642724589396,
      "Credit": -0.15176449958385987
    },
    {
      "ticker": "VIA",
      "r_squared": 0.1308906562736888,
      "alpha_annual": -1.748901733281676,
      "idio_vol_annual": 0.6845105097074089,
      "Market": 1.3251581353065174,
      "Size": 0.3165102569002801,
      "Value (SMID)": -1.5936092008497027,
      "Momentum": -1.3971764359259489,
      "Quality": -1.8902253441794954,
      "Profitability": 0.6706898194541098,
      "Liquidity": 0.5404247725915892,
      "Credit": -1.1543383836528829
    },
    {
      "ticker": "VST",
      "r_squared": 0.280418792954394,
      "alpha_annual": -0.4178381551989866,
      "idio_vol_annual": 0.4100816128538375,
      "Market": 0.632455076716697,
      "Size": 0.6898312036760565,
      "Value (SMID)": -0.6375513595918721,
      "Momentum": 0.9022850636943215,
      "Quality": -1.7679939435426124,
      "Profitability": -0.42083284375858093,
      "Liquidity": -0.6188653079400301,
      "Credit": -0.667797841428091
    },
    {
      "ticker": "XNET",
      "r_squared": 0.16706361090771338,
      "alpha_annual": -0.8131248376376526,
      "idio_vol_annual": 0.7257048855455844,
      "Market": 2.048598917952639,
      "Size": 0.13999613690498378,
      "Value (SMID)": -0.7005275879362876,
      "Momentum": -0.6004004951704734,
      "Quality": 0.13295943480302852,
      "Profitability": 0.5417696976787741,
      "Liquidity": 1.3217179508551604,
      "Credit": 2.215967432030859
    },
    {
      "ticker": "ZS",
      "r_squared": 0.09340613610604753,
      "alpha_annual": -0.9724546211732019,
      "idio_vol_annual": 0.5950475176830938,
      "Market": 1.3221926238485902,
      "Size": -0.40205925176726187,
      "Value (SMID)": -1.230137925583337,
      "Momentum": -1.1688289714108138,
      "Quality": -0.9688473971322209,
      "Profitability": 0.7953372672905606,
      "Liquidity": 0.08874473377329362,
      "Credit": 0.0011764854115992097
    },
    {
      "ticker": "ZTS",
      "r_squared": 0.17845933192440988,
      "alpha_annual": -0.9900666863022414,
      "idio_vol_annual": 0.34103951115365466,
      "Market": 1.4531736419024357,
      "Size": -0.025955124636468683,
      "Value (SMID)": 0.08337418309120459,
      "Momentum": -0.07327330483058712,
      "Quality": 1.2828614156954774,
      "Profitability": 0.9856827892884967,
      "Liquidity": 0.18777839923749925,
      "Credit": -0.6590304365739014
    }
  ],
  "portfolio_factor_exposure": {
    "loadings": {
      "Market": 1.4868005702145508,
      "Size": 0.34103608801572016,
      "Value (SMID)": -0.6429600672534256,
      "Momentum": -0.39129377134493837,
      "Quality": -0.6588298197718971,
      "Profitability": 0.5129877810345458,
      "Liquidity": 0.2720074040850938,
      "Credit": 0.3866896593137093
    },
    "alpha_annual": -0.6875621435936011,
    "r_squared_weighted": 0.20815334515192316
  },
  "stress_tests": [
    {
      "scenario": "COVID Crash (Feb-Mar 2020)",
      "market_move": -0.339,
      "portfolio_impact": -0.534517139938161,
      "stressed_nav": 454639.3983337971,
      "pnl": -522065.51895015745,
      "description": "Rapid 33.9% selloff in SPY over 23 trading days as COVID-19 spread."
    },
    {
      "scenario": "2022 Rate Shock (Jan-Oct)",
      "market_move": -0.252,
      "portfolio_impact": -0.3973401748212878,
      "stressed_nav": 588620.8147015366,
      "pnl": -388084.102582418,
      "description": "Grinding 9-month decline as the Fed hiked rates aggressively."
    },
    {
      "scenario": "GFC 2008-09",
      "market_move": -0.565,
      "portfolio_impact": -0.8908618998969349,
      "stressed_nav": 106595.71903369218,
      "pnl": -870109.1982502624,
      "description": "Credit crisis bear market; SPY drew down 56.5% from Oct 2007 peak."
    },
    {
      "scenario": "Dot-Com Bust (2000-02)",
      "market_move": -0.491,
      "portfolio_impact": -0.7741826422113187,
      "stressed_nav": 220556.92376027512,
      "pnl": -756147.9935236794,
      "description": "Tech bubble burst; SPY -49.1% peak-to-trough over 30 months."
    },
    {
      "scenario": "Black Monday (Oct 1987)",
      "market_move": -0.204,
      "portfolio_impact": -0.32165633199818533,
      "stressed_nav": 662541.5961458067,
      "pnl": -314163.32113814785,
      "description": "Flash crash; -20.4% on a single trading day."
    },
    {
      "scenario": "Aug 2024 Yen Carry Unwind",
      "market_move": -0.084,
      "portfolio_impact": -0.13244672494042928,
      "stressed_nav": 847343.5497564819,
      "pnl": -129361.36752747267,
      "description": "Yen carry unwind shock; SPY -8.4% in one week."
    }
  ],
  "monte_carlo": {
    "horizon_days": 21,
    "n_paths": 10000,
    "current_nav": 976704.9172839546,
    "terminal_return": {
      "p5": -0.15515662890509785,
      "p25": -0.0817459854388794,
      "p50": -0.02820803767979635,
      "p75": 0.027466031843440153,
