{
  "generated_at": "2026-07-01T18:05:26.344756Z",
  "market_session": "OPEN",
  "fund_name": "Convex Capital",
  "tagline": "Lose small. Win big. \u2014 Paper-traded portfolio. Hypothetical performance for educational purposes only.",
  "summary": {
    "nav": 1195051.863194523,
    "cash": 4722.310000000056,
    "equity": 1190329.5531945229,
    "deposits": 1000000.0,
    "total_return": 0.19505186319452283,
    "realized_pnl": 0.0,
    "open_positions": 16
  },
  "metrics": {
    "period_return": 0.1953491941062253,
    "calendar_days_since_inception": 30,
    "trading_days_observed": 21,
    "annualized_return": 7.767046617329475,
    "annualized_return_arithmetic": 2.1944575376795616,
    "annualized_vol": 0.30611113508904075,
    "sharpe": 7.026239499105092,
    "sortino": 15.947447482660602,
    "calmar": 204.3866663428757,
    "max_drawdown": -0.038001728568240384,
    "var_95_1d": -0.014684647034823861,
    "risk_free_rate": 0.044609999656677245,
    "beta_benchmark": 0.8327177921975928,
    "benchmark_annualized_return": 0.26886462312664117,
    "benchmark_annualized_return_arithmetic": 0.23823504313903007,
    "benchmark_period_return": 0.04414082943361319,
    "period_active_return": 0.15120836467261212,
    "treynor": 2.581724034440655,
    "jensens_alpha": 1.9886125193000965,
    "information_ratio": 6.587964003889765,
    "tracking_error": 0.25096509408174705,
    "annualized_active_return": 4.196310616905514,
    "annualized_active_return_arithmetic": 1.6533490060433578,
    "up_capture": 1.7972172199158856,
    "down_capture": 0.5513640471593504,
    "data_basis": "realized_nav",
    "days_of_live_nav": 22,
    "benchmark_ticker": "IWM",
    "benchmark_name": "Russell 2000",
    "beta_spy": 0.8327177921975928,
    "beta_spy_stress": 1.535670228003875
  },
  "nav_curve": [
    {
      "date": "2026-06-01",
      "value": 999882.8292976379
    },
    {
      "date": "2026-06-02",
      "value": 1005079.4966617966
    },
    {
      "date": "2026-06-03",
      "value": 995768.7768651581
    },
    {
      "date": "2026-06-04",
      "value": 1004929.1794892884
    },
    {
      "date": "2026-06-05",
      "value": 974274.0015833282
    },
    {
      "date": "2026-06-08",
      "value": 974266.9881036186
    },
    {
      "date": "2026-06-09",
      "value": 979640.5088702394
    },
    {
      "date": "2026-06-10",
      "value": 966884.7384401513
    },
    {
      "date": "2026-06-11",
      "value": 990753.0886875344
    },
    {
      "date": "2026-06-12",
      "value": 996222.4282127572
    },
    {
      "date": "2026-06-15",
      "value": 1017018.2685251809
    },
    {
      "date": "2026-06-16",
      "value": 1019223.7061524964
    },
    {
      "date": "2026-06-17",
      "value": 1004256.765778122
    },
    {
      "date": "2026-06-18",
      "value": 1005956.2144795037
    },
    {
      "date": "2026-06-22",
      "value": 1013145.2704611397
    },
    {
      "date": "2026-06-23",
      "value": 1003670.4086042023
    },
    {
      "date": "2026-06-24",
      "value": 1028642.2278996087
    },
    {
      "date": "2026-06-25",
      "value": 1087855.2699132538
    },
    {
      "date": "2026-06-26",
      "value": 1108818.5221582032
    },
    {
      "date": "2026-06-29",
      "value": 1139434.688639698
    },
    {
      "date": "2026-06-30",
      "value": 1162782.1880345917
    },
    {
      "date": "2026-07-01",
      "value": 1195209.134201584
    }
  ],
  "drawdown_curve": [
    {
      "date": "2026-06-01",
      "value": 0.0
    },
    {
      "date": "2026-06-02",
      "value": 0.0
    },
    {
      "date": "2026-06-03",
      "value": -0.009263665040986776
    },
    {
      "date": "2026-06-04",
      "value": -0.00014955749570802555
    },
    {
      "date": "2026-06-05",
      "value": -0.030649809473562682
    },
    {
      "date": "2026-06-08",
      "value": -0.03065678750836781
    },
    {
      "date": "2026-06-09",
      "value": -0.025310423579476604
    },
    {
      "date": "2026-06-10",
      "value": -0.038001728568240384
    },
    {
      "date": "2026-06-11",
      "value": -0.01425400480444075
    },
    {
      "date": "2026-06-12",
      "value": -0.008812306368259061
    },
    {
      "date": "2026-06-15",
      "value": 0.0
    },
    {
      "date": "2026-06-16",
      "value": 0.0
    },
    {
      "date": "2026-06-17",
      "value": -0.014684647034823809
    },
    {
      "date": "2026-06-18",
      "value": -0.01301725184854327
    },
    {
      "date": "2026-06-22",
      "value": -0.005963789553426265
    },
    {
      "date": "2026-06-23",
      "value": -0.015259944852545435
    },
    {
      "date": "2026-06-24",
      "value": 0.0
    },
    {
      "date": "2026-06-25",
      "value": 0.0
    },
    {
      "date": "2026-06-26",
      "value": 0.0
    },
    {
      "date": "2026-06-29",
      "value": 0.0
    },
    {
      "date": "2026-06-30",
      "value": 0.0
    },
    {
      "date": "2026-07-01",
      "value": 0.0
    }
  ],
  "benchmarks": {
    "SPY": [
      {
        "date": "2026-06-01",
        "value": 0.0
      },
      {
        "date": "2026-06-02",
        "value": 0.0013579397972762752
      },
      {
        "date": "2026-06-03",
        "value": -0.005668771434361286
      },
      {
        "date": "2026-06-04",
        "value": -0.0019115061781299625
      },
      {
        "date": "2026-06-05",
        "value": -0.027671542654459702
      },
      {
        "date": "2026-06-08",
        "value": -0.025470023194608782
      },
      {
        "date": "2026-06-09",
        "value": -0.02833070775180091
      },
      {
        "date": "2026-06-10",
        "value": -0.04364962071587053
      },
      {
        "date": "2026-06-11",
        "value": -0.027394678792744487
      },
      {
        "date": "2026-06-12",
        "value": -0.022134588105308994
      },
      {
        "date": "2026-06-15",
        "value": -0.0048909388718152425
      },
      {
        "date": "2026-06-16",
        "value": -0.010823344076597685
      },
      {
        "date": "2026-06-17",
        "value": -0.023176054438276084
      },
      {
        "date": "2026-06-18",
        "value": -0.013020023259145863
      },
      {
        "date": "2026-06-22",
        "value": -0.016126029204297176
      },
      {
        "date": "2026-06-23",
        "value": -0.030413801760312054
      },
      {
        "date": "2026-06-24",
        "value": -0.03086322150786902
      },
      {
        "date": "2026-06-25",
        "value": -0.029462203242598517
      },
      {
        "date": "2026-06-26",
        "value": -0.03648052466024476
      },
      {
        "date": "2026-06-29",
        "value": -0.02060667390341908
      },
      {
        "date": "2026-06-30",
        "value": -0.012980332985263576
      },
      {
        "date": "2026-07-01",
        "value": -0.011830444440715682
      }
    ],
    "IWM": [
      {
        "date": "2026-06-01",
        "value": 0.0
      },
      {
        "date": "2026-06-02",
        "value": 0.009273902616242058
      },
      {
        "date": "2026-06-03",
        "value": -0.004533265755123028
      },
      {
        "date": "2026-06-04",
        "value": 0.010485102307313143
      },
      {
        "date": "2026-06-05",
        "value": -0.025365222965751943
      },
      {
        "date": "2026-06-08",
        "value": -0.016852527916236926
      },
      {
        "date": "2026-06-09",
        "value": -0.013703535746163342
      },
      {
        "date": "2026-06-10",
        "value": -0.023981055236295123
      },
      {
        "date": "2026-06-11",
        "value": 0.00494832553389335
      },
      {
        "date": "2026-06-12",
        "value": 0.01373793881377372
      },
      {
        "date": "2026-06-15",
        "value": 0.022010765090349826
      },
      {
        "date": "2026-06-16",
        "value": 0.013130856989941098
      },
      {
        "date": "2026-06-17",
        "value": 0.005499833171586088
      },
      {
        "date": "2026-06-18",
        "value": 0.025305943833869415
      },
      {
        "date": "2026-06-22",
        "value": 0.03428980212625787
      },
      {
        "date": "2026-06-23",
        "value": 0.02436943940571834
      },
      {
        "date": "2026-06-24",
        "value": 0.0291215086708434
      },
      {
        "date": "2026-06-25",
        "value": 0.036821973757975135
      },
      {
        "date": "2026-06-26",
        "value": 0.04001309645392226
      },
      {
        "date": "2026-06-29",
        "value": 0.03703008585311984
      },
      {
        "date": "2026-06-30",
        "value": 0.04216376452973858
      },
      {
        "date": "2026-07-01",
        "value": 0.04414082943361319
      }
    ]
  },
  "holdings": [
    {
      "ticker": "GRPN",
      "company": "Groupon, Inc.",
      "sector": "Communication Services",
      "country": "United States",
      "shares": 11310.0,
      "price": 25.53499984741211,
      "cost_basis": 17.3017824933687,
      "market_value": 288800.84827423096,
      "unrealized_pnl": 93117.68827423094,
      "short_percent_of_float": 0.5577,
      "short_ratio": 7.12
    },
    {
      "ticker": "TENB",
      "company": "Tenable Holdings, Inc.",
      "sector": "Technology",
      "country": "United States",
      "shares": 4766.0,
      "price": 39.08000183105469,
      "cost_basis": 26.224616030214015,
      "market_value": 186255.28872680664,
      "unrealized_pnl": 61268.768726806644,
      "short_percent_of_float": 0.1225,
      "short_ratio": 3.03
    },
    {
      "ticker": "KSPI",
      "company": "Joint Stock Company Kaspi.kz",
      "sector": "Technology",
      "country": "Kazakhstan",
      "shares": 1515.0,
      "price": 88.32499694824219,
      "cost_basis": 82.53049504950495,
      "market_value": 133812.3703765869,
      "unrealized_pnl": 8778.670376586915,
      "short_percent_of_float": 0.019199999,
      "short_ratio": 3.76
    },
    {
      "ticker": "CMI",
      "company": "Cummins Inc.",
      "sector": "Industrials",
      "country": "United States",
      "shares": 153.0,
      "price": 686.6699829101562,
      "cost_basis": 651.1282352941176,
      "market_value": 105060.5073852539,
      "unrealized_pnl": 5437.887385253906,
      "short_percent_of_float": 0.0214,
      "short_ratio": 2.63
    },
    {
      "ticker": "JAKK",
      "company": "JAKKS Pacific, Inc.",
      "sector": "Consumer Cyclical",
      "country": "United States",
      "shares": 3436.0,
      "price": 23.434999465942383,
      "cost_basis": 21.83,
      "market_value": 80522.65816497803,
      "unrealized_pnl": 5514.778164978034,
      "short_percent_of_float": 0.0436,
      "short_ratio": 10.5
    },
    {
      "ticker": "VIA",
      "company": "Via Transportation, Inc.",
      "sector": "Technology",
      "country": "United States",
      "shares": 3280.0,
      "price": 19.454999923706055,
      "cost_basis": 15.241405487804878,
      "market_value": 63812.39974975586,
      "unrealized_pnl": 13820.58974975586,
      "short_percent_of_float": 0.16370001,
      "short_ratio": 7.41
    },
    {
      "ticker": "XNET",
      "company": "Xunlei Limited",
      "sector": "Technology",
      "country": "China",
      "shares": 10526.0,
      "price": 5.909999847412109,
      "cost_basis": 4.75,
      "market_value": 62208.65839385986,
      "unrealized_pnl": 12210.158393859863,
      "short_percent_of_float": 0.0537,
      "short_ratio": 5.2
    },
    {
      "ticker": "ZS",
      "company": "Zscaler, Inc.",
      "sector": "Technology",
      "country": "United States",
      "shares": 365.0,
      "price": 149.4600067138672,
      "cost_basis": 136.79813698630136,
      "market_value": 54552.90245056152,
      "unrealized_pnl": 4621.582450561527,
      "short_percent_of_float": 0.1129,
      "short_ratio": 1.62
    },
    {
      "ticker": "CRWV",
      "company": "CoreWeave, Inc.",
      "sector": "Technology",
      "country": "United States",
      "shares": 468.0,
      "price": 87.69000244140625,
      "cost_basis": 106.78134615384614,
      "market_value": 41038.921142578125,
      "unrealized_pnl": -8934.74885742187,
      "short_percent_of_float": 0.2299,
      "short_ratio": 2.46
    },
    {
      "ticker": "OPEN",
      "company": "Opendoor Technologies Inc.",
      "sector": "Real Estate",
      "country": "United States",
      "shares": 5479.0,
      "price": 5.050099849700928,
      "cost_basis": 4.562927541522176,
      "market_value": 27669.497076511383,
      "unrealized_pnl": 2669.2170765113824,
      "short_percent_of_float": 0.17889999,
      "short_ratio": 4.06
    },
    {
      "ticker": "GENC",
      "company": "Gencor Industries, Inc.",
      "sector": "Industrials",
      "country": "United States",
      "shares": 1746.0,
      "price": 15.180000305175781,
      "cost_basis": 14.32,
      "market_value": 26504.280532836914,
      "unrealized_pnl": 1501.5605328369136,
      "short_percent_of_float": 0.006,
      "short_ratio": 1.66
    },
    {
      "ticker": "ESI",
      "company": "Element Solutions Inc",
      "sector": "Basic Materials",
      "country": "United States",
      "shares": 557.0,
      "price": 46.40999984741211,
      "cost_basis": 44.92,
      "market_value": 25850.369915008545,
      "unrealized_pnl": 829.929915008544,
      "short_percent_of_float": 0.087,
      "short_ratio": 5.6
    },
    {
      "ticker": "VST",
      "company": "Vistra Corp.",
      "sector": "Utilities",
      "country": "United States",
      "shares": 162.0,
      "price": 153.4600067138672,
      "cost_basis": 154.76,
      "market_value": 24860.521087646484,
      "unrealized_pnl": -210.59891235351415,
      "short_percent_of_float": 0.052699998,
      "short_ratio": 3.04
    },
    {
      "ticker": "PYPL",
      "company": "PayPal Holdings, Inc.",
      "sector": "Financial Services",
      "country": "United States",
      "shares": 553.0,
      "price": 44.349998474121094,
      "cost_basis": 45.19,
      "market_value": 24525.549156188965,
      "unrealized_pnl": -464.5208438110339,
      "short_percent_of_float": 0.0687,
      "short_ratio": 3.63
    },
    {
      "ticker": "ZTS",
      "company": "Zoetis Inc.",
      "sector": "Healthcare",
      "country": "United States",
      "shares": 312.0,
      "price": 73.19000244140625,
      "cost_basis": 80.09,
      "market_value": 22835.28076171875,
      "unrealized_pnl": -2152.799238281251,
      "short_percent_of_float": 0.0434,
      "short_ratio": 2.25
    },
    {
      "ticker": "CEG",
      "company": "Constellation Energy Corporation",
      "sector": "Utilities",
      "country": "United States",
      "shares": 94.0,
      "price": 234.25,
      "cost_basis": 265.7,
      "market_value": 22019.5,
      "unrealized_pnl": -2956.299999999999,
      "short_percent_of_float": 0.0356,
      "short_ratio": 2.75
    }
  ],
  "sector_exposure": [
    {
      "name": "Technology",
      "value": 541680.5408401489,
      "pct": 0.4532694835453996
    },
    {
      "name": "Communication Services",
      "value": 288800.84827423096,
      "pct": 0.24166386176933796
    },
    {
      "name": "Industrials",
      "value": 131564.78791809082,
      "pct": 0.11009127885579936
    },
    {
      "name": "Consumer Cyclical",
      "value": 80522.65816497803,
      "pct": 0.06738005323863594
    },
    {
      "name": "Utilities",
      "value": 46880.021087646484,
      "pct": 0.03922844064886886
    },
    {
      "name": "Real Estate",
      "value": 27669.497076511383,
      "pct": 0.023153385998284093
    },
    {
      "name": "Basic Materials",
      "value": 25850.369915008545,
      "pct": 0.021631169919192693
    },
    {
      "name": "Financial Services",
      "value": 24525.549156188965,
      "pct": 0.02052258141385522
    },
    {
      "name": "Healthcare",
      "value": 22835.28076171875,
      "pct": 0.019108192259269144
    },
    {
      "name": "Cash",
      "value": 4722.310000000056,
      "pct": 0.003951552351357146
    }
  ],
  "geographic_exposure": [
    {
      "name": "United States",
      "value": 994308.5244240761,
      "pct": 0.832021232757351
    },
    {
      "name": "Kazakhstan",
      "value": 133812.3703765869,
      "pct": 0.11197201937235572
    },
    {
      "name": "China",
      "value": 62208.65839385986,
      "pct": 0.052055195518936184
    },
    {
      "name": "Cash",
      "value": 4722.310000000056,
      "pct": 0.003951552351357146
    }
  ],
  "signals": [
    {
      "ticker": "CEG",
      "label": "SELL",
      "composite": -1.5,
      "rsi": 31.1,
      "subs": {
        "rsi": 0.0,
        "macd": -0.5,
        "trend": -0.5,
        "bb": 0.0,
        "vol": 0.0,
        "range": -0.5
      }
    },
    {
      "ticker": "CMI",
      "label": "BUY",
      "composite": 1.5,
      "rsi": 50.7,
      "subs": {
        "rsi": 0.5,
        "macd": -0.5,
        "trend": 0.5,
        "bb": 0.5,
        "vol": 0.5,
        "range": 0.0
      }
    },
    {
      "ticker": "CRWV",
      "label": "SELL",
      "composite": -1.5,
      "rsi": 36.9,
      "subs": {
        "rsi": 0.0,
        "macd": -0.5,
        "trend": 0.0,
        "bb": -0.5,
        "vol": 0.0,
        "range": -0.5
      }
    },
    {
      "ticker": "ESI",
      "label": "STRONG BUY",
      "composite": 3.0,
      "rsi": 56.1,
      "subs": {
        "rsi": 0.5,
        "macd": 0.5,
        "trend": 0.5,
        "bb": 0.5,
        "vol": 0.5,
        "range": 0.5
      }
    },
    {
      "ticker": "GENC",
      "label": "STRONG BUY",
      "composite": 2.5,
      "rsi": 56.5,
      "subs": {
        "rsi": 0.5,
        "macd": 0.5,
        "trend": 0.5,
        "bb": 0.5,
        "vol": 0.0,
        "range": 0.5
      }
    },
    {
      "ticker": "GRPN",
      "label": "BUY",
      "composite": 1.5,
      "rsi": 75.8,
      "subs": {
        "rsi": -0.5,
        "macd": 0.5,
        "trend": 0.5,
        "bb": 0.0,
        "vol": 0.5,
        "range": 0.5
      }
    },
    {
      "ticker": "JAKK",
      "label": "STRONG BUY",
      "composite": 3.0,
      "rsi": 61.6,
      "subs": {
        "rsi": 0.5,
        "macd": 0.5,
        "trend": 0.5,
        "bb": 0.5,
        "vol": 0.5,
        "range": 0.5
      }
    },
    {
      "ticker": "KSPI",
      "label": "STRONG BUY",
      "composite": 2.5,
      "rsi": 57.1,
      "subs": {
        "rsi": 0.5,
        "macd": 0.5,
        "trend": 0.5,
        "bb": 0.5,
        "vol": 0.0,
        "range": 0.5
      }
    },
    {
      "ticker": "OPEN",
      "label": "STRONG BUY",
      "composite": 2.0,
      "rsi": 61.3,
      "subs": {
        "rsi": 0.5,
        "macd": 0.5,
        "trend": 0.0,
        "bb": 0.0,
        "vol": 0.5,
        "range": 0.5
      }
    },
    {
      "ticker": "PYPL",
      "label": "BUY",
      "composite": 1.5,
      "rsi": 55.2,
      "subs": {
        "rsi": 0.5,
        "macd": 0.5,
        "trend": -0.5,
        "bb": 0.5,
        "vol": 0.0,
        "range": 0.5
      }
    },
    {
      "ticker": "TENB",
      "label": "BUY",
      "composite": 1.0,
      "rsi": 83.3,
      "subs": {
        "rsi": -0.5,
        "macd": 0.5,
        "trend": 0.5,
        "bb": 0.0,
        "vol": 0.0,
        "range": 0.5
      }
    },
    {
      "ticker": "VIA",
      "label": "BUY",
      "composite": 1.5,
      "rsi": 71.0,
      "subs": {
        "rsi": 0.0,
        "macd": 0.5,
        "trend": 0.0,
        "bb": 0.0,
        "vol": 0.5,
        "range": 0.5
      }
    },
    {
      "ticker": "VST",
      "label": "SELL",
      "composite": -1.0,
      "rsi": 46.6,
      "subs": {
        "rsi": 0.5,
        "macd": -0.5,
        "trend": -0.5,
        "bb": -0.5,
        "vol": 0.0,
        "range": 0.0
      }
    },
    {
      "ticker": "XNET",
      "label": "BUY",
      "composite": 1.5,
      "rsi": 61.2,
      "subs": {
        "rsi": 0.5,
        "macd": 0.5,
        "trend": 0.0,
        "bb": 0.0,
        "vol": 0.0,
        "range": 0.5
      }
    },
    {
      "ticker": "ZS",
      "label": "BUY",
      "composite": 1.0,
      "rsi": 60.7,
      "subs": {
        "rsi": 0.5,
        "macd": 0.5,
        "trend": 0.0,
        "bb": 0.0,
        "vol": -0.5,
        "range": 0.5
      }
    },
    {
      "ticker": "ZTS",
      "label": "SELL",
      "composite": -1.0,
      "rsi": 33.8,
      "subs": {
        "rsi": 0.0,
        "macd": 0.5,
        "trend": -0.5,
        "bb": -0.5,
        "vol": 0.0,
        "range": -0.5
      }
    }
  ],
  "volatility": [
    {
      "ticker": "CEG",
      "hv20": 0.40121628354795685,
      "garch": 0.5384363456861364,
      "expansion": 0.3420102018909654,
      "regime": "NORMAL",
      "signal": "SIGNAL"
    },
    {
      "ticker": "CMI",
      "hv20": 0.5138400455572399,
      "garch": 0.41184672667504474,
      "expansion": -0.19849235139232355,
      "regime": "EXTREME",
      "signal": "WEAK"
    },
    {
      "ticker": "CRWV",
      "hv20": 0.8275639807227232,
      "garch": 1.0285204148023313,
      "expansion": 0.2428288794107617,
      "regime": "LOW",
      "signal": "SIGNAL"
    },
    {
      "ticker": "ESI",
      "hv20": 0.6128064442720648,
      "garch": 0.5323415360259305,
      "expansion": -0.13130558432967565,
      "regime": "EXTREME",
      "signal": "WEAK"
    },
    {
      "ticker": "GENC",
      "hv20": 0.2673524469378038,
      "garch": 0.3519587502987573,
      "expansion": 0.31645980551147185,
      "regime": "LOW",
      "signal": "SIGNAL"
    },
    {
      "ticker": "GRPN",
      "hv20": 1.1080722897057118,
      "garch": 0.8221686186123536,
      "expansion": -0.2580189701966919,
      "regime": "EXTREME",
      "signal": "WEAK"
    },
    {
      "ticker": "JAKK",
      "hv20": 0.23231719960090297,
      "garch": 0.46026828877118753,
      "expansion": 0.9812062540435278,
      "regime": "LOW",
      "signal": "SIGNAL"
    },
    {
      "ticker": "KSPI",
      "hv20": 0.3806667558158995,
      "garch": 0.37838389014456597,
      "expansion": -0.005997018747908645,
      "regime": "HIGH",
      "signal": "WEAK"
    },
    {
      "ticker": "OPEN",
      "hv20": 0.7787710363779515,
      "garch": 0.782023242884959,
      "expansion": 0.004176075322643434,
      "regime": "NORMAL",
      "signal": "WEAK"
    },
    {
      "ticker": "PYPL",
      "hv20": 0.37281768432306533,
      "garch": 0.4175365569845712,
      "expansion": 0.11994836763900586,
      "regime": "NORMAL",
      "signal": "BASE"
    },
    {
      "ticker": "TENB",
      "hv20": 0.7256662312165473,
      "garch": 0.8928527318242055,
      "expansion": 0.23039035498093596,
      "regime": "EXTREME",
      "signal": "SIGNAL"
    },
    {
      "ticker": "VIA",
      "hv20": 0.6675507319931419,
      "garch": null,
      "expansion": null,
      "regime": "NORMAL",
      "signal": "WEAK"
    },
    {
      "ticker": "VST",
      "hv20": 0.4599076838164515,
      "garch": 0.5441628272437378,
      "expansion": 0.18320012122457255,
      "regime": "NORMAL",
      "signal": "BASE"
    },
    {
      "ticker": "XNET",
      "hv20": 0.7016716680104799,
      "garch": 0.7461795536257129,
      "expansion": 0.0634312138345712,
      "regime": "HIGH",
      "signal": "WEAK"
    },
    {
      "ticker": "ZS",
      "hv20": 0.5157272732265825,
      "garch": 0.8395962378450857,
      "expansion": 0.6279849475329431,
      "regime": "NORMAL",
      "signal": "SIGNAL"
    },
    {
      "ticker": "ZTS",
      "hv20": 0.3417860293620767,
      "garch": 0.32625303138040124,
      "expansion": -0.045446556170440536,
      "regime": "HIGH",
      "signal": "WEAK"
    }
  ],
  "correlation": {
    "tickers": [
      "CEG",
      "CMI",
      "CRWV",
      "ESI",
      "GENC",
      "GRPN",
      "JAKK",
      "KSPI",
      "OPEN",
      "PYPL",
      "TENB",
      "VIA",
      "VST",
      "XNET",
      "ZS",
      "ZTS"
    ],
    "matrix": [
      [
        1.0,
        0.328,
        0.243,
        0.3,
        0.141,
        0.067,
        0.087,
        0.052,
        0.166,
        0.128,
        -0.0,
        -0.017,
        0.797,
        0.221,
        0.018,
        0.118
      ],
      [
        0.328,
        1.0,
        0.38,
        0.634,
        0.304,
        0.21,
        0.11,
        0.215,
        0.161,
        0.041,
        -0.093,
        -0.048,
        0.364,
        0.269,
        -0.085,
        0.167
      ],
      [
        0.243,
        0.38,
        1.0,
        0.349,
        0.104,
        0.116,
        0.042,
        0.109,
        0.22,
        0.123,
        0.082,
        0.174,
        0.319,
        0.34,
        0.157,
        0.069
      ],
      [
        0.3,
        0.634,
        0.349,
        1.0,
        0.249,
        0.305,
        0.222,
        0.284,
        0.248,
        0.255,
        0.068,
        0.016,
        0.373,
        0.321,
        0.02,
        0.16
      ],
      [
        0.141,
        0.304,
        0.104,
        0.249,
        1.0,
        0.137,
        0.323,
        0.15,
        0.133,
        0.113,
        0.16,
        0.086,
        0.161,
        0.169,
        0.064,
        0.159
      ],
      [
        0.067,
        0.21,
        0.116,
        0.305,
        0.137,
        1.0,
        0.157,
        0.338,
        0.298,
        0.256,
        0.231,
        0.175,
        0.137,
        0.246,
        0.139,
        0.15
      ],
      [
        0.087,
        0.11,
        0.042,
        0.222,
        0.323,
        0.157,
        1.0,
        0.111,
        0.14,
        0.225,
        -0.027,
        0.158,
        0.059,
        0.2,
        -0.04,
        0.147
      ],
      [
        0.052,
        0.215,
        0.109,
        0.284,
        0.15,
        0.338,
        0.111,
        1.0,
        0.246,
        0.271,
        0.24,
        0.147,
        0.106,
        0.216,
        0.157,
        0.186
      ],
      [
        0.166,
        0.161,
        0.22,
        0.248,
        0.133,
        0.298,
        0.14,
        0.246,
        1.0,
        0.256,
        0.147,
        0.172,
        0.24,
        0.357,
        0.082,
        0.167
      ],
      [
        0.128,
        0.041,
        0.123,
        0.255,
        0.113,
        0.256,
        0.225,
        0.271,
        0.256,
        1.0,
        0.343,
        0.175,
        0.077,
        0.351,
        0.219,
        0.173
      ],
      [
        -0.0,
        -0.093,
        0.082,
        0.068,
        0.16,
        0.231,
        -0.027,
        0.24,
        0.147,
        0.343,
        1.0,
        0.372,
        0.025,
        0.185,
        0.569,
        0.061
      ],
      [
        -0.017,
        -0.048,
        0.174,
        0.016,
        0.086,
        0.175,
        0.158,
        0.147,
        0.172,
        0.175,
        0.372,
        1.0,
        0.037,
        0.192,
        0.389,
        0.009
      ],
      [
        0.797,
        0.364,
        0.319,
        0.373,
        0.161,
        0.137,
        0.059,
        0.106,
        0.24,
        0.077,
        0.025,
        0.037,
        1.0,
        0.258,
        0.05,
        0.087
      ],
      [
        0.221,
        0.269,
        0.34,
        0.321,
        0.169,
        0.246,
        0.2,
        0.216,
        0.357,
        0.351,
        0.185,
        0.192,
        0.258,
        1.0,
        0.235,
        0.039
      ],
      [
        0.018,
        -0.085,
        0.157,
        0.02,
        0.064,
        0.139,
        -0.04,
        0.157,
        0.082,
        0.219,
        0.569,
        0.389,
        0.05,
        0.235,
        1.0,
        -0.04
      ],
      [
        0.118,
        0.167,
        0.069,
        0.16,
        0.159,
        0.15,
        0.147,
        0.186,
        0.167,
        0.173,
        0.061,
        0.009,
        0.087,
        0.039,
        -0.04,
        1.0
      ]
    ]
  },
  "residual_correlation": {
    "tickers": [
      "CEG",
      "CMI",
      "CRWV",
      "ESI",
      "GENC",
      "GRPN",
      "JAKK",
      "KSPI",
      "OPEN",
      "PYPL",
      "TENB",
      "VIA",
      "VST",
      "XNET",
      "ZS",
      "ZTS"
    ],
    "matrix": [
      [
        1.0,
        0.039,
        0.024,
        -0.047,
        0.031,
        -0.089,
        -0.012,
        -0.122,
        0.024,
        0.056,
        -0.057,
        -0.094,
        0.729,
        0.091,
        0.003,
        0.068
      ],
      [
        0.039,
        1.0,
        0.112,
        0.251,
        0.066,
        -0.035,
        -0.14,
        -0.015,
        -0.066,
        -0.103,
        -0.254,
        -0.159,
        0.022,
        -0.009,
        -0.148,
        0.08
      ],
      [
        0.024,
        0.112,
        1.0,
        0.026,
        0.014,
        -0.084,
        -0.038,
        -0.102,
        0.032,
        -0.027,
        -0.028,
        0.077,
        0.081,
        0.128,
        0.105,
        0.03
      ],
      [
        -0.047,
        0.251,
        0.026,
        1.0,
        -0.071,
        0.054,
        -0.001,
        0.009,
        -0.006,
        0.125,
        -0.084,
        -0.126,
        -0.005,
        0.021,
        -0.051,
        -0.017
      ],
      [
        0.031,
        0.066,
        0.014,
        -0.071,
        1.0,
        -0.047,
        0.058,
        -0.082,
        -0.075,
        -0.002,
        0.098,
        0.0,
        0.029,
        -0.055,
        0.011,
        -0.041
      ],
      [
        -0.089,
        -0.035,
        -0.084,
        0.054,
        -0.047,
        1.0,
        0.035,
        0.198,
        0.13,
        0.12,
        0.122,
        0.085,
        -0.033,
        0.054,
        0.059,
        0.03
      ],
      [
        -0.012,
        -0.14,
        -0.038,
        -0.001,
        0.058,
        0.035,
        1.0,
        -0.084,
        -0.031,
        0.118,
        -0.151,
        0.081,
        -0.055,
        0.021,
        -0.118,
        -0.026
      ],
      [
        -0.122,
        -0.015,
        -0.102,
        0.009,
        -0.082,
        0.198,
        -0.084,
        1.0,
        0.058,
        0.102,
        0.135,
        0.028,
        -0.09,
        -0.004,
        0.064,
        0.043
      ],
      [
        0.024,
        -0.066,
        0.032,
        -0.006,
        -0.075,
        0.13,
        -0.031,
        0.058,
        1.0,
        0.064,
        -0.001,
        0.04,
        0.107,
        0.159,
        -0.04,
        0.027
      ],
      [
        0.056,
        -0.103,
        -0.027,
        0.125,
        -0.002,
        0.12,
        0.118,
        0.102,
        0.064,
        1.0,
        0.194,
        0.027,
        -0.018,
        0.197,
        0.072,
        0.021
      ],
      [
        -0.057,
        -0.254,
        -0.028,
        -0.084,
        0.098,
        0.122,
        -0.151,
        0.135,
        -0.001,
        0.194,
        1.0,
        0.298,
        -0.028,
        0.027,
        0.518,
        -0.051
      ],
      [
        -0.094,
        -0.159,
        0.077,
        -0.126,
        0.0,
        0.085,
        0.081,
        0.028,
        0.04,
        0.027,
        0.298,
        1.0,
        -0.037,
        0.057,
        0.325,
        -0.086
      ],
      [
        0.729,
        0.022,
        0.081,
        -0.005,
        0.029,
        -0.033,
        -0.055,
        -0.09,
        0.107,
        -0.018,
        -0.028,
        -0.037,
        1.0,
        0.111,
        0.042,
        0.019
      ],
      [
        0.091,
        -0.009,
        0.128,
        0.021,
        -0.055,
        0.054,
        0.021,
        -0.004,
        0.159,
        0.197,
        0.027,
        0.057,
        0.111,
        1.0,
        0.144,
        -0.115
      ],
      [
        0.003,
        -0.148,
        0.105,
        -0.051,
        0.011,
        0.059,
        -0.118,
        0.064,
        -0.04,
        0.072,
        0.518,
        0.325,
        0.042,
        0.144,
        1.0,
        -0.131
      ],
      [
        0.068,
        0.08,
        0.03,
        -0.017,
        -0.041,
        0.03,
        -0.026,
        0.043,
        0.027,
        0.021,
        -0.051,
        -0.086,
        0.019,
        -0.115,
        -0.131,
        1.0
      ]
    ]
  },
  "factor_correlation": {
    "factors": [
      "Market",
      "Size",
      "Value (SMID)",
      "Momentum",
      "Quality",
      "Profitability",
      "Liquidity",
      "Credit"
    ],
    "matrix": [
      [
        1.0,
        0.286,
        -0.506,
        0.395,
        -0.257,
        -0.548,
        0.313,
        0.197
      ],
      [
        0.286,
        1.0,
        -0.125,
        0.185,
        0.168,
        0.185,
        0.275,
        0.028
      ],
      [
        -0.506,
        -0.125,
        1.0,
        -0.562,
        0.32,
        0.619,
        -0.347,
        -0.156
      ],
      [
        0.395,
        0.185,
        -0.562,
        1.0,
        -0.229,
        -0.575,
        0.217,
        0.056
      ],
      [
        -0.257,
        0.168,
        0.32,
        -0.229,
        1.0,
        0.434,
        -0.197,
        -0.123
      ],
      [
        -0.548,
        0.185,
        0.619,
        -0.575,
        0.434,
        1.0,
        -0.268,
        -0.132
      ],
      [
        0.313,
        0.275,
        -0.347,
        0.217,
        -0.197,
        -0.268,
        1.0,
        0.166
      ],
      [
        0.197,
        0.028,
        -0.156,
        0.056,
        -0.123,
        -0.132,
        0.166,
        1.0
      ]
    ]
  },
  "factor_exposures": [
    {
      "ticker": "CEG",
      "r_squared": 0.23533354883336088,
      "alpha_annual": -0.5175557526441087,
      "idio_vol_annual": 0.41227132709849973,
      "Market": 0.6646929715902252,
      "Size": 0.46884837525118583,
      "Value (SMID)": -0.4933308877140017,
      "Momentum": 0.4817897999650979,
      "Quality": -0.9341387042088392,
      "Profitability": -0.5141523734694322,
      "Liquidity": -0.46702996551816717,
      "Credit": -1.0962952054215696
    },
    {
      "ticker": "CMI",
      "r_squared": 0.49888540050994734,
      "alpha_annual": 0.34215764318278985,
      "idio_vol_annual": 0.24813185054958814,
      "Market": 1.1213945748920084,
      "Size": 0.8056771597892516,
      "Value (SMID)": 0.40153029006570173,
      "Momentum": 0.8059442699674169,
      "Quality": -0.16498203292172137,
      "Profitability": -0.19972385210972532,
      "Liquidity": -0.43489921932766085,
      "Credit": 0.8983992065511234
    },
    {
      "ticker": "CRWV",
      "r_squared": 0.27161836552767804,
      "alpha_annual": -1.0399030176859019,
      "idio_vol_annual": 0.8085453360176793,
      "Market": 0.9477948598974013,
      "Size": 0.7442622107787147,
      "Value (SMID)": -1.929216383750918,
      "Momentum": 0.5874680263785963,
      "Quality": -3.5229479154708114,
      "Profitability": -0.3120026204007117,
      "Liquidity": 0.3846653598204791,
      "Credit": 1.9644536122534393
    },
    {
      "ticker": "ESI",
      "r_squared": 0.5313108684739536,
      "alpha_annual": 0.278614671720232,
      "idio_vol_annual": 0.28677441619670924,
      "Market": 1.682195428813065,
      "Size": 0.9526476237534809,
      "Value (SMID)": -0.1834771209370819,
      "Momentum": 0.7329536959131904,
      "Quality": 0.304553636267508,
      "Profitability": 0.24487694018645367,
      "Liquidity": -0.7265057662426183,
      "Credit": 0.24269759810680774
    },
    {
      "ticker": "GENC",
      "r_squared": 0.34148131235804924,
      "alpha_annual": -0.38009451216705026,
      "idio_vol_annual": 0.30829636212598954,
      "Market": 1.311036506216256,
      "Size": 1.1729762749602757,
      "Value (SMID)": 1.1445321284748267,
      "Momentum": -0.04882742461156131,
      "Quality": -0.5216397251592574,
      "Profitability": 0.07063279690179697,
      "Liquidity": -0.1113626990649339,
      "Credit": 0.525145656905192
    },
    {
      "ticker": "GRPN",
      "r_squared": 0.15941729778864366,
      "alpha_annual": -0.6870365421653989,
      "idio_vol_annual": 0.6672099596280351,
      "Market": 2.0252218103848314,
      "Size": 0.2853495724523232,
      "Value (SMID)": -0.791403954061862,
      "Momentum": 0.2610555113617391,
      "Quality": -1.7711954713385996,
      "Profitability": 1.6951979306769387,
      "Liquidity": 0.1119822855212641,
      "Credit": 1.0530240547051577
    },
    {
      "ticker": "JAKK",
      "r_squared": 0.27190381570499145,
      "alpha_annual": -0.25463116492121557,
      "idio_vol_annual": 0.3523991143784861,
      "Market": 1.2321891202599784,
      "Size": 1.090630875410644,
      "Value (SMID)": 0.8766185541935441,
      "Momentum": -0.2796371917349325,
      "Quality": 1.1867246683788104,
      "Profitability": -0.3112339951841228,
      "Liquidity": 0.22944096974208816,
      "Credit": -0.5570405542158046
    },
    {
      "ticker": "KSPI",
      "r_squared": 0.21243270305951512,
      "alpha_annual": -0.1654863769594852,
      "idio_vol_annual": 0.3228388414505096,
      "Market": 1.1506701251245992,
      "Size": 0.5388348946290402,
      "Value (SMID)": -0.3061064574179942,
      "Momentum": -0.45205375334357956,
      "Quality": -0.009732463551258418,
      "Profitability": 0.11642465657450835,
      "Liquidity": -0.13061480370947026,
      "Credit": 0.4311877672927605
    },
    {
      "ticker": "OPEN",
      "r_squared": 0.12355359670283694,
      "alpha_annual": 1.59155889672559,
      "idio_vol_annual": 1.3407689904594404,
      "Market": 3.0760224879906843,
      "Size": 1.1473202908840912,
      "Value (SMID)": -1.5612049727409438,
      "Momentum": -1.6740861062749839,
      "Quality": 0.851859216108443,
      "Profitability": 0.8919536902676737,
      "Liquidity": 1.6819865127969136,
      "Credit": -2.9824306410427424
    },
    {
      "ticker": "PYPL",
      "r_squared": 0.2950184137697309,
      "alpha_annual": -0.6797402724243582,
      "idio_vol_annual": 0.3403042704828789,
      "Market": 1.7848149647592682,
      "Size": -0.2916754496346101,
      "Value (SMID)": -0.9242183816784784,
      "Momentum": -0.8348815532122561,
      "Quality": 1.354891002877897,
      "Profitability": 0.761116211123095,
      "Liquidity": 0.30343532828443476,
      "Credit": -0.1512708101460554
    },
    {
      "ticker": "TENB",
      "r_squared": 0.15787958326391538,
      "alpha_annual": -0.04072224532392082,
      "idio_vol_annual": 0.4394420374705752,
      "Market": 1.6100069500946623,
      "Size": -0.3754394109549841,
      "Value (SMID)": -0.772969700812798,
      "Momentum": -0.47087725756638454,
      "Quality": 0.6380660533096556,
      "Profitability": 1.2073243406338918,
      "Liquidity": 0.49480198029435246,
      "Credit": 0.015593722992132797
    },
    {
      "ticker": "VIA",
      "r_squared": 0.12618000622945535,
      "alpha_annual": -1.3001588675308706,
      "idio_vol_annual": 0.6879854844804367,
      "Market": 1.173805858521432,
      "Size": 0.28186757075022717,
      "Value (SMID)": -1.1901558900470959,
      "Momentum": -1.0880877242714981,
      "Quality": -0.7170532707667855,
      "Profitability": 0.6160052737061377,
      "Liquidity": 1.2210748317857358,
      "Credit": -0.9885453764949601
    },
    {
      "ticker": "VST",
      "r_squared": 0.29444449446506193,
      "alpha_annual": -0.4537543204040118,
      "idio_vol_annual": 0.41361116554986355,
      "Market": 0.6185844391053855,
      "Size": 0.844837527687944,
      "Value (SMID)": -0.6756948389358762,
      "Momentum": 0.5425826962947976,
      "Quality": -1.801907792812612,
      "Profitability": -0.4469372267569315,
      "Liquidity": -0.7017437175618669,
      "Credit": -1.0183813210118406
    },
    {
