{
  "generated_at": "2026-06-06T08:08:49.781476Z",
  "market_session": "CLOSED",
  "fund_name": "Convex Capital",
  "tagline": "Lose small. Win big. \u2014 Paper-traded portfolio. Hypothetical performance for educational purposes only.",
  "summary": {
    "nav": 963668.4300000002,
    "cash": 149773.03000000003,
    "equity": 813895.4000000001,
    "deposits": 1000000.0,
    "total_return": -0.03633156999999987,
    "realized_pnl": 0.0,
    "open_positions": 16
  },
  "metrics": {
    "annualized_return": -0.2957170760282477,
    "annualized_vol": 0.2867995885528551,
    "sharpe": -1.0310930971707066,
    "sortino": -1.422871921697742,
    "max_drawdown": -0.4027525194346815,
    "var_95_1d": -0.03428142848112299,
    "method": "Synthetic: current weights \u00d7 each holding's 252-day return history.",
    "beta_spy": 1.5757856964050283,
    "data_basis": "synthetic_252d",
    "days_of_live_nav": 5
  },
  "nav_curve": [
    {
      "date": "2026-06-01",
      "value": 999876.7628759766
    },
    {
      "date": "2026-06-02",
      "value": 1004058.1192620469
    },
    {
      "date": "2026-06-03",
      "value": 988718.7906235124
    },
    {
      "date": "2026-06-04",
      "value": 1000919.7487734223
    },
    {
      "date": "2026-06-05",
      "value": 963668.4124958802
    }
  ],
  "drawdown_curve": [
    {
      "date": "2026-06-01",
      "value": 0.0
    },
    {
      "date": "2026-06-02",
      "value": 0.0
    },
    {
      "date": "2026-06-03",
      "value": -0.015277331405684446
    },
    {
      "date": "2026-06-04",
      "value": -0.003125686081729177
    },
    {
      "date": "2026-06-05",
      "value": -0.040226462981895875
    }
  ],
  "benchmarks": {
    "SPY": [
      {
        "date": "2026-06-01",
        "value": 0.0
      },
      {
        "date": "2026-06-02",
        "value": 0.0013579103629497435
      },
      {
        "date": "2026-06-03",
        "value": -0.005668768842152949
      },
      {
        "date": "2026-06-04",
        "value": -0.0019115026417536596
      },
      {
        "date": "2026-06-05",
        "value": -0.027671567540792585
      }
    ],
    "IWM": [
      {
        "date": "2026-06-01",
        "value": 0.0
      },
      {
        "date": "2026-06-02",
        "value": 0.009273972502921835
      },
      {
        "date": "2026-06-03",
        "value": -0.004533177066893157
      },
      {
        "date": "2026-06-04",
        "value": 0.010485150059186044
      },
      {
        "date": "2026-06-05",
        "value": -0.02536513534214846
      }
    ]
  },
  "holdings": [
    {
      "ticker": "GRPN",
      "company": "Groupon, Inc.",
      "sector": "Communication Services",
      "country": "United States",
      "shares": 9713.0,
      "price": 16.46,
      "cost_basis": 18.017072994955218,
      "market_value": 159875.98,
      "unrealized_pnl": -15123.85000000002,
      "short_percent_of_float": 0.5812,
      "short_ratio": 4.89
    },
    {
      "ticker": "KSPI",
      "company": "Joint Stock Company Kaspi.kz",
      "sector": "Technology",
      "country": "Kazakhstan",
      "shares": 1515.0,
      "price": 81.17,
      "cost_basis": 82.53049504950495,
      "market_value": 122972.55,
      "unrealized_pnl": -2061.149999999996,
      "short_percent_of_float": 0.015700001,
      "short_ratio": 2.81
    },
    {
      "ticker": "JAKK",
      "company": "JAKKS Pacific, Inc.",
      "sector": "Consumer Cyclical",
      "country": "United States",
      "shares": 3436.0,
      "price": 21.66,
      "cost_basis": 21.83,
      "market_value": 74423.76,
      "unrealized_pnl": -584.1199999999936,
      "short_percent_of_float": 0.0339,
      "short_ratio": 6.7
    },
    {
      "ticker": "VIA",
      "company": "Via Transportation, Inc.",
      "sector": "Technology",
      "country": "United States",
      "shares": 4921.0,
      "price": 14.74,
      "cost_basis": 15.241408250355619,
      "market_value": 72535.54000000001,
      "unrealized_pnl": -2467.429999999999,
      "short_percent_of_float": 0.1248,
      "short_ratio": 7.65
    },
    {
      "ticker": "ZS",
      "company": "Zscaler, Inc.",
      "sector": "Technology",
      "country": "United States",
      "shares": 549.0,
      "price": 130.78,
      "cost_basis": 136.8013843351548,
      "market_value": 71798.22,
      "unrealized_pnl": -3305.739999999989,
      "short_percent_of_float": 0.1058,
      "short_ratio": 4.01
    },
    {
      "ticker": "CMI",
      "company": "Cummins Inc.",
      "sector": "Industrials",
      "country": "United States",
      "shares": 78.0,
      "price": 651.22,
      "cost_basis": 643.5,
      "market_value": 50795.16,
      "unrealized_pnl": 602.1600000000021,
      "short_percent_of_float": 0.014400001,
      "short_ratio": 1.92
    },
    {
      "ticker": "XNET",
      "company": "Xunlei Limited",
      "sector": "Technology",
      "country": "China",
      "shares": 10526.0,
      "price": 4.66,
      "cost_basis": 4.75,
      "market_value": 49051.16,
      "unrealized_pnl": -947.3399999999986,
      "short_percent_of_float": 0.0322,
      "short_ratio": 6.99
    },
    {
      "ticker": "CRWV",
      "company": "CoreWeave, Inc.",
      "sector": "Technology",
      "country": "United States",
      "shares": 468.0,
      "price": 100.39,
      "cost_basis": 106.78134615384614,
      "market_value": 46982.52,
      "unrealized_pnl": -2991.149999999995,
      "short_percent_of_float": 0.1714,
      "short_ratio": 1.75
    },
    {
      "ticker": "BABA",
      "company": "Alibaba Group Holding Limited",
      "sector": "Consumer Cyclical",
      "country": "Hong Kong",
      "shares": 299.0,
      "price": 121.06,
      "cost_basis": 125.39999999999999,
      "market_value": 36196.94,
      "unrealized_pnl": -1297.6599999999967,
      "short_percent_of_float": 0.0197,
      "short_ratio": 3.3
    },
    {
      "ticker": "PYPL",
      "company": "PayPal Holdings, Inc.",
      "sector": "Financial Services",
      "country": "United States",
      "shares": 830.0,
      "price": 41.29,
      "cost_basis": 45.19,
      "market_value": 34270.7,
      "unrealized_pnl": -3236.9999999999986,
      "short_percent_of_float": 0.0545,
      "short_ratio": 2.87
    },
    {
      "ticker": "ZTS",
      "company": "Zoetis Inc.",
      "sector": "Healthcare",
      "country": "United States",
      "shares": 312.0,
      "price": 79.44,
      "cost_basis": 80.09,
      "market_value": 24785.28,
      "unrealized_pnl": -202.80000000000177,
      "short_percent_of_float": 0.036,
      "short_ratio": 1.79
    },
    {
      "ticker": "AVAV",
      "company": "AeroVironment, Inc.",
      "sector": "Industrials",
      "country": "United States",
      "shares": 122.0,
      "price": 185.92,
      "cost_basis": 204.09,
      "market_value": 22682.239999999998,
      "unrealized_pnl": -2216.740000000002,
      "short_percent_of_float": 0.12109999,
      "short_ratio": 3.92
    },
    {
      "ticker": "GENC",
      "company": "Gencor Industries, Inc.",
      "sector": "Industrials",
      "country": "United States",
      "shares": 873.0,
      "price": 14.68,
      "cost_basis": 14.32,
      "market_value": 12815.64,
      "unrealized_pnl": 314.2799999999995,
      "short_percent_of_float": 0.0061000003,
      "short_ratio": 2.96
    },
    {
      "ticker": "VST",
      "company": "Vistra Corp.",
      "sector": "Utilities",
      "country": "United States",
      "shares": 81.0,
      "price": 148.76,
      "cost_basis": 154.76,
      "market_value": 12049.56,
      "unrealized_pnl": -486.0,
      "short_percent_of_float": 0.0461,
      "short_ratio": 2.83
    },
    {
      "ticker": "CEG",
      "company": "Constellation Energy Corporation",
      "sector": "Utilities",
      "country": "United States",
      "shares": 47.0,
      "price": 254.83,
      "cost_basis": 265.7,
      "market_value": 11977.01,
      "unrealized_pnl": -510.88999999999885,
      "short_percent_of_float": 0.0325,
      "short_ratio": 3.35
    },
    {
      "ticker": "OPEN",
      "company": "Opendoor Technologies Inc.",
      "sector": "Real Estate",
      "country": "United States",
      "shares": 2417.0,
      "price": 4.42,
      "cost_basis": 5.171402565163425,
      "market_value": 10683.14,
      "unrealized_pnl": -1816.1399999999985,
      "short_percent_of_float": 0.14819999,
      "short_ratio": 3.26
    }
  ],
  "sector_exposure": [
    {
      "name": "Technology",
      "value": 363339.99,
      "pct": 0.3770383865330111
    },
    {
      "name": "Communication Services",
      "value": 159875.98,
      "pct": 0.16590351517482002
    },
    {
      "name": "Cash",
      "value": 149773.03000000003,
      "pct": 0.15541967064335604
    },
    {
      "name": "Consumer Cyclical",
      "value": 110620.7,
      "pct": 0.1147912461965782
    },
    {
      "name": "Industrials",
      "value": 86293.04,
      "pct": 0.08954640134885396
    },
    {
      "name": "Financial Services",
      "value": 34270.7,
      "pct": 0.035562750561414565
    },
    {
      "name": "Healthcare",
      "value": 24785.28,
      "pct": 0.02571971772490253
    },
    {
      "name": "Utilities",
      "value": 24026.57,
      "pct": 0.024932403357864483
    },
    {
      "name": "Real Estate",
      "value": 10683.14,
      "pct": 0.011085908459198978
    }
  ],
  "geographic_exposure": [
    {
      "name": "United States",
      "value": 605674.7500000001,
      "pct": 0.628509486400836
    },
    {
      "name": "Cash",
      "value": 149773.03000000003,
      "pct": 0.15541967064335604
    },
    {
      "name": "Kazakhstan",
      "value": 122972.55,
      "pct": 0.1276087772222651
    },
    {
      "name": "China",
      "value": 49051.16,
      "pct": 0.05090045338519598
    },
    {
      "name": "Hong Kong",
      "value": 36196.94,
      "pct": 0.037561612348346825
    }
  ],
  "signals": [
    {
      "ticker": "AVAV",
      "label": "BUY",
      "composite": 1.5,
      "rsi": 49.6,
      "subs": {
        "rsi": 0.5,
        "macd": 0.5,
        "trend": 0.0,
        "bb": 0.5,
        "vol": 0.0,
        "range": 0.0
      }
    },
    {
      "ticker": "BABA",
      "label": "STRONG SELL",
      "composite": -2.0,
      "rsi": 37.2,
      "subs": {
        "rsi": 0.0,
        "macd": -0.5,
        "trend": -0.5,
        "bb": -0.5,
        "vol": 0.0,
        "range": -0.5
      }
    },
    {
      "ticker": "CEG",
      "label": "SELL",
      "composite": -1.5,
      "rsi": 36.3,
      "subs": {
        "rsi": 0.0,
        "macd": -0.5,
        "trend": -0.5,
        "bb": -0.5,
        "vol": 0.5,
        "range": -0.5
      }
    },
    {
      "ticker": "CMI",
      "label": "LEAN BEAR",
      "composite": -0.5,
      "rsi": 47.6,
      "subs": {
        "rsi": 0.5,
        "macd": -0.5,
        "trend": 0.5,
        "bb": -0.5,
        "vol": 0.0,
        "range": -0.5
      }
    },
    {
      "ticker": "CRWV",
      "label": "SELL",
      "composite": -1.5,
      "rsi": 43.3,
      "subs": {
        "rsi": 0.0,
        "macd": -0.5,
        "trend": 0.0,
        "bb": -0.5,
        "vol": 0.0,
        "range": -0.5
      }
    },
    {
      "ticker": "GENC",
      "label": "STRONG BUY",
      "composite": 2.0,
      "rsi": 50.8,
      "subs": {
        "rsi": 0.5,
        "macd": 0.5,
        "trend": 0.0,
        "bb": 0.5,
        "vol": 0.5,
        "range": 0.0
      }
    },
    {
      "ticker": "GRPN",
      "label": "SELL",
      "composite": -1.0,
      "rsi": 45.5,
      "subs": {
        "rsi": 0.5,
        "macd": -0.5,
        "trend": 0.0,
        "bb": -0.5,
        "vol": 0.0,
        "range": -0.5
      }
    },
    {
      "ticker": "JAKK",
      "label": "NEUTRAL",
      "composite": 0.0,
      "rsi": 47.8,
      "subs": {
        "rsi": 0.5,
        "macd": -0.5,
        "trend": 0.5,
        "bb": -0.5,
        "vol": 0.0,
        "range": 0.0
      }
    },
    {
      "ticker": "KSPI",
      "label": "SELL",
      "composite": -1.0,
      "rsi": 34.6,
      "subs": {
        "rsi": 0.0,
        "macd": -0.5,
        "trend": 0.0,
        "bb": 0.0,
        "vol": 0.0,
        "range": -0.5
      }
    },
    {
      "ticker": "OPEN",
      "label": "SELL",
      "composite": -1.0,
      "rsi": 41.2,
      "subs": {
        "rsi": 0.0,
        "macd": 0.5,
        "trend": -0.5,
        "bb": -0.5,
        "vol": 0.0,
        "range": -0.5
      }
    },
    {
      "ticker": "PYPL",
      "label": "STRONG SELL",
      "composite": -2.0,
      "rsi": 29.3,
      "subs": {
        "rsi": -0.5,
        "macd": -0.5,
        "trend": -0.5,
        "bb": 0.0,
        "vol": 0.0,
        "range": -0.5
      }
    },
    {
      "ticker": "VIA",
      "label": "NEUTRAL",
      "composite": 0.0,
      "rsi": 46.5,
      "subs": {
        "rsi": 0.5,
        "macd": 0.5,
        "trend": -0.5,
        "bb": -0.5,
        "vol": 0.5,
        "range": -0.5
      }
    },
    {
      "ticker": "VST",
      "label": "NEUTRAL",
      "composite": 0.0,
      "rsi": 45.1,
      "subs": {
        "rsi": 0.5,
        "macd": 0.5,
        "trend": -0.5,
        "bb": -0.5,
        "vol": 0.0,
        "range": 0.0
      }
    },
    {
      "ticker": "XNET",
      "label": "SELL",
      "composite": -1.0,
      "rsi": 30.6,
      "subs": {
        "rsi": 0.0,
        "macd": -0.5,
        "trend": -0.5,
        "bb": 0.0,
        "vol": 0.5,
        "range": -0.5
      }
    },
    {
      "ticker": "ZS",
      "label": "SELL",
      "composite": -1.5,
      "rsi": 42.0,
      "subs": {
        "rsi": 0.0,
        "macd": -0.5,
        "trend": -0.5,
        "bb": -0.5,
        "vol": 0.5,
        "range": -0.5
      }
    },
    {
      "ticker": "ZTS",
      "label": "LEAN BULL",
      "composite": 0.5,
      "rsi": 33.5,
      "subs": {
        "rsi": 0.0,
        "macd": 0.5,
        "trend": -0.5,
        "bb": 0.5,
        "vol": 0.0,
        "range": 0.0
      }
    }
  ],
  "volatility": [
    {
      "ticker": "AVAV",
      "hv20": 0.8871068374641399,
      "garch": 0.8107202458305525,
      "expansion": -0.0861075446695283,
      "regime": "HIGH",
      "signal": "WEAK"
    },
    {
      "ticker": "BABA",
      "hv20": 0.4711556768872034,
      "garch": 0.4437372507405434,
      "expansion": -0.058193984476226736,
      "regime": "HIGH",
      "signal": "WEAK"
    },
    {
      "ticker": "CEG",
      "hv20": 0.5547417363156127,
      "garch": 0.571884856649461,
      "expansion": 0.03090288545388064,
      "regime": "HIGH",
      "signal": "WEAK"
    },
    {
      "ticker": "CMI",
      "hv20": 0.4151677425651722,
      "garch": 0.36325898106719845,
      "expansion": -0.12503081568247132,
      "regime": "HIGH",
      "signal": "WEAK"
    },
    {
      "ticker": "CRWV",
      "hv20": 0.8914029151196189,
      "garch": 1.020056278347368,
      "expansion": 0.14432683699546214,
      "regime": "NORMAL",
      "signal": "BASE"
    },
    {
      "ticker": "GENC",
      "hv20": 0.4237285850798914,
      "garch": 0.461675511553446,
      "expansion": 0.0895547947665601,
      "regime": "HIGH",
      "signal": "WEAK"
    },
    {
      "ticker": "GRPN",
      "hv20": 1.0157840093575763,
      "garch": 0.86182770092466,
      "expansion": -0.15156402051483822,
      "regime": "EXTREME",
      "signal": "WEAK"
    },
    {
      "ticker": "JAKK",
      "hv20": 0.2603246948761004,
      "garch": 0.4593432378915055,
      "expansion": 0.7645012053509811,
      "regime": "LOW",
      "signal": "SIGNAL"
    },
    {
      "ticker": "KSPI",
      "hv20": 0.26532126724768185,
      "garch": 0.41627956386035325,
      "expansion": 0.5689641775747638,
      "regime": "LOW",
      "signal": "SIGNAL"
    },
    {
      "ticker": "OPEN",
      "hv20": 0.7572789105591721,
      "garch": 0.9674950605414939,
      "expansion": 0.27759408990684686,
      "regime": "NORMAL",
      "signal": "SIGNAL"
    },
    {
      "ticker": "PYPL",
      "hv20": 0.23867399583459628,
      "garch": 0.42467171652491614,
      "expansion": 0.7792961275061501,
      "regime": "LOW",
      "signal": "SIGNAL"
    },
    {
      "ticker": "VIA",
      "hv20": 1.0208284401347352,
      "garch": null,
      "expansion": null,
      "regime": "NORMAL",
      "signal": "WEAK"
    },
    {
      "ticker": "VST",
      "hv20": 0.5174628219384831,
      "garch": 0.571850197436911,
      "expansion": 0.10510392861594516,
      "regime": "HIGH",
      "signal": "BASE"
    },
    {
      "ticker": "XNET",
      "hv20": 0.7532701320078048,
      "garch": 0.9418457093232264,
      "expansion": 0.25034256543901806,
      "regime": "HIGH",
      "signal": "SIGNAL"
    },
    {
      "ticker": "ZS",
      "hv20": 1.5794307341351008,
      "garch": 0.777496159750812,
      "expansion": -0.5077364629246813,
      "regime": "EXTREME",
      "signal": "WEAK"
    },
    {
      "ticker": "ZTS",
      "hv20": 0.43656392349922013,
      "garch": 0.31387558065609117,
      "expansion": -0.2810317945187428,
      "regime": "HIGH",
      "signal": "WEAK"
    }
  ],
  "correlation": {
    "tickers": [
      "AVAV",
      "BABA",
      "CEG",
      "CMI",
      "CRWV",
      "GENC",
      "GRPN",
      "JAKK",
      "KSPI",
      "OPEN",
      "PYPL",
      "VIA",
      "VST",
      "XNET",
      "ZS",
      "ZTS"
    ],
    "matrix": [
      [
        1.0,
        0.131,
        0.263,
        0.249,
        0.308,
        0.098,
        0.233,
        0.084,
        0.093,
        0.337,
        0.2,
        0.033,
        0.301,
        0.332,
        0.174,
        0.069
      ],
      [
        0.131,
        1.0,
        0.181,
        0.338,
        0.353,
        0.132,
        0.191,
        0.117,
        0.213,
        0.196,
        0.244,
        -0.036,
        0.226,
        0.48,
        0.038,
        0.076
      ],
      [
        0.263,
        0.181,
        1.0,
        0.317,
        0.219,
        0.15,
        0.08,
        0.089,
        0.051,
        0.19,
        0.124,
        0.007,
        0.796,
        0.25,
        0.04,
        0.121
      ],
      [
        0.249,
        0.338,
        0.317,
        1.0,
        0.366,
        0.36,
        0.19,
        0.155,
        0.237,
        0.205,
        0.065,
        0.004,
        0.325,
        0.31,
        -0.055,
        0.204
      ],
      [
        0.308,
        0.353,
        0.219,
        0.366,
        1.0,
        0.119,
        0.168,
        0.062,
        0.133,
        0.242,
        0.132,
        0.224,
        0.31,
        0.371,
        0.182,
        0.088
      ],
      [
        0.098,
        0.132,
        0.15,
        0.36,
        0.119,
        1.0,
        0.161,
        0.315,
        0.161,
        0.132,
        0.098,
        0.065,
        0.174,
        0.165,
        0.053,
        0.152
      ],
      [
        0.233,
        0.191,
        0.08,
        0.19,
        0.168,
        0.161,
        1.0,
        0.149,
        0.336,
        0.305,
        0.262,
        0.18,
        0.114,
        0.223,
        0.148,
        0.159
      ],
      [
        0.084,
        0.117,
        0.089,
        0.155,
        0.062,
        0.315,
        0.149,
        1.0,
        0.108,
        0.138,
        0.214,
        0.144,
        0.061,
        0.197,
        -0.051,
        0.134
      ],
      [
        0.093,
        0.213,
        0.051,
        0.237,
        0.133,
        0.161,
        0.336,
        0.108,
        1.0,
        0.248,
        0.255,
        0.151,
        0.082,
        0.195,
        0.154,
        0.204
      ],
      [
        0.337,
        0.196,
        0.19,
        0.205,
        0.242,
        0.132,
        0.305,
        0.138,
        0.248,
        1.0,
        0.24,
        0.164,
        0.262,
        0.345,
        0.063,
        0.163
      ],
      [
        0.2,
        0.244,
        0.124,
        0.065,
        0.132,
        0.098,
        0.262,
        0.214,
        0.255,
        0.24,
        1.0,
        0.159,
        0.063,
        0.327,
        0.206,
        0.17
      ],
      [
        0.033,
        -0.036,
        0.007,
        0.004,
        0.224,
        0.065,
        0.18,
        0.144,
        0.151,
        0.164,
        0.159,
        1.0,
        0.062,
        0.188,
        0.369,
        0.025
      ],
      [
        0.301,
        0.226,
        0.796,
        0.325,
        0.31,
        0.174,
        0.114,
        0.061,
        0.082,
        0.262,
        0.063,
        0.062,
        1.0,
        0.271,
        0.069,
        0.091
      ],
      [
        0.332,
        0.48,
        0.25,
        0.31,
        0.371,
        0.165,
        0.223,
        0.197,
        0.195,
        0.345,
        0.327,
        0.188,
        0.271,
        1.0,
        0.222,
        0.04
      ],
      [
        0.174,
        0.038,
        0.04,
        -0.055,
        0.182,
        0.053,
        0.148,
        -0.051,
        0.154,
        0.063,
        0.206,
        0.369,
        0.069,
        0.222,
        1.0,
        -0.032
      ],
      [
        0.069,
        0.076,
        0.121,
        0.204,
        0.088,
        0.152,
        0.159,
        0.134,
        0.204,
        0.163,
        0.17,
        0.025,
        0.091,
        0.04,
        -0.032,
        1.0
      ]
    ]
  },
  "residual_correlation": {
    "tickers": [
      "AVAV",
      "BABA",
      "CEG",
      "CMI",
      "CRWV",
      "GENC",
      "GRPN",
      "JAKK",
      "KSPI",
      "OPEN",
      "PYPL",
      "VIA",
      "VST",
      "XNET",
      "ZS",
      "ZTS"
    ],
    "matrix": [
      [
        1.0,
        -0.011,
        0.12,
        0.063,
        0.118,
        -0.032,
        0.087,
        -0.056,
        -0.123,
        0.15,
        0.007,
        -0.145,
        0.15,
        0.163,
        0.098,
        -0.052
      ],
      [
        -0.011,
        1.0,
        0.005,
        0.102,
        0.185,
        -0.08,
        0.023,
        -0.046,
        0.037,
        0.041,
        0.127,
        -0.158,
        0.052,
        0.348,
        -0.046,
        -0.024
      ],
      [
        0.12,
        0.005,
        1.0,
        0.031,
        -0.038,
        0.031,
        -0.061,
        -0.017,
        -0.122,
        0.027,
        0.048,
        -0.086,
        0.73,
        0.087,
        0.022,
        0.082
      ],
      [
        0.063,
        0.102,
        0.031,
        1.0,
        0.097,
        0.069,
        -0.063,
        -0.145,
        -0.013,
        -0.067,
        -0.104,
        -0.116,
        -0.006,
        0.018,
        -0.121,
        0.071
      ],
      [
        0.118,
        0.185,
        -0.038,
        0.097,
        1.0,
        0.014,
        -0.04,
        -0.036,
        -0.096,
        0.012,
        -0.041,
        0.107,
        0.058,
        0.106,
        0.128,
        0.044
      ],
      [
        -0.032,
        -0.08,
        0.031,
        0.069,
        0.014,
        1.0,
        -0.028,
        0.063,
        -0.071,
        -0.076,
        0.004,
        -0.011,
        0.034,
        -0.041,
        0.011,
        -0.05
      ],
      [
        0.087,
        0.023,
        -0.061,
        -0.063,
        -0.04,
        -0.028,
        1.0,
        0.007,
        0.17,
        0.107,
        0.092,
        0.057,
        -0.04,
        -0.013,
        0.049,
        0.031
      ],
      [
        -0.056,
        -0.046,
        -0.017,
        -0.145,
        -0.036,
        0.063,
        0.007,
        1.0,
        -0.093,
        -0.028,
        0.105,
        0.084,
        -0.054,
        0.029,
        -0.117,
        -0.051
      ],
      [
        -0.123,
        0.037,
        -0.122,
        -0.013,
        -0.096,
        -0.071,
        0.17,
        -0.093,
        1.0,
        0.067,
        0.075,
        0.019,
        -0.113,
        -0.026,
        0.056,
        0.072
      ],
      [
        0.15,
        0.041,
        0.027,
        -0.067,
        0.012,
        -0.076,
        0.107,
        -0.028,
        0.067,
        1.0,
        0.065,
        0.035,
        0.104,
        0.157,
        -0.042,
        0.021
      ],
      [
        0.007,
        0.127,
        0.048,
        -0.104,
        -0.041,
        0.004,
        0.092,
        0.105,
        0.075,
        0.065,
        1.0,
        -0.007,
        -0.036,
        0.176,
        0.062,
        0.024
      ],
      [
        -0.145,
        -0.158,
        -0.086,
        -0.116,
        0.107,
        -0.011,
        0.057,
        0.084,
        0.019,
        0.035,
        -0.007,
        1.0,
        -0.031,
        0.051,
        0.3,
        -0.062
      ],
      [
        0.15,
        0.052,
        0.73,
        -0.006,
        0.058,
        0.034,
        -0.04,
        -0.054,
        -0.113,
        0.104,
        -0.036,
        -0.031,
        1.0,
        0.093,
        0.053,
        0.04
      ],
      [
        0.163,
        0.348,
        0.087,
        0.018,
        0.106,
        -0.041,
        -0.013,
        0.029,
        -0.026,
        0.157,
        0.176,
        0.051,
        0.093,
        1.0,
        0.14,
        -0.108
      ],
      [
        0.098,
        -0.046,
        0.022,
        -0.121,
        0.128,
        0.011,
        0.049,
        -0.117,
        0.056,
        -0.042,
        0.062,
        0.3,
        0.053,
        0.14,
        1.0,
        -0.11
      ],
      [
        -0.052,
        -0.024,
        0.082,
        0.071,
        0.044,
        -0.05,
        0.031,
        -0.051,
        0.072,
        0.021,
        0.024,
        -0.062,
        0.04,
        -0.108,
        -0.11,
        1.0
      ]
    ]
  },
  "factor_correlation": {
    "factors": [
      "Market",
      "Size",
      "Value (SMID)",
      "Momentum",
      "Quality",
      "Profitability",
      "Liquidity",
      "Credit"
    ],
    "matrix": [
      [
        1.0,
        0.354,
        -0.471,
        0.379,
        -0.193,
        -0.523,
        0.323,
        0.189
      ],
      [
        0.354,
        1.0,
        -0.159,
        0.223,
        0.129,
        0.163,
        0.338,
        0.056
      ],
      [
        -0.471,
        -0.159,
        1.0,
        -0.533,
        0.266,
        0.562,
        -0.37,
        -0.136
      ],
      [
        0.379,
        0.223,
        -0.533,
        1.0,
        -0.205,
        -0.511,
        0.261,
        0.011
      ],
      [
        -0.193,
        0.129,
        0.266,
        -0.205,
        1.0,
        0.401,
        -0.224,
        -0.136
      ],
      [
        -0.523,
        0.163,
        0.562,
        -0.511,
        0.401,
        1.0,
        -0.267,
        -0.082
      ],
      [
        0.323,
        0.338,
        -0.37,
        0.261,
        -0.224,
        -0.267,
        1.0,
        0.167
      ],
      [
        0.189,
        0.056,
        -0.136,
        0.011,
        -0.136,
        -0.082,
        0.167,
        1.0
      ]
    ]
  },
  "factor_exposures": [
    {
      "ticker": "AVAV",
      "r_squared": 0.17929198183554007,
      "alpha_annual": -0.18786483979754687,
      "idio_vol_annual": 0.6625666252341541,
      "Market": 1.0002464541918412,
      "Size": 0.8210083005811429,
      "Value (SMID)": -2.188003619622424,
      "Momentum": -0.6493478887776343,
      "Quality": -1.333178961952633,
      "Profitability": 0.0013472091680277881,
      "Liquidity": 0.036618635902809005,
      "Credit": -1.6815917177008992
    },
    {
      "ticker": "BABA",
      "r_squared": 0.14995448575803993,
      "alpha_annual": -0.29603536225587335,
      "idio_vol_annual": 0.3973457778495993,
      "Market": 1.1664168618548263,
      "Size": 0.18325506476719144,
      "Value (SMID)": 0.2311566121548849,
      "Momentum": -0.09512891002793072,
      "Quality": -0.1380234474926148,
      "Profitability": -0.25486175235807074,
      "Liquidity": 0.19306351675099928,
      "Credit": 0.9335894290332096
    },
    {
      "ticker": "CEG",
      "r_squared": 0.2558125580503475,
      "alpha_annual": -0.39027990001209933,
      "idio_vol_annual": 0.40349328120097694,
      "Market": 0.7222628155880343,
      "Size": 0.34961705603880083,
      "Value (SMID)": -0.38838887272940714,
      "Momentum": 0.7889493771620197,
      "Quality": -0.7186311975934743,
      "Profitability": -0.6306591067427282,
      "Liquidity": -0.307505411776364,
      "Credit": -0.7408872469462637
    },
    {
      "ticker": "CMI",
      "r_squared": 0.494874088812177,
      "alpha_annual": 0.35750943760676057,
      "idio_vol_annual": 0.23290624664901868,
      "Market": 1.1319540706562459,
      "Size": 0.8511359123768736,
      "Value (SMID)": 0.4161361825987125,
      "Momentum": 0.7806225545721174,
      "Quality": 0.3864969096571895,
      "Profitability": -0.20633531041036848,
      "Liquidity": -0.3249320846968295,
      "Credit": 0.910479277603452
    },
    {
      "ticker": "CRWV",
      "r_squared": 0.2819058751638456,
      "alpha_annual": -1.0195094278988635,
      "idio_vol_annual": 0.8227748653568933,
      "Market": 1.0490667416518185,
      "Size": 0.6156244419685742,
      "Value (SMID)": -1.960995151777779,
      "Momentum": 1.165756351455581,
      "Quality": -4.81095157536444,
      "Profitability": 0.03911917294268727,
      "Liquidity": 0.5489427958074697,
      "Credit": 1.399217990534833
    },
    {
      "ticker": "GENC",
      "r_squared": 0.33437597255438234,
      "alpha_annual": -0.45525817410137337,
      "idio_vol_annual": 0.326964924805309,
      "Market": 1.4192248449389349,
      "Size": 1.1687316078993124,
      "Value (SMID)": 1.169247889060866,
      "Momentum": -0.0010505952776024285,
      "Quality": -0.5304968782138204,
      "Profitability": 0.13923540499639983,
      "Liquidity": -0.16584734708728488,
      "Credit": 0.5657447959135128
    },
    {
      "ticker": "GRPN",
      "r_squared": 0.1593793971236942,
      "alpha_annual": -1.147186107163593,
      "idio_vol_annual": 0.6293133094771831,
      "Market": 1.872318764800665,
      "Size": 0.20662701055273303,
      "Value (SMID)": -0.8580885145053254,
      "Momentum": -0.056962877296694914,
      "Quality": -1.9278393396727087,
      "Profitability": 1.4689828900319308,
      "Liquidity": 0.21728805887975783,
      "Credit": 1.6326034956249675
    },
    {
      "ticker": "JAKK",
      "r_squared": 0.28739984019925224,
      "alpha_annual": -0.30027010685970684,
      "idio_vol_annual": 0.3611127121814417,
      "Market": 1.3914812439972108,
      "Size": 0.996566498622383,
      "Value (SMID)": 0.8284538258142398,
      "Momentum": -0.39056612664367263,
      "Quality": 1.573869438122179,
      "Profitability": -0.2810142521991644,
      "Liquidity": 0.4111302314812699,
      "Credit": -0.29320862823563165
    },
    {
      "ticker": "KSPI",
      "r_squared": 0.22808453500939252,
      "alpha_annual": -0.2624011464740389,
      "idio_vol_annual": 0.31620630173314246,
      "Market": 1.2797068861193455,
      "Size": 0.3933765538791033,
      "Value (SMID)": -0.32793314930497375,
      "Momentum": -0.614824476491549,
      "Quality": 0.14882274687136388,
      "Profitability": 0.13165730095327996,
      "Liquidity": -0.0527787755203134,
      "Credit": 0.41081576842696593
    },
    {
      "ticker": "OPEN",
      "r_squared": 0.11854122176502813,
      "alpha_annual": 1.3333451661059013,
      "idio_vol_annual": 1.3600346373045815,
      "Market": 2.9456377148905104,
      "Size": 1.2078158175196898,
      "Value (SMID)": -1.7690635564998463,
      "Momentum": -1.6584074973977505,
      "Quality": 1.6741722185172763,
      "Profitability": 1.021551522829639,
      "Liquidity": 1.7717707742133242,
      "Credit": -2.978151166353087
    },
    {
      "ticker": "PYPL",
      "r_squared": 0.3136405756473445,
      "alpha_annual": -0.7973320721957082,
      "idio_vol_annual": 0.3353956894306121,
      "Market": 1.9055301437404788,
      "Size": -0.4310958628011158,
      "Value (SMID)": -0.9538505954639049,
      "Momentum": -0.9984315230245344,
      "Quality": 1.5312814650391817,
      "Profitability": 0.7661239238910804,
      "Liquidity": 0.46178024167777487,
      "Credit": -0.16254165247911884
    },
    {
      "ticker": "VIA",
      "r_squared": 0.132033958740576,
      "alpha_annual": -1.7215506956689808,
      "idio_vol_annual": 0.6843671842758621,
      "Market": 1.3079633688770662,
      "Size": 0.3257268389273647,
      "Value (SMID)": -1.603480322607191,
      "Momentum": -1.4256040022846128,
      "Quality": -1.8372171498619223,
      "Profitability": 0.6464821043555581,
      "Liquidity": 0.5222083382094191,
      "Credit": -1.1244886200236028
    },
    {
      "ticker": "VST",
      "r_squared": 0.2771659513113134,
      "alpha_annual": -0.3677709933006515,
      "idio_vol_annual": 0.4117007240805138,
      "Market": 0.5544734701233086,
      "Size": 0.7393231368262582,
      "Value (SMID)": -0.6323742120275317,
      "Momentum": 0.8082238051135521,
      "Quality": -1.6488488375659922,
      "Profitability": -0.5264618839268892,
      "Liquidity": -0.6805878990030496,
      "Credit": -0.5818143411194273
    },
    {
      "ticker": "XNET",
      "r_squared": 0.17018648577701734,
      "alpha_annual": -0.7725109362887227,
      "idio_vol_annual": 0.72492201398414,
      "Market": 2.0319865902781937,
      "Size": 0.14447537676517785,
      "Value (SMID)": -0.7160915468595903,
      "Momentum": -0.6310715037654553,
      "Quality": 0.2040910340707957,
      "Profitability": 0.522696025036817,
      "Liquidity": 1.2996262721558756,
      "Credit": 2.253820407399088
    },
    {
      "ticker": "ZS",
      "r_squared": 0.09469561713974273,
      "alpha_annual": -0.9938518865134776,
      "idio_vol_annual": 0.5952665863238084,
      "Market": 1.357004860979776,
      "Size": -0.424349003991028,
      "Value (SMID)": -1.2329796115409208,
      "Momentum": -1.127179596388219,
      "Quality": -1.0205496181561402,
      "Profitability": 0.8425910446716454,
      "Liquidity": 0.11602064879266216,
      "Credit": -0.036670704807510175
    },
    {
      "ticker": "ZTS",
      "r_squared": 0.17649844675882054,
      "alpha_annual": -0.9715997192942185,
      "idio_vol_annual": 0.34137720603989335,
      "Market": 1.4184724793508021,
      "Size": -0.003156778969686025,
      "Value (SMID)": 0.08780131847096947,
      "Momentum": -0.11377832639805996,
      "Quality": 1.3300553781703852,
      "Profitability": 0.9382448301649251,
      "Liquidity": 0.16145536409325434,
      "Credit": -0.6232640921032817
    }
  ],
  "portfolio_factor_exposure": {
    "loadings": {
      "Market": 1.461350460907545,
      "Size": 0.34323961255538554,
      "Value (SMID)": -0.6324811556295609,
      "Momentum": -0.3543472874884314,
      "Quality": -0.667021061744289,
      "Profitability": 0.4836406504325859,
      "Liquidity": 0.2588223476031766,
      "Credit": 0.4450635645059403
    },
    "alpha_annual": -0.6990633606613371,
    "r_squared_weighted": 0.2145206845025905
  },
  "stress_tests": [
    {
      "scenario": "COVID Crash (Feb-Mar 2020)",
      "market_move": -0.339,
      "portfolio_impact": -0.5341913510813047,
      "stressed_nav": 448885.0893839004,
      "pnl": -514783.34061609977,
      "description": "Rapid 33.9% selloff in SPY over 23 trading days as COVID-19 spread."
    },
    {
      "scenario": "2022 Rate Shock (Jan-Oct)",
      "market_move": -0.252,
      "portfolio_impact": -0.39709799549406716,
      "stressed_nav": 580997.6281260853,
      "pnl": -382670.8018739149,
      "description": "Grinding 9-month decline as the Fed hiked rates aggressively."
    },
    {
      "scenario": "GFC 2008-09",
      "market_move": -0.565,
      "portfolio_impact": -0.8903189184688409,
      "stressed_nav": 105696.19563983408,
      "pnl": -857972.2343601661,
      "description": "Credit crisis bear market; SPY drew down 56.5% from Oct 2007 peak."
    },
    {
      "scenario": "Dot-Com Bust (2000-02)",
      "market_move": -0.491,
      "portfolio_impact": -0.7737107769348689,
      "stressed_nav": 218067.78031709473,
      "pnl": -745600.6496829054,
      "description": "Tech bubble burst; SPY -49.1% peak-to-trough over 30 months."
    },
    {
      "scenario": "Black Monday (Oct 1987)",
      "market_move": -0.204,
      "portfolio_impact": -0.32146028206662575,
      "stressed_nav": 653887.3046734978,
      "pnl": -309781.12532650237,
      "description": "Flash crash; -20.4% on a single trading day."
    },
    {
      "scenario": "Aug 2024 Yen Carry Unwind",
      "market_move": -0.084,
      "portfolio_impact": -0.13236599849802239,
      "stressed_nav": 836111.4960420287,
      "pnl": -127556.93395797152,
      "description": "Yen carry unwind shock; SPY -8.4% in one week."
    }
  ],
  "monte_carlo": {
    "horizon_days": 21,
    "n_paths": 10000,
    "current_nav": 963668.4300000002,
    "terminal_return": {
      "p5": -0.15915069877234606,
      "p25": -0.08486149835274051,
      "p50": -0.03165872600235625,
      "p75": 0.0243288173094795,
      "p95": 0.11000280426846205,
      "prob_negative": 0.6468
    },
    "terminal_nav": {
      "p5": 810299.9259806505,
      "p50": 933159.9152175094,
      "p95": 1069674.6596849863
    },
    "max_drawdown": {
      "p5": -0.1722956708378758,
      "p50": -0.08255515948215877,
      "p95": -0.029791014560902426
    },
    "method": "Bootstrap of synthetic portfolio daily returns (current weights \u00d7 each holding's 252-day history). 10,000 paths, 21-trading-day horizon (~1 month)."
  },
  "factor_stress": [
    {
      "scenario": "Tech Selloff -15%",
      "description": "Concentrated drawdown in Tech and Communication Services.",
      "shocks": {
        "sector:Technology": -0.15,
        "sector:Communication Services": -0.1
      },
      "pnl": -70488.5965,
      "stressed_nav": 893179.8335000002,
      "portfolio_impact": -0.07314610949743366,
      "equity_at_risk_pct": 0.844580329356644
    },
    {
      "scenario": "Rate Shock (+100bp)",
      "description": "Long-duration growth and rate-sensitive sectors hit; banks benefit.",
      "shocks": {
        "sector:Technology": -0.08,
        "sector:Consumer Cyclical": -0.1,
        "sector:Financial Services": 0.05,
        "sector:Real Estate": -0.12,
        "sector:Utilities": -0.06
      },
      "pnl": -41139.3052,
      "stressed_nav": 922529.1248000001,
      "portfolio_impact": -0.042690311230803725,
      "equity_at_risk_pct": 0.844580329356644
    },
    {
      "scenario": "Energy Spike (+30%)",
      "description": "Oil shock \u2014 producers rally, downstream consumers pinched.",
      "shocks": {
        "sector:Energy": 0.3,
        "sector:Industrials": -0.05,
        "sector:Consumer Cyclical": -0.07,
        "sector:Consumer Defensive": -0.03
      },
      "pnl": -12058.101,
      "stressed_nav": 951610.3290000001,
      "portfolio_impact": -0.012512707301203173,
      "equity_at_risk_pct": 0.844580329356644
    },
    {
      "scenario": "Recession (broad -20%)",
      "description": "Cyclicals and credit-sensitive names down hard; defensives flat.",
      "shocks": {
        "sector:Technology": -0.15,
        "sector:Consumer Cyclical": -0.22,
        "sector:Financial Services": -0.18,
        "sector:Industrials": -0.18,
        "sector:Energy": -0.2,
        "sector:Materials": -0.2,
        "sector:Communication Services": -0.12,
        "sector:Healthcare": -0.04,
        "sector:Consumer Defensive": -0.02,
        "sector:Utilities": 0.0,
        "sector:Real Estate": -0.15
      },
      "pnl": -122318.0255,
      "stressed_nav": 841350.4045000002,
      "portfolio_impact": -0.12692957628590154,
      "equity_at_risk_pct": 0.844580329356644
    },
    {
      "scenario": "China Decoupling",
