{
  "generated_at": "2026-06-10T11:57:28.947265Z",
  "market_session": "PRE",
  "fund_name": "Convex Capital",
  "tagline": "Lose small. Win big. \u2014 Paper-traded portfolio. Hypothetical performance for educational purposes only.",
  "summary": {
    "nav": 964786.7500000002,
    "cash": 49780.460000000036,
    "equity": 915006.2900000002,
    "deposits": 1000000.0,
    "total_return": -0.03521324999999975,
    "realized_pnl": 0.0,
    "open_positions": 17
  },
  "metrics": {
    "annualized_return": -0.28926203621577773,
    "annualized_vol": 0.2874118303686917,
    "sharpe": -1.0064374728232743,
    "sortino": -1.3497613301823623,
    "max_drawdown": -0.4242658728507899,
    "var_95_1d": -0.03671535204474832,
    "method": "Synthetic: current weights \u00d7 each holding's 252-day return history.",
    "beta_spy": 1.5427913186954183,
    "data_basis": "synthetic_252d",
    "days_of_live_nav": 7
  },
  "nav_curve": [
    {
      "date": "2026-06-01",
      "value": 999876.7628759766
    },
    {
      "date": "2026-06-02",
      "value": 1004058.1192620469
    },
    {
      "date": "2026-06-03",
      "value": 988718.7906235124
    },
    {
      "date": "2026-06-04",
      "value": 1000919.7487734223
    },
    {
      "date": "2026-06-05",
      "value": 963668.4124958802
    },
    {
      "date": "2026-06-08",
      "value": 962233.467066555
    },
    {
      "date": "2026-06-09",
      "value": 964786.7500000002
    }
  ],
  "drawdown_curve": [
    {
      "date": "2026-06-01",
      "value": 0.0
    },
    {
      "date": "2026-06-02",
      "value": 0.0
    },
    {
      "date": "2026-06-03",
      "value": -0.015277331405684446
    },
    {
      "date": "2026-06-04",
      "value": -0.003125686081729177
    },
    {
      "date": "2026-06-05",
      "value": -0.040226462981895875
    },
    {
      "date": "2026-06-08",
      "value": -0.04165560876718144
    },
    {
      "date": "2026-06-09",
      "value": -0.03911264548202643
    }
  ],
  "benchmarks": {
    "SPY": [
      {
        "date": "2026-06-01",
        "value": 0.0
      },
      {
        "date": "2026-06-02",
        "value": 0.0013579103629497435
      },
      {
        "date": "2026-06-03",
        "value": -0.005668768842152949
      },
      {
        "date": "2026-06-04",
        "value": -0.0019115026417536596
      },
      {
        "date": "2026-06-05",
        "value": -0.027671567540792585
      },
      {
        "date": "2026-06-08",
        "value": -0.02546999220062507
      },
      {
        "date": "2026-06-09",
        "value": -0.028330712486941745
      }
    ],
    "IWM": [
      {
        "date": "2026-06-01",
        "value": 0.0
      },
      {
        "date": "2026-06-02",
        "value": 0.009273972502921835
      },
      {
        "date": "2026-06-03",
        "value": -0.004533177066893157
      },
      {
        "date": "2026-06-04",
        "value": 0.010485150059186044
      },
      {
        "date": "2026-06-05",
        "value": -0.02536513534214846
      },
      {
        "date": "2026-06-08",
        "value": -0.01685246539421037
      },
      {
        "date": "2026-06-09",
        "value": -0.0137034079721019
      }
    ]
  },
  "holdings": [
    {
      "ticker": "GRPN",
      "company": "Groupon, Inc.",
      "sector": "Communication Services",
      "country": "United States",
      "shares": 11310.0,
      "price": 16.61,
      "cost_basis": 17.682836427939876,
      "market_value": 187859.1,
      "unrealized_pnl": -12133.779999999999,
      "short_percent_of_float": 0.56310004,
      "short_ratio": 5.75
    },
    {
      "ticker": "KSPI",
      "company": "Joint Stock Company Kaspi.kz",
      "sector": "Technology",
      "country": "Kazakhstan",
      "shares": 1515.0,
      "price": 78.1,
      "cost_basis": 82.53049504950495,
      "market_value": 118321.49999999999,
      "unrealized_pnl": -6712.200000000007,
      "short_percent_of_float": 0.0159,
      "short_ratio": 3.24
    },
    {
      "ticker": "TENB",
      "company": "Tenable Holdings, Inc.",
      "sector": "Technology",
      "country": "United States",
      "shares": 2916.0,
      "price": 26.69,
      "cost_basis": 25.719999999999995,
      "market_value": 77828.04000000001,
      "unrealized_pnl": 2828.5200000000173,
      "short_percent_of_float": 0.129,
      "short_ratio": 3.05
    },
    {
      "ticker": "JAKK",
      "company": "JAKKS Pacific, Inc.",
      "sector": "Consumer Cyclical",
      "country": "United States",
      "shares": 3436.0,
      "price": 21.89,
      "cost_basis": 21.83,
      "market_value": 75214.04000000001,
      "unrealized_pnl": 206.1600000000078,
      "short_percent_of_float": 0.039100002,
      "short_ratio": 7.32
    },
    {
      "ticker": "VIA",
      "company": "Via Transportation, Inc.",
      "sector": "Technology",
      "country": "United States",
      "shares": 4921.0,
      "price": 14.65,
      "cost_basis": 15.241408250355619,
      "market_value": 72092.65000000001,
      "unrealized_pnl": -2910.319999999998,
      "short_percent_of_float": 0.13520001,
      "short_ratio": 6.88
    },
    {
      "ticker": "ZS",
      "company": "Zscaler, Inc.",
      "sector": "Technology",
      "country": "United States",
      "shares": 549.0,
      "price": 125.84,
      "cost_basis": 136.8013843351548,
      "market_value": 69086.16,
      "unrealized_pnl": -6017.799999999987,
      "short_percent_of_float": 0.114700004,
      "short_ratio": 2.09
    },
    {
      "ticker": "CMI",
      "company": "Cummins Inc.",
      "sector": "Industrials",
      "country": "United States",
      "shares": 78.0,
      "price": 669.23,
      "cost_basis": 643.5,
      "market_value": 52199.94,
      "unrealized_pnl": 2006.9400000000014,
      "short_percent_of_float": 0.0171,
      "short_ratio": 2.07
    },
    {
      "ticker": "XNET",
      "company": "Xunlei Limited",
      "sector": "Technology",
      "country": "China",
      "shares": 10526.0,
      "price": 4.91,
      "cost_basis": 4.75,
      "market_value": 51682.66,
      "unrealized_pnl": 1684.1600000000014,
      "short_percent_of_float": 0.0377,
      "short_ratio": 6.03
    },
    {
      "ticker": "CRWV",
      "company": "CoreWeave, Inc.",
      "sector": "Technology",
      "country": "United States",
      "shares": 468.0,
      "price": 98.45,
      "cost_basis": 106.78134615384614,
      "market_value": 46074.6,
      "unrealized_pnl": -3899.0699999999943,
      "short_percent_of_float": 0.18190001,
      "short_ratio": 1.91
    },
    {
      "ticker": "BABA",
      "company": "Alibaba Group Holding Limited",
      "sector": "Consumer Cyclical",
      "country": "Hong Kong",
      "shares": 299.0,
      "price": 119.7,
      "cost_basis": 125.39999999999999,
      "market_value": 35790.3,
      "unrealized_pnl": -1704.2999999999965,
      "short_percent_of_float": 0.0165,
      "short_ratio": 3.21
    },
    {
      "ticker": "PYPL",
      "company": "PayPal Holdings, Inc.",
      "sector": "Financial Services",
      "country": "United States",
      "shares": 830.0,
      "price": 41.46,
      "cost_basis": 45.19,
      "market_value": 34411.8,
      "unrealized_pnl": -3095.8999999999974,
      "short_percent_of_float": 0.0626,
      "short_ratio": 3.16
    },
    {
      "ticker": "ZTS",
      "company": "Zoetis Inc.",
      "sector": "Healthcare",
      "country": "United States",
      "shares": 312.0,
      "price": 82.2,
      "cost_basis": 80.09,
      "market_value": 25646.4,
      "unrealized_pnl": 658.3199999999998,
      "short_percent_of_float": 0.0363,
      "short_ratio": 1.45
    },
    {
      "ticker": "AVAV",
      "company": "AeroVironment, Inc.",
      "sector": "Industrials",
      "country": "United States",
      "shares": 122.0,
      "price": 176.51,
      "cost_basis": 204.09,
      "market_value": 21534.219999999998,
      "unrealized_pnl": -3364.7600000000016,
      "short_percent_of_float": 0.120699994,
      "short_ratio": 3.48
    },
    {
      "ticker": "GENC",
      "company": "Gencor Industries, Inc.",
      "sector": "Industrials",
      "country": "United States",
      "shares": 873.0,
      "price": 15.01,
      "cost_basis": 14.32,
      "market_value": 13103.73,
      "unrealized_pnl": 602.3699999999995,
      "short_percent_of_float": 0.0064,
      "short_ratio": 2.39
    },
    {
      "ticker": "VST",
      "company": "Vistra Corp.",
      "sector": "Utilities",
      "country": "United States",
      "shares": 81.0,
      "price": 146.22,
      "cost_basis": 154.76,
      "market_value": 11843.82,
      "unrealized_pnl": -691.7399999999993,
      "short_percent_of_float": 0.0539,
      "short_ratio": 2.73
    },
    {
      "ticker": "CEG",
      "company": "Constellation Energy Corporation",
      "sector": "Utilities",
      "country": "United States",
      "shares": 47.0,
      "price": 251.65,
      "cost_basis": 265.7,
      "market_value": 11827.550000000001,
      "unrealized_pnl": -660.3499999999992,
      "short_percent_of_float": 0.036,
      "short_ratio": 3.46
    },
    {
      "ticker": "OPEN",
      "company": "Opendoor Technologies Inc.",
      "sector": "Real Estate",
      "country": "United States",
      "shares": 2417.0,
      "price": 4.34,
      "cost_basis": 5.171402565163425,
      "market_value": 10489.779999999999,
      "unrealized_pnl": -2009.4999999999986,
      "short_percent_of_float": 0.16149999,
      "short_ratio": 3.77
    }
  ],
  "sector_exposure": [
    {
      "name": "Technology",
      "value": 435085.61,
      "pct": 0.45096557348035704
    },
    {
      "name": "Communication Services",
      "value": 187859.1,
      "pct": 0.19471567162380699
    },
    {
      "name": "Consumer Cyclical",
      "value": 111004.34000000001,
      "pct": 0.11505582969500772
    },
    {
      "name": "Industrials",
      "value": 86837.89,
      "pct": 0.09000734100048532
    },
    {
      "name": "Cash",
      "value": 49780.460000000036,
      "pct": 0.05159737112890494
    },
    {
      "name": "Financial Services",
      "value": 34411.8,
      "pct": 0.03566777839766145
    },
    {
      "name": "Healthcare",
      "value": 25646.4,
      "pct": 0.0265824546201531
    },
    {
      "name": "Utilities",
      "value": 23671.370000000003,
      "pct": 0.02453533902699223
    },
    {
      "name": "Real Estate",
      "value": 10489.779999999999,
      "pct": 0.01087264102663101
    }
  ],
  "geographic_exposure": [
    {
      "name": "United States",
      "value": 709211.8300000001,
      "pct": 0.7350969838671602
    },
    {
      "name": "Kazakhstan",
      "value": 118321.49999999999,
      "pct": 0.12264005491368943
    },
    {
      "name": "China",
      "value": 51682.66,
      "pct": 0.05356899853775976
    },
    {
      "name": "Cash",
      "value": 49780.460000000036,
      "pct": 0.05159737112890494
    },
    {
      "name": "Hong Kong",
      "value": 35790.3,
      "pct": 0.037096591552485556
    }
  ],
  "signals": [
    {
      "ticker": "AVAV",
      "label": "NEUTRAL",
      "composite": 0.0,
      "rsi": 45.4,
      "subs": {
        "rsi": 0.5,
        "macd": 0.5,
        "trend": -0.5,
        "bb": -0.5,
        "vol": 0.0,
        "range": 0.0
      }
    },
    {
      "ticker": "BABA",
      "label": "STRONG SELL",
      "composite": -2.5,
      "rsi": 35.8,
      "subs": {
        "rsi": 0.0,
        "macd": -0.5,
        "trend": -0.5,
        "bb": -0.5,
        "vol": -0.5,
        "range": -0.5
      }
    },
    {
      "ticker": "CEG",
      "label": "STRONG SELL",
      "composite": -2.0,
      "rsi": 35.5,
      "subs": {
        "rsi": 0.0,
        "macd": -0.5,
        "trend": -0.5,
        "bb": -0.5,
        "vol": 0.0,
        "range": -0.5
      }
    },
    {
      "ticker": "CMI",
      "label": "NEUTRAL",
      "composite": 0.0,
      "rsi": 52.2,
      "subs": {
        "rsi": 0.5,
        "macd": -0.5,
        "trend": 0.5,
        "bb": -0.5,
        "vol": 0.0,
        "range": 0.0
      }
    },
    {
      "ticker": "CRWV",
      "label": "SELL",
      "composite": -1.5,
      "rsi": 42.3,
      "subs": {
        "rsi": 0.0,
        "macd": -0.5,
        "trend": 0.0,
        "bb": -0.5,
        "vol": 0.0,
        "range": -0.5
      }
    },
    {
      "ticker": "GENC",
      "label": "STRONG BUY",
      "composite": 2.5,
      "rsi": 54.5,
      "subs": {
        "rsi": 0.5,
        "macd": 0.5,
        "trend": 0.5,
        "bb": 0.5,
        "vol": 0.0,
        "range": 0.5
      }
    },
    {
      "ticker": "GRPN",
      "label": "SELL",
      "composite": -1.5,
      "rsi": 46.5,
      "subs": {
        "rsi": 0.5,
        "macd": -0.5,
        "trend": 0.0,
        "bb": -0.5,
        "vol": -0.5,
        "range": -0.5
      }
    },
    {
      "ticker": "JAKK",
      "label": "LEAN BULL",
      "composite": 0.5,
      "rsi": 51.0,
      "subs": {
        "rsi": 0.5,
        "macd": -0.5,
        "trend": 0.5,
        "bb": 0.5,
        "vol": -0.5,
        "range": 0.0
      }
    },
    {
      "ticker": "KSPI",
      "label": "SELL",
      "composite": -1.5,
      "rsi": 29.5,
      "subs": {
        "rsi": -0.5,
        "macd": -0.5,
        "trend": 0.0,
        "bb": 0.0,
        "vol": 0.0,
        "range": -0.5
      }
    },
    {
      "ticker": "OPEN",
      "label": "STRONG SELL",
      "composite": -2.0,
      "rsi": 40.2,
      "subs": {
        "rsi": 0.0,
        "macd": -0.5,
        "trend": -0.5,
        "bb": -0.5,
        "vol": 0.0,
        "range": -0.5
      }
    },
    {
      "ticker": "PYPL",
      "label": "STRONG SELL",
      "composite": -2.0,
      "rsi": 30.9,
      "subs": {
        "rsi": 0.0,
        "macd": -0.5,
        "trend": -0.5,
        "bb": -0.5,
        "vol": 0.0,
        "range": -0.5
      }
    },
    {
      "ticker": "TENB",
      "label": "LEAN BULL",
      "composite": 0.5,
      "rsi": 56.5,
      "subs": {
        "rsi": 0.5,
        "macd": -0.5,
        "trend": 0.0,
        "bb": 0.5,
        "vol": 0.0,
        "range": 0.0
      }
    },
    {
      "ticker": "VIA",
      "label": "NEUTRAL",
      "composite": 0.0,
      "rsi": 46.0,
      "subs": {
        "rsi": 0.5,
        "macd": 0.5,
        "trend": -0.5,
        "bb": -0.5,
        "vol": 0.0,
        "range": 0.0
      }
    },
    {
      "ticker": "VST",
      "label": "STRONG SELL",
      "composite": -2.0,
      "rsi": 42.8,
      "subs": {
        "rsi": 0.0,
        "macd": -0.5,
        "trend": -0.5,
        "bb": -0.5,
        "vol": -0.5,
        "range": 0.0
      }
    },
    {
      "ticker": "XNET",
      "label": "SELL",
      "composite": -1.5,
      "rsi": 36.6,
      "subs": {
        "rsi": 0.0,
        "macd": -0.5,
        "trend": -0.5,
        "bb": -0.5,
        "vol": 0.5,
        "range": -0.5
      }
    },
    {
      "ticker": "ZS",
      "label": "STRONG SELL",
      "composite": -2.0,
      "rsi": 40.0,
      "subs": {
        "rsi": 0.0,
        "macd": -0.5,
        "trend": -0.5,
        "bb": -0.5,
        "vol": 0.0,
        "range": -0.5
      }
    },
    {
      "ticker": "ZTS",
      "label": "LEAN BULL",
      "composite": 0.5,
      "rsi": 42.0,
      "subs": {
        "rsi": 0.0,
        "macd": 0.5,
        "trend": -0.5,
        "bb": 0.5,
        "vol": -0.5,
        "range": 0.5
      }
    }
  ],
  "volatility": [
    {
      "ticker": "AVAV",
      "hv20": 0.9041474976163922,
      "garch": 0.7594227919643963,
      "expansion": -0.16006758414255887,
      "regime": "HIGH",
      "signal": "WEAK"
    },
    {
      "ticker": "BABA",
      "hv20": 0.4691470100317611,
      "garch": 0.4229321086585603,
      "expansion": -0.09850835747641683,
      "regime": "HIGH",
      "signal": "WEAK"
    },
    {
      "ticker": "CEG",
      "hv20": 0.5543613513538314,
      "garch": 0.5639743005483359,
      "expansion": 0.01734058330550692,
      "regime": "HIGH",
      "signal": "WEAK"
    },
    {
      "ticker": "CMI",
      "hv20": 0.41404223081056135,
      "garch": 0.34358004669397846,
      "expansion": -0.17018115272599277,
      "regime": "HIGH",
      "signal": "WEAK"
    },
    {
      "ticker": "CRWV",
      "hv20": 0.8068502179596866,
      "garch": 0.9790100288498749,
      "expansion": 0.2133727017209408,
      "regime": "LOW",
      "signal": "SIGNAL"
    },
    {
      "ticker": "GENC",
      "hv20": 0.3997109728652079,
      "garch": 0.43151214480474637,
      "expansion": 0.07956041764773512,
      "regime": "NORMAL",
      "signal": "WEAK"
    },
    {
      "ticker": "GRPN",
      "hv20": 0.8668329045663855,
      "garch": 0.7977044036399332,
      "expansion": -0.07974835814640924,
      "regime": "HIGH",
      "signal": "WEAK"
    },
    {
      "ticker": "JAKK",
      "hv20": 0.24673105256754738,
      "garch": 0.4633835803176861,
      "expansion": 0.8780918554660887,
      "regime": "LOW",
      "signal": "SIGNAL"
    },
    {
      "ticker": "KSPI",
      "hv20": 0.27810185119525294,
      "garch": 0.41021230436779,
      "expansion": 0.4750434152262562,
      "regime": "NORMAL",
      "signal": "SIGNAL"
    },
    {
      "ticker": "OPEN",
      "hv20": 0.7316737354103978,
      "garch": 0.8910295907103543,
      "expansion": 0.21779633132597453,
      "regime": "LOW",
      "signal": "SIGNAL"
    },
    {
      "ticker": "PYPL",
      "hv20": 0.2362532354574115,
      "garch": 0.39034415470728445,
      "expansion": 0.652227762940628,
      "regime": "LOW",
      "signal": "SIGNAL"
    },
    {
      "ticker": "TENB",
      "hv20": 0.7058440150509122,
      "garch": 0.5898425298608965,
      "expansion": -0.16434436322541973,
      "regime": "EXTREME",
      "signal": "WEAK"
    },
    {
      "ticker": "VIA",
      "hv20": 1.0074152002044674,
      "garch": null,
      "expansion": null,
      "regime": "NORMAL",
      "signal": "WEAK"
    },
    {
      "ticker": "VST",
      "hv20": 0.4860203061796805,
      "garch": 0.5601759501909056,
      "expansion": 0.15257725462978894,
      "regime": "NORMAL",
      "signal": "BASE"
    },
    {
      "ticker": "XNET",
      "hv20": 0.7680386326217249,
      "garch": 0.7930283064819009,
      "expansion": 0.032537001133488515,
      "regime": "HIGH",
      "signal": "WEAK"
    },
    {
      "ticker": "ZS",
      "hv20": 1.5801145382265596,
      "garch": 0.5459297602498027,
      "expansion": -0.654499881469019,
      "regime": "EXTREME",
      "signal": "WEAK"
    },
    {
      "ticker": "ZTS",
      "hv20": 0.3185538589090277,
      "garch": 0.3586441959931631,
      "expansion": 0.1258510483013309,
      "regime": "HIGH",
      "signal": "BASE"
    }
  ],
  "correlation": {
    "tickers": [
      "AVAV",
      "BABA",
      "CEG",
      "CMI",
      "CRWV",
      "GENC",
      "GRPN",
      "JAKK",
      "KSPI",
      "OPEN",
      "PYPL",
      "TENB",
      "VIA",
      "VST",
      "XNET",
      "ZS",
      "ZTS"
    ],
    "matrix": [
      [
        1.0,
        0.131,
        0.262,
        0.248,
        0.309,
        0.095,
        0.229,
        0.081,
        0.098,
        0.335,
        0.198,
        0.194,
        0.034,
        0.301,
        0.327,
        0.176,
        0.06
      ],
      [
        0.131,
        1.0,
        0.181,
        0.334,
        0.352,
        0.131,
        0.191,
        0.117,
        0.213,
        0.196,
        0.244,
        0.064,
        -0.037,
        0.226,
        0.477,
        0.038,
        0.075
      ],
      [
        0.262,
        0.181,
        1.0,
        0.311,
        0.217,
        0.149,
        0.081,
        0.09,
        0.051,
        0.191,
        0.124,
        0.062,
        0.006,
        0.796,
        0.247,
        0.04,
        0.122
      ],
      [
        0.248,
        0.334,
        0.311,
        1.0,
        0.368,
        0.361,
        0.185,
        0.151,
        0.233,
        0.2,
        0.065,
        -0.053,
        0.007,
        0.321,
        0.313,
        -0.055,
        0.197
      ],
      [
        0.309,
        0.352,
        0.217,
        0.368,
        1.0,
        0.118,
        0.164,
        0.06,
        0.135,
        0.24,
        0.131,
        0.12,
        0.225,
        0.309,
        0.369,
        0.183,
        0.081
      ],
      [
        0.095,
        0.131,
        0.149,
        0.361,
        0.118,
        1.0,
        0.161,
        0.316,
        0.155,
        0.131,
        0.098,
        0.164,
        0.066,
        0.172,
        0.168,
        0.051,
        0.155
      ],
      [
        0.229,
        0.191,
        0.081,
        0.185,
        0.164,
        0.161,
        1.0,
        0.151,
        0.331,
        0.306,
        0.262,
        0.25,
        0.178,
        0.114,
        0.222,
        0.147,
        0.164
      ],
      [
        0.081,
        0.117,
        0.09,
        0.151,
        0.06,
        0.316,
        0.151,
        1.0,
        0.104,
        0.139,
        0.215,
        -0.035,
        0.142,
        0.061,
        0.197,
        -0.052,
        0.138
      ],
      [
        0.098,
        0.213,
        0.051,
        0.233,
        0.135,
        0.155,
        0.331,
        0.104,
        1.0,
        0.246,
        0.252,
        0.267,
        0.15,
        0.084,
        0.187,
        0.157,
        0.191
      ],
      [
        0.335,
        0.196,
        0.191,
        0.2,
        0.24,
        0.131,
        0.306,
        0.139,
        0.246,
        1.0,
        0.239,
        0.118,
        0.163,
        0.263,
        0.342,
        0.063,
        0.164
      ],
      [
        0.198,
        0.244,
        0.124,
        0.065,
        0.131,
        0.098,
        0.262,
        0.215,
        0.252,
        0.239,
        1.0,
        0.361,
        0.159,
        0.063,
        0.327,
        0.205,
        0.171
      ],
      [
        0.194,
        0.064,
        0.062,
        -0.053,
        0.12,
        0.164,
        0.25,
        -0.035,
        0.267,
        0.118,
        0.361,
        1.0,
        0.336,
        0.076,
        0.161,
        0.561,
        0.092
      ],
      [
        0.034,
        -0.037,
        0.006,
        0.007,
        0.225,
        0.066,
        0.178,
        0.142,
        0.15,
        0.163,
        0.159,
        0.336,
        1.0,
        0.061,
        0.189,
        0.369,
        0.022
      ],
      [
        0.301,
        0.226,
        0.796,
        0.321,
        0.309,
        0.172,
        0.114,
        0.061,
        0.084,
        0.263,
        0.063,
        0.076,
        0.061,
        1.0,
        0.268,
        0.07,
        0.09
      ],
      [
        0.327,
        0.477,
        0.247,
        0.313,
        0.369,
        0.168,
        0.222,
        0.197,
        0.187,
        0.342,
        0.327,
        0.161,
        0.189,
        0.268,
        1.0,
        0.219,
        0.044
      ],
      [
        0.176,
        0.038,
        0.04,
        -0.055,
        0.183,
        0.051,
        0.147,
        -0.052,
        0.157,
        0.063,
        0.205,
        0.561,
        0.369,
        0.07,
        0.219,
        1.0,
        -0.037
      ],
      [
        0.06,
        0.075,
        0.122,
        0.197,
        0.081,
        0.155,
        0.164,
        0.138,
        0.191,
        0.164,
        0.171,
        0.092,
        0.022,
        0.09,
        0.044,
        -0.037,
        1.0
      ]
    ]
  },
  "residual_correlation": {
    "tickers": [
      "AVAV",
      "BABA",
      "CEG",
      "CMI",
      "CRWV",
      "GENC",
      "GRPN",
      "JAKK",
      "KSPI",
      "OPEN",
      "PYPL",
      "TENB",
      "VIA",
      "VST",
      "XNET",
      "ZS",
      "ZTS"
    ],
    "matrix": [
      [
        1.0,
        -0.012,
        0.117,
        0.064,
        0.116,
        -0.032,
        0.086,
        -0.057,
        -0.123,
        0.15,
        0.009,
        0.073,
        -0.142,
        0.148,
        0.163,
        0.099,
        -0.051
      ],
      [
        -0.012,
        1.0,
        0.009,
        0.102,
        0.188,
        -0.081,
        0.024,
        -0.046,
        0.037,
        0.04,
        0.122,
        -0.05,
        -0.161,
        0.056,
        0.344,
        -0.048,
        -0.024
      ],
      [
        0.117,
        0.009,
        1.0,
        0.032,
        -0.04,
        0.03,
        -0.059,
        -0.014,
        -0.12,
        0.029,
        0.039,
        -0.015,
        -0.093,
        0.732,
        0.082,
        0.017,
        0.081
      ],
      [
        0.064,
        0.102,
        0.032,
        1.0,
        0.097,
        0.069,
        -0.063,
        -0.145,
        -0.013,
        -0.067,
        -0.104,
        -0.261,
        -0.116,
        -0.005,
        0.017,
        -0.121,
        0.071
      ],
      [
        0.116,
        0.188,
        -0.04,
        0.097,
        1.0,
        0.014,
        -0.04,
        -0.033,
        -0.095,
        0.017,
        -0.043,
        -0.008,
        0.107,
        0.056,
        0.106,
        0.128,
        0.044
      ],
      [
        -0.032,
        -0.081,
        0.03,
        0.069,
        0.014,
        1.0,
        -0.028,
        0.063,
        -0.072,
        -0.077,
        0.005,
        0.089,
        -0.01,
        0.033,
        -0.04,
        0.012,
        -0.05
      ],
      [
        0.086,
        0.024,
        -0.059,
        -0.063,
        -0.04,
        -0.028,
        1.0,
        0.007,
        0.17,
        0.108,
        0.09,
        0.119,
        0.056,
        -0.038,
        -0.014,
        0.048,
        0.031
      ],
      [
        -0.057,
        -0.046,
        -0.014,
        -0.145,
        -0.033,
        0.063,
        0.007,
        1.0,
        -0.093,
        -0.028,
        0.103,
        -0.134,
        0.082,
        -0.051,
        0.028,
        -0.118,
        -0.052
      ],
      [
        -0.123,
        0.037,
        -0.12,
        -0.013,
        -0.095,
        -0.072,
        0.17,
        -0.093,
        1.0,
        0.067,
        0.074,
        0.15,
        0.017,
        -0.11,
        -0.027,
        0.055,
        0.072
      ],
      [
        0.15,
        0.04,
        0.029,
        -0.067,
        0.017,
        -0.077,
        0.108,
        -0.028,
        0.067,
        1.0,
        0.064,
        -0.024,
        0.033,
        0.106,
        0.156,
        -0.043,
        0.021
      ],
      [
        0.009,
        0.122,
        0.039,
        -0.104,
        -0.043,
        0.005,
        0.09,
        0.103,
        0.074,
        0.064,
        1.0,
        0.251,
        0.002,
        -0.043,
        0.181,
        0.066,
        0.024
      ],
      [
        0.073,
        -0.05,
        -0.015,
        -0.261,
        -0.008,
        0.089,
        0.119,
        -0.134,
        0.15,
        -0.024,
        0.251,
        1.0,
        0.263,
        -0.015,
        0.03,
        0.521,
        -0.01
      ],
      [
        -0.142,
        -0.161,
        -0.093,
        -0.116,
        0.107,
        -0.01,
        0.056,
        0.082,
        0.017,
        0.033,
        0.002,
        0.263,
        1.0,
        -0.038,
        0.056,
        0.302,
        -0.062
      ],
      [
        0.148,
        0.056,
        0.732,
        -0.005,
        0.056,
        0.033,
        -0.038,
        -0.051,
        -0.11,
        0.106,
        -0.043,
        -0.015,
        -0.038,
        1.0,
        0.088,
        0.049,
        0.04
      ],
      [
        0.163,
        0.344,
        0.082,
        0.017,
        0.106,
        -0.04,
        -0.014,
        0.028,
        -0.027,
        0.156,
        0.181,
        0.03,
        0.056,
        0.088,
        1.0,
        0.142,
        -0.108
      ],
      [
        0.099,
        -0.048,
        0.017,
        -0.121,
        0.128,
        0.012,
        0.048,
        -0.118,
        0.055,
        -0.043,
        0.066,
        0.521,
        0.302,
        0.049,
        0.142,
        1.0,
        -0.11
      ],
      [
        -0.051,
        -0.024,
        0.081,
        0.071,
        0.044,
        -0.05,
        0.031,
        -0.052,
        0.072,
        0.021,
        0.024,
        -0.01,
        -0.062,
        0.04,
        -0.108,
        -0.11,
        1.0
      ]
    ]
  },
  "factor_correlation": {
    "factors": [
      "Market",
      "Size",
      "Value (SMID)",
      "Momentum",
      "Quality",
      "Profitability",
      "Liquidity",
      "Credit"
    ],
    "matrix": [
      [
        1.0,
        0.357,
        -0.473,
        0.372,
        -0.19,
        -0.522,
        0.322,
        0.191
      ],
      [
        0.357,
        1.0,
        -0.158,
        0.231,
        0.128,
        0.158,
        0.342,
        0.058
      ],
      [
        -0.473,
        -0.158,
        1.0,
        -0.525,
        0.268,
        0.563,
        -0.371,
        -0.136
      ],
      [
        0.372,
        0.231,
        -0.525,
        1.0,
        -0.192,
        -0.509,
        0.264,
        0.025
      ],
      [
        -0.19,
        0.128,
        0.268,
        -0.192,
        1.0,
        0.397,
        -0.22,
        -0.135
      ],
      [
        -0.522,
        0.158,
        0.563,
        -0.509,
        0.397,
        1.0,
        -0.267,
        -0.086
      ],
      [
        0.322,
        0.342,
        -0.371,
        0.264,
        -0.22,
        -0.267,
        1.0,
        0.171
      ],
      [
        0.191,
        0.058,
        -0.136,
        0.025,
        -0.135,
        -0.086,
        0.171,
        1.0
      ]
    ]
  },
  "factor_exposures": [
    {
      "ticker": "AVAV",
      "r_squared": 0.1792557677730814,
      "alpha_annual": -0.20152433961615202,
      "idio_vol_annual": 0.6624341576219341,
      "Market": 1.008843127248625,
      "Size": 0.8091706678128039,
      "Value (SMID)": -2.1635941146798228,
      "Momentum": -0.6242409880488234,
      "Quality": -1.340783138790765,
      "Profitability": 0.00464651774731592,
      "Liquidity": 0.05033732715466033,
      "Credit": -1.6811614971208741
    },
    {
      "ticker": "BABA",
      "r_squared": 0.15008557939167477,
      "alpha_annual": -0.3217615542814279,
      "idio_vol_annual": 0.3973703686468071,
      "Market": 1.1819733968507198,
      "Size": 0.17334500506049275,
      "Value (SMID)": 0.22672079970491443,
      "Momentum": -0.1176556282761621,
      "Quality": -0.17393663781640772,
      "Profitability": -0.24950002202806093,
      "Liquidity": 0.19535046151994628,
      "Credit": 0.8931084721783489
    },
    {
      "ticker": "CEG",
      "r_squared": 0.24915322858068512,
      "alpha_annual": -0.3934082303684323,
      "idio_vol_annual": 0.4045672250201971,
      "Market": 0.7232348316841469,
      "Size": 0.3664315486411675,
      "Value (SMID)": -0.4621748413010074,
      "Momentum": 0.6846807839437385,
      "Quality": -0.7544839224378289,
      "Profitability": -0.6312895626995605,
      "Liquidity": -0.3414568764271266,
      "Credit": -0.8059665258325519
    },
    {
      "ticker": "CMI",
      "r_squared": 0.4990381268251386,
      "alpha_annual": 0.3536468898091873,
      "idio_vol_annual": 0.23287854872008631,
      "Market": 1.1343674854797259,
      "Size": 0.8480659576556104,
      "Value (SMID)": 0.42191810771226806,
      "Momentum": 0.7861714005634144,
      "Quality": 0.383872646957682,
      "Profitability": -0.20542403068611212,
      "Liquidity": -0.3215773135181219,
      "Credit": 0.9096974501465237
    },
    {
      "ticker": "CRWV",
      "r_squared": 0.2871190053863042,
      "alpha_annual": -0.8053954833634175,
      "idio_vol_annual": 0.8045968091731058,
      "Market": 0.9166097060810503,
      "Size": 0.7569007310134477,
      "Value (SMID)": -2.163318812521888,
      "Momentum": 1.0218504776208712,
      "Quality": -4.614929938422905,
      "Profitability": -0.009553173634915202,
      "Liquidity": 0.4181303577607746,
      "Credit": 1.5396970231779534
    },
    {
      "ticker": "GENC",
      "r_squared": 0.334584371541199,
      "alpha_annual": -0.4482440249866827,
      "idio_vol_annual": 0.3269663506861558,
      "Market": 1.4149843025414952,
      "Size": 1.1714504020562586,
      "Value (SMID)": 1.1703904144959538,
      "Momentum": 0.004993996783938526,
      "Quality": -0.5207310820560855,
      "Profitability": 0.13777062663887957,
      "Liquidity": -0.16649870700445069,
      "Credit": 0.5767476709303061
    },
    {
      "ticker": "GRPN",
      "r_squared": 0.1592969160860327,
      "alpha_annual": -1.143810472457052,
      "idio_vol_annual": 0.6293401462423248,
      "Market": 1.8699206409518776,
      "Size": 0.21494267451423443,
      "Value (SMID)": -0.8860513614217269,
      "Momentum": -0.09357180038497293,
      "Quality": -1.9353931129373902,
      "Profitability": 1.4677857438673558,
      "Liquidity": 0.20365567020260084,
      "Credit": 1.6145392347726761
    },
    {
      "ticker": "JAKK",
      "r_squared": 0.2876645652462121,
      "alpha_annual": -0.3217023297141344,
      "idio_vol_annual": 0.360976831077346,
      "Market": 1.4045279144136158,
      "Size": 0.9864941788776885,
      "Value (SMID)": 0.8321626818170468,
      "Momentum": -0.39907858493921744,
      "Quality": 1.5471628967886328,
      "Profitability": -0.27643057814861544,
      "Liquidity": 0.4164908673369262,
      "Credit": -0.3208188851821755
    },
    {
      "ticker": "KSPI",
      "r_squared": 0.22972870406363988,
      "alpha_annual": -0.2908808101808302,
      "idio_vol_annual": 0.31553270744460093,
      "Market": 1.2972445042864431,
      "Size": 0.37630471208334004,
      "Value (SMID)": -0.30801030131569623,
      "Momentum": -0.6053687994484407,
      "Quality": 0.1197144364827831,
      "Profitability": 0.13801576445245198,
      "Liquidity": -0.038642961028307554,
      "Credit": 0.3863070916091951
    },
    {
      "ticker": "OPEN",
      "r_squared": 0.11898793133576624,
      "alpha_annual": 1.280043244679651,
      "idio_vol_annual": 1.3594640791949526,
      "Market": 2.9784861687682014,
      "Size": 1.175299749149355,
      "Value (SMID)": -1.7295801784963762,
      "Momentum": -1.6376615430078019,
      "Quality": 1.62077133295091,
      "Profitability": 1.0334998321730362,
      "Liquidity": 1.7992808551842994,
      "Credit": -3.0221513450310553
    },
    {
      "ticker": "PYPL",
      "r_squared": 0.30974520443059717,
      "alpha_annual": -0.7716066215646818,
      "idio_vol_annual": 0.3363427855064212,
      "Market": 1.8903121594596812,
      "Size": -0.4278507112532999,
      "Value (SMID)": -0.9223515156227465,
      "Momentum": -0.9383744833159318,
      "Quality": 1.5788506910099958,
      "Profitability": 0.7612450199941017,
      "Liquidity": 0.4721388982536678,
      "Credit": -0.09976417423450634
    },
    {
      "ticker": "TENB",
      "r_squared": 0.150192885359671,
      "alpha_annual": -0.38561418428844685,
      "idio_vol_annual": 0.40780308673529997,
      "Market": 1.5464138387326511,
      "Size": -0.13301428115837483,
      "Value (SMID)": -0.7871363674295573,
      "Momentum": -0.281304619285823,
      "Quality": -0.48100198954749557,
      "Profitability": 1.3432420317297171,
      "Liquidity": -0.23886480800729804,
      "Credit": -0.2907305669795256
    },
    {
      "ticker": "VIA",
      "r_squared": 0.126011320829148,
      "alpha_annual": -1.673887161418002,
      "idio_vol_annual": 0.6851530457323176,
      "Market": 1.2757737564378693,
      "Size": 0.3079893952506252,
      "Value (SMID)": -1.5182434678925976,
      "Momentum": -1.2712365909509789,
      "Quality": -1.739109437061195,
      "Profitability": 0.6478484562086215,
      "Liquidity": 0.5620527389417089,
      "Credit": -0.9589390792676591
    },
    {
      "ticker": "VST",
      "r_squared": 0.27262215478702556,
      "alpha_annual": -0.39312444489955267,
      "idio_vol_annual": 0.41303121895951544,
      "Market": 0.5692503715281176,
      "Size": 0.7403175053221883,
      "Value (SMID)": -0.6804644319027672,
      "Momentum": 0.7254089869691279,
      "Quality": -1.7030388954743623,
      "Profitability": -0.5219544143110549,
      "Liquidity": -0.6987685309736584,
      "Credit": -0.6575311343917882
    },
    {
      "ticker": "XNET",
      "r_squared": 0.1695095066052652,
      "alpha_annual": -0.7173512820414568,
      "idio_vol_annual": 0.7256107974421917,
      "Market": 1.9988967445238544,
      "Size": 0.16063377689578756,
      "Value (SMID)": -0.6859608413734444,
      "Momentum": -0.5541233921964541,
      "Quality": 0.28995739768754086,
      "Profitability": 0.511597959742254,
      "Liquidity": 1.3043794474077521,
      "Credit": 2.3574654240577244
    },
    {
      "ticker": "ZS",
      "r_squared": 0.09348623573109893,
      "alpha_annual": -0.9949442943998917,
      "idio_vol_annual": 0.59550411788853,
      "Market": 1.358290346616096,
      "Size": -0.43705437267056463,
      "Value (SMID)": -1.1832061925478827,
      "Momentum": -1.0588950611072072,
      "Quality": -1.0006223048128176,
      "Profitability": 0.8436891403552624,
      "Liquidity": 0.13945208467382877,
      "Credit": 0.002740511005495966
    },
    {
      "ticker": "ZTS",
      "r_squared": 0.17670361015587355,
      "alpha_annual": -0.976947729495429,
      "idio_vol_annual": 0.34135220627778323,
      "Market": 1.421770801691526,
      "Size": -0.006554972843357876,
      "Value (SMID)": 0.09234331788981065,
      "Momentum": -0.1109041572403579,
      "Quality": 1.3249376698693531,
      "Profitability": 0.9394455545769493,
      "Liquidity": 0.1644749596195405,
      "Credit": -0.6271592822792281
    }
  ],
  "portfolio_factor_exposure": {
    "loadings": {
      "Market": 1.4775388355484622,
      "Size": 0.3035202814195322,
      "Value (SMID)": -0.644856934485304,
      "Momentum": -0.32748361286565153,
      "Quality": -0.6648041235176114,
      "Profitability": 0.5863838718100954,
      "Liquidity": 0.21790800699267301,
      "Credit": 0.44629366361026857
    },
    "alpha_annual": -0.6752454180420949,
    "r_squared_weighted": 0.20791765931308662
  },
  "stress_tests": [
    {
      "scenario": "COVID Crash (Feb-Mar 2020)",
      "market_move": -0.339,
      "portfolio_impact": -0.5230062570377468,
      "stressed_nav": 460197.2430428877,
      "pnl": -504589.5069571125,
      "description": "Rapid 33.9% selloff in SPY over 23 trading days as COVID-19 spread."
    },
    {
      "scenario": "2022 Rate Shock (Jan-Oct)",
      "market_move": -0.252,
      "portfolio_impact": -0.3887834123112454,
      "stressed_nav": 589693.6651823237,
      "pnl": -375093.0848176766,
      "description": "Grinding 9-month decline as the Fed hiked rates aggressively."
    },
    {
      "scenario": "GFC 2008-09",
      "market_move": -0.565,
      "portfolio_impact": -0.8716770950629112,
      "stressed_nav": 123804.23840481284,
      "pnl": -840982.5115951874,
      "description": "Credit crisis bear market; SPY drew down 56.5% from Oct 2007 peak."
    },
    {
      "scenario": "Dot-Com Bust (2000-02)",
      "market_move": -0.491,
      "portfolio_impact": -0.7575105374794504,
      "stressed_nav": 233950.6204544479,
      "pnl": -730836.1295455523,
      "description": "Tech bubble burst; SPY -49.1% peak-to-trough over 30 months."
    },
    {
      "scenario": "Black Monday (Oct 1987)",
      "market_move": -0.204,
      "portfolio_impact": -0.3147294290138653,
      "stressed_nav": 661139.9670523573,
      "pnl": -303646.78294764296,
      "description": "Flash crash; -20.4% on a single trading day."
    },
    {
      "scenario": "Aug 2024 Yen Carry Unwind",
      "market_move": -0.084,
      "portfolio_impact": -0.12959447077041514,
