{
  "generated_at": "2026-06-10T11:08:35.256223Z",
  "market_session": "PRE",
  "fund_name": "Convex Capital",
  "tagline": "Lose small. Win big. \u2014 Paper-traded portfolio. Hypothetical performance for educational purposes only.",
  "summary": {
    "nav": 963617.1573979759,
    "cash": 117269.74000000003,
    "equity": 846347.4173979759,
    "deposits": 1000000.0,
    "total_return": -0.03638284260202407,
    "realized_pnl": 0.0,
    "open_positions": 17
  },
  "metrics": {
    "annualized_return": -0.304095466824409,
    "annualized_vol": 0.2921182641586601,
    "sharpe": -1.0410012112739506,
    "sortino": -1.4335190329373115,
    "max_drawdown": -0.41522668771852617,
    "var_95_1d": -0.03566489147803956,
    "method": "Synthetic: current weights \u00d7 each holding's 252-day return history.",
    "beta_spy": 1.5830908704124418,
    "data_basis": "synthetic_252d",
    "days_of_live_nav": 6
  },
  "nav_curve": [
    {
      "date": "2026-06-01",
      "value": 999876.7628759766
    },
    {
      "date": "2026-06-02",
      "value": 1004058.1192620469
    },
    {
      "date": "2026-06-03",
      "value": 988718.7906235124
    },
    {
      "date": "2026-06-04",
      "value": 1000919.7487734223
    },
    {
      "date": "2026-06-05",
      "value": 963668.4124958802
    },
    {
      "date": "2026-06-08",
      "value": 962233.467066555
    }
  ],
  "drawdown_curve": [
    {
      "date": "2026-06-01",
      "value": 0.0
    },
    {
      "date": "2026-06-02",
      "value": 0.0
    },
    {
      "date": "2026-06-03",
      "value": -0.015277331405684446
    },
    {
      "date": "2026-06-04",
      "value": -0.003125686081729177
    },
    {
      "date": "2026-06-05",
      "value": -0.040226462981895875
    },
    {
      "date": "2026-06-08",
      "value": -0.04165560876718144
    }
  ],
  "benchmarks": {
    "SPY": [
      {
        "date": "2026-06-01",
        "value": 0.0
      },
      {
        "date": "2026-06-02",
        "value": 0.0013579103629497435
      },
      {
        "date": "2026-06-03",
        "value": -0.005668768842152949
      },
      {
        "date": "2026-06-04",
        "value": -0.0019115026417536596
      },
      {
        "date": "2026-06-05",
        "value": -0.027671567540792585
      },
      {
        "date": "2026-06-08",
        "value": -0.02546999220062507
      }
    ],
    "IWM": [
      {
        "date": "2026-06-01",
        "value": 0.0
      },
      {
        "date": "2026-06-02",
        "value": 0.009273972502921835
      },
      {
        "date": "2026-06-03",
        "value": -0.004533177066893157
      },
      {
        "date": "2026-06-04",
        "value": 0.010485150059186044
      },
      {
        "date": "2026-06-05",
        "value": -0.02536513534214846
      },
      {
        "date": "2026-06-08",
        "value": -0.01685246539421037
      }
    ]
  },
  "holdings": [
    {
      "ticker": "GRPN",
      "company": "Groupon, Inc.",
      "sector": "Communication Services",
      "country": "United States",
      "shares": 11310.0,
      "price": 16.18000030517578,
      "cost_basis": 17.682836427939876,
      "market_value": 182995.8034515381,
      "unrealized_pnl": -16997.076548461908,
      "short_percent_of_float": 0.56310004,
      "short_ratio": 5.75
    },
    {
      "ticker": "KSPI",
      "company": "Joint Stock Company Kaspi.kz",
      "sector": "Technology",
      "country": "Kazakhstan",
      "shares": 1515.0,
      "price": 80.16999816894531,
      "cost_basis": 82.53049504950495,
      "market_value": 121457.54722595215,
      "unrealized_pnl": -3576.1527740478505,
      "short_percent_of_float": 0.0159,
      "short_ratio": 3.24
    },
    {
      "ticker": "JAKK",
      "company": "JAKKS Pacific, Inc.",
      "sector": "Consumer Cyclical",
      "country": "United States",
      "shares": 3436.0,
      "price": 21.559999465942383,
      "cost_basis": 21.83,
      "market_value": 74080.15816497803,
      "unrealized_pnl": -927.7218350219669,
      "short_percent_of_float": 0.039100002,
      "short_ratio": 7.32
    },
    {
      "ticker": "VIA",
      "company": "Via Transportation, Inc.",
      "sector": "Technology",
      "country": "United States",
      "shares": 4921.0,
      "price": 14.90999984741211,
      "cost_basis": 15.241408250355619,
      "market_value": 73372.10924911499,
      "unrealized_pnl": -1630.8607508850096,
      "short_percent_of_float": 0.13520001,
      "short_ratio": 6.88
    },
    {
      "ticker": "ZS",
      "company": "Zscaler, Inc.",
      "sector": "Technology",
      "country": "United States",
      "shares": 549.0,
      "price": 129.25,
      "cost_basis": 136.8013843351548,
      "market_value": 70958.25,
      "unrealized_pnl": -4145.709999999989,
      "short_percent_of_float": 0.114700004,
      "short_ratio": 2.09
    },
    {
      "ticker": "CMI",
      "company": "Cummins Inc.",
      "sector": "Industrials",
      "country": "United States",
      "shares": 78.0,
      "price": 672.6799926757812,
      "cost_basis": 643.5,
      "market_value": 52469.03942871094,
      "unrealized_pnl": 2276.0394287109375,
      "short_percent_of_float": 0.0171,
      "short_ratio": 2.07
    },
    {
      "ticker": "XNET",
      "company": "Xunlei Limited",
      "sector": "Technology",
      "country": "China",
      "shares": 10526.0,
      "price": 4.820000171661377,
      "cost_basis": 4.75,
      "market_value": 50735.321806907654,
      "unrealized_pnl": 736.8218069076538,
      "short_percent_of_float": 0.0377,
      "short_ratio": 6.03
    },
    {
      "ticker": "CRWV",
      "company": "CoreWeave, Inc.",
      "sector": "Technology",
      "country": "United States",
      "shares": 468.0,
      "price": 102.37000274658203,
      "cost_basis": 106.78134615384614,
      "market_value": 47909.16128540039,
      "unrealized_pnl": -2064.508714599605,
      "short_percent_of_float": 0.18190001,
      "short_ratio": 1.91
    },
    {
      "ticker": "BABA",
      "company": "Alibaba Group Holding Limited",
      "sector": "Consumer Cyclical",
      "country": "Hong Kong",
      "shares": 299.0,
      "price": 120.06999969482422,
      "cost_basis": 125.39999999999999,
      "market_value": 35900.92990875244,
      "unrealized_pnl": -1593.670091247556,
      "short_percent_of_float": 0.0165,
      "short_ratio": 3.21
    },
    {
      "ticker": "PYPL",
      "company": "PayPal Holdings, Inc.",
      "sector": "Financial Services",
      "country": "United States",
      "shares": 830.0,
      "price": 41.2599983215332,
      "cost_basis": 45.19,
      "market_value": 34245.79860687256,
      "unrealized_pnl": -3261.9013931274394,
      "short_percent_of_float": 0.0626,
      "short_ratio": 3.16
    },
    {
      "ticker": "ZTS",
      "company": "Zoetis Inc.",
      "sector": "Healthcare",
      "country": "United States",
      "shares": 312.0,
      "price": 78.81999969482422,
      "cost_basis": 80.09,
      "market_value": 24591.839904785156,
      "unrealized_pnl": -396.2400952148448,
      "short_percent_of_float": 0.0363,
      "short_ratio": 1.45
    },
    {
      "ticker": "AVAV",
      "company": "AeroVironment, Inc.",
      "sector": "Industrials",
      "country": "United States",
      "shares": 122.0,
      "price": 184.67999267578125,
      "cost_basis": 204.09,
      "market_value": 22530.959106445312,
      "unrealized_pnl": -2368.020893554688,
      "short_percent_of_float": 0.120699994,
      "short_ratio": 3.48
    },
    {
      "ticker": "GENC",
      "company": "Gencor Industries, Inc.",
      "sector": "Industrials",
      "country": "United States",
      "shares": 873.0,
      "price": 14.84000015258789,
      "cost_basis": 14.32,
      "market_value": 12955.320133209229,
      "unrealized_pnl": 453.9601332092283,
      "short_percent_of_float": 0.0064,
      "short_ratio": 2.39
    },
    {
      "ticker": "VST",
      "company": "Vistra Corp.",
      "sector": "Utilities",
      "country": "United States",
      "shares": 81.0,
      "price": 146.89999389648438,
      "cost_basis": 154.76,
      "market_value": 11898.899505615234,
      "unrealized_pnl": -636.6604943847649,
      "short_percent_of_float": 0.0539,
      "short_ratio": 2.73
    },
    {
      "ticker": "CEG",
      "company": "Constellation Energy Corporation",
      "sector": "Utilities",
      "country": "United States",
      "shares": 47.0,
      "price": 250.6699981689453,
      "cost_basis": 265.7,
      "market_value": 11781.48991394043,
      "unrealized_pnl": -706.4100860595697,
      "short_percent_of_float": 0.036,
      "short_ratio": 3.46
    },
    {
      "ticker": "OPEN",
      "company": "Opendoor Technologies Inc.",
      "sector": "Real Estate",
      "country": "United States",
      "shares": 2417.0,
      "price": 4.309999942779541,
      "cost_basis": 5.171402565163425,
      "market_value": 10417.26986169815,
      "unrealized_pnl": -2082.0101383018477,
      "short_percent_of_float": 0.16149999,
      "short_ratio": 3.77
    },
    {
      "ticker": "TENB",
      "company": "Tenable Holdings, Inc.",
      "sector": "Technology",
      "country": "United States",
      "shares": 292.0,
      "price": 27.559999465942383,
      "cost_basis": 25.72,
      "market_value": 8047.519844055176,
      "unrealized_pnl": 537.2798440551761,
      "short_percent_of_float": 0.129,
      "short_ratio": 3.05
    }
  ],
  "sector_exposure": [
    {
      "name": "Technology",
      "value": 372479.90941143036,
      "pct": 0.38654345924809574
    },
    {
      "name": "Communication Services",
      "value": 182995.8034515381,
      "pct": 0.18990509046733425
    },
    {
      "name": "Cash",
      "value": 117269.74000000003,
      "pct": 0.12169743875945474
    },
    {
      "name": "Consumer Cyclical",
      "value": 109981.08807373047,
      "pct": 0.11413359260923583
    },
    {
      "name": "Industrials",
      "value": 87955.31866836548,
      "pct": 0.09127620652362435
    },
    {
      "name": "Financial Services",
      "value": 34245.79860687256,
      "pct": 0.035538801217846076
    },
    {
      "name": "Healthcare",
      "value": 24591.839904785156,
      "pct": 0.025520342509456454
    },
    {
      "name": "Utilities",
      "value": 23680.389419555664,
      "pct": 0.02457447881428248
    },
    {
      "name": "Real Estate",
      "value": 10417.26986169815,
      "pct": 0.01081058985067012
    }
  ],
  "geographic_exposure": [
    {
      "name": "United States",
      "value": 638253.6184563637,
      "pct": 0.662351861998617
    },
    {
      "name": "Kazakhstan",
      "value": 121457.54722595215,
      "pct": 0.12604336306539002
    },
    {
      "name": "Cash",
      "value": 117269.74000000003,
      "pct": 0.12169743875945474
    },
    {
      "name": "China",
      "value": 50735.321806907654,
      "pct": 0.052650911637881784
    },
    {
      "name": "Hong Kong",
      "value": 35900.92990875244,
      "pct": 0.037256424538656574
    }
  ],
  "signals": [
    {
      "ticker": "AVAV",
      "label": "BUY",
      "composite": 1.0,
      "rsi": 49.1,
      "subs": {
        "rsi": 0.5,
        "macd": 0.5,
        "trend": -0.5,
        "bb": 0.5,
        "vol": 0.0,
        "range": 0.0
      }
    },
    {
      "ticker": "BABA",
      "label": "STRONG SELL",
      "composite": -2.0,
      "rsi": 36.2,
      "subs": {
        "rsi": 0.0,
        "macd": -0.5,
        "trend": -0.5,
        "bb": -0.5,
        "vol": 0.0,
        "range": -0.5
      }
    },
    {
      "ticker": "CEG",
      "label": "SELL",
      "composite": -1.5,
      "rsi": 34.9,
      "subs": {
        "rsi": 0.0,
        "macd": -0.5,
        "trend": -0.5,
        "bb": -0.5,
        "vol": 0.5,
        "range": -0.5
      }
    },
    {
      "ticker": "CMI",
      "label": "BUY",
      "composite": 1.0,
      "rsi": 53.1,
      "subs": {
        "rsi": 0.5,
        "macd": -0.5,
        "trend": 0.5,
        "bb": 0.5,
        "vol": 0.0,
        "range": 0.0
      }
    },
    {
      "ticker": "CRWV",
      "label": "SELL",
      "composite": -1.5,
      "rsi": 44.9,
      "subs": {
        "rsi": 0.0,
        "macd": -0.5,
        "trend": 0.0,
        "bb": -0.5,
        "vol": 0.0,
        "range": -0.5
      }
    },
    {
      "ticker": "GENC",
      "label": "STRONG BUY",
      "composite": 2.0,
      "rsi": 52.6,
      "subs": {
        "rsi": 0.5,
        "macd": 0.5,
        "trend": 0.5,
        "bb": 0.5,
        "vol": 0.0,
        "range": 0.0
      }
    },
    {
      "ticker": "GRPN",
      "label": "SELL",
      "composite": -1.5,
      "rsi": 44.4,
      "subs": {
        "rsi": 0.0,
        "macd": -0.5,
        "trend": 0.0,
        "bb": -0.5,
        "vol": 0.0,
        "range": -0.5
      }
    },
    {
      "ticker": "JAKK",
      "label": "SELL",
      "composite": -1.0,
      "rsi": 46.5,
      "subs": {
        "rsi": 0.5,
        "macd": -0.5,
        "trend": 0.0,
        "bb": -0.5,
        "vol": 0.0,
        "range": -0.5
      }
    },
    {
      "ticker": "KSPI",
      "label": "SELL",
      "composite": -1.0,
      "rsi": 32.8,
      "subs": {
        "rsi": 0.0,
        "macd": -0.5,
        "trend": 0.0,
        "bb": 0.0,
        "vol": 0.0,
        "range": -0.5
      }
    },
    {
      "ticker": "OPEN",
      "label": "STRONG SELL",
      "composite": -2.0,
      "rsi": 39.5,
      "subs": {
        "rsi": 0.0,
        "macd": -0.5,
        "trend": -0.5,
        "bb": -0.5,
        "vol": 0.0,
        "range": -0.5
      }
    },
    {
      "ticker": "PYPL",
      "label": "STRONG SELL",
      "composite": -2.0,
      "rsi": 29.2,
      "subs": {
        "rsi": -0.5,
        "macd": -0.5,
        "trend": -0.5,
        "bb": 0.0,
        "vol": 0.0,
        "range": -0.5
      }
    },
    {
      "ticker": "TENB",
      "label": "STRONG BUY",
      "composite": 2.0,
      "rsi": 60.9,
      "subs": {
        "rsi": 0.5,
        "macd": 0.5,
        "trend": 0.0,
        "bb": 0.5,
        "vol": 0.0,
        "range": 0.5
      }
    },
    {
      "ticker": "VIA",
      "label": "BUY",
      "composite": 1.0,
      "rsi": 47.5,
      "subs": {
        "rsi": 0.5,
        "macd": 0.5,
        "trend": -0.5,
        "bb": 0.5,
        "vol": 0.0,
        "range": 0.0
      }
    },
    {
      "ticker": "VST",
      "label": "STRONG SELL",
      "composite": -2.0,
      "rsi": 43.5,
      "subs": {
        "rsi": 0.0,
        "macd": -0.5,
        "trend": -0.5,
        "bb": -0.5,
        "vol": -0.5,
        "range": 0.0
      }
    },
    {
      "ticker": "XNET",
      "label": "SELL",
      "composite": -1.5,
      "rsi": 34.4,
      "subs": {
        "rsi": 0.0,
        "macd": -0.5,
        "trend": -0.5,
        "bb": -0.5,
        "vol": 0.5,
        "range": -0.5
      }
    },
    {
      "ticker": "ZS",
      "label": "STRONG SELL",
      "composite": -2.0,
      "rsi": 41.4,
      "subs": {
        "rsi": 0.0,
        "macd": -0.5,
        "trend": -0.5,
        "bb": -0.5,
        "vol": 0.0,
        "range": -0.5
      }
    },
    {
      "ticker": "ZTS",
      "label": "LEAN BULL",
      "composite": 0.5,
      "rsi": 32.5,
      "subs": {
        "rsi": 0.0,
        "macd": 0.5,
        "trend": -0.5,
        "bb": 0.5,
        "vol": 0.0,
        "range": 0.0
      }
    }
  ],
  "volatility": [
    {
      "ticker": "AVAV",
      "hv20": 0.8879684993215613,
      "garch": 0.7731430734331611,
      "expansion": -0.1293124992340728,
      "regime": "HIGH",
      "signal": "WEAK"
    },
    {
      "ticker": "BABA",
      "hv20": 0.4711466106865847,
      "garch": 0.4334747416978369,
      "expansion": -0.07995784779996606,
      "regime": "HIGH",
      "signal": "WEAK"
    },
    {
      "ticker": "CEG",
      "hv20": 0.5525311143311176,
      "garch": 0.5712287066471254,
      "expansion": 0.03383989033566513,
      "regime": "HIGH",
      "signal": "WEAK"
    },
    {
      "ticker": "CMI",
      "hv20": 0.43273593583512576,
      "garch": 0.3691625323959444,
      "expansion": -0.146910386160772,
      "regime": "HIGH",
      "signal": "WEAK"
    },
    {
      "ticker": "CRWV",
      "hv20": 0.7991896111239162,
      "garch": 0.9924041445286279,
      "expansion": 0.241763069383485,
      "regime": "LOW",
      "signal": "SIGNAL"
    },
    {
      "ticker": "GENC",
      "hv20": 0.4155923196304386,
      "garch": 0.44527877296708995,
      "expansion": 0.07143166977447939,
      "regime": "NORMAL",
      "signal": "WEAK"
    },
    {
      "ticker": "GRPN",
      "hv20": 0.8792874391308394,
      "garch": 0.8149303875569548,
      "expansion": -0.0731922790088989,
      "regime": "HIGH",
      "signal": "WEAK"
    },
    {
      "ticker": "JAKK",
      "hv20": 0.2603764026094843,
      "garch": 0.4598459361499413,
      "expansion": 0.766081455697903,
      "regime": "LOW",
      "signal": "SIGNAL"
    },
    {
      "ticker": "KSPI",
      "hv20": 0.2665184890534583,
      "garch": 0.35093009992805013,
      "expansion": 0.31671953107035855,
      "regime": "LOW",
      "signal": "SIGNAL"
    },
    {
      "ticker": "OPEN",
      "hv20": 0.736102259756758,
      "garch": 0.9324185973023558,
      "expansion": 0.26669709940908165,
      "regime": "LOW",
      "signal": "SIGNAL"
    },
    {
      "ticker": "PYPL",
      "hv20": 0.23405545843726822,
      "garch": 0.3907198875066514,
      "expansion": 0.6693474705328119,
      "regime": "LOW",
      "signal": "SIGNAL"
    },
    {
      "ticker": "TENB",
      "hv20": 0.6998980352991583,
      "garch": 0.606519238267524,
      "expansion": -0.13341771561299112,
      "regime": "EXTREME",
      "signal": "WEAK"
    },
    {
      "ticker": "VIA",
      "hv20": 1.008175658547803,
      "garch": null,
      "expansion": null,
      "regime": "NORMAL",
      "signal": "WEAK"
    },
    {
      "ticker": "VST",
      "hv20": 0.4979898239430335,
      "garch": 0.566288789725702,
      "expansion": 0.13714932012442366,
      "regime": "NORMAL",
      "signal": "BASE"
    },
    {
      "ticker": "XNET",
      "hv20": 0.766444165048805,
      "garch": 0.8737977012748964,
      "expansion": 0.1400670017746896,
      "regime": "HIGH",
      "signal": "BASE"
    },
    {
      "ticker": "ZS",
      "hv20": 1.5794360500508882,
      "garch": 0.576013759835081,
      "expansion": -0.6353041582047452,
      "regime": "EXTREME",
      "signal": "WEAK"
    },
    {
      "ticker": "ZTS",
      "hv20": 0.39860583231357377,
      "garch": 0.3128691894292469,
      "expansion": -0.21509129052803191,
      "regime": "HIGH",
      "signal": "WEAK"
    }
  ],
  "correlation": {
    "tickers": [
      "AVAV",
      "BABA",
      "CEG",
      "CMI",
      "CRWV",
      "GENC",
      "GRPN",
      "JAKK",
      "KSPI",
      "OPEN",
      "PYPL",
      "TENB",
      "VIA",
      "VST",
      "XNET",
      "ZS",
      "ZTS"
    ],
    "matrix": [
      [
        1.0,
        0.131,
        0.264,
        0.247,
        0.307,
        0.098,
        0.233,
        0.084,
        0.093,
        0.337,
        0.2,
        0.19,
        0.033,
        0.301,
        0.331,
        0.174,
        0.069
      ],
      [
        0.131,
        1.0,
        0.181,
        0.334,
        0.353,
        0.131,
        0.192,
        0.117,
        0.214,
        0.196,
        0.244,
        0.064,
        -0.037,
        0.226,
        0.478,
        0.038,
        0.077
      ],
      [
        0.264,
        0.181,
        1.0,
        0.312,
        0.218,
        0.149,
        0.08,
        0.09,
        0.053,
        0.19,
        0.124,
        0.063,
        0.006,
        0.796,
        0.247,
        0.041,
        0.122
      ],
      [
        0.247,
        0.334,
        0.312,
        1.0,
        0.367,
        0.362,
        0.186,
        0.152,
        0.232,
        0.201,
        0.065,
        -0.055,
        0.007,
        0.321,
        0.314,
        -0.056,
        0.202
      ],
      [
        0.307,
        0.353,
        0.218,
        0.367,
        1.0,
        0.12,
        0.167,
        0.062,
        0.132,
        0.241,
        0.132,
        0.117,
        0.224,
        0.309,
        0.372,
        0.182,
        0.088
      ],
      [
        0.098,
        0.131,
        0.149,
        0.362,
        0.12,
        1.0,
        0.16,
        0.315,
        0.159,
        0.131,
        0.098,
        0.167,
        0.066,
        0.173,
        0.167,
        0.053,
        0.152
      ],
      [
        0.233,
        0.192,
        0.08,
        0.186,
        0.167,
        0.16,
        1.0,
        0.15,
        0.336,
        0.306,
        0.262,
        0.255,
        0.179,
        0.115,
        0.221,
        0.149,
        0.16
      ],
      [
        0.084,
        0.117,
        0.09,
        0.152,
        0.062,
        0.315,
        0.15,
        1.0,
        0.108,
        0.138,
        0.214,
        -0.032,
        0.143,
        0.061,
        0.196,
        -0.051,
        0.134
      ],
      [
        0.093,
        0.214,
        0.053,
        0.232,
        0.132,
        0.159,
        0.336,
        0.108,
        1.0,
        0.249,
        0.255,
        0.262,
        0.149,
        0.083,
        0.191,
        0.155,
        0.204
      ],
      [
        0.337,
        0.196,
        0.19,
        0.201,
        0.241,
        0.131,
        0.306,
        0.138,
        0.249,
        1.0,
        0.239,
        0.12,
        0.163,
        0.263,
        0.342,
        0.064,
        0.164
      ],
      [
        0.2,
        0.244,
        0.124,
        0.065,
        0.132,
        0.098,
        0.262,
        0.214,
        0.255,
        0.239,
        1.0,
        0.363,
        0.159,
        0.063,
        0.326,
        0.206,
        0.17
      ],
      [
        0.19,
        0.064,
        0.063,
        -0.055,
        0.117,
        0.167,
        0.255,
        -0.032,
        0.262,
        0.12,
        0.363,
        1.0,
        0.335,
        0.076,
        0.165,
        0.56,
        0.103
      ],
      [
        0.033,
        -0.037,
        0.006,
        0.007,
        0.224,
        0.066,
        0.179,
        0.143,
        0.149,
        0.163,
        0.159,
        0.335,
        1.0,
        0.061,
        0.19,
        0.369,
        0.025
      ],
      [
        0.301,
        0.226,
        0.796,
        0.321,
        0.309,
        0.173,
        0.115,
        0.061,
        0.083,
        0.263,
        0.063,
        0.076,
        0.061,
        1.0,
        0.269,
        0.069,
        0.091
      ],
      [
        0.331,
        0.478,
        0.247,
        0.314,
        0.372,
        0.167,
        0.221,
        0.196,
        0.191,
        0.342,
        0.326,
        0.165,
        0.19,
        0.269,
        1.0,
        0.221,
        0.039
      ],
      [
        0.174,
        0.038,
        0.041,
        -0.056,
        0.182,
        0.053,
        0.149,
        -0.051,
        0.155,
        0.064,
        0.206,
        0.56,
        0.369,
        0.069,
        0.221,
        1.0,
        -0.032
      ],
      [
        0.069,
        0.077,
        0.122,
        0.202,
        0.088,
        0.152,
        0.16,
        0.134,
        0.204,
        0.164,
        0.17,
        0.103,
        0.025,
        0.091,
        0.039,
        -0.032,
        1.0
      ]
    ]
  },
  "residual_correlation": {
    "tickers": [
      "AVAV",
      "BABA",
      "CEG",
      "CMI",
      "CRWV",
      "GENC",
      "GRPN",
      "JAKK",
      "KSPI",
      "OPEN",
      "PYPL",
      "TENB",
      "VIA",
      "VST",
      "XNET",
      "ZS",
      "ZTS"
    ],
    "matrix": [
      [
        1.0,
        -0.012,
        0.117,
        0.064,
        0.116,
        -0.032,
        0.086,
        -0.057,
        -0.123,
        0.15,
        0.009,
        0.073,
        -0.142,
        0.148,
        0.163,
        0.099,
        -0.051
      ],
      [
        -0.012,
        1.0,
        0.009,
        0.102,
        0.188,
        -0.081,
        0.024,
        -0.046,
        0.037,
        0.04,
        0.122,
        -0.05,
        -0.161,
        0.056,
        0.344,
        -0.048,
        -0.024
      ],
      [
        0.117,
        0.009,
        1.0,
        0.032,
        -0.04,
        0.03,
        -0.059,
        -0.014,
        -0.12,
        0.029,
        0.039,
        -0.015,
        -0.093,
        0.732,
        0.082,
        0.017,
        0.081
      ],
      [
        0.064,
        0.102,
        0.032,
        1.0,
        0.097,
        0.069,
        -0.063,
        -0.145,
        -0.013,
        -0.067,
        -0.104,
        -0.261,
        -0.116,
        -0.005,
        0.017,
        -0.121,
        0.071
      ],
      [
        0.116,
        0.188,
        -0.04,
        0.097,
        1.0,
        0.014,
        -0.04,
        -0.033,
        -0.095,
        0.017,
        -0.043,
        -0.008,
        0.107,
        0.056,
        0.106,
        0.128,
        0.044
      ],
      [
        -0.032,
        -0.081,
        0.03,
        0.069,
        0.014,
        1.0,
        -0.028,
        0.063,
        -0.072,
        -0.077,
        0.005,
        0.089,
        -0.01,
        0.033,
        -0.04,
        0.012,
        -0.05
      ],
      [
        0.086,
        0.024,
        -0.059,
        -0.063,
        -0.04,
        -0.028,
        1.0,
        0.007,
        0.17,
        0.108,
        0.09,
        0.119,
        0.056,
        -0.038,
        -0.014,
        0.048,
        0.031
      ],
      [
        -0.057,
        -0.046,
        -0.014,
        -0.145,
        -0.033,
        0.063,
        0.007,
        1.0,
        -0.093,
        -0.028,
        0.103,
        -0.134,
        0.082,
        -0.051,
        0.028,
        -0.118,
        -0.052
      ],
      [
        -0.123,
        0.037,
        -0.12,
        -0.013,
        -0.095,
        -0.072,
        0.17,
        -0.093,
        1.0,
        0.067,
        0.074,
        0.15,
        0.017,
        -0.11,
        -0.027,
        0.055,
        0.072
      ],
      [
        0.15,
        0.04,
        0.029,
        -0.067,
        0.017,
        -0.077,
        0.108,
        -0.028,
        0.067,
        1.0,
        0.064,
        -0.024,
        0.033,
        0.106,
        0.156,
        -0.043,
        0.021
      ],
      [
        0.009,
        0.122,
        0.039,
        -0.104,
        -0.043,
        0.005,
        0.09,
        0.103,
        0.074,
        0.064,
        1.0,
        0.251,
        0.002,
        -0.043,
        0.181,
        0.066,
        0.024
      ],
      [
        0.073,
        -0.05,
        -0.015,
        -0.261,
        -0.008,
        0.089,
        0.119,
        -0.134,
        0.15,
        -0.024,
        0.251,
        1.0,
        0.263,
        -0.015,
        0.03,
        0.521,
        -0.01
      ],
      [
        -0.142,
        -0.161,
        -0.093,
        -0.116,
        0.107,
        -0.01,
        0.056,
        0.082,
        0.017,
        0.033,
        0.002,
        0.263,
        1.0,
        -0.038,
        0.056,
        0.302,
        -0.062
      ],
      [
        0.148,
        0.056,
        0.732,
        -0.005,
        0.056,
        0.033,
        -0.038,
        -0.051,
        -0.11,
        0.106,
        -0.043,
        -0.015,
        -0.038,
        1.0,
        0.088,
        0.049,
        0.04
      ],
      [
        0.163,
        0.344,
        0.082,
        0.017,
        0.106,
        -0.04,
        -0.014,
        0.028,
        -0.027,
        0.156,
        0.181,
        0.03,
        0.056,
        0.088,
        1.0,
        0.142,
        -0.108
      ],
      [
        0.099,
        -0.048,
        0.017,
        -0.121,
        0.128,
        0.012,
        0.048,
        -0.118,
        0.055,
        -0.043,
        0.066,
        0.521,
        0.302,
        0.049,
        0.142,
        1.0,
        -0.11
      ],
      [
        -0.051,
        -0.024,
        0.081,
        0.071,
        0.044,
        -0.05,
        0.031,
        -0.052,
        0.072,
        0.021,
        0.024,
        -0.01,
        -0.062,
        0.04,
        -0.108,
        -0.11,
        1.0
      ]
    ]
  },
  "factor_correlation": {
    "factors": [
      "Market",
      "Size",
      "Value (SMID)",
      "Momentum",
      "Quality",
      "Profitability",
      "Liquidity",
      "Credit"
    ],
    "matrix": [
      [
        1.0,
        0.357,
        -0.473,
        0.372,
        -0.19,
        -0.522,
        0.322,
        0.191
      ],
      [
        0.357,
        1.0,
        -0.158,
        0.231,
        0.128,
        0.158,
        0.342,
        0.058
      ],
      [
        -0.473,
        -0.158,
        1.0,
        -0.525,
        0.268,
        0.563,
        -0.371,
        -0.136
      ],
      [
        0.372,
        0.231,
        -0.525,
        1.0,
        -0.192,
        -0.509,
        0.264,
        0.025
      ],
      [
        -0.19,
        0.128,
        0.268,
        -0.192,
        1.0,
        0.397,
        -0.22,
        -0.135
      ],
      [
        -0.522,
        0.158,
        0.563,
        -0.509,
        0.397,
        1.0,
        -0.267,
        -0.086
      ],
      [
        0.322,
        0.342,
        -0.371,
        0.264,
        -0.22,
        -0.267,
        1.0,
        0.171
      ],
      [
        0.191,
        0.058,
        -0.136,
        0.025,
        -0.135,
        -0.086,
        0.171,
        1.0
      ]
    ]
  },
  "factor_exposures": [
    {
      "ticker": "AVAV",
      "r_squared": 0.17925599058982522,
      "alpha_annual": -0.2015257366379357,
      "idio_vol_annual": 0.6624340677026717,
      "Market": 1.0088479182427765,
      "Size": 0.8091795475067971,
      "Value (SMID)": -2.163595672635901,
      "Momentum": -0.6242465665880947,
      "Quality": -1.3408012710812924,
      "Profitability": 0.004645176075455298,
      "Liquidity": 0.050323476662166224,
      "Credit": -1.6811435668511843
    },
    {
      "ticker": "BABA",
      "r_squared": 0.15008629107880733,
      "alpha_annual": -0.3217636471816951,
      "idio_vol_annual": 0.39737020227509323,
      "Market": 1.1819709870438078,
      "Size": 0.17334880359554022,
      "Value (SMID)": 0.2267399323022705,
      "Momentum": -0.11765771623425017,
      "Quality": -0.17395068395965058,
      "Profitability": -0.24951468337302235,
      "Liquidity": 0.19535451396640027,
      "Credit": 0.8931180789720844
    },
    {
      "ticker": "CEG",
      "r_squared": 0.2491535036224365,
      "alpha_annual": -0.39340954512948545,
      "idio_vol_annual": 0.404567173846516,
      "Market": 0.7232414575628329,
      "Size": 0.3664330027558667,
      "Value (SMID)": -0.46217075618947173,
      "Momentum": 0.6846849137359142,
      "Quality": -0.7544879582703484,
      "Profitability": -0.6312847030816676,
      "Liquidity": -0.34146375434193144,
      "Credit": -0.805997400098563
    },
    {
      "ticker": "CMI",
      "r_squared": 0.4990378275867545,
      "alpha_annual": 0.35364697747084584,
      "idio_vol_annual": 0.23287864936855382,
      "Market": 1.1343676249466341,
      "Size": 0.8480646433065294,
      "Value (SMID)": 0.4219178524983276,
      "Momentum": 0.786171390828753,
      "Quality": 0.38386789471838817,
      "Profitability": -0.20542132458815726,
      "Liquidity": -0.32157557449416435,
      "Credit": 0.9096851189421475
    },
    {
      "ticker": "CRWV",
      "r_squared": 0.2871195293913106,
      "alpha_annual": -0.8053991719513041,
      "idio_vol_annual": 0.8045965134625757,
      "Market": 0.9166145373330881,
      "Size": 0.7568882185368102,
      "Value (SMID)": -2.1633025957895917,
      "Momentum": 1.021853830389845,
      "Quality": -4.614963428738097,
      "Profitability": -0.009547553004615784,
      "Liquidity": 0.4181498209896477,
      "Credit": 1.5397112289745534
    },
    {
      "ticker": "GENC",
      "r_squared": 0.33458455827777334,
      "alpha_annual": -0.4482424122915044,
      "idio_vol_annual": 0.32696630480762673,
      "Market": 1.4149754513250856,
      "Size": 1.1714542911538193,
      "Value (SMID)": 1.170385014241108,
      "Momentum": 0.00499879733870513,
      "Quality": -0.5207348966987269,
      "Profitability": 0.13777442933663994,
      "Liquidity": -0.16650275666983508,
      "Credit": 0.5767846798110927
    },
    {
      "ticker": "GRPN",
      "r_squared": 0.1592961206567517,
      "alpha_annual": -1.1438084403823732,
      "idio_vol_annual": 0.6293404439666173,
      "Market": 1.8699129715496938,
      "Size": 0.21495950073305586,
      "Value (SMID)": -0.8860389541375437,
      "Momentum": -0.0935736436998952,
      "Quality": -1.9353685390792676,
      "Profitability": 1.4677670491590478,
      "Liquidity": 0.2036437456145728,
      "Credit": 1.6145291035514229
    },
    {
      "ticker": "JAKK",
      "r_squared": 0.2876653841401231,
      "alpha_annual": -0.32170306305037105,
      "idio_vol_annual": 0.36097666169835013,
      "Market": 1.404528819027272,
      "Size": 0.9864947644892678,
      "Value (SMID)": 0.83216762278255,
      "Momentum": -0.39908022377349084,
      "Quality": 1.5471712843667436,
      "Profitability": -0.2764361960734697,
      "Liquidity": 0.4164936344582564,
      "Credit": -0.3208227720156984
    },
    {
      "ticker": "KSPI",
      "r_squared": 0.22972895714897112,
      "alpha_annual": -0.29088016094372854,
      "idio_vol_annual": 0.3155326556078606,
      "Market": 1.2972418747702952,
      "Size": 0.3763093633513007,
      "Value (SMID)": -0.30801197156899746,
      "Momentum": -0.6053713679090801,
      "Quality": 0.11971065832618093,
      "Profitability": 0.13801110925888588,
      "Liquidity": -0.038647573381013586,
      "Credit": 0.3863070803053475
    },
    {
      "ticker": "OPEN",
      "r_squared": 0.11898784600283241,
      "alpha_annual": 1.2800319754439031,
      "idio_vol_annual": 1.3594641450323344,
      "Market": 2.9785080481658364,
      "Size": 1.1753167807423113,
      "Value (SMID)": -1.7295594955463314,
      "Momentum": -1.6376783536478918,
      "Quality": 1.6205981852348936,
      "Profitability": 1.0335034509382746,
      "Liquidity": 1.7992519924805996,
      "Credit": -3.0221915251157094
    },
    {
      "ticker": "PYPL",
      "r_squared": 0.3097455452622506,
      "alpha_annual": -0.7716071052919051,
      "idio_vol_annual": 0.33634266535449325,
      "Market": 1.8903145743790128,
      "Size": -0.42784776070954533,
      "Value (SMID)": -0.9223517271030385,
      "Momentum": -0.9383795521103184,
      "Quality": 1.5788463596868916,
      "Profitability": 0.7612393651180287,
      "Liquidity": 0.4721414598204164,
      "Credit": -0.09982165883856005
    },
    {
      "ticker": "TENB",
      "r_squared": 0.15019298239766887,
      "alpha_annual": -0.38561507332670475,
      "idio_vol_annual": 0.4078030634521364,
      "Market": 1.5464186305113459,
      "Size": -0.13301561205135087,
      "Value (SMID)": -0.7871356924707077,
      "Momentum": -0.2813083037910994,
      "Quality": -0.48100563710262423,
      "Profitability": 1.3432416137937189,
      "Liquidity": -0.2388589571863183,
      "Credit": -0.29078345235813857
    },
    {
      "ticker": "VIA",
      "r_squared": 0.12601201746450785,
      "alpha_annual": -1.673882249200322,
      "idio_vol_annual": 0.6851527726727545,
      "Market": 1.2757852657715547,
      "Size": 0.307992712891862,
      "Value (SMID)": -1.5182553040685416,
      "Momentum": -1.2712422650717705,
      "Quality": -1.7391271003038327,
      "Profitability": 0.6478584943481903,
      "Liquidity": 0.5620437125299766,
      "Credit": -0.9590741640974391
    },
    {
      "ticker": "VST",
      "r_squared": 0.2726235573546969,
      "alpha_annual": -0.3931268569940572,
      "idio_vol_annual": 0.4130308579943561,
      "Market": 0.5692615010052002,
      "Size": 0.740320219270055,
      "Value (SMID)": -0.6804599937762894,
      "Momentum": 0.7254100042409463,
      "Quality": -1.7030646971638512,
      "Profitability": -0.521950788194779,
      "Liquidity": -0.698774566085615,
      "Credit": -0.6576418229549632
    },
    {
      "ticker": "XNET",
      "r_squared": 0.16951109959784394,
      "alpha_annual": -0.7173514271629723,
      "idio_vol_annual": 0.7256101015322575,
      "Market": 1.9988891280811534,
      "Size": 0.1606292434716896,
      "Value (SMID)": -0.6859431784664066,
      "Momentum": -0.5541255817187944,
      "Quality": 0.2899799974863868,
      "Profitability": 0.5115793099648418,
      "Liquidity": 1.3043881774591335,
      "Credit": 2.3576016775915316
    },
    {
      "ticker": "ZS",
      "r_squared": 0.09348640816471399,
      "alpha_annual": -0.9949450604198369,
      "idio_vol_annual": 0.5955040612512583,
      "Market": 1.3582926704292286,
      "Size": -0.4370546763052739,
      "Value (SMID)": -1.1832059074036652,
      "Momentum": -1.058897710481957,
      "Quality": -1.0006362218272447,
      "Profitability": 0.843690045625681,
      "Liquidity": 0.13945561059202588,
      "Credit": 0.002712365709039304
    },
    {
      "ticker": "ZTS",
      "r_squared": 0.1767045897314936,
      "alpha_annual": -0.9769482701684087,
      "idio_vol_annual": 0.34135208229235864,
      "Market": 1.4217764248304652,
      "Size": -0.006556855179300546,
      "Value (SMID)": 0.09233831162975187,
      "Momentum": -0.1109070516747697,
      "Quality": 1.3249353842271172,
      "Profitability": 0.9394500611296945,
      "Liquidity": 0.164480205018974,
      "Credit": -0.6272188302632229
    }
  ],
  "portfolio_factor_exposure": {
    "loadings": {
      "Market": 1.4658198523984882,
      "Size": 0.3399710211483542,
      "Value (SMID)": -0.64065995140214,
      "Momentum": -0.33348774394858893,
      "Quality": -0.6883153842864579,
      "Profitability": 0.5163742295874333,
      "Liquidity": 0.2535436766885611,
      "Credit": 0.49767994743924177
    },
    "alpha_annual": -0.6968119746295002,
    "r_squared_weighted": 0.21282587072996917
  },
  "stress_tests": [
    {
      "scenario": "COVID Crash (Feb-Mar 2020)",
      "market_move": -0.339,
      "portfolio_impact": -0.5366678050698178,
      "stressed_nav": 446474.852609587,
      "pnl": -517142.3047883889,
      "description": "Rapid 33.9% selloff in SPY over 23 trading days as COVID-19 spread."
    },
    {
      "scenario": "2022 Rate Shock (Jan-Oct)",
      "market_move": -0.252,
      "portfolio_impact": -0.39893889934393534,
      "stressed_nav": 579192.7892366957,
      "pnl": -384424.3681612802,
      "description": "Grinding 9-month decline as the Fed hiked rates aggressively."
    },
    {
      "scenario": "GFC 2008-09",
      "market_move": -0.565,
      "portfolio_impact": -0.8944463417830295,
      "stressed_nav": 101713.3160839946,
      "pnl": -861903.8413139813,
      "description": "Credit crisis bear market; SPY drew down 56.5% from Oct 2007 peak."
    },
    {
      "scenario": "Dot-Com Bust (2000-02)",
      "market_move": -0.491,
      "portfolio_impact": -0.7772976173725089,
      "stressed_nav": 214599.83689325934,
      "pnl": -749017.3205047166,
      "description": "Tech bubble burst; SPY -49.1% peak-to-trough over 30 months."
    },
    {
      "scenario": "Black Monday (Oct 1987)",
      "market_move": -0.204,
      "portfolio_impact": -0.3229505375641381,
      "stressed_nav": 652416.4784102729,
      "pnl": -311200.67898770305,
      "description": "Flash crash; -20.4% on a single trading day."
    },
    {
      "scenario": "Aug 2024 Yen Carry Unwind",
      "market_move": -0.084,
      "portfolio_impact": -0.1329796331146451,
      "stressed_nav": 835475.7013442159,
