{
  "generated_at": "2026-06-25T17:30:13.322128Z",
  "market_session": "OPEN",
  "fund_name": "Convex Capital",
  "tagline": "Lose small. Win big. \u2014 Paper-traded portfolio. Hypothetical performance for educational purposes only.",
  "summary": {
    "nav": 1069952.8599782563,
    "cash": 4722.310000000056,
    "equity": 1065230.5499782562,
    "deposits": 1000000.0,
    "total_return": 0.06995285997825618,
    "realized_pnl": 0.0,
    "open_positions": 16
  },
  "metrics": {
    "period_return": 0.06965085818778216,
    "calendar_days_since_inception": 24,
    "trading_days_observed": 17,
    "annualized_return": 1.7843431098339306,
    "annualized_return_arithmetic": 1.0345715136127684,
    "annualized_vol": 0.2714228586017504,
    "sharpe": 3.6535671553924627,
    "sortino": 6.616567261885371,
    "calmar": 46.95426174179824,
    "max_drawdown": -0.038001728568240384,
    "var_95_1d": -0.01784868046815382,
    "risk_free_rate": 0.04383999824523926,
    "beta_benchmark": 0.8207396238981234,
    "benchmark_annualized_return": 0.2655720196656044,
    "benchmark_annualized_return_arithmetic": 0.23563430653263687,
    "benchmark_period_return": 0.03543452450514617,
    "period_active_return": 0.03421633368263599,
    "treynor": 1.2071203662155667,
    "jensens_alpha": 0.8333183269179297,
    "information_ratio": 2.5499980741347796,
    "tracking_error": 0.19244632692112285,
    "annualized_active_return": 0.6327415883298011,
    "annualized_active_return_arithmetic": 0.4907377630231754,
    "up_capture": 1.1916807177133373,
    "down_capture": 0.8786111913519843,
    "data_basis": "realized_nav",
    "days_of_live_nav": 18,
    "benchmark_ticker": "IWM",
    "benchmark_name": "Russell 2000",
    "beta_spy": 0.8207396238981234,
    "beta_spy_stress": 1.5470917834043851
  },
  "nav_curve": [
    {
      "date": "2026-06-01",
      "value": 999882.8292976379
    },
    {
      "date": "2026-06-02",
      "value": 1005079.4966617966
    },
    {
      "date": "2026-06-03",
      "value": 995768.7768651581
    },
    {
      "date": "2026-06-04",
      "value": 1004929.1794892884
    },
    {
      "date": "2026-06-05",
      "value": 974274.0015833282
    },
    {
      "date": "2026-06-08",
      "value": 974266.9881036186
    },
    {
      "date": "2026-06-09",
      "value": 979640.5088702394
    },
    {
      "date": "2026-06-10",
      "value": 966884.7384401513
    },
    {
      "date": "2026-06-11",
      "value": 990753.0886875344
    },
    {
      "date": "2026-06-12",
      "value": 996222.4282127572
    },
    {
      "date": "2026-06-15",
      "value": 1017018.2685251809
    },
    {
      "date": "2026-06-16",
      "value": 1019223.7061524964
    },
    {
      "date": "2026-06-17",
      "value": 1004256.765778122
    },
    {
      "date": "2026-06-18",
      "value": 1005956.2144795037
    },
    {
      "date": "2026-06-22",
      "value": 1013145.2704611397
    },
    {
      "date": "2026-06-23",
      "value": 1003670.4086042023
    },
    {
      "date": "2026-06-24",
      "value": 1028642.2278996087
    },
    {
      "date": "2026-06-25",
      "value": 1069525.526445446
    }
  ],
  "drawdown_curve": [
    {
      "date": "2026-06-01",
      "value": 0.0
    },
    {
      "date": "2026-06-02",
      "value": 0.0
    },
    {
      "date": "2026-06-03",
      "value": -0.009263665040986776
    },
    {
      "date": "2026-06-04",
      "value": -0.00014955749570802555
    },
    {
      "date": "2026-06-05",
      "value": -0.030649809473562682
    },
    {
      "date": "2026-06-08",
      "value": -0.03065678750836781
    },
    {
      "date": "2026-06-09",
      "value": -0.025310423579476604
    },
    {
      "date": "2026-06-10",
      "value": -0.038001728568240384
    },
    {
      "date": "2026-06-11",
      "value": -0.01425400480444075
    },
    {
      "date": "2026-06-12",
      "value": -0.008812306368259061
    },
    {
      "date": "2026-06-15",
      "value": 0.0
    },
    {
      "date": "2026-06-16",
      "value": 0.0
    },
    {
      "date": "2026-06-17",
      "value": -0.014684647034823809
    },
    {
      "date": "2026-06-18",
      "value": -0.01301725184854327
    },
    {
      "date": "2026-06-22",
      "value": -0.005963789553426265
    },
    {
      "date": "2026-06-23",
      "value": -0.015259944852545435
    },
    {
      "date": "2026-06-24",
      "value": 0.0
    },
    {
      "date": "2026-06-25",
      "value": 0.0
    }
  ],
  "benchmarks": {
    "SPY": [
      {
        "date": "2026-06-01",
        "value": 0.0
      },
      {
        "date": "2026-06-02",
        "value": 0.0013579397972762752
      },
      {
        "date": "2026-06-03",
        "value": -0.005668771434361286
      },
      {
        "date": "2026-06-04",
        "value": -0.0019115061781299625
      },
      {
        "date": "2026-06-05",
        "value": -0.027671542654459702
      },
      {
        "date": "2026-06-08",
        "value": -0.025470023194608782
      },
      {
        "date": "2026-06-09",
        "value": -0.02833070775180091
      },
      {
        "date": "2026-06-10",
        "value": -0.04364962071587053
      },
      {
        "date": "2026-06-11",
        "value": -0.027394678792744487
      },
      {
        "date": "2026-06-12",
        "value": -0.022134588105308994
      },
      {
        "date": "2026-06-15",
        "value": -0.0048909388718152425
      },
      {
        "date": "2026-06-16",
        "value": -0.010823344076597685
      },
      {
        "date": "2026-06-17",
        "value": -0.023176054438276084
      },
      {
        "date": "2026-06-18",
        "value": -0.013020023259145863
      },
      {
        "date": "2026-06-22",
        "value": -0.016126029204297176
      },
      {
        "date": "2026-06-23",
        "value": -0.030413801760312054
      },
      {
        "date": "2026-06-24",
        "value": -0.03086322150786902
      },
      {
        "date": "2026-06-25",
        "value": -0.030717851846210786
      }
    ],
    "IWM": [
      {
        "date": "2026-06-01",
        "value": 0.0
      },
      {
        "date": "2026-06-02",
        "value": 0.009273902616242058
      },
      {
        "date": "2026-06-03",
        "value": -0.004533265755123028
      },
      {
        "date": "2026-06-04",
        "value": 0.010485102307313143
      },
      {
        "date": "2026-06-05",
        "value": -0.025365222965751943
      },
      {
        "date": "2026-06-08",
        "value": -0.016852527916236926
      },
      {
        "date": "2026-06-09",
        "value": -0.013703535746163342
      },
      {
        "date": "2026-06-10",
        "value": -0.023981055236295123
      },
      {
        "date": "2026-06-11",
        "value": 0.00494832553389335
      },
      {
        "date": "2026-06-12",
        "value": 0.01373793881377372
      },
      {
        "date": "2026-06-15",
        "value": 0.022010765090349826
      },
      {
        "date": "2026-06-16",
        "value": 0.013130856989941098
      },
      {
        "date": "2026-06-17",
        "value": 0.005499833171586088
      },
      {
        "date": "2026-06-18",
        "value": 0.025305943833869415
      },
      {
        "date": "2026-06-22",
        "value": 0.03428980212625787
      },
      {
        "date": "2026-06-23",
        "value": 0.02436943940571834
      },
      {
        "date": "2026-06-24",
        "value": 0.0291215086708434
      },
      {
        "date": "2026-06-25",
        "value": 0.03543452450514617
      }
    ]
  },
  "holdings": [
    {
      "ticker": "GRPN",
      "company": "Groupon, Inc.",
      "sector": "Communication Services",
      "country": "United States",
      "shares": 11310.0,
      "price": 21.34000015258789,
      "cost_basis": 17.3017824933687,
      "market_value": 241355.40172576904,
      "unrealized_pnl": 45672.241725769025,
      "short_percent_of_float": 0.56310004,
      "short_ratio": 5.75
    },
    {
      "ticker": "TENB",
      "company": "Tenable Holdings, Inc.",
      "sector": "Technology",
      "country": "United States",
      "shares": 4766.0,
      "price": 27.514999389648438,
      "cost_basis": 26.224616030214015,
      "market_value": 131136.48709106445,
      "unrealized_pnl": 6149.967091064455,
      "short_percent_of_float": 0.129,
      "short_ratio": 3.05
    },
    {
      "ticker": "KSPI",
      "company": "Joint Stock Company Kaspi.kz",
      "sector": "Technology",
      "country": "Kazakhstan",
      "shares": 1515.0,
      "price": 86.08000183105469,
      "cost_basis": 82.53049504950495,
      "market_value": 130411.20277404785,
      "unrealized_pnl": 5377.502774047853,
      "short_percent_of_float": 0.0159,
      "short_ratio": 3.24
    },
    {
      "ticker": "CMI",
      "company": "Cummins Inc.",
      "sector": "Industrials",
      "country": "United States",
      "shares": 153.0,
      "price": 722.47998046875,
      "cost_basis": 651.1282352941176,
      "market_value": 110539.43701171875,
      "unrealized_pnl": 10916.817011718751,
      "short_percent_of_float": 0.0171,
      "short_ratio": 2.07
    },
    {
      "ticker": "JAKK",
      "company": "JAKKS Pacific, Inc.",
      "sector": "Consumer Cyclical",
      "country": "United States",
      "shares": 3436.0,
      "price": 23.299999237060547,
      "cost_basis": 21.83,
      "market_value": 80058.79737854004,
      "unrealized_pnl": 5050.917378540045,
      "short_percent_of_float": 0.039100002,
      "short_ratio": 7.32
    },
    {
      "ticker": "XNET",
      "company": "Xunlei Limited",
      "sector": "Technology",
      "country": "China",
      "shares": 10526.0,
      "price": 5.070000171661377,
      "cost_basis": 4.75,
      "market_value": 53366.821806907654,
      "unrealized_pnl": 3368.321806907654,
      "short_percent_of_float": 0.0377,
      "short_ratio": 6.03
    },
    {
      "ticker": "VIA",
      "company": "Via Transportation, Inc.",
      "sector": "Technology",
      "country": "United States",
      "shares": 3280.0,
      "price": 15.229999542236328,
      "cost_basis": 15.241405487804878,
      "market_value": 49954.398498535156,
      "unrealized_pnl": -37.41150146484259,
      "short_percent_of_float": 0.13520001,
      "short_ratio": 6.88
    },
    {
      "ticker": "CRWV",
      "company": "CoreWeave, Inc.",
      "sector": "Technology",
      "country": "United States",
      "shares": 468.0,
      "price": 100.11000061035156,
      "cost_basis": 106.78134615384614,
      "market_value": 46851.48028564453,
      "unrealized_pnl": -3122.1897143554643,
      "short_percent_of_float": 0.18190001,
      "short_ratio": 1.91
    },
    {
      "ticker": "ZS",
      "company": "Zscaler, Inc.",
      "sector": "Technology",
      "country": "United States",
      "shares": 365.0,
      "price": 123.48500061035156,
      "cost_basis": 136.79813698630136,
      "market_value": 45072.02522277832,
      "unrealized_pnl": -4859.294777221676,
      "short_percent_of_float": 0.114700004,
      "short_ratio": 2.09
    },
    {
      "ticker": "VST",
      "company": "Vistra Corp.",
      "sector": "Utilities",
      "country": "United States",
      "shares": 162.0,
      "price": 167.6750030517578,
      "cost_basis": 154.76,
      "market_value": 27163.350494384766,
      "unrealized_pnl": 2092.230494384767,
      "short_percent_of_float": 0.0539,
      "short_ratio": 2.73
    },
    {
      "ticker": "ESI",
      "company": "Element Solutions Inc",
      "sector": "Basic Materials",
      "country": "United States",
      "shares": 557.0,
      "price": 47.619998931884766,
      "cost_basis": 44.92,
      "market_value": 26524.339405059814,
      "unrealized_pnl": 1503.8994050598135,
      "short_percent_of_float": 0.0838,
      "short_ratio": 4.45
    },
    {
      "ticker": "GENC",
      "company": "Gencor Industries, Inc.",
      "sector": "Industrials",
      "country": "United States",
      "shares": 1746.0,
      "price": 14.869999885559082,
      "cost_basis": 14.32,
      "market_value": 25963.019800186157,
      "unrealized_pnl": 960.2998001861567,
      "short_percent_of_float": 0.0064,
      "short_ratio": 2.39
    },
    {
      "ticker": "CEG",
      "company": "Constellation Energy Corporation",
      "sector": "Utilities",
      "country": "United States",
      "shares": 94.0,
      "price": 270.864990234375,
      "cost_basis": 265.7,
      "market_value": 25461.30908203125,
      "unrealized_pnl": 485.50908203125107,
      "short_percent_of_float": 0.036,
      "short_ratio": 3.46
    },
    {
      "ticker": "ZTS",
      "company": "Zoetis Inc.",
      "sector": "Healthcare",
      "country": "United States",
      "shares": 312.0,
      "price": 78.04000091552734,
      "cost_basis": 80.09,
      "market_value": 24348.48028564453,
      "unrealized_pnl": -639.5997143554698,
      "short_percent_of_float": 0.0363,
      "short_ratio": 1.45
    },
    {
      "ticker": "PYPL",
      "company": "PayPal Holdings, Inc.",
      "sector": "Financial Services",
      "country": "United States",
      "shares": 553.0,
      "price": 42.529998779296875,
      "cost_basis": 45.19,
      "market_value": 23519.089324951172,
      "unrealized_pnl": -1470.980675048827,
      "short_percent_of_float": 0.0626,
      "short_ratio": 3.16
    },
    {
      "ticker": "OPEN",
      "company": "Opendoor Technologies Inc.",
      "sector": "Real Estate",
      "country": "United States",
      "shares": 5479.0,
      "price": 4.289999961853027,
      "cost_basis": 4.562927541522176,
      "market_value": 23504.909790992737,
      "unrealized_pnl": -1495.370209007264,
      "short_percent_of_float": 0.16149999,
      "short_ratio": 3.77
    }
  ],
  "sector_exposure": [
    {
      "name": "Technology",
      "value": 456792.41567897797,
      "pct": 0.42692760846329336
    },
    {
      "name": "Communication Services",
      "value": 241355.40172576904,
      "pct": 0.2255757339913778
    },
    {
      "name": "Industrials",
      "value": 136502.4568119049,
      "pct": 0.12757801013278186
    },
    {
      "name": "Consumer Cyclical",
      "value": 80058.79737854004,
      "pct": 0.0748246024410524
    },
    {
      "name": "Utilities",
      "value": 52624.659576416016,
      "pct": 0.04918409169679257
    },
    {
      "name": "Basic Materials",
      "value": 26524.339405059814,
      "pct": 0.02479019440688148
    },
    {
      "name": "Healthcare",
      "value": 24348.48028564453,
      "pct": 0.022756591618568453
    },
    {
      "name": "Financial Services",
      "value": 23519.089324951172,
      "pct": 0.021981425728820548
    },
    {
      "name": "Real Estate",
      "value": 23504.909790992737,
      "pct": 0.021968173244072086
    },
    {
      "name": "Cash",
      "value": 4722.310000000056,
      "pct": 0.004413568276359412
    }
  ],
  "geographic_exposure": [
    {
      "name": "United States",
      "value": 881452.5253973007,
      "pct": 0.8238237013686881
    },
    {
      "name": "Kazakhstan",
      "value": 130411.20277404785,
      "pct": 0.12188499853787772
    },
    {
      "name": "China",
      "value": 53366.821806907654,
      "pct": 0.049877731817074805
    },
    {
      "name": "Cash",
      "value": 4722.310000000056,
      "pct": 0.004413568276359412
    }
  ],
  "signals": [
    {
      "ticker": "CEG",
      "label": "BUY",
      "composite": 1.0,
      "rsi": 49.8,
      "subs": {
        "rsi": 0.5,
        "macd": 0.5,
        "trend": -0.5,
        "bb": 0.5,
        "vol": 0.0,
        "range": 0.0
      }
    },
    {
      "ticker": "CMI",
      "label": "STRONG BUY",
      "composite": 2.5,
      "rsi": 60.2,
      "subs": {
        "rsi": 0.5,
        "macd": 0.5,
        "trend": 0.5,
        "bb": 0.5,
        "vol": 0.0,
        "range": 0.5
      }
    },
    {
      "ticker": "CRWV",
      "label": "SELL",
      "composite": -1.5,
      "rsi": 43.9,
      "subs": {
        "rsi": 0.0,
        "macd": -0.5,
        "trend": 0.0,
        "bb": -0.5,
        "vol": 0.0,
        "range": -0.5
      }
    },
    {
      "ticker": "ESI",
      "label": "STRONG BUY",
      "composite": 3.0,
      "rsi": 62.2,
      "subs": {
        "rsi": 0.5,
        "macd": 0.5,
        "trend": 0.5,
        "bb": 0.5,
        "vol": 0.5,
        "range": 0.5
      }
    },
    {
      "ticker": "GENC",
      "label": "STRONG BUY",
      "composite": 2.0,
      "rsi": 51.9,
      "subs": {
        "rsi": 0.5,
        "macd": 0.5,
        "trend": 0.5,
        "bb": 0.5,
        "vol": 0.0,
        "range": 0.0
      }
    },
    {
      "ticker": "GRPN",
      "label": "STRONG BUY",
      "composite": 2.0,
      "rsi": 67.1,
      "subs": {
        "rsi": 0.5,
        "macd": 0.5,
        "trend": 0.5,
        "bb": 0.0,
        "vol": 0.0,
        "range": 0.5
      }
    },
    {
      "ticker": "JAKK",
      "label": "STRONG BUY",
      "composite": 2.0,
      "rsi": 64.7,
      "subs": {
        "rsi": 0.5,
        "macd": 0.5,
        "trend": 0.5,
        "bb": 0.0,
        "vol": 0.0,
        "range": 0.5
      }
    },
    {
      "ticker": "KSPI",
      "label": "BUY",
      "composite": 1.5,
      "rsi": 53.8,
      "subs": {
        "rsi": 0.5,
        "macd": 0.5,
        "trend": 0.0,
        "bb": 0.5,
        "vol": 0.0,
        "range": 0.0
      }
    },
    {
      "ticker": "OPEN",
      "label": "STRONG SELL",
      "composite": -2.0,
      "rsi": 41.6,
      "subs": {
        "rsi": 0.0,
        "macd": -0.5,
        "trend": -0.5,
        "bb": -0.5,
        "vol": 0.0,
        "range": -0.5
      }
    },
    {
      "ticker": "PYPL",
      "label": "NEUTRAL",
      "composite": 0.0,
      "rsi": 46.0,
      "subs": {
        "rsi": 0.5,
        "macd": 0.5,
        "trend": -0.5,
        "bb": -0.5,
        "vol": 0.0,
        "range": 0.0
      }
    },
    {
      "ticker": "TENB",
      "label": "SELL",
      "composite": -1.0,
      "rsi": 57.5,
      "subs": {
        "rsi": 0.5,
        "macd": -0.5,
        "trend": 0.0,
        "bb": -0.5,
        "vol": -0.5,
        "range": 0.0
      }
    },
    {
      "ticker": "VIA",
      "label": "BUY",
      "composite": 1.5,
      "rsi": 51.3,
      "subs": {
        "rsi": 0.5,
        "macd": 0.5,
        "trend": -0.5,
        "bb": 0.5,
        "vol": 0.5,
        "range": 0.0
      }
    },
    {
      "ticker": "VST",
      "label": "STRONG BUY",
      "composite": 2.0,
      "rsi": 62.1,
      "subs": {
        "rsi": 0.5,
        "macd": 0.5,
        "trend": 0.0,
        "bb": 0.5,
        "vol": 0.0,
        "range": 0.5
      }
    },
    {
      "ticker": "XNET",
      "label": "NEUTRAL",
      "composite": 0.0,
      "rsi": 44.8,
      "subs": {
        "rsi": 0.0,
        "macd": 0.5,
        "trend": -0.5,
        "bb": -0.5,
        "vol": 0.5,
        "range": 0.0
      }
    },
    {
      "ticker": "ZS",
      "label": "STRONG SELL",
      "composite": -2.0,
      "rsi": 40.3,
      "subs": {
        "rsi": 0.0,
        "macd": -0.5,
        "trend": -0.5,
        "bb": -0.5,
        "vol": 0.0,
        "range": -0.5
      }
    },
    {
      "ticker": "ZTS",
      "label": "LEAN BEAR",
      "composite": -0.5,
      "rsi": 39.9,
      "subs": {
        "rsi": 0.0,
        "macd": 0.5,
        "trend": -0.5,
        "bb": -0.5,
        "vol": 0.0,
        "range": 0.0
      }
    }
  ],
  "volatility": [
    {
      "ticker": "CEG",
      "hv20": 0.43810661309352633,
      "garch": 0.5230470487959175,
      "expansion": 0.19388074309724737,
      "regime": "NORMAL",
      "signal": "BASE"
    },
    {
      "ticker": "CMI",
      "hv20": 0.46401834387883506,
      "garch": 0.3654887712824078,
      "expansion": -0.21233982211305721,
      "regime": "HIGH",
      "signal": "WEAK"
    },
    {
      "ticker": "CRWV",
      "hv20": 0.87642257495855,
      "garch": 0.9398154706795043,
      "expansion": 0.07233142725009387,
      "regime": "NORMAL",
      "signal": "WEAK"
    },
    {
      "ticker": "ESI",
      "hv20": 0.5822469949239374,
      "garch": 0.5663327690688547,
      "expansion": -0.02733243107104693,
      "regime": "EXTREME",
      "signal": "WEAK"
    },
    {
      "ticker": "GENC",
      "hv20": 0.3244164358743694,
      "garch": 0.34212526220984013,
      "expansion": 0.05458671132904153,
      "regime": "NORMAL",
      "signal": "WEAK"
    },
    {
      "ticker": "GRPN",
      "hv20": 0.9762734803920011,
      "garch": 0.9423724360979482,
      "expansion": -0.034724946416080794,
      "regime": "EXTREME",
      "signal": "WEAK"
    },
    {
      "ticker": "JAKK",
      "hv20": 0.22660954779936673,
      "garch": 0.4684248938848162,
      "expansion": 1.0671013133989635,
      "regime": "LOW",
      "signal": "SIGNAL"
    },
    {
      "ticker": "KSPI",
      "hv20": 0.36701740519134857,
      "garch": 0.33839088253170585,
      "expansion": -0.07799772505262513,
      "regime": "HIGH",
      "signal": "WEAK"
    },
    {
      "ticker": "OPEN",
      "hv20": 0.7453462930575186,
      "garch": 0.7048155527773428,
      "expansion": -0.054378401902172094,
      "regime": "NORMAL",
      "signal": "WEAK"
    },
    {
      "ticker": "PYPL",
      "hv20": 0.3183235625889689,
      "garch": 0.39683760187981504,
      "expansion": 0.24664853161443906,
      "regime": "NORMAL",
      "signal": "SIGNAL"
    },
    {
      "ticker": "TENB",
      "hv20": 0.5639647104233547,
      "garch": 0.3982969865891524,
      "expansion": -0.29375547932749113,
      "regime": "HIGH",
      "signal": "WEAK"
    },
    {
      "ticker": "VIA",
      "hv20": 0.6725489141301547,
      "garch": null,
      "expansion": null,
      "regime": "NORMAL",
      "signal": "WEAK"
    },
    {
      "ticker": "VST",
      "hv20": 0.44768321656791854,
      "garch": 0.5567487168822001,
      "expansion": 0.24362204406591836,
      "regime": "NORMAL",
      "signal": "SIGNAL"
    },
    {
      "ticker": "XNET",
      "hv20": 0.7729480589608793,
      "garch": 0.6962389803096808,
      "expansion": -0.09924221655245906,
      "regime": "HIGH",
      "signal": "WEAK"
    },
    {
      "ticker": "ZS",
      "hv20": 0.6715895354094058,
      "garch": 0.4910875011118484,
      "expansion": -0.2687683842296948,
      "regime": "HIGH",
      "signal": "WEAK"
    },
    {
      "ticker": "ZTS",
      "hv20": 0.2988762514283064,
      "garch": 0.3151941913175205,
      "expansion": 0.05459764638786764,
      "regime": "HIGH",
      "signal": "WEAK"
    }
  ],
  "correlation": {
    "tickers": [
      "CEG",
      "CMI",
      "CRWV",
      "ESI",
      "GENC",
      "GRPN",
      "JAKK",
      "KSPI",
      "OPEN",
      "PYPL",
      "TENB",
      "VIA",
      "VST",
      "XNET",
      "ZS",
      "ZTS"
    ],
    "matrix": [
      [
        1.0,
        0.332,
        0.233,
        0.303,
        0.15,
        0.09,
        0.088,
        0.059,
        0.189,
        0.14,
        0.056,
        0.006,
        0.797,
        0.253,
        0.042,
        0.119
      ],
      [
        0.332,
        1.0,
        0.371,
        0.622,
        0.342,
        0.209,
        0.135,
        0.245,
        0.184,
        0.083,
        -0.066,
        0.002,
        0.361,
        0.31,
        -0.061,
        0.177
      ],
      [
        0.233,
        0.371,
        1.0,
        0.341,
        0.117,
        0.142,
        0.05,
        0.125,
        0.246,
        0.146,
        0.109,
        0.211,
        0.316,
        0.367,
        0.178,
        0.08
      ],
      [
        0.303,
        0.622,
        0.341,
        1.0,
        0.271,
        0.312,
        0.24,
        0.305,
        0.263,
        0.288,
        0.091,
        0.05,
        0.371,
        0.348,
        0.036,
        0.168
      ],
      [
        0.15,
        0.342,
        0.117,
        0.271,
        1.0,
        0.149,
        0.317,
        0.142,
        0.129,
        0.099,
        0.161,
        0.069,
        0.17,
        0.161,
        0.053,
        0.159
      ],
      [
        0.09,
        0.209,
        0.142,
        0.312,
        0.149,
        1.0,
        0.165,
        0.343,
        0.294,
        0.267,
        0.235,
        0.168,
        0.143,
        0.245,
        0.136,
        0.16
      ],
      [
        0.088,
        0.135,
        0.05,
        0.24,
        0.317,
        0.165,
        1.0,
        0.101,
        0.14,
        0.215,
        -0.03,
        0.147,
        0.062,
        0.199,
        -0.047,
        0.148
      ],
      [
        0.059,
        0.245,
        0.125,
        0.305,
        0.142,
        0.343,
        0.101,
        1.0,
        0.245,
        0.261,
        0.26,
        0.134,
        0.111,
        0.206,
        0.152,
        0.182
      ],
      [
        0.189,
        0.184,
        0.246,
        0.263,
        0.129,
        0.294,
        0.14,
        0.245,
        1.0,
        0.249,
        0.12,
        0.153,
        0.255,
        0.348,
        0.064,
        0.172
      ],
      [
        0.14,
        0.083,
        0.146,
        0.288,
        0.099,
        0.267,
        0.215,
        0.261,
        0.249,
        1.0,
        0.351,
        0.145,
        0.088,
        0.342,
        0.205,
        0.177
      ],
      [
        0.056,
        -0.066,
        0.109,
        0.091,
        0.161,
        0.235,
        -0.03,
        0.26,
        0.12,
        0.351,
        1.0,
        0.336,
        0.065,
        0.143,
        0.561,
        0.104
      ],
      [
        0.006,
        0.002,
        0.211,
        0.05,
        0.069,
        0.168,
        0.147,
        0.134,
        0.153,
        0.145,
        0.336,
        1.0,
        0.057,
        0.164,
        0.367,
        0.023
      ],
      [
        0.797,
        0.361,
        0.316,
        0.371,
        0.17,
        0.143,
        0.062,
        0.111,
        0.255,
        0.088,
        0.065,
        0.057,
        1.0,
        0.281,
        0.067,
        0.087
      ],
      [
        0.253,
        0.31,
        0.367,
        0.348,
        0.161,
        0.245,
        0.199,
        0.206,
        0.348,
        0.342,
        0.143,
        0.164,
        0.281,
        1.0,
        0.213,
        0.045
      ],
      [
        0.042,
        -0.061,
        0.178,
        0.036,
        0.053,
        0.136,
        -0.047,
        0.152,
        0.064,
        0.205,
        0.561,
        0.367,
        0.067,
        0.213,
        1.0,
        -0.032
      ],
      [
        0.119,
        0.177,
        0.08,
        0.168,
        0.159,
        0.16,
        0.148,
        0.182,
        0.172,
        0.177,
        0.104,
        0.023,
        0.087,
        0.045,
        -0.032,
        1.0
      ]
    ]
  },
  "residual_correlation": {
    "tickers": [
      "CEG",
      "CMI",
      "CRWV",
      "ESI",
      "GENC",
      "GRPN",
      "JAKK",
      "KSPI",
      "OPEN",
      "PYPL",
      "TENB",
      "VIA",
      "VST",
      "XNET",
      "ZS",
      "ZTS"
    ],
    "matrix": [
      [
        1.0,
        0.056,
        0.002,
        -0.034,
        0.028,
        -0.063,
        -0.021,
        -0.135,
        0.035,
        0.038,
        -0.022,
        -0.102,
        0.73,
        0.093,
        0.01,
        0.074
      ],
      [
        0.056,
        1.0,
        0.125,
        0.246,
        0.075,
        -0.05,
        -0.146,
        -0.006,
        -0.067,
        -0.093,
        -0.26,
        -0.14,
        0.037,
        0.006,
        -0.142,
        0.064
      ],
      [
        0.002,
        0.125,
        1.0,
        0.038,
        0.014,
        -0.058,
        -0.043,
        -0.111,
        0.044,
        -0.038,
        -0.019,
        0.082,
        0.078,
        0.136,
        0.107,
        0.036
      ],
      [
        -0.034,
        0.246,
        0.038,
        1.0,
        -0.071,
        0.05,
        0.002,
        0.018,
        -0.01,
        0.137,
        -0.104,
        -0.124,
        0.003,
        0.029,
        -0.052,
        -0.019
      ],
      [
        0.028,
        0.075,
        0.014,
        -0.071,
        1.0,
        -0.037,
        0.063,
        -0.08,
        -0.076,
        0.0,
        0.093,
        -0.006,
        0.025,
        -0.057,
        0.006,
        -0.036
      ],
      [
        -0.063,
        -0.05,
        -0.058,
        0.05,
        -0.037,
        1.0,
        0.039,
        0.196,
        0.117,
        0.124,
        0.106,
        0.068,
        -0.028,
        0.044,
        0.052,
        0.035
      ],
      [
        -0.021,
        -0.146,
        -0.043,
        0.002,
        0.063,
        0.039,
        1.0,
        -0.09,
        -0.029,
        0.113,
        -0.125,
        0.097,
        -0.056,
        0.03,
        -0.11,
        -0.036
      ],
      [
        -0.135,
        -0.006,
        -0.111,
        0.018,
        -0.08,
        0.196,
        -0.09,
        1.0,
        0.061,
        0.089,
        0.155,
        0.015,
        -0.099,
        -0.018,
        0.062,
        0.047
      ],
      [
        0.035,
        -0.067,
        0.044,
        -0.01,
        -0.076,
        0.117,
        -0.029,
        0.061,
        1.0,
        0.071,
        -0.019,
        0.032,
        0.108,
        0.162,
        -0.045,
        0.029
      ],
      [
        0.038,
        -0.093,
        -0.038,
        0.137,
        0.0,
        0.124,
        0.113,
        0.089,
        0.071,
        1.0,
        0.234,
        0.014,
        -0.031,
        0.196,
        0.074,
        0.026
      ],
      [
        -0.022,
        -0.26,
        -0.019,
        -0.104,
        0.093,
        0.106,
        -0.125,
        0.155,
        -0.019,
        0.234,
        1.0,
        0.271,
        -0.027,
        0.0,
        0.517,
        -0.006
      ],
      [
        -0.102,
        -0.14,
        0.082,
        -0.124,
        -0.006,
        0.068,
        0.097,
        0.015,
        0.032,
        0.014,
        0.271,
        1.0,
        -0.055,
        0.036,
        0.314,
        -0.057
      ],
      [
        0.73,
        0.037,
        0.078,
        0.003,
        0.025,
        -0.028,
        -0.056,
        -0.099,
        0.108,
        -0.031,
        -0.027,
        -0.055,
        1.0,
        0.107,
        0.04,
        0.031
      ],
      [
        0.093,
        0.006,
        0.136,
        0.029,
        -0.057,
        0.044,
        0.03,
        -0.018,
        0.162,
        0.196,
        0.0,
        0.036,
        0.107,
        1.0,
        0.135,
        -0.105
      ],
      [
        0.01,
        -0.142,
        0.107,
        -0.052,
        0.006,
        0.052,
        -0.11,
        0.062,
        -0.045,
        0.074,
        0.517,
        0.314,
        0.04,
        0.135,
        1.0,
        -0.116
      ],
      [
        0.074,
        0.064,
        0.036,
        -0.019,
        -0.036,
        0.035,
        -0.036,
        0.047,
        0.029,
        0.026,
        -0.006,
        -0.057,
        0.031,
        -0.105,
        -0.116,
        1.0
      ]
    ]
  },
  "factor_correlation": {
    "factors": [
      "Market",
      "Size",
      "Value (SMID)",
      "Momentum",
      "Quality",
      "Profitability",
      "Liquidity",
      "Credit"
    ],
    "matrix": [
      [
        1.0,
        0.32,
        -0.5,
        0.399,
        -0.255,
        -0.537,
        0.303,
        0.188
      ],
      [
        0.32,
        1.0,
        -0.152,
        0.248,
        0.158,
        0.156,
        0.322,
        0.032
      ],
      [
        -0.5,
        -0.152,
        1.0,
        -0.551,
        0.309,
        0.601,
        -0.371,
        -0.144
      ],
      [
        0.399,
        0.248,
        -0.551,
        1.0,
        -0.216,
        -0.531,
        0.269,
        0.048
      ],
      [
        -0.255,
        0.158,
        0.309,
        -0.216,
        1.0,
        0.444,
        -0.239,
        -0.131
      ],
      [
        -0.537,
        0.156,
        0.601,
        -0.531,
        0.444,
        1.0,
        -0.275,
        -0.115
      ],
      [
        0.303,
        0.322,
        -0.371,
        0.269,
        -0.239,
        -0.275,
        1.0,
        0.168
      ],
      [
        0.188,
        0.032,
        -0.144,
        0.048,
        -0.131,
        -0.115,
        0.168,
        1.0
      ]
    ]
  },
  "factor_exposures": [
    {
      "ticker": "CEG",
      "r_squared": 0.24647792807598923,
      "alpha_annual": -0.43471431134837846,
      "idio_vol_annual": 0.4051131120032624,
      "Market": 0.6916585017240764,
      "Size": 0.39752260787008986,
      "Value (SMID)": -0.4753575363277864,
      "Momentum": 0.5291733837813815,
      "Quality": -0.8699354173858969,
      "Profitability": -0.6084203288301326,
      "Liquidity": -0.4337457940272296,
      "Credit": -0.9130113477824192
    },
    {
      "ticker": "CMI",
      "r_squared": 0.4823792673058227,
      "alpha_annual": 0.3606076514230633,
      "idio_vol_annual": 0.24564345677625957,
      "Market": 1.1430675837030375,
      "Size": 0.8114842379693292,
      "Value (SMID)": 0.4042454683310489,
      "Momentum": 0.7341841029241045,
      "Quality": -0.02727575581842187,
      "Profitability": -0.16977365928945987,
      "Liquidity": -0.3425658944075624,
      "Credit": 0.8400649864321063
    },
    {
      "ticker": "CRWV",
      "r_squared": 0.27414031869933664,
      "alpha_annual": -1.01895419641358,
      "idio_vol_annual": 0.8019400280712591,
      "Market": 1.0710570370956607,
      "Size": 0.6348361494274736,
      "Value (SMID)": -1.9752946071769588,
      "Momentum": 0.5593424924882644,
      "Quality": -3.9352312744381748,
      "Profitability": -0.18802745079267147,
      "Liquidity": 0.4545051931566545,
      "Credit": 1.8634160084245082
    },
    {
      "ticker": "ESI",
      "r_squared": 0.5154134766324487,
      "alpha_annual": 0.2720476502769909,
      "idio_vol_annual": 0.2884820752279165,
      "Market": 1.6492881889095934,
      "Size": 0.9924531247974758,
      "Value (SMID)": -0.17003967089504599,
      "Momentum": 0.6801617604632925,
      "Quality": 0.24304461942988298,
      "Profitability": 0.22801377695243424,
      "Liquidity": -0.7255360110882733,
      "Credit": 0.2342772088842328
    },
    {
      "ticker": "GENC",
      "r_squared": 0.32738075017342116,
      "alpha_annual": -0.4283390390473344,
      "idio_vol_annual": 0.32311118524880045,
      "Market": 1.285000069519392,
      "Size": 1.2406720448253965,
      "Value (SMID)": 1.1455064954869796,
      "Momentum": -0.04496862017336811,
      "Quality": -0.7753080726165864,
      "Profitability": 0.08693725496805116,
      "Liquidity": -0.1856975791151133,
      "Credit": 0.6636048119879411
    },
    {
      "ticker": "GRPN",
      "r_squared": 0.16063746656992783,
      "alpha_annual": -0.9189837458114846,
      "idio_vol_annual": 0.648115763790812,
      "Market": 1.9302993505194097,
      "Size": 0.2992790771096344,
      "Value (SMID)": -0.9261145935494862,
      "Momentum": 0.22930162682658062,
      "Quality": -1.5808620141178356,
      "Profitability": 1.752902000151748,
      "Liquidity": 0.024134042654322174,
      "Credit": 1.1575422165329667
    },
    {
      "ticker": "JAKK",
      "r_squared": 0.2694819891830832,
      "alpha_annual": -0.21529216232984852,
      "idio_vol_annual": 0.3522181905344386,
      "Market": 1.2485701481012454,
      "Size": 1.0480869060905393,
      "Value (SMID)": 0.873189233662671,
      "Momentum": -0.27885008118258714,
      "Quality": 1.3598151085559214,
      "Profitability": -0.3251286649977504,
      "Liquidity": 0.2813001326208354,
      "Credit": -0.4976795612938908
    },
    {
      "ticker": "KSPI",
      "r_squared": 0.2128376906515932,
      "alpha_annual": -0.13485687064378135,
      "idio_vol_annual": 0.32279897281188735,
      "Market": 1.1842338226915046,
      "Size": 0.45941962532748765,
      "Value (SMID)": -0.30428734489171727,
      "Momentum": -0.44306201999200145,
      "Quality": 0.06169409802924665,
      "Profitability": 0.09220319681363665,
      "Liquidity": -0.0808009305755093,
      "Credit": 0.5141702181280228
    },
    {
      "ticker": "OPEN",
      "r_squared": 0.12339703766883958,
      "alpha_annual": 1.523778749250436,
      "idio_vol_annual": 1.3420272439700207,
      "Market": 3.0631665879929555,
      "Size": 1.279695361719083,
      "Value (SMID)": -1.6016770789780532,
      "Momentum": -1.7928928286833863,
      "Quality": 1.0039202149148847,
      "Profitability": 0.9979310926225116,
      "Liquidity": 1.7461758799703853,
      "Credit": -2.966249701578251
    },
    {
      "ticker": "PYPL",
      "r_squared": 0.2892639851940896,
      "alpha_annual": -0.6599398484168698,
      "idio_vol_annual": 0.33816556008757614,
      "Market": 1.7994620033007052,
      "Size": -0.3535373807881905,
      "Value (SMID)": -0.9286067035755238,
      "Momentum": -0.8061752068613887,
      "Quality": 1.4572172272956356,
      "Profitability": 0.7257538784640533,
      "Liquidity": 0.34104600025034804,
      "Credit": -0.05423240942640366
    },
    {
      "ticker": "TENB",
      "r_squared": 0.1537190371118362,
      "alpha_annual": -0.3266465963972389,
      "idio_vol_annual": 0.40909520690974244,
      "Market": 1.4600557756890518,
      "Size": -0.12153099598723216,
      "Value (SMID)": -0.8785358976766502,
      "Momentum": -0.33011163377336816,
      "Quality": -0.5489375811387377,
      "Profitability": 1.3978909143710396,
      "Liquidity": -0.08951880106030413,
      "Credit": -0.29508501678246296
    },
    {
      "ticker": "VIA",
      "r_squared": 0.10744362862417667,
      "alpha_annual": -1.5121128645176647,
      "idio_vol_annual": 0.6777847388362536,
      "Market": 0.9670656568038091,
      "Size": 0.4386079455737708,
      "Value (SMID)": -1.3762595353021077,
      "Momentum": -0.8896856195447609,
      "Quality": -1.6419589320022627,
      "Profitability": 0.5780607741540434,
      "Liquidity": 0.5982169490288874,
      "Credit": -0.7705071499539956
    },
    {
      "ticker": "VST",
      "r_squared": 0.2957416598069764,
      "alpha_annual": -0.40298819072503417,
      "idio_vol_annual": 0.41226311412853606,
      "Market": 0.6183909179992436,
      "Size": 0.7962153039827327,
      "Value (SMID)": -0.681622098200463,
      "Momentum": 0.6146562103771904,
      "Quality": -1.7961603127171761,
      "Profitability": -0.50718856009328,
      "Liquidity": -0.7735120193782965,
      "Credit": -0.8269031801705052
    },
    {
      "ticker": "XNET",
      "r_squared": 0.16971742960465264,
      "alpha_annual": -0.2633361003207365,
      "idio_vol_annual": 0.67333934439232,
      "Market": 1.78927635799842,
      "Size": 0.21014553878139441,
      "Value (SMID)": -0.7129405490399228,
      "Momentum": -0.20158615988127337,
      "Quality": 0.2508230426196898,
      "Profitability": 0.6938004454839994,
      "Liquidity": 1.0634202077723183,
      "Credit": 2.51514113703471
    },
    {
      "ticker": "ZS",
      "r_squared": 0.09554261358246063,
      "alpha_annual": -0.9362788416060792,
      "idio_vol_annual": 0.5967022048409373,
      "Market": 1.3384496433180937,
      "Size": -0.38499423894672585,
      "Value (SMID)": -1.1646109521249137,
      "Momentum": -0.9386071211328827,
      "Quality": -0.9218338029348793,
      "Profitability": 0.9281917055242546,
      "Liquidity": 0.22251944577398414,
      "Credit": 0.13489913914989585
    },
    {
      "ticker": "ZTS",
      "r_squared": 0.1698208506257629,
      "alpha_annual": -0.8850660002172531,
      "idio_vol_annual": 0.3440450755510526,
      "Market": 1.342469819803743,
      "Size": 0.15375562319906377,
