{
  "generated_at": "2026-06-22T21:49:38.226562Z",
  "market_session": "AFTER",
  "fund_name": "Convex Capital",
  "tagline": "Lose small. Win big. \u2014 Paper-traded portfolio. Hypothetical performance for educational purposes only.",
  "summary": {
    "nav": 1013145.2799999999,
    "cash": 4722.310000000056,
    "equity": 1008422.9699999999,
    "deposits": 1000000.0,
    "total_return": 0.013145279999999815,
    "realized_pnl": 0.0,
    "open_positions": 16
  },
  "metrics": {
    "annualized_return": -0.1561195468115446,
    "annualized_vol": 0.2814295804738133,
    "sharpe": -0.7149552108844728,
    "sortino": -0.9340149787456951,
    "calmar": -0.4333817795706963,
    "max_drawdown": -0.36023560327385035,
    "var_95_1d": -0.03195664454525126,
    "risk_free_rate": 0.04508999824523926,
    "method": "Synthetic: current weights \u00d7 each holding's 252-day return history. Sortino uses Frank Sortino downside deviation (RMS of shortfalls vs MAR=RF).",
    "beta_benchmark": 0.9883789387554767,
    "benchmark_annualized_return": 0.36714265913191624,
    "treynor": -0.20357530615751293,
    "jensens_alpha": -0.5195196122473351,
    "information_ratio": -1.8974756874630512,
    "tracking_error": 0.20190589232617737,
    "annualized_active_return": -0.3831115218444542,
    "up_capture": 0.6487392483234783,
    "down_capture": 1.0887055592880697,
    "data_basis": "synthetic_252d",
    "days_of_live_nav": 15,
    "benchmark_ticker": "IWM",
    "benchmark_name": "Russell 2000",
    "beta_spy": 0.9883789387554767,
    "beta_spy_stress": 1.5559717707846021
  },
  "nav_curve": [
    {
      "date": "2026-06-01",
      "value": 999917.891065216
    },
    {
      "date": "2026-06-02",
      "value": 1005115.2851749802
    },
    {
      "date": "2026-06-03",
      "value": 995803.6211034394
    },
    {
      "date": "2026-06-04",
      "value": 1004963.9990083313
    },
    {
      "date": "2026-06-05",
      "value": 974307.7037928009
    },
    {
      "date": "2026-06-08",
      "value": 974300.2676141167
    },
    {
      "date": "2026-06-09",
      "value": 979673.6351214601
    },
    {
      "date": "2026-06-10",
      "value": 966916.124456997
    },
    {
      "date": "2026-06-11",
      "value": 990786.2495456887
    },
    {
      "date": "2026-06-12",
      "value": 996255.9623314096
    },
    {
      "date": "2026-06-15",
      "value": 1017053.0484934426
    },
    {
      "date": "2026-06-16",
      "value": 1019259.638037262
    },
    {
      "date": "2026-06-17",
      "value": 1004292.749573288
    },
    {
      "date": "2026-06-18",
      "value": 1005993.3106403924
    },
    {
      "date": "2026-06-22",
      "value": 1013145.2704611397
    }
  ],
  "drawdown_curve": [
    {
      "date": "2026-06-01",
      "value": 0.0
    },
    {
      "date": "2026-06-02",
      "value": 0.0
    },
    {
      "date": "2026-06-03",
      "value": -0.009264274664691572
    },
    {
      "date": "2026-06-04",
      "value": -0.00015051623319260214
    },
    {
      "date": "2026-06-05",
      "value": -0.030650793830894734
    },
    {
      "date": "2026-06-08",
      "value": -0.03065819216499025
    },
    {
      "date": "2026-06-09",
      "value": -0.025312171080047775
    },
    {
      "date": "2026-06-10",
      "value": -0.03800475555531231
    },
    {
      "date": "2026-06-11",
      "value": -0.014256111553210436
    },
    {
      "date": "2026-06-12",
      "value": -0.00881423551531036
    },
    {
      "date": "2026-06-15",
      "value": 0.0
    },
    {
      "date": "2026-06-16",
      "value": 0.0
    },
    {
      "date": "2026-06-17",
      "value": -0.01468407842852975
    },
    {
      "date": "2026-06-18",
      "value": -0.01301565067602988
    },
    {
      "date": "2026-06-22",
      "value": -0.005998832238561335
    }
  ],
  "benchmarks": {
    "SPY": [
      {
        "date": "2026-06-01",
        "value": 0.0
      },
      {
        "date": "2026-06-02",
        "value": 0.0013579397972762752
      },
      {
        "date": "2026-06-03",
        "value": -0.005668771434361286
      },
      {
        "date": "2026-06-04",
        "value": -0.0019115061781299625
      },
      {
        "date": "2026-06-05",
        "value": -0.027671542654459702
      },
      {
        "date": "2026-06-08",
        "value": -0.025470023194608782
      },
      {
        "date": "2026-06-09",
        "value": -0.02833070775180091
      },
      {
        "date": "2026-06-10",
        "value": -0.04364962071587053
      },
      {
        "date": "2026-06-11",
        "value": -0.027394678792744487
      },
      {
        "date": "2026-06-12",
        "value": -0.022134588105308994
      },
      {
        "date": "2026-06-15",
        "value": -0.0048909388718152425
      },
      {
        "date": "2026-06-16",
        "value": -0.010823344076597685
      },
      {
        "date": "2026-06-17",
        "value": -0.023176054438276084
      },
      {
        "date": "2026-06-18",
        "value": -0.013020023259145863
      },
      {
        "date": "2026-06-22",
        "value": -0.016126029204297176
      }
    ],
    "IWM": [
      {
        "date": "2026-06-01",
        "value": 0.0
      },
      {
        "date": "2026-06-02",
        "value": 0.009273902616242058
      },
      {
        "date": "2026-06-03",
        "value": -0.004533265755123028
      },
      {
        "date": "2026-06-04",
        "value": 0.010485102307313143
      },
      {
        "date": "2026-06-05",
        "value": -0.025365222965751943
      },
      {
        "date": "2026-06-08",
        "value": -0.016852527916236926
      },
      {
        "date": "2026-06-09",
        "value": -0.013703535746163342
      },
      {
        "date": "2026-06-10",
        "value": -0.023981055236295123
      },
      {
        "date": "2026-06-11",
        "value": 0.00494832553389335
      },
      {
        "date": "2026-06-12",
        "value": 0.01373793881377372
      },
      {
        "date": "2026-06-15",
        "value": 0.022010765090349826
      },
      {
        "date": "2026-06-16",
        "value": 0.013130856989941098
      },
      {
        "date": "2026-06-17",
        "value": 0.005499833171586088
      },
      {
        "date": "2026-06-18",
        "value": 0.025305943833869415
      },
      {
        "date": "2026-06-22",
        "value": 0.03428980212625787
      }
    ]
  },
  "holdings": [
    {
      "ticker": "GRPN",
      "company": "Groupon, Inc.",
      "sector": "Communication Services",
      "country": "United States",
      "shares": 11310.0,
      "price": 16.9,
      "cost_basis": 17.3017824933687,
      "market_value": 191138.99999999997,
      "unrealized_pnl": -4544.160000000032,
      "short_percent_of_float": 0.56310004,
      "short_ratio": 5.75
    },
    {
      "ticker": "KSPI",
      "company": "Joint Stock Company Kaspi.kz",
      "sector": "Technology",
      "country": "Kazakhstan",
      "shares": 1515.0,
      "price": 84.81,
      "cost_basis": 82.53049504950495,
      "market_value": 128487.15000000001,
      "unrealized_pnl": 3453.450000000005,
      "short_percent_of_float": 0.0159,
      "short_ratio": 3.24
    },
    {
      "ticker": "TENB",
      "company": "Tenable Holdings, Inc.",
      "sector": "Technology",
      "country": "United States",
      "shares": 4766.0,
      "price": 26.34,
      "cost_basis": 26.224616030214015,
      "market_value": 125536.44,
      "unrealized_pnl": 549.9200000000018,
      "short_percent_of_float": 0.129,
      "short_ratio": 3.05
    },
    {
      "ticker": "CMI",
      "company": "Cummins Inc.",
      "sector": "Industrials",
      "country": "United States",
      "shares": 153.0,
      "price": 724.93,
      "cost_basis": 651.1282352941176,
      "market_value": 110914.29,
      "unrealized_pnl": 11291.669999999993,
      "short_percent_of_float": 0.0171,
      "short_ratio": 2.07
    },
    {
      "ticker": "JAKK",
      "company": "JAKKS Pacific, Inc.",
      "sector": "Consumer Cyclical",
      "country": "United States",
      "shares": 3436.0,
      "price": 22.01,
      "cost_basis": 21.83,
      "market_value": 75626.36,
      "unrealized_pnl": 618.4800000000113,
      "short_percent_of_float": 0.039100002,
      "short_ratio": 7.32
    },
    {
      "ticker": "XNET",
      "company": "Xunlei Limited",
      "sector": "Technology",
      "country": "China",
      "shares": 10526.0,
      "price": 5.08,
      "cost_basis": 4.75,
      "market_value": 53472.08,
      "unrealized_pnl": 3473.580000000001,
      "short_percent_of_float": 0.0377,
      "short_ratio": 6.03
    },
    {
      "ticker": "CRWV",
      "company": "CoreWeave, Inc.",
      "sector": "Technology",
      "country": "United States",
      "shares": 468.0,
      "price": 111.29,
      "cost_basis": 106.78134615384614,
      "market_value": 52083.72,
      "unrealized_pnl": 2110.0500000000075,
      "short_percent_of_float": 0.18190001,
      "short_ratio": 1.91
    },
    {
      "ticker": "VIA",
      "company": "Via Transportation, Inc.",
      "sector": "Technology",
      "country": "United States",
      "shares": 3280.0,
      "price": 14.94,
      "cost_basis": 15.241405487804878,
      "market_value": 49003.2,
      "unrealized_pnl": -988.6100000000005,
      "short_percent_of_float": 0.13520001,
      "short_ratio": 6.88
    },
    {
      "ticker": "ZS",
      "company": "Zscaler, Inc.",
      "sector": "Technology",
      "country": "United States",
      "shares": 365.0,
      "price": 124.06,
      "cost_basis": 136.79813698630136,
      "market_value": 45281.9,
      "unrealized_pnl": -4649.419999999995,
      "short_percent_of_float": 0.114700004,
      "short_ratio": 2.09
    },
    {
      "ticker": "ESI",
      "company": "Element Solutions Inc",
      "sector": "Basic Materials",
      "country": "United States",
      "shares": 557.0,
      "price": 49.09,
      "cost_basis": 44.92,
      "market_value": 27343.13,
      "unrealized_pnl": 2322.690000000001,
      "short_percent_of_float": 0.0838,
      "short_ratio": 4.45
    },
    {
      "ticker": "VST",
      "company": "Vistra Corp.",
      "sector": "Utilities",
      "country": "United States",
      "shares": 162.0,
      "price": 167.26,
      "cost_basis": 154.76,
      "market_value": 27096.12,
      "unrealized_pnl": 2025.0,
      "short_percent_of_float": 0.0539,
      "short_ratio": 2.73
    },
    {
      "ticker": "GENC",
      "company": "Gencor Industries, Inc.",
      "sector": "Industrials",
      "country": "United States",
      "shares": 1746.0,
      "price": 14.89,
      "cost_basis": 14.32,
      "market_value": 25997.940000000002,
      "unrealized_pnl": 995.2200000000005,
      "short_percent_of_float": 0.0064,
      "short_ratio": 2.39
    },
    {
      "ticker": "CEG",
      "company": "Constellation Energy Corporation",
      "sector": "Utilities",
      "country": "United States",
      "shares": 94.0,
      "price": 275.53,
      "cost_basis": 265.7,
      "market_value": 25899.819999999996,
      "unrealized_pnl": 924.0199999999985,
      "short_percent_of_float": 0.036,
      "short_ratio": 3.46
    },
    {
      "ticker": "ZTS",
      "company": "Zoetis Inc.",
      "sector": "Healthcare",
      "country": "United States",
      "shares": 312.0,
      "price": 75.89,
      "cost_basis": 80.09,
      "market_value": 23677.68,
      "unrealized_pnl": -1310.400000000001,
      "short_percent_of_float": 0.0363,
      "short_ratio": 1.45
    },
    {
      "ticker": "OPEN",
      "company": "Opendoor Technologies Inc.",
      "sector": "Real Estate",
      "country": "United States",
      "shares": 5479.0,
      "price": 4.28,
      "cost_basis": 4.562927541522176,
      "market_value": 23450.120000000003,
      "unrealized_pnl": -1550.1599999999994,
      "short_percent_of_float": 0.16149999,
      "short_ratio": 3.77
    },
    {
      "ticker": "PYPL",
      "company": "PayPal Holdings, Inc.",
      "sector": "Financial Services",
      "country": "United States",
      "shares": 553.0,
      "price": 42.34,
      "cost_basis": 45.19,
      "market_value": 23414.02,
      "unrealized_pnl": -1576.0499999999968,
      "short_percent_of_float": 0.0626,
      "short_ratio": 3.16
    }
  ],
  "sector_exposure": [
    {
      "name": "Technology",
      "value": 453864.49000000005,
      "pct": 0.44797572367903654
    },
    {
      "name": "Communication Services",
      "value": 191138.99999999997,
      "pct": 0.18865902430103607
    },
    {
      "name": "Industrials",
      "value": 136912.22999999998,
      "pct": 0.13513583165486395
    },
    {
      "name": "Consumer Cyclical",
      "value": 75626.36,
      "pct": 0.07464512888023325
    },
    {
      "name": "Utilities",
      "value": 52995.939999999995,
      "pct": 0.05230833232525152
    },
    {
      "name": "Basic Materials",
      "value": 27343.13,
      "pct": 0.026988360445206836
    },
    {
      "name": "Healthcare",
      "value": 23677.68,
      "pct": 0.023370468645918185
    },
    {
      "name": "Real Estate",
      "value": 23450.120000000003,
      "pct": 0.0231458611740263
    },
    {
      "name": "Financial Services",
      "value": 23414.02,
      "pct": 0.02311022956154916
    },
    {
      "name": "Cash",
      "value": 4722.310000000056,
      "pct": 0.004661039332878357
    }
  ],
  "geographic_exposure": [
    {
      "name": "United States",
      "value": 826463.7399999999,
      "pct": 0.8157406013873942
    },
    {
      "name": "Kazakhstan",
      "value": 128487.15000000001,
      "pct": 0.1268200647393827
    },
    {
      "name": "China",
      "value": 53472.08,
      "pct": 0.0527782945403447
    },
    {
      "name": "Cash",
      "value": 4722.310000000056,
      "pct": 0.004661039332878357
    }
  ],
  "signals": [
    {
      "ticker": "CEG",
      "label": "BUY",
      "composite": 1.0,
      "rsi": 52.5,
      "subs": {
        "rsi": 0.5,
        "macd": 0.5,
        "trend": -0.5,
        "bb": 0.5,
        "vol": 0.0,
        "range": 0.0
      }
    },
    {
      "ticker": "CMI",
      "label": "STRONG BUY",
      "composite": 2.5,
      "rsi": 63.3,
      "subs": {
        "rsi": 0.5,
        "macd": 0.5,
        "trend": 0.5,
        "bb": 0.0,
        "vol": 0.5,
        "range": 0.5
      }
    },
    {
      "ticker": "CRWV",
      "label": "STRONG BUY",
      "composite": 2.0,
      "rsi": 52.3,
      "subs": {
        "rsi": 0.5,
        "macd": 0.5,
        "trend": 0.0,
        "bb": 0.5,
        "vol": 0.5,
        "range": 0.0
      }
    },
    {
      "ticker": "ESI",
      "label": "STRONG BUY",
      "composite": 2.0,
      "rsi": 70.2,
      "subs": {
        "rsi": 0.0,
        "macd": 0.5,
        "trend": 0.5,
        "bb": 0.0,
        "vol": 0.5,
        "range": 0.5
      }
    },
    {
      "ticker": "GENC",
      "label": "STRONG BUY",
      "composite": 2.0,
      "rsi": 52.5,
      "subs": {
        "rsi": 0.5,
        "macd": 0.5,
        "trend": 0.5,
        "bb": 0.5,
        "vol": 0.0,
        "range": 0.0
      }
    },
    {
      "ticker": "GRPN",
      "label": "SELL",
      "composite": -1.5,
      "rsi": 48.8,
      "subs": {
        "rsi": 0.5,
        "macd": -0.5,
        "trend": 0.0,
        "bb": -0.5,
        "vol": -0.5,
        "range": -0.5
      }
    },
    {
      "ticker": "JAKK",
      "label": "BUY",
      "composite": 1.0,
      "rsi": 51.1,
      "subs": {
        "rsi": 0.5,
        "macd": -0.5,
        "trend": 0.5,
        "bb": 0.5,
        "vol": 0.0,
        "range": 0.0
      }
    },
    {
      "ticker": "KSPI",
      "label": "LEAN BEAR",
      "composite": -0.5,
      "rsi": 50.9,
      "subs": {
        "rsi": 0.5,
        "macd": -0.5,
        "trend": 0.0,
        "bb": -0.5,
        "vol": 0.0,
        "range": 0.0
      }
    },
    {
      "ticker": "OPEN",
      "label": "STRONG SELL",
      "composite": -2.0,
      "rsi": 40.8,
      "subs": {
        "rsi": 0.0,
        "macd": -0.5,
        "trend": -0.5,
        "bb": -0.5,
        "vol": 0.0,
        "range": -0.5
      }
    },
    {
      "ticker": "PYPL",
      "label": "NEUTRAL",
      "composite": 0.0,
      "rsi": 44.0,
      "subs": {
        "rsi": 0.0,
        "macd": 0.5,
        "trend": -0.5,
        "bb": -0.5,
        "vol": 0.5,
        "range": 0.0
      }
    },
    {
      "ticker": "TENB",
      "label": "SELL",
      "composite": -1.0,
      "rsi": 52.3,
      "subs": {
        "rsi": 0.5,
        "macd": -0.5,
        "trend": 0.0,
        "bb": -0.5,
        "vol": 0.0,
        "range": -0.5
      }
    },
    {
      "ticker": "VIA",
      "label": "NEUTRAL",
      "composite": 0.0,
      "rsi": 48.9,
      "subs": {
        "rsi": 0.5,
        "macd": 0.5,
        "trend": -0.5,
        "bb": -0.5,
        "vol": 0.5,
        "range": -0.5
      }
    },
    {
      "ticker": "VST",
      "label": "STRONG BUY",
      "composite": 2.0,
      "rsi": 63.3,
      "subs": {
        "rsi": 0.5,
        "macd": 0.5,
        "trend": 0.0,
        "bb": 0.5,
        "vol": 0.0,
        "range": 0.5
      }
    },
    {
      "ticker": "XNET",
      "label": "NEUTRAL",
      "composite": 0.0,
      "rsi": 43.3,
      "subs": {
        "rsi": 0.0,
        "macd": 0.5,
        "trend": -0.5,
        "bb": -0.5,
        "vol": 0.5,
        "range": 0.0
      }
    },
    {
      "ticker": "ZS",
      "label": "STRONG SELL",
      "composite": -2.0,
      "rsi": 40.0,
      "subs": {
        "rsi": 0.0,
        "macd": -0.5,
        "trend": -0.5,
        "bb": -0.5,
        "vol": 0.0,
        "range": -0.5
      }
    },
    {
      "ticker": "ZTS",
      "label": "SELL",
      "composite": -1.0,
      "rsi": 33.3,
      "subs": {
        "rsi": 0.0,
        "macd": 0.5,
        "trend": -0.5,
        "bb": -0.5,
        "vol": 0.0,
        "range": -0.5
      }
    }
  ],
  "volatility": [
    {
      "ticker": "CEG",
      "hv20": 0.4803942623996393,
      "garch": 0.5374271982561093,
      "expansion": 0.1187211012296071,
      "regime": "NORMAL",
      "signal": "BASE"
    },
    {
      "ticker": "CMI",
      "hv20": 0.44433486450212645,
      "garch": 0.32882624796423493,
      "expansion": -0.25995848123985943,
      "regime": "HIGH",
      "signal": "WEAK"
    },
    {
      "ticker": "CRWV",
      "hv20": 0.8437222159805764,
      "garch": 0.9659016756721547,
      "expansion": 0.14481005404080888,
      "regime": "NORMAL",
      "signal": "BASE"
    },
    {
      "ticker": "ESI",
      "hv20": 0.5394837121962466,
      "garch": 0.5456103922299095,
      "expansion": 0.011356561644319328,
      "regime": "HIGH",
      "signal": "WEAK"
    },
    {
      "ticker": "GENC",
      "hv20": 0.35091565135844266,
      "garch": 0.3633896016553763,
      "expansion": 0.035546862183676566,
      "regime": "NORMAL",
      "signal": "WEAK"
    },
    {
      "ticker": "GRPN",
      "hv20": 0.8248053671417794,
      "garch": 0.7906237571245066,
      "expansion": -0.041442031513111134,
      "regime": "HIGH",
      "signal": "WEAK"
    },
    {
      "ticker": "JAKK",
      "hv20": 0.21604548838666246,
      "garch": 0.4606432054810482,
      "expansion": 1.1321584121980024,
      "regime": "LOW",
      "signal": "SIGNAL"
    },
    {
      "ticker": "KSPI",
      "hv20": 0.35453611052362094,
      "garch": 0.4386423093129696,
      "expansion": 0.23722886412086674,
      "regime": "HIGH",
      "signal": "SIGNAL"
    },
    {
      "ticker": "OPEN",
      "hv20": 0.7736460080393261,
      "garch": 0.7763839940043186,
      "expansion": 0.00353906817399779,
      "regime": "NORMAL",
      "signal": "WEAK"
    },
    {
      "ticker": "PYPL",
      "hv20": 0.306809180200128,
      "garch": 0.399825346245583,
      "expansion": 0.303172695108998,
      "regime": "NORMAL",
      "signal": "SIGNAL"
    },
    {
      "ticker": "TENB",
      "hv20": 0.5862512134068718,
      "garch": 0.3992738857604872,
      "expansion": -0.31893721218896315,
      "regime": "HIGH",
      "signal": "WEAK"
    },
    {
      "ticker": "VIA",
      "hv20": 0.6955060699692869,
      "garch": null,
      "expansion": null,
      "regime": "NORMAL",
      "signal": "WEAK"
    },
    {
      "ticker": "VST",
      "hv20": 0.4940170651557277,
      "garch": 0.5654632028251585,
      "expansion": 0.14462281307409702,
      "regime": "NORMAL",
      "signal": "BASE"
    },
    {
      "ticker": "XNET",
      "hv20": 0.7760675780946079,
      "garch": 0.7642488549540966,
      "expansion": -0.015228987106417392,
      "regime": "HIGH",
      "signal": "WEAK"
    },
    {
      "ticker": "ZS",
      "hv20": 1.524667326963838,
      "garch": 0.35138330639909715,
      "expansion": -0.7695344419173539,
      "regime": "EXTREME",
      "signal": "WEAK"
    },
    {
      "ticker": "ZTS",
      "hv20": 0.29732378860594255,
      "garch": 0.35093016317211984,
      "expansion": 0.18029628512915385,
      "regime": "HIGH",
      "signal": "BASE"
    }
  ],
  "correlation": {
    "tickers": [
      "CEG",
      "CMI",
      "CRWV",
      "ESI",
      "GENC",
      "GRPN",
      "JAKK",
      "KSPI",
      "OPEN",
      "PYPL",
      "TENB",
      "VIA",
      "VST",
      "XNET",
      "ZS",
      "ZTS"
    ],
    "matrix": [
      [
        1.0,
        0.328,
        0.231,
        0.299,
        0.151,
        0.09,
        0.089,
        0.058,
        0.189,
        0.14,
        0.062,
        0.007,
        0.798,
        0.25,
        0.045,
        0.122
      ],
      [
        0.328,
        1.0,
        0.369,
        0.613,
        0.348,
        0.195,
        0.136,
        0.244,
        0.184,
        0.081,
        -0.052,
        0.003,
        0.353,
        0.299,
        -0.052,
        0.186
      ],
      [
        0.231,
        0.369,
        1.0,
        0.339,
        0.118,
        0.159,
        0.056,
        0.128,
        0.247,
        0.148,
        0.119,
        0.215,
        0.316,
        0.366,
        0.182,
        0.086
      ],
      [
        0.299,
        0.613,
        0.339,
        1.0,
        0.277,
        0.309,
        0.246,
        0.302,
        0.264,
        0.287,
        0.111,
        0.053,
        0.363,
        0.338,
        0.046,
        0.179
      ],
      [
        0.151,
        0.348,
        0.118,
        0.277,
        1.0,
        0.157,
        0.319,
        0.142,
        0.129,
        0.099,
        0.161,
        0.069,
        0.172,
        0.162,
        0.053,
        0.158
      ],
      [
        0.09,
        0.195,
        0.159,
        0.309,
        0.157,
        1.0,
        0.149,
        0.343,
        0.301,
        0.269,
        0.247,
        0.167,
        0.13,
        0.237,
        0.15,
        0.158
      ],
      [
        0.089,
        0.136,
        0.056,
        0.246,
        0.319,
        0.149,
        1.0,
        0.097,
        0.139,
        0.214,
        -0.034,
        0.145,
        0.06,
        0.198,
        -0.047,
        0.144
      ],
      [
        0.058,
        0.244,
        0.128,
        0.302,
        0.142,
        0.343,
        0.097,
        1.0,
        0.243,
        0.256,
        0.262,
        0.134,
        0.107,
        0.205,
        0.153,
        0.181
      ],
      [
        0.189,
        0.184,
        0.247,
        0.264,
        0.129,
        0.301,
        0.139,
        0.243,
        1.0,
        0.248,
        0.121,
        0.153,
        0.254,
        0.348,
        0.064,
        0.171
      ],
      [
        0.14,
        0.081,
        0.148,
        0.287,
        0.099,
        0.269,
        0.214,
        0.256,
        0.248,
        1.0,
        0.354,
        0.145,
        0.085,
        0.342,
        0.206,
        0.176
      ],
      [
        0.062,
        -0.052,
        0.119,
        0.111,
        0.161,
        0.247,
        -0.034,
        0.262,
        0.121,
        0.354,
        1.0,
        0.336,
        0.073,
        0.153,
        0.559,
        0.098
      ],
      [
        0.007,
        0.003,
        0.215,
        0.053,
        0.069,
        0.167,
        0.145,
        0.134,
        0.153,
        0.145,
        0.336,
        1.0,
        0.057,
        0.165,
        0.368,
        0.021
      ],
      [
        0.798,
        0.353,
        0.316,
        0.363,
        0.172,
        0.13,
        0.06,
        0.107,
        0.254,
        0.085,
        0.073,
        0.057,
        1.0,
        0.274,
        0.073,
        0.09
      ],
      [
        0.25,
        0.299,
        0.366,
        0.338,
        0.162,
        0.237,
        0.198,
        0.205,
        0.348,
        0.342,
        0.153,
        0.165,
        0.274,
        1.0,
        0.22,
        0.048
      ],
      [
        0.045,
        -0.052,
        0.182,
        0.046,
        0.053,
        0.15,
        -0.047,
        0.153,
        0.064,
        0.206,
        0.559,
        0.368,
        0.073,
        0.22,
        1.0,
        -0.035
      ],
      [
        0.122,
        0.186,
        0.086,
        0.179,
        0.158,
        0.158,
        0.144,
        0.181,
        0.171,
        0.176,
        0.098,
        0.021,
        0.09,
        0.048,
        -0.035,
        1.0
      ]
    ]
  },
  "residual_correlation": {
    "tickers": [
      "CEG",
      "CMI",
      "CRWV",
      "ESI",
      "GENC",
      "GRPN",
      "JAKK",
      "KSPI",
      "OPEN",
      "PYPL",
      "TENB",
      "VIA",
      "VST",
      "XNET",
      "ZS",
      "ZTS"
    ],
    "matrix": [
      [
        1.0,
        0.055,
        0.0,
        -0.029,
        0.028,
        -0.059,
        -0.019,
        -0.131,
        0.035,
        0.044,
        -0.026,
        -0.102,
        0.731,
        0.096,
        0.01,
        0.075
      ],
      [
        0.055,
        1.0,
        0.124,
        0.248,
        0.076,
        -0.059,
        -0.149,
        -0.005,
        -0.065,
        -0.096,
        -0.259,
        -0.143,
        0.036,
        0.003,
        -0.142,
        0.064
      ],
      [
        0.0,
        0.124,
        1.0,
        0.04,
        0.013,
        -0.05,
        -0.039,
        -0.108,
        0.04,
        -0.033,
        -0.02,
        0.083,
        0.08,
        0.138,
        0.108,
        0.039
      ],
      [
        -0.029,
        0.248,
        0.04,
        1.0,
        -0.073,
        0.056,
        0.003,
        0.015,
        -0.011,
        0.135,
        -0.096,
        -0.125,
        0.007,
        0.028,
        -0.051,
        -0.017
      ],
      [
        0.028,
        0.076,
        0.013,
        -0.073,
        1.0,
        -0.03,
        0.066,
        -0.079,
        -0.072,
        0.003,
        0.094,
        -0.004,
        0.026,
        -0.054,
        0.007,
        -0.035
      ],
      [
        -0.059,
        -0.059,
        -0.05,
        0.056,
        -0.03,
        1.0,
        0.006,
        0.182,
        0.11,
        0.096,
        0.109,
        0.05,
        -0.035,
        0.012,
        0.049,
        0.026
      ],
      [
        -0.019,
        -0.149,
        -0.039,
        0.003,
        0.066,
        0.006,
        1.0,
        -0.101,
        -0.033,
        0.102,
        -0.129,
        0.09,
        -0.058,
        0.019,
        -0.113,
        -0.039
      ],
      [
        -0.131,
        -0.005,
        -0.108,
        0.015,
        -0.079,
        0.182,
        -0.101,
        1.0,
        0.061,
        0.079,
        0.156,
        0.012,
        -0.1,
        -0.023,
        0.061,
        0.045
      ],
      [
        0.035,
        -0.065,
        0.04,
        -0.011,
        -0.072,
        0.11,
        -0.033,
        0.061,
        1.0,
        0.064,
        -0.017,
        0.03,
        0.104,
        0.164,
        -0.047,
        0.025
      ],
      [
        0.044,
        -0.096,
        -0.033,
        0.135,
        0.003,
        0.096,
        0.102,
        0.079,
        0.064,
        1.0,
        0.24,
        0.007,
        -0.031,
        0.185,
        0.073,
        0.023
      ],
      [
        -0.026,
        -0.259,
        -0.02,
        -0.096,
        0.094,
        0.109,
        -0.129,
        0.156,
        -0.017,
        0.24,
        1.0,
        0.274,
        -0.031,
        0.004,
        0.518,
        -0.009
      ],
      [
        -0.102,
        -0.143,
        0.083,
        -0.125,
        -0.004,
        0.05,
        0.09,
        0.012,
        0.03,
        0.007,
        0.274,
        1.0,
        -0.057,
        0.029,
        0.314,
        -0.059
      ],
      [
        0.731,
        0.036,
        0.08,
        0.007,
        0.026,
        -0.035,
        -0.058,
        -0.1,
        0.104,
        -0.031,
        -0.031,
        -0.057,
        1.0,
        0.106,
        0.039,
        0.03
      ],
      [
        0.096,
        0.003,
        0.138,
        0.028,
        -0.054,
        0.012,
        0.019,
        -0.023,
        0.164,
        0.185,
        0.004,
        0.029,
        0.106,
        1.0,
        0.135,
        -0.108
      ],
      [
        0.01,
        -0.142,
        0.108,
        -0.051,
        0.007,
        0.049,
        -0.113,
        0.061,
        -0.047,
        0.073,
        0.518,
        0.314,
        0.039,
        0.135,
        1.0,
        -0.118
      ],
      [
        0.075,
        0.064,
        0.039,
        -0.017,
        -0.035,
        0.026,
        -0.039,
        0.045,
        0.025,
        0.023,
        -0.009,
        -0.059,
        0.03,
        -0.108,
        -0.118,
        1.0
      ]
    ]
  },
  "factor_correlation": {
    "factors": [
      "Market",
      "Size",
      "Value (SMID)",
      "Momentum",
      "Quality",
      "Profitability",
      "Liquidity",
      "Credit"
    ],
    "matrix": [
      [
        1.0,
        0.329,
        -0.49,
        0.394,
        -0.244,
        -0.534,
        0.31,
        0.173
      ],
      [
        0.329,
        1.0,
        -0.158,
        0.262,
        0.155,
        0.145,
        0.328,
        0.039
      ],
      [
        -0.49,
        -0.158,
        1.0,
        -0.547,
        0.305,
        0.588,
        -0.381,
        -0.133
      ],
      [
        0.394,
        0.262,
        -0.547,
        1.0,
        -0.218,
        -0.526,
        0.297,
        0.034
      ],
      [
        -0.244,
        0.155,
        0.305,
        -0.218,
        1.0,
        0.434,
        -0.235,
        -0.131
      ],
      [
        -0.534,
        0.145,
        0.588,
        -0.526,
        0.434,
        1.0,
        -0.28,
        -0.09
      ],
      [
        0.31,
        0.328,
        -0.381,
        0.297,
        -0.235,
        -0.28,
        1.0,
        0.156
      ],
      [
        0.173,
        0.039,
        -0.133,
        0.034,
        -0.131,
        -0.09,
        0.156,
        1.0
      ]
    ]
  },
  "factor_exposures": [
    {
      "ticker": "CEG",
      "r_squared": 0.2519027631375663,
      "alpha_annual": -0.4416213586783348,
      "idio_vol_annual": 0.40451077575996,
      "Market": 0.719493610970514,
      "Size": 0.381784516556331,
      "Value (SMID)": -0.43898710310380623,
      "Momentum": 0.5999764950123729,
      "Quality": -0.7911549439671233,
      "Profitability": -0.6437322545620818,
      "Liquidity": -0.47434216066566554,
      "Credit": -0.9093229076285609
    },
    {
      "ticker": "CMI",
      "r_squared": 0.4683011734908974,
      "alpha_annual": 0.35836310266527893,
      "idio_vol_annual": 0.2463462513486091,
      "Market": 1.1456598542688847,
      "Size": 0.808031875212757,
      "Value (SMID)": 0.357698106611869,
      "Momentum": 0.6879486436731199,
      "Quality": -0.024117397863018804,
      "Profitability": -0.15826783946177087,
      "Liquidity": -0.3148954612774607,
      "Credit": 0.7771982255909238
    },
    {
      "ticker": "CRWV",
      "r_squared": 0.27061324931131325,
      "alpha_annual": -1.0046882402832547,
      "idio_vol_annual": 0.8059608775106561,
      "Market": 1.0251961154495917,
      "Size": 0.6179264882078834,
      "Value (SMID)": -2.039705395456663,
      "Momentum": 0.6874610978399852,
      "Quality": -4.252019502934502,
      "Profitability": -0.008899245641450358,
      "Liquidity": 0.34193894054003104,
      "Credit": 2.0350994458899065
    },
    {
      "ticker": "ESI",
      "r_squared": 0.505306897532255,
      "alpha_annual": 0.31510761190728054,
      "idio_vol_annual": 0.28683076765374377,
      "Market": 1.6330307920539056,
      "Size": 1.0180470347855772,
      "Value (SMID)": -0.17766866014896973,
      "Momentum": 0.6222126340643099,
      "Quality": 0.18822068698474445,
      "Profitability": 0.24856989738622895,
      "Liquidity": -0.6986843065683255,
      "Credit": 0.18861474511632373
    },
    {
      "ticker": "GENC",
      "r_squared": 0.3266141576215288,
      "alpha_annual": -0.4509005265463635,
      "idio_vol_annual": 0.32548415027090205,
      "Market": 1.3020695643241726,
      "Size": 1.2347140835495722,
      "Value (SMID)": 1.1604891849922785,
      "Momentum": -0.03835144617742398,
      "Quality": -0.6503354327749148,
      "Profitability": 0.06341379371680446,
      "Liquidity": -0.1675494930165223,
      "Credit": 0.5781467897245904
    },
    {
      "ticker": "GRPN",
      "r_squared": 0.16665495683637888,
      "alpha_annual": -1.1776282555835489,
      "idio_vol_annual": 0.6252162654850955,
      "Market": 1.9000615756665264,
      "Size": 0.31004253516022146,
      "Value (SMID)": -0.921595257458203,
      "Momentum": -0.12312044062197214,
      "Quality": -1.4376985348185864,
      "Profitability": 1.4317837163038214,
      "Liquidity": 0.2208409127567445,
      "Credit": 1.4607712346064683
    },
    {
      "ticker": "JAKK",
      "r_squared": 0.2711156895701802,
      "alpha_annual": -0.2944526487177498,
      "idio_vol_annual": 0.3514657465020115,
      "Market": 1.2390578239734475,
      "Size": 1.0354588922292098,
      "Value (SMID)": 0.8359669346183626,
      "Momentum": -0.3466661075684321,
      "Quality": 1.388851921649437,
      "Profitability": -0.3577850702293675,
      "Liquidity": 0.3316515669202124,
      "Credit": -0.4489049537928096
    },
    {
      "ticker": "KSPI",
      "r_squared": 0.21507372986775553,
      "alpha_annual": -0.18769080597233362,
      "idio_vol_annual": 0.32273745496632,
      "Market": 1.1693133627704166,
      "Size": 0.4503629259429393,
      "Value (SMID)": -0.3469316493166823,
      "Momentum": -0.5163723169131644,
      "Quality": 0.08169451175878431,
      "Profitability": 0.08387588134999527,
      "Liquidity": -0.01063468886112694,
      "Credit": 0.5412692862971933
    },
    {
      "ticker": "OPEN",
      "r_squared": 0.12705312701911153,
      "alpha_annual": 1.4635464744520805,
      "idio_vol_annual": 1.3418708816738913,
      "Market": 3.033201375803175,
      "Size": 1.3274807941073312,
      "Value (SMID)": -1.662510033146463,
      "Momentum": -2.0356237260947285,
      "Quality": 1.0505236428995226,
      "Profitability": 0.9683576712361877,
      "Liquidity": 1.8672082251171425,
      "Credit": -3.1722694928279176
    },
    {
      "ticker": "PYPL",
      "r_squared": 0.291855127843213,
      "alpha_annual": -0.6251813972392726,
      "idio_vol_annual": 0.3389877626831626,
      "Market": 1.7907966663630632,
      "Size": -0.3251599464919508,
      "Value (SMID)": -0.8985964175435762,
      "Momentum": -0.8932571091923479,
      "Quality": 1.4103844000897505,
      "Profitability": 0.6546416794552093,
      "Liquidity": 0.3704973300741203,
      "Credit": 0.018298604635248975
    },
    {
      "ticker": "TENB",
      "r_squared": 0.14817482543140237,
      "alpha_annual": -0.3720073069470712,
      "idio_vol_annual": 0.40990471657246724,
      "Market": 1.4898546276542866,
      "Size": -0.1393075052951275,
      "Value (SMID)": -0.7790887038375481,
      "Momentum": -0.23530002659249025,
      "Quality": -0.399791413859573,
      "Profitability": 1.2987566252862164,
      "Liquidity": -0.1299562738543796,
      "Credit": -0.19814933570381374
    },
    {
      "ticker": "VIA",
      "r_squared": 0.11105464767982665,
      "alpha_annual": -1.556116443673261,
      "idio_vol_annual": 0.6812396019938212,
      "Market": 0.9664040581862988,
      "Size": 0.4479602955392769,
      "Value (SMID)": -1.4136022813874547,
      "Momentum": -1.019688977787049,
      "Quality": -1.5967564966625392,
      "Profitability": 0.49233601565909496,
      "Liquidity": 0.6501396169073873,
      "Credit": -0.7510240391592244
    },
    {
      "ticker": "VST",
      "r_squared": 0.2913011776679072,
      "alpha_annual": -0.4308520696102107,
      "idio_vol_annual": 0.4124994777517142,
      "Market": 0.6119573384381487,
      "Size": 0.7853879073340371,
      "Value (SMID)": -0.6772729700269684,
      "Momentum": 0.6495750877131946,
      "Quality": -1.8543483233724838,
      "Profitability": -0.5023854241412994,
      "Liquidity": -0.8056312844210863,
      "Credit": -0.7240282805096232
    },
    {
      "ticker": "XNET",
      "r_squared": 0.17070050740510656,
      "alpha_annual": -0.37654861262207084,
      "idio_vol_annual": 0.6763001394270981,
      "Market": 1.801341102314103,
      "Size": 0.22160551972763728,
      "Value (SMID)": -0.762033109395709,
      "Momentum": -0.42559604332507056,
      "Quality": 0.4846496168923226,
      "Profitability": 0.575295555266451,
      "Liquidity": 1.2084990011463899,
      "Credit": 2.3096836543744685
    },
    {
      "ticker": "ZS",
      "r_squared": 0.09041046321574275,
      "alpha_annual": -0.9592123277865235,
      "idio_vol_annual": 0.5980369303709898,
      "Market": 1.3484611698798463,
      "Size": -0.38008414288510484,
      "Value (SMID)": -1.081479512625694,
      "Momentum": -0.900802696700776,
      "Quality": -0.8505276601769498,
      "Profitability": 0.8502877370454273,
      "Liquidity": 0.19615372014153584,
      "Credit": 0.21259595397048822
    },
    {
      "ticker": "ZTS",
      "r_squared": 0.16506957374714692,
      "alpha_annual": -0.8906112695824795,
      "idio_vol_annual": 0.3446428462792744,
      "Market": 1.3320012657662814,
      "Size": 0.15053428750957523,
      "Value (SMID)": 0.06105663478825869,
      "Momentum": -0.2437001656855829,
      "Quality": 1.0166935170264186,
      "Profitability": 0.7546557573335317,
      "Liquidity": 0.06263414927869593,
      "Credit": -0.7281314351370622
    }
  ],
  "portfolio_factor_exposure": {
    "loadings": {
      "Market": 1.4256681465964396,
      "Size": 0.4309001994158859,
      "Value (SMID)": -0.5393099209915929,
      "Momentum": -0.17086783852212759,
      "Quality": -0.5208183602601307,
      "Profitability": 0.5254419196930237,
      "Liquidity": 0.13310534065334628,
      "Credit": 0.460396448192646
    },
    "alpha_annual": -0.49404294883668465,
    "r_squared_weighted": 0.23178721990330078
  },
  "stress_tests": [
    {
      "scenario": "COVID Crash (Feb-Mar 2020)",
      "market_move": -0.339,
      "portfolio_impact": -0.5274744302959802,
      "stressed_nav": 478737.0506249386,
      "pnl": -534408.2293750613,
      "description": "Rapid 33.9% selloff in SPY over 23 trading days as COVID-19 spread."
    },
    {
      "scenario": "2022 Rate Shock (Jan-Oct)",
      "market_move": -0.252,
      "portfolio_impact": -0.3921048862377197,
      "stressed_nav": 615886.0652433173,
      "pnl": -397259.21475668263,
      "description": "Grinding 9-month decline as the Fed hiked rates aggressively."
    },
    {
      "scenario": "GFC 2008-09",
      "market_move": -0.565,
      "portfolio_impact": -0.8791240504933001,
      "stressed_nav": 122464.8977082313,
      "pnl": -890680.3822917686,
