{
  "generated_at": "2026-06-16T04:57:27.482618Z",
  "market_session": "CLOSED",
  "fund_name": "Convex Capital",
  "tagline": "Lose small. Win big. \u2014 Paper-traded portfolio. Hypothetical performance for educational purposes only.",
  "summary": {
    "nav": 1003414.88,
    "cash": 24692.440000000017,
    "equity": 978722.44,
    "deposits": 1000000.0,
    "total_return": 0.003414880000000009,
    "realized_pnl": 0.0,
    "open_positions": 16
  },
  "metrics": {
    "annualized_return": -0.25938078558649114,
    "annualized_vol": 0.29091870468354175,
    "sharpe": -0.8915919857014446,
    "sortino": -1.2018816755634696,
    "max_drawdown": -0.43591856174534865,
    "var_95_1d": -0.03571650211000632,
    "method": "Synthetic: current weights \u00d7 each holding's 252-day return history.",
    "beta_spy": 1.513187631137058,
    "data_basis": "synthetic_252d",
    "days_of_live_nav": 12
  },
  "nav_curve": [
    {
      "date": "2026-06-01",
      "value": 999535.5476397705
    },
    {
      "date": "2026-06-02",
      "value": 1003670.4372289658
    },
    {
      "date": "2026-06-03",
      "value": 989912.289704628
    },
    {
      "date": "2026-06-04",
      "value": 1000539.2173751069
    },
    {
      "date": "2026-06-05",
      "value": 965555.7467515564
    },
    {
      "date": "2026-06-08",
      "value": 964274.7760765648
    },
    {
      "date": "2026-06-09",
      "value": 967825.7974829102
    },
    {
      "date": "2026-06-10",
      "value": 956183.703109684
    },
    {
      "date": "2026-06-11",
      "value": 978161.2303819085
    },
    {
      "date": "2026-06-12",
      "value": 983860.0312985802
    },
    {
      "date": "2026-06-15",
      "value": 1003414.8798381997
    },
    {
      "date": "2026-06-16",
      "value": 1003414.88
    }
  ],
  "drawdown_curve": [
    {
      "date": "2026-06-01",
      "value": 0.0
    },
    {
      "date": "2026-06-02",
      "value": 0.0
    },
    {
      "date": "2026-06-03",
      "value": -0.01370783378089986
    },
    {
      "date": "2026-06-04",
      "value": -0.0031197689378038426
    },
    {
      "date": "2026-06-05",
      "value": -0.03797530450596938
    },
    {
      "date": "2026-06-08",
      "value": -0.03925159065277294
    },
    {
      "date": "2026-06-09",
      "value": -0.03571355538279983
    },
    {
      "date": "2026-06-10",
      "value": -0.04731307444940582
    },
    {
      "date": "2026-06-11",
      "value": -0.02541591931061127
    },
    {
      "date": "2026-06-12",
      "value": -0.019737958990881644
    },
    {
      "date": "2026-06-15",
      "value": -0.00025462281371131185
    },
    {
      "date": "2026-06-16",
      "value": -0.0002546226525027172
    }
  ],
  "benchmarks": {
    "SPY": [
      {
        "date": "2026-06-01",
        "value": 0.0
      },
      {
        "date": "2026-06-02",
        "value": 0.0013579103629497435
      },
      {
        "date": "2026-06-03",
        "value": -0.005668768842152949
      },
      {
        "date": "2026-06-04",
        "value": -0.0019115026417536596
      },
      {
        "date": "2026-06-05",
        "value": -0.027671567540792585
      },
      {
        "date": "2026-06-08",
        "value": -0.02546999220062507
      },
      {
        "date": "2026-06-09",
        "value": -0.028330728579740505
      },
      {
        "date": "2026-06-10",
        "value": -0.04364962468776956
      },
      {
        "date": "2026-06-11",
        "value": -0.02739469093739666
      },
      {
        "date": "2026-06-12",
        "value": -0.022134598720831677
      },
      {
        "date": "2026-06-15",
        "value": -0.0048909459419552714
      }
    ],
    "IWM": [
      {
        "date": "2026-06-01",
        "value": 0.0
      },
      {
        "date": "2026-06-02",
        "value": 0.009273902616242058
      },
      {
        "date": "2026-06-03",
        "value": -0.004533265755123028
      },
      {
        "date": "2026-06-04",
        "value": 0.010485102307313143
      },
      {
        "date": "2026-06-05",
        "value": -0.025365222965751943
      },
      {
        "date": "2026-06-08",
        "value": -0.016852527916236926
      },
      {
        "date": "2026-06-09",
        "value": -0.013703535746163342
      },
      {
        "date": "2026-06-10",
        "value": -0.023981055236295123
      },
      {
        "date": "2026-06-11",
        "value": 0.00494832553389335
      },
      {
        "date": "2026-06-12",
        "value": 0.01373793881377372
      },
      {
        "date": "2026-06-15",
        "value": 0.022010765090349826
      },
      {
        "date": "2026-06-16",
        "value": 0.022010714279665278
      }
    ]
  },
  "holdings": [
    {
      "ticker": "GRPN",
      "company": "Groupon, Inc.",
      "sector": "Communication Services",
      "country": "United States",
      "shares": 11310.0,
      "price": 17.45,
      "cost_basis": 17.682836427939876,
      "market_value": 197359.5,
      "unrealized_pnl": -2633.38,
      "short_percent_of_float": 0.56310004,
      "short_ratio": 5.75
    },
    {
      "ticker": "TENB",
      "company": "Tenable Holdings, Inc.",
      "sector": "Technology",
      "country": "United States",
      "shares": 4766.0,
      "price": 27.72,
      "cost_basis": 26.224616030214015,
      "market_value": 132113.52,
      "unrealized_pnl": 7126.999999999997,
      "short_percent_of_float": 0.129,
      "short_ratio": 3.05
    },
    {
      "ticker": "KSPI",
      "company": "Joint Stock Company Kaspi.kz",
      "sector": "Technology",
      "country": "Kazakhstan",
      "shares": 1515.0,
      "price": 83.2,
      "cost_basis": 82.53049504950495,
      "market_value": 126048.0,
      "unrealized_pnl": 1014.3000000000056,
      "short_percent_of_float": 0.0159,
      "short_ratio": 3.24
    },
    {
      "ticker": "JAKK",
      "company": "JAKKS Pacific, Inc.",
      "sector": "Consumer Cyclical",
      "country": "United States",
      "shares": 3436.0,
      "price": 22.185,
      "cost_basis": 21.83,
      "market_value": 76227.65999999999,
      "unrealized_pnl": 1219.7800000000016,
      "short_percent_of_float": 0.039100002,
      "short_ratio": 7.32
    },
    {
      "ticker": "VIA",
      "company": "Via Transportation, Inc.",
      "sector": "Technology",
      "country": "United States",
      "shares": 4921.0,
      "price": 14.98,
      "cost_basis": 15.241408250355619,
      "market_value": 73716.58,
      "unrealized_pnl": -1286.3899999999978,
      "short_percent_of_float": 0.13520001,
      "short_ratio": 6.88
    },
    {
      "ticker": "ZS",
      "company": "Zscaler, Inc.",
      "sector": "Technology",
      "country": "United States",
      "shares": 549.0,
      "price": 130.42,
      "cost_basis": 136.8013843351548,
      "market_value": 71600.57999999999,
      "unrealized_pnl": -3503.379999999996,
      "short_percent_of_float": 0.114700004,
      "short_ratio": 2.09
    },
    {
      "ticker": "XNET",
      "company": "Xunlei Limited",
      "sector": "Technology",
      "country": "China",
      "shares": 10526.0,
      "price": 5.32,
      "cost_basis": 4.75,
      "market_value": 55998.32,
      "unrealized_pnl": 5999.820000000003,
      "short_percent_of_float": 0.0377,
      "short_ratio": 6.03
    },
    {
      "ticker": "CMI",
      "company": "Cummins Inc.",
      "sector": "Industrials",
      "country": "United States",
      "shares": 78.0,
      "price": 679.71,
      "cost_basis": 643.5,
      "market_value": 53017.380000000005,
      "unrealized_pnl": 2824.380000000003,
      "short_percent_of_float": 0.0171,
      "short_ratio": 2.07
    },
    {
      "ticker": "CRWV",
      "company": "CoreWeave, Inc.",
      "sector": "Technology",
      "country": "United States",
      "shares": 468.0,
      "price": 106.71,
      "cost_basis": 106.78134615384614,
      "market_value": 49940.28,
      "unrealized_pnl": -33.38999999999828,
      "short_percent_of_float": 0.18190001,
      "short_ratio": 1.91
    },
    {
      "ticker": "PYPL",
      "company": "PayPal Holdings, Inc.",
      "sector": "Financial Services",
      "country": "United States",
      "shares": 830.0,
      "price": 42.49,
      "cost_basis": 45.19,
      "market_value": 35266.700000000004,
      "unrealized_pnl": -2240.9999999999964,
      "short_percent_of_float": 0.0626,
      "short_ratio": 3.16
    },
    {
      "ticker": "BABA",
      "company": "Alibaba Group Holding Limited",
      "sector": "Consumer Cyclical",
      "country": "China",
      "shares": 299.0,
      "price": 112.55,
      "cost_basis": 125.39999999999999,
      "market_value": 33652.45,
      "unrealized_pnl": -3842.1499999999983,
      "short_percent_of_float": 0.0165,
      "short_ratio": 3.21
    },
    {
      "ticker": "ZTS",
      "company": "Zoetis Inc.",
      "sector": "Healthcare",
      "country": "United States",
      "shares": 312.0,
      "price": 79.95,
      "cost_basis": 80.09,
      "market_value": 24944.4,
      "unrealized_pnl": -43.68000000000018,
      "short_percent_of_float": 0.0363,
      "short_ratio": 1.45
    },
    {
      "ticker": "GENC",
      "company": "Gencor Industries, Inc.",
      "sector": "Industrials",
      "country": "United States",
      "shares": 873.0,
      "price": 14.81,
      "cost_basis": 14.32,
      "market_value": 12929.130000000001,
      "unrealized_pnl": 427.7700000000002,
      "short_percent_of_float": 0.0064,
      "short_ratio": 2.39
    },
    {
      "ticker": "VST",
      "company": "Vistra Corp.",
      "sector": "Utilities",
      "country": "United States",
      "shares": 81.0,
      "price": 153.52,
      "cost_basis": 154.76,
      "market_value": 12435.12,
      "unrealized_pnl": -100.43999999999843,
      "short_percent_of_float": 0.0539,
      "short_ratio": 2.73
    },
    {
      "ticker": "CEG",
      "company": "Constellation Energy Corporation",
      "sector": "Utilities",
      "country": "United States",
      "shares": 47.0,
      "price": 262.35,
      "cost_basis": 265.7,
      "market_value": 12330.45,
      "unrealized_pnl": -157.4499999999984,
      "short_percent_of_float": 0.036,
      "short_ratio": 3.46
    },
    {
      "ticker": "OPEN",
      "company": "Opendoor Technologies Inc.",
      "sector": "Real Estate",
      "country": "United States",
      "shares": 2417.0,
      "price": 4.61,
      "cost_basis": 5.171402565163425,
      "market_value": 11142.37,
      "unrealized_pnl": -1356.9099999999974,
      "short_percent_of_float": 0.16149999,
      "short_ratio": 3.77
    }
  ],
  "sector_exposure": [
    {
      "name": "Technology",
      "value": 509417.2799999999,
      "pct": 0.5076836014231719
    },
    {
      "name": "Communication Services",
      "value": 197359.5,
      "pct": 0.1966878346472199
    },
    {
      "name": "Consumer Cyclical",
      "value": 109880.10999999999,
      "pct": 0.10950615960568572
    },
    {
      "name": "Industrials",
      "value": 65946.51000000001,
      "pct": 0.06572207699371571
    },
    {
      "name": "Financial Services",
      "value": 35266.700000000004,
      "pct": 0.03514667831116876
    },
    {
      "name": "Healthcare",
      "value": 24944.4,
      "pct": 0.024859507764126442
    },
    {
      "name": "Utilities",
      "value": 24765.57,
      "pct": 0.024681286368804897
    },
    {
      "name": "Cash",
      "value": 24692.440000000017,
      "pct": 0.02460840524908303
    },
    {
      "name": "Real Estate",
      "value": 11142.37,
      "pct": 0.011104449637023521
    }
  ],
  "geographic_exposure": [
    {
      "name": "United States",
      "value": 763023.67,
      "pct": 0.7604269033761987
    },
    {
      "name": "Kazakhstan",
      "value": 126048.0,
      "pct": 0.1256190261001511
    },
    {
      "name": "China",
      "value": 89650.76999999999,
      "pct": 0.08934566527456718
    },
    {
      "name": "Cash",
      "value": 24692.440000000017,
      "pct": 0.02460840524908303
    }
  ],
  "signals": [
    {
      "ticker": "BABA",
      "label": "STRONG SELL",
      "composite": -2.0,
      "rsi": 30.2,
      "subs": {
        "rsi": 0.0,
        "macd": -0.5,
        "trend": -0.5,
        "bb": -0.5,
        "vol": 0.0,
        "range": -0.5
      }
    },
    {
      "ticker": "CEG",
      "label": "SELL",
      "composite": -1.5,
      "rsi": 45.1,
      "subs": {
        "rsi": 0.5,
        "macd": -0.5,
        "trend": -0.5,
        "bb": -0.5,
        "vol": 0.0,
        "range": -0.5
      }
    },
    {
      "ticker": "CMI",
      "label": "BUY",
      "composite": 1.5,
      "rsi": 54.7,
      "subs": {
        "rsi": 0.5,
        "macd": -0.5,
        "trend": 0.5,
        "bb": 0.5,
        "vol": 0.0,
        "range": 0.5
      }
    },
    {
      "ticker": "CRWV",
      "label": "LEAN BULL",
      "composite": 0.5,
      "rsi": 50.5,
      "subs": {
        "rsi": 0.5,
        "macd": -0.5,
        "trend": 0.0,
        "bb": 0.5,
        "vol": 0.0,
        "range": 0.0
      }
    },
    {
      "ticker": "GENC",
      "label": "STRONG BUY",
      "composite": 2.0,
      "rsi": 51.5,
      "subs": {
        "rsi": 0.5,
        "macd": 0.5,
        "trend": 0.5,
        "bb": 0.5,
        "vol": 0.0,
        "range": 0.0
      }
    },
    {
      "ticker": "GRPN",
      "label": "SELL",
      "composite": -1.5,
      "rsi": 51.1,
      "subs": {
        "rsi": 0.5,
        "macd": -0.5,
        "trend": 0.0,
        "bb": -0.5,
        "vol": -0.5,
        "range": -0.5
      }
    },
    {
      "ticker": "JAKK",
      "label": "BUY",
      "composite": 1.5,
      "rsi": 53.7,
      "subs": {
        "rsi": 0.5,
        "macd": 0.5,
        "trend": 0.5,
        "bb": 0.5,
        "vol": -0.5,
        "range": 0.0
      }
    },
    {
      "ticker": "KSPI",
      "label": "LEAN BEAR",
      "composite": -0.5,
      "rsi": 46.4,
      "subs": {
        "rsi": 0.5,
        "macd": -0.5,
        "trend": 0.0,
        "bb": -0.5,
        "vol": 0.0,
        "range": 0.0
      }
    },
    {
      "ticker": "OPEN",
      "label": "SELL",
      "composite": -1.0,
      "rsi": 47.3,
      "subs": {
        "rsi": 0.5,
        "macd": -0.5,
        "trend": -0.5,
        "bb": -0.5,
        "vol": 0.0,
        "range": 0.0
      }
    },
    {
      "ticker": "PYPL",
      "label": "LEAN BEAR",
      "composite": -0.5,
      "rsi": 42.8,
      "subs": {
        "rsi": 0.0,
        "macd": 0.5,
        "trend": -0.5,
        "bb": -0.5,
        "vol": 0.0,
        "range": 0.0
      }
    },
    {
      "ticker": "TENB",
      "label": "NEUTRAL",
      "composite": 0.0,
      "rsi": 60.7,
      "subs": {
        "rsi": 0.5,
        "macd": -0.5,
        "trend": 0.0,
        "bb": 0.5,
        "vol": -0.5,
        "range": 0.0
      }
    },
    {
      "ticker": "VIA",
      "label": "BUY",
      "composite": 1.0,
      "rsi": 48.5,
      "subs": {
        "rsi": 0.5,
        "macd": 0.5,
        "trend": -0.5,
        "bb": 0.5,
        "vol": 0.0,
        "range": 0.0
      }
    },
    {
      "ticker": "VST",
      "label": "BUY",
      "composite": 1.0,
      "rsi": 52.3,
      "subs": {
        "rsi": 0.5,
        "macd": 0.5,
        "trend": -0.5,
        "bb": 0.5,
        "vol": 0.0,
        "range": 0.0
      }
    },
    {
      "ticker": "XNET",
      "label": "NEUTRAL",
      "composite": 0.0,
      "rsi": 46.2,
      "subs": {
        "rsi": 0.5,
        "macd": 0.5,
        "trend": -0.5,
        "bb": -0.5,
        "vol": 0.0,
        "range": 0.0
      }
    },
    {
      "ticker": "ZS",
      "label": "STRONG SELL",
      "composite": -2.5,
      "rsi": 43.4,
      "subs": {
        "rsi": 0.0,
        "macd": -0.5,
        "trend": -0.5,
        "bb": -0.5,
        "vol": -0.5,
        "range": -0.5
      }
    },
    {
      "ticker": "ZTS",
      "label": "NEUTRAL",
      "composite": 0.0,
      "rsi": 38.4,
      "subs": {
        "rsi": 0.0,
        "macd": 0.5,
        "trend": -0.5,
        "bb": 0.5,
        "vol": -0.5,
        "range": 0.0
      }
    }
  ],
  "volatility": [
    {
      "ticker": "BABA",
      "hv20": 0.2893870618378011,
      "garch": 0.40043156411254865,
      "expansion": 0.38372310624234823,
      "regime": "LOW",
      "signal": "SIGNAL"
    },
    {
      "ticker": "CEG",
      "hv20": 0.5449672330540145,
      "garch": 0.5511040652556206,
      "expansion": 0.0112609196101848,
      "regime": "HIGH",
      "signal": "WEAK"
    },
    {
      "ticker": "CMI",
      "hv20": 0.4897190757531516,
      "garch": 0.38398705038107406,
      "expansion": -0.2159034242427039,
      "regime": "EXTREME",
      "signal": "WEAK"
    },
    {
      "ticker": "CRWV",
      "hv20": 0.7938791989242132,
      "garch": 0.9552698864840244,
      "expansion": 0.2032937602830657,
      "regime": "LOW",
      "signal": "SIGNAL"
    },
    {
      "ticker": "GENC",
      "hv20": 0.3575318999988742,
      "garch": 0.3864657788254934,
      "expansion": 0.08092670563580563,
      "regime": "NORMAL",
      "signal": "WEAK"
    },
    {
      "ticker": "GRPN",
      "hv20": 0.8281836969911277,
      "garch": 0.7842758934624829,
      "expansion": -0.05301698607225197,
      "regime": "HIGH",
      "signal": "WEAK"
    },
    {
      "ticker": "JAKK",
      "hv20": 0.2228894161974254,
      "garch": 0.46253667733395165,
      "expansion": 1.0751845701110254,
      "regime": "LOW",
      "signal": "SIGNAL"
    },
    {
      "ticker": "KSPI",
      "hv20": 0.3512614979939213,
      "garch": 0.44534532644421676,
      "expansion": 0.2678455480820263,
      "regime": "HIGH",
      "signal": "SIGNAL"
    },
    {
      "ticker": "OPEN",
      "hv20": 0.7283308033679815,
      "garch": 0.7596066965892384,
      "expansion": 0.04294187898772021,
      "regime": "LOW",
      "signal": "WEAK"
    },
    {
      "ticker": "PYPL",
      "hv20": 0.2634030767640972,
      "garch": 0.4127366324024932,
      "expansion": 0.5669392987847997,
      "regime": "LOW",
      "signal": "SIGNAL"
    },
    {
      "ticker": "TENB",
      "hv20": 0.6427298472142224,
      "garch": 0.4469869285701753,
      "expansion": -0.3045492900204553,
      "regime": "HIGH",
      "signal": "WEAK"
    },
    {
      "ticker": "VIA",
      "hv20": 0.6824998198829597,
      "garch": null,
      "expansion": null,
      "regime": "NORMAL",
      "signal": "WEAK"
    },
    {
      "ticker": "VST",
      "hv20": 0.5379957833498766,
      "garch": 0.573490144563811,
      "expansion": 0.06597516618610963,
      "regime": "HIGH",
      "signal": "WEAK"
    },
    {
      "ticker": "XNET",
      "hv20": 0.6838799765814072,
      "garch": 0.579048948212422,
      "expansion": -0.15328863537285678,
      "regime": "HIGH",
      "signal": "WEAK"
    },
    {
      "ticker": "ZS",
      "hv20": 1.525219166334222,
      "garch": 0.3463571211532484,
      "expansion": -0.7729132122134957,
      "regime": "EXTREME",
      "signal": "WEAK"
    },
    {
      "ticker": "ZTS",
      "hv20": 0.24931738859222188,
      "garch": 0.3126545050073986,
      "expansion": 0.2540421138405614,
      "regime": "NORMAL",
      "signal": "SIGNAL"
    }
  ],
  "correlation": {
    "tickers": [
      "BABA",
      "CEG",
      "CMI",
      "CRWV",
      "GENC",
      "GRPN",
      "JAKK",
      "KSPI",
      "OPEN",
      "PYPL",
      "TENB",
      "VIA",
      "VST",
      "XNET",
      "ZS",
      "ZTS"
    ],
    "matrix": [
      [
        1.0,
        0.185,
        0.337,
        0.352,
        0.133,
        0.191,
        0.114,
        0.199,
        0.19,
        0.244,
        0.062,
        -0.038,
        0.228,
        0.468,
        0.038,
        0.076
      ],
      [
        0.185,
        1.0,
        0.328,
        0.227,
        0.149,
        0.092,
        0.087,
        0.059,
        0.188,
        0.135,
        0.067,
        0.008,
        0.797,
        0.251,
        0.046,
        0.121
      ],
      [
        0.337,
        0.328,
        1.0,
        0.369,
        0.354,
        0.201,
        0.145,
        0.244,
        0.19,
        0.082,
        -0.045,
        0.005,
        0.35,
        0.313,
        -0.047,
        0.198
      ],
      [
        0.352,
        0.227,
        0.369,
        1.0,
        0.117,
        0.169,
        0.057,
        0.135,
        0.241,
        0.138,
        0.125,
        0.225,
        0.314,
        0.369,
        0.187,
        0.08
      ],
      [
        0.133,
        0.149,
        0.354,
        0.117,
        1.0,
        0.161,
        0.316,
        0.148,
        0.128,
        0.098,
        0.16,
        0.066,
        0.171,
        0.166,
        0.052,
        0.154
      ],
      [
        0.191,
        0.092,
        0.201,
        0.169,
        0.161,
        1.0,
        0.151,
        0.337,
        0.304,
        0.269,
        0.252,
        0.177,
        0.132,
        0.228,
        0.15,
        0.165
      ],
      [
        0.114,
        0.087,
        0.145,
        0.057,
        0.316,
        0.151,
        1.0,
        0.103,
        0.137,
        0.212,
        -0.038,
        0.143,
        0.059,
        0.198,
        -0.051,
        0.136
      ],
      [
        0.199,
        0.059,
        0.244,
        0.135,
        0.148,
        0.337,
        0.103,
        1.0,
        0.248,
        0.257,
        0.272,
        0.146,
        0.105,
        0.198,
        0.156,
        0.194
      ],
      [
        0.19,
        0.188,
        0.19,
        0.241,
        0.128,
        0.304,
        0.137,
        0.248,
        1.0,
        0.239,
        0.122,
        0.163,
        0.256,
        0.342,
        0.063,
        0.164
      ],
      [
        0.244,
        0.135,
        0.082,
        0.138,
        0.098,
        0.269,
        0.212,
        0.257,
        0.239,
        1.0,
        0.363,
        0.158,
        0.079,
        0.33,
        0.207,
        0.171
      ],
      [
        0.062,
        0.067,
        -0.045,
        0.125,
        0.16,
        0.252,
        -0.038,
        0.272,
        0.122,
        0.363,
        1.0,
        0.334,
        0.081,
        0.163,
        0.559,
        0.093
      ],
      [
        -0.038,
        0.008,
        0.005,
        0.225,
        0.066,
        0.177,
        0.143,
        0.146,
        0.163,
        0.158,
        0.334,
        1.0,
        0.06,
        0.19,
        0.37,
        0.019
      ],
      [
        0.228,
        0.797,
        0.35,
        0.314,
        0.171,
        0.132,
        0.059,
        0.105,
        0.256,
        0.079,
        0.081,
        0.06,
        1.0,
        0.275,
        0.075,
        0.093
      ],
      [
        0.468,
        0.251,
        0.313,
        0.369,
        0.166,
        0.228,
        0.198,
        0.198,
        0.342,
        0.33,
        0.163,
        0.19,
        0.275,
        1.0,
        0.222,
        0.044
      ],
      [
        0.038,
        0.046,
        -0.047,
        0.187,
        0.052,
        0.15,
        -0.051,
        0.156,
        0.063,
        0.207,
        0.559,
        0.37,
        0.075,
        0.222,
        1.0,
        -0.038
      ],
      [
        0.076,
        0.121,
        0.198,
        0.08,
        0.154,
        0.165,
        0.136,
        0.194,
        0.164,
        0.171,
        0.093,
        0.019,
        0.093,
        0.044,
        -0.038,
        1.0
      ]
    ]
  },
  "residual_correlation": {
    "tickers": [
      "BABA",
      "CEG",
      "CMI",
      "CRWV",
      "GENC",
      "GRPN",
      "JAKK",
      "KSPI",
      "OPEN",
      "PYPL",
      "TENB",
      "VIA",
      "VST",
      "XNET",
      "ZS",
      "ZTS"
    ],
    "matrix": [
      [
        1.0,
        0.018,
        0.111,
        0.192,
        -0.071,
        0.021,
        -0.044,
        0.021,
        0.041,
        0.117,
        -0.053,
        -0.164,
        0.056,
        0.337,
        -0.055,
        -0.017
      ],
      [
        0.018,
        1.0,
        0.035,
        -0.029,
        0.032,
        -0.061,
        -0.013,
        -0.135,
        0.028,
        0.04,
        -0.018,
        -0.09,
        0.727,
        0.079,
        0.018,
        0.079
      ],
      [
        0.111,
        0.035,
        1.0,
        0.081,
        0.074,
        -0.067,
        -0.142,
        -0.027,
        -0.083,
        -0.11,
        -0.269,
        -0.133,
        0.008,
        -0.006,
        -0.133,
        0.074
      ],
      [
        0.192,
        -0.029,
        0.081,
        1.0,
        0.019,
        -0.044,
        -0.033,
        -0.105,
        0.028,
        -0.043,
        -0.001,
        0.114,
        0.052,
        0.109,
        0.132,
        0.041
      ],
      [
        -0.071,
        0.032,
        0.074,
        0.019,
        1.0,
        -0.028,
        0.064,
        -0.079,
        -0.071,
        0.001,
        0.087,
        -0.014,
        0.03,
        -0.038,
        0.004,
        -0.041
      ],
      [
        0.021,
        -0.061,
        -0.067,
        -0.044,
        -0.028,
        1.0,
        0.009,
        0.165,
        0.111,
        0.092,
        0.113,
        0.055,
        -0.039,
        -0.003,
        0.047,
        0.038
      ],
      [
        -0.044,
        -0.013,
        -0.142,
        -0.033,
        0.064,
        0.009,
        1.0,
        -0.094,
        -0.026,
        0.102,
        -0.133,
        0.081,
        -0.052,
        0.029,
        -0.119,
        -0.048
      ],
      [
        0.021,
        -0.135,
        -0.027,
        -0.105,
        -0.079,
        0.165,
        -0.094,
        1.0,
        0.064,
        0.072,
        0.159,
        0.019,
        -0.111,
        -0.028,
        0.06,
        0.06
      ],
      [
        0.041,
        0.028,
        -0.083,
        0.028,
        -0.071,
        0.111,
        -0.026,
        0.064,
        1.0,
        0.063,
        -0.015,
        0.04,
        0.097,
        0.164,
        -0.042,
        0.025
      ],
      [
        0.117,
        0.04,
        -0.11,
        -0.043,
        0.001,
        0.092,
        0.102,
        0.072,
        0.063,
        1.0,
        0.248,
        0.007,
        -0.043,
        0.184,
        0.072,
        0.021
      ],
      [
        -0.053,
        -0.018,
        -0.269,
        -0.001,
        0.087,
        0.113,
        -0.133,
        0.159,
        -0.015,
        0.248,
        1.0,
        0.267,
        -0.021,
        0.03,
        0.52,
        -0.017
      ],
      [
        -0.164,
        -0.09,
        -0.133,
        0.114,
        -0.014,
        0.055,
        0.081,
        0.019,
        0.04,
        0.007,
        0.267,
        1.0,
        -0.041,
        0.062,
        0.308,
        -0.068
      ],
      [
        0.056,
        0.727,
        0.008,
        0.052,
        0.03,
        -0.039,
        -0.052,
        -0.111,
        0.097,
        -0.043,
        -0.021,
        -0.041,
        1.0,
        0.084,
        0.048,
        0.036
      ],
      [
        0.337,
        0.079,
        -0.006,
        0.109,
        -0.038,
        -0.003,
        0.029,
        -0.028,
        0.164,
        0.184,
        0.03,
        0.062,
        0.084,
        1.0,
        0.147,
        -0.096
      ],
      [
        -0.055,
        0.018,
        -0.133,
        0.132,
        0.004,
        0.047,
        -0.119,
        0.06,
        -0.042,
        0.072,
        0.52,
        0.308,
        0.048,
        0.147,
        1.0,
        -0.118
      ],
      [
        -0.017,
        0.079,
        0.074,
        0.041,
        -0.041,
        0.038,
        -0.048,
        0.06,
        0.025,
        0.021,
        -0.017,
        -0.068,
        0.036,
        -0.096,
        -0.118,
        1.0
      ]
    ]
  },
  "factor_correlation": {
    "factors": [
      "Market",
      "Size",
      "Value (SMID)",
      "Momentum",
      "Quality",
      "Profitability",
      "Liquidity",
      "Credit"
    ],
    "matrix": [
      [
        1.0,
        0.353,
        -0.489,
        0.404,
        -0.212,
        -0.532,
        0.325,
        0.168
      ],
      [
        0.353,
        1.0,
        -0.163,
        0.248,
        0.148,
        0.151,
        0.337,
        0.044
      ],
      [
        -0.489,
        -0.163,
        1.0,
        -0.527,
        0.279,
        0.568,
        -0.376,
        -0.127
      ],
      [
        0.404,
        0.248,
        -0.527,
        1.0,
        -0.209,
        -0.509,
        0.283,
        0.022
      ],
      [
        -0.212,
        0.148,
        0.279,
        -0.209,
        1.0,
        0.404,
        -0.216,
        -0.135
      ],
      [
        -0.532,
        0.151,
        0.568,
        -0.509,
        0.404,
        1.0,
        -0.275,
        -0.08
      ],
      [
        0.325,
        0.337,
        -0.376,
        0.283,
        -0.216,
        -0.275,
        1.0,
        0.155
      ],
      [
        0.168,
        0.044,
        -0.127,
        0.022,
        -0.135,
        -0.08,
        0.155,
        1.0
      ]
    ]
  },
  "factor_exposures": [
    {
      "ticker": "BABA",
      "r_squared": 0.1535706613566119,
      "alpha_annual": -0.3552610240383693,
      "idio_vol_annual": 0.3976886113959704,
      "Market": 1.2048642421158697,
      "Size": 0.14260468446920604,
      "Value (SMID)": 0.21495764913836207,
      "Momentum": -0.1756201211712435,
      "Quality": -0.24719871876929086,
      "Profitability": -0.22778992823628078,
      "Liquidity": 0.21199851749014145,
      "Credit": 1.0478525638106329
    },
    {
      "ticker": "CEG",
      "r_squared": 0.25264995502493326,
      "alpha_annual": -0.4019304378052014,
      "idio_vol_annual": 0.40433987564731555,
      "Market": 0.732684350306677,
      "Size": 0.35159332765165346,
      "Value (SMID)": -0.453941136033709,
      "Momentum": 0.6744431452874879,
      "Quality": -0.7083446003417512,
      "Profitability": -0.6300208302395082,
      "Liquidity": -0.4239921948305606,
      "Credit": -0.8603310084765613
    },
    {
      "ticker": "CMI",
      "r_squared": 0.5001328586232882,
      "alpha_annual": 0.2856526401266347,
      "idio_vol_annual": 0.237957530183726,
      "Market": 1.2136457236653617,
      "Size": 0.7929741040052067,
      "Value (SMID)": 0.38322839130404174,
      "Momentum": 0.7713066391309735,
      "Quality": 0.11253677450762888,
      "Profitability": -0.12111219535168376,
      "Liquidity": -0.3258256745137168,
      "Credit": 0.8334076211776253
    },
    {
      "ticker": "CRWV",
      "r_squared": 0.2853335120617744,
      "alpha_annual": -0.844471166192425,
      "idio_vol_annual": 0.796101255768397,
      "Market": 0.8193016881810514,
      "Size": 0.6439569220140404,
      "Value (SMID)": -2.1435680597155002,
      "Momentum": 1.0609303227494051,
      "Quality": -3.830763111376603,
      "Profitability": -0.08066204747969126,
      "Liquidity": 0.4274643249266605,
      "Credit": 2.038174224618596
    },
    {
      "ticker": "GENC",
      "r_squared": 0.33342796426855936,
      "alpha_annual": -0.4376964979223504,
      "idio_vol_annual": 0.3266147030539875,
      "Market": 1.3834002255401336,
      "Size": 1.2131898882779504,
      "Value (SMID)": 1.157885297735517,
      "Momentum": -0.07502120269788058,
      "Quality": -0.6338449910446821,
      "Profitability": 0.10338445706342077,
      "Liquidity": -0.16742747445535494,
      "Credit": 0.5933757050824513
    },
    {
      "ticker": "GRPN",
      "r_squared": 0.16189203163316357,
      "alpha_annual": -1.0444417896576355,
      "idio_vol_annual": 0.6278011370767942,
      "Market": 1.8036305264006838,
      "Size": 0.3572296018373255,
      "Value (SMID)": -0.894069394504082,
      "Momentum": -0.14189751065228404,
      "Quality": -2.032806766286891,
      "Profitability": 1.376435192233187,
      "Liquidity": 0.16613487505592464,
      "Credit": 1.4522909219851827
    },
    {
      "ticker": "JAKK",
      "r_squared": 0.28627036941625983,
      "alpha_annual": -0.36008872671907377,
      "idio_vol_annual": 0.359585582472067,
      "Market": 1.3599628850916026,
      "Size": 1.015994502524281,
      "Value (SMID)": 0.8218185575391361,
      "Momentum": -0.4192969038416177,
      "Quality": 1.5928155420125425,
      "Profitability": -0.32941738181545027,
      "Liquidity": 0.3916948008835385,
      "Credit": -0.3111112491419014
    },
    {
      "ticker": "KSPI",
      "r_squared": 0.22460773662304967,
      "alpha_annual": -0.2920164445107705,
      "idio_vol_annual": 0.31999854523753857,
      "Market": 1.2760806554407986,
      "Size": 0.3873763042779399,
      "Value (SMID)": -0.3039819850879054,
      "Momentum": -0.5597237602640618,
      "Quality": 0.16657397787072947,
      "Profitability": 0.12564827960097122,
      "Liquidity": 0.02923172617091282,
      "Credit": 0.3758880489379172
    },
    {
      "ticker": "OPEN",
      "r_squared": 0.1220239083677841,
      "alpha_annual": 1.4498785640628205,
      "idio_vol_annual": 1.34436390458414,
      "Market": 2.8070254394276146,
      "Size": 1.4373618046834038,
      "Value (SMID)": -1.6484790442322574,
      "Momentum": -1.9042107640559494,
      "Quality": 0.832441265575884,
      "Profitability": 0.9123055743612988,
      "Liquidity": 1.826342912330181,
      "Credit": -3.2071126149108693
    },
    {
      "ticker": "PYPL",
      "r_squared": 0.30897855707503796,
      "alpha_annual": -0.7604875982400244,
      "idio_vol_annual": 0.33657151203526103,
      "Market": 1.9009126844687794,
      "Size": -0.4253232861662685,
      "Value (SMID)": -0.9033058795658658,
      "Momentum": -0.9092971329920075,
      "Quality": 1.6267080915256054,
      "Profitability": 0.765209625976259,
      "Liquidity": 0.4757073590480674,
      "Credit": -0.05202762513452733
    },
    {
      "ticker": "TENB",
      "r_squared": 0.14566454423256103,
      "alpha_annual": -0.33420567887459457,
      "idio_vol_annual": 0.40876326173111005,
      "Market": 1.5095027101090877,
      "Size": -0.13389075676444925,
      "Value (SMID)": -0.7575672457802358,
      "Momentum": -0.2809657508741051,
      "Quality": -0.4519141142714739,
      "Profitability": 1.3397605281717735,
      "Liquidity": -0.18887486851957863,
      "Credit": -0.28104246116969284
    },
    {
      "ticker": "VIA",
      "r_squared": 0.11899655070595017,
      "alpha_annual": -1.5844535312699433,
      "idio_vol_annual": 0.6815756211935199,
      "Market": 1.2335028717582543,
      "Size": 0.3275393862017554,
      "Value (SMID)": -1.4197520114073174,
      "Momentum": -1.2041268770758773,
      "Quality": -1.5159676074968287,
      "Profitability": 0.6317517489967094,
      "Liquidity": 0.6044660302946484,
      "Credit": -0.8425794476575266
    },
    {
      "ticker": "VST",
      "r_squared": 0.2899811170832671,
      "alpha_annual": -0.3901493169455655,
      "idio_vol_annual": 0.41178376565005226,
      "Market": 0.6273321919119139,
      "Size": 0.7410586877087155,
      "Value (SMID)": -0.6765354132405708,
      "Momentum": 0.7262193999328381,
      "Quality": -1.876965794901335,
      "Profitability": -0.4783198366151695,
      "Liquidity": -0.7461273724449788,
      "Credit": -0.8143171194393937
    },
    {
      "ticker": "XNET",
      "r_squared": 0.17874360080769502,
      "alpha_annual": -0.3956109692453197,
      "idio_vol_annual": 0.6816267462589405,
      "Market": 1.8625738322442165,
      "Size": 0.13481612017857464,
      "Value (SMID)": -0.7493360533097402,
      "Momentum": -0.37610077063596814,
      "Quality": 0.5761081658021779,
      "Profitability": 0.5401451852213252,
      "Liquidity": 1.4271149872893345,
      "Credit": 2.000759889627144
    },
    {
      "ticker": "ZS",
      "r_squared": 0.09144208537781762,
      "alpha_annual": -0.9333718002301734,
      "idio_vol_annual": 0.5972583313795029,
      "Market": 1.3925943483852095,
      "Size": -0.4338741125030771,
      "Value (SMID)": -1.0941954409318835,
      "Momentum": -0.9843486613920273,
      "Quality": -0.9984581288432175,
      "Profitability": 0.885140105860438,
      "Liquidity": 0.18209785359802974,
      "Credit": 0.08653669148092327
    },
    {
      "ticker": "ZTS",
      "r_squared": 0.17349014285926134,
      "alpha_annual": -0.9310118601027353,
      "idio_vol_annual": 0.3433564773659295,
      "Market": 1.3679080090042248,
      "Size": 0.08510289396842628,
      "Value (SMID)": 0.045015150799744504,
      "Momentum": -0.22475764755847444,
      "Quality": 1.299681650551922,
      "Profitability": 0.8476492000621739,
      "Liquidity": 0.09461715804126852,
      "Credit": -0.7484465408200112
    }
  ],
  "portfolio_factor_exposure": {
    "loadings": {
      "Market": 1.4588515452129167,
      "Size": 0.2974205246851175,
      "Value (SMID)": -0.617963716180205,
      "Momentum": -0.30906872194024904,
      "Quality": -0.6174717166898075,
      "Profitability": 0.6205798150747535,
      "Liquidity": 0.21754349772067133,
      "Credit": 0.4508069115110635
    },
    "alpha_annual": -0.6218957230541979,
    "r_squared_weighted": 0.20455890996538692
  },
  "stress_tests": [
    {
      "scenario": "COVID Crash (Feb-Mar 2020)",
      "market_move": -0.339,
      "portfolio_impact": -0.5129706069554627,
      "stressed_nav": 488692.5399782572,
      "pnl": -514722.3400217428,
      "description": "Rapid 33.9% selloff in SPY over 23 trading days as COVID-19 spread."
    },
    {
      "scenario": "2022 Rate Shock (Jan-Oct)",
      "market_move": -0.252,
      "portfolio_impact": -0.3813232830465386,
      "stressed_nav": 620789.4237006514,
      "pnl": -382625.4562993486,
      "description": "Grinding 9-month decline as the Fed hiked rates aggressively."
    },
    {
      "scenario": "GFC 2008-09",
      "market_move": -0.565,
      "portfolio_impact": -0.8549510115924377,
      "stressed_nav": 145544.31329709553,
      "pnl": -857870.5667029044,
      "description": "Credit crisis bear market; SPY drew down 56.5% from Oct 2007 peak."
    },
    {
      "scenario": "Dot-Com Bust (2000-02)",
      "market_move": -0.491,
      "portfolio_impact": -0.7429751268882955,
      "stressed_nav": 257902.5822103962,
      "pnl": -745512.2977896038,
      "description": "Tech bubble burst; SPY -49.1% peak-to-trough over 30 months."
    },
    {
      "scenario": "Black Monday (Oct 1987)",
      "market_move": -0.204,
      "portfolio_impact": -0.3086902767519598,
      "stressed_nav": 693670.4629957655,
      "pnl": -309744.4170042345,
      "description": "Flash crash; -20.4% on a single trading day."
    },
    {
      "scenario": "Aug 2024 Yen Carry Unwind",
      "market_move": -0.084,
      "portfolio_impact": -0.12710776101551288,
      "stressed_nav": 875873.0612335504,
      "pnl": -127541.81876644958,
      "description": "Yen carry unwind shock; SPY -8.4% in one week."
    }
  ],
  "monte_carlo": {
    "horizon_days": 21,
    "n_paths": 10000,
    "current_nav": 1003414.88,
    "terminal_return": {
      "p5": -0.15563924260791973,
      "p25": -0.08144988501960632,
      "p50": -0.026837393537493592,
      "p75": 0.02838355724208247,
      "p95": 0.11165998875365866,
      "prob_negative": 0.6306
    },
    "terminal_nav": {
      "p5": 847244.1480552834,
      "p50": 976485.8399840631,
      "p95": 1115456.1742160537
    },
    "max_drawdown": {
      "p5": -0.1713375140345327,
      "p50": -0.08137853100730497,
      "p95": -0.03041520643778428
    },
    "method": "Bootstrap of synthetic portfolio daily returns (current weights \u00d7 each holding's 252-day history). 10,000 paths, 21-trading-day horizon (~1 month)."
  },
  "factor_stress": [
    {
      "scenario": "Tech Selloff -15%",
