{
  "generated_at": "2026-06-23T00:20:05.630383Z",
  "market_session": "CLOSED",
  "fund_name": "Convex Capital",
  "tagline": "Lose small. Win big. \u2014 Paper-traded portfolio. Hypothetical performance for educational purposes only.",
  "summary": {
    "nav": 1013145.2799999999,
    "cash": 4722.310000000056,
    "equity": 1008422.9699999999,
    "deposits": 1000000.0,
    "total_return": 0.013145279999999815,
    "realized_pnl": 0.0,
    "open_positions": 16
  },
  "metrics": {
    "annualized_return": -0.15611954082399515,
    "annualized_vol": 0.28142958050387296,
    "sharpe": -0.7149551895326278,
    "sortino": -0.9340149465206777,
    "calmar": -0.43338176059508693,
    "max_drawdown": -0.3602356052308792,
    "var_95_1d": -0.031956640234920994,
    "risk_free_rate": 0.04508999824523926,
    "method": "Synthetic: current weights \u00d7 each holding's 252-day return history. Sortino uses Frank Sortino downside deviation (RMS of shortfalls vs MAR=RF).",
    "beta_benchmark": 0.9883788434022527,
    "benchmark_annualized_return": 0.3671425608650909,
    "treynor": -0.20357531973936202,
    "jensens_alpha": -0.519519478426175,
    "information_ratio": -1.8974750221037895,
    "tracking_error": 0.2019059373738575,
    "annualized_active_return": -0.3831114729813466,
    "up_capture": 0.6487397282729648,
    "down_capture": 1.088705815385869,
    "data_basis": "synthetic_252d",
    "days_of_live_nav": 15,
    "benchmark_ticker": "IWM",
    "benchmark_name": "Russell 2000",
    "beta_spy": 0.9883788434022527,
    "beta_spy_stress": 1.5559721601143988
  },
  "nav_curve": [
    {
      "date": "2026-06-01",
      "value": 999917.891065216
    },
    {
      "date": "2026-06-02",
      "value": 1005115.2851749802
    },
    {
      "date": "2026-06-03",
      "value": 995803.6211034394
    },
    {
      "date": "2026-06-04",
      "value": 1004963.9990083313
    },
    {
      "date": "2026-06-05",
      "value": 974307.7037928009
    },
    {
      "date": "2026-06-08",
      "value": 974300.2676141167
    },
    {
      "date": "2026-06-09",
      "value": 979673.6351214601
    },
    {
      "date": "2026-06-10",
      "value": 966916.124456997
    },
    {
      "date": "2026-06-11",
      "value": 990786.2495456887
    },
    {
      "date": "2026-06-12",
      "value": 996255.9623314096
    },
    {
      "date": "2026-06-15",
      "value": 1017053.0484934426
    },
    {
      "date": "2026-06-16",
      "value": 1019259.638037262
    },
    {
      "date": "2026-06-17",
      "value": 1004292.749573288
    },
    {
      "date": "2026-06-18",
      "value": 1005993.3106403924
    },
    {
      "date": "2026-06-22",
      "value": 1013145.2704611397
    }
  ],
  "drawdown_curve": [
    {
      "date": "2026-06-01",
      "value": 0.0
    },
    {
      "date": "2026-06-02",
      "value": 0.0
    },
    {
      "date": "2026-06-03",
      "value": -0.009264274664691572
    },
    {
      "date": "2026-06-04",
      "value": -0.00015051623319260214
    },
    {
      "date": "2026-06-05",
      "value": -0.030650793830894734
    },
    {
      "date": "2026-06-08",
      "value": -0.03065819216499025
    },
    {
      "date": "2026-06-09",
      "value": -0.025312171080047775
    },
    {
      "date": "2026-06-10",
      "value": -0.03800475555531231
    },
    {
      "date": "2026-06-11",
      "value": -0.014256111553210436
    },
    {
      "date": "2026-06-12",
      "value": -0.00881423551531036
    },
    {
      "date": "2026-06-15",
      "value": 0.0
    },
    {
      "date": "2026-06-16",
      "value": 0.0
    },
    {
      "date": "2026-06-17",
      "value": -0.01468407842852975
    },
    {
      "date": "2026-06-18",
      "value": -0.01301565067602988
    },
    {
      "date": "2026-06-22",
      "value": -0.005998832238561335
    }
  ],
  "benchmarks": {
    "SPY": [
      {
        "date": "2026-06-01",
        "value": 0.0
      },
      {
        "date": "2026-06-02",
        "value": 0.0013579397972762752
      },
      {
        "date": "2026-06-03",
        "value": -0.005668771434361286
      },
      {
        "date": "2026-06-04",
        "value": -0.0019115061781299625
      },
      {
        "date": "2026-06-05",
        "value": -0.027671542654459702
      },
      {
        "date": "2026-06-08",
        "value": -0.025470023194608782
      },
      {
        "date": "2026-06-09",
        "value": -0.02833070775180091
      },
      {
        "date": "2026-06-10",
        "value": -0.04364962071587053
      },
      {
        "date": "2026-06-11",
        "value": -0.027394678792744487
      },
      {
        "date": "2026-06-12",
        "value": -0.022134588105308994
      },
      {
        "date": "2026-06-15",
        "value": -0.0048909388718152425
      },
      {
        "date": "2026-06-16",
        "value": -0.010823344076597685
      },
      {
        "date": "2026-06-17",
        "value": -0.023176054438276084
      },
      {
        "date": "2026-06-18",
        "value": -0.013020023259145863
      },
      {
        "date": "2026-06-22",
        "value": -0.016126029204297176
      }
    ],
    "IWM": [
      {
        "date": "2026-06-01",
        "value": 0.0
      },
      {
        "date": "2026-06-02",
        "value": 0.009273902616242058
      },
      {
        "date": "2026-06-03",
        "value": -0.004533265755123028
      },
      {
        "date": "2026-06-04",
        "value": 0.010485102307313143
      },
      {
        "date": "2026-06-05",
        "value": -0.025365222965751943
      },
      {
        "date": "2026-06-08",
        "value": -0.016852527916236926
      },
      {
        "date": "2026-06-09",
        "value": -0.013703535746163342
      },
      {
        "date": "2026-06-10",
        "value": -0.023981055236295123
      },
      {
        "date": "2026-06-11",
        "value": 0.00494832553389335
      },
      {
        "date": "2026-06-12",
        "value": 0.01373793881377372
      },
      {
        "date": "2026-06-15",
        "value": 0.022010765090349826
      },
      {
        "date": "2026-06-16",
        "value": 0.013130856989941098
      },
      {
        "date": "2026-06-17",
        "value": 0.005499833171586088
      },
      {
        "date": "2026-06-18",
        "value": 0.025305943833869415
      },
      {
        "date": "2026-06-22",
        "value": 0.03428980212625787
      }
    ]
  },
  "holdings": [
    {
      "ticker": "GRPN",
      "company": "Groupon, Inc.",
      "sector": "Communication Services",
      "country": "United States",
      "shares": 11310.0,
      "price": 16.9,
      "cost_basis": 17.3017824933687,
      "market_value": 191138.99999999997,
      "unrealized_pnl": -4544.160000000032,
      "short_percent_of_float": 0.56310004,
      "short_ratio": 5.75
    },
    {
      "ticker": "KSPI",
      "company": "Joint Stock Company Kaspi.kz",
      "sector": "Technology",
      "country": "Kazakhstan",
      "shares": 1515.0,
      "price": 84.81,
      "cost_basis": 82.53049504950495,
      "market_value": 128487.15000000001,
      "unrealized_pnl": 3453.450000000005,
      "short_percent_of_float": 0.0159,
      "short_ratio": 3.24
    },
    {
      "ticker": "TENB",
      "company": "Tenable Holdings, Inc.",
      "sector": "Technology",
      "country": "United States",
      "shares": 4766.0,
      "price": 26.34,
      "cost_basis": 26.224616030214015,
      "market_value": 125536.44,
      "unrealized_pnl": 549.9200000000018,
      "short_percent_of_float": 0.129,
      "short_ratio": 3.05
    },
    {
      "ticker": "CMI",
      "company": "Cummins Inc.",
      "sector": "Industrials",
      "country": "United States",
      "shares": 153.0,
      "price": 724.93,
      "cost_basis": 651.1282352941176,
      "market_value": 110914.29,
      "unrealized_pnl": 11291.669999999993,
      "short_percent_of_float": 0.0171,
      "short_ratio": 2.07
    },
    {
      "ticker": "JAKK",
      "company": "JAKKS Pacific, Inc.",
      "sector": "Consumer Cyclical",
      "country": "United States",
      "shares": 3436.0,
      "price": 22.01,
      "cost_basis": 21.83,
      "market_value": 75626.36,
      "unrealized_pnl": 618.4800000000113,
      "short_percent_of_float": 0.039100002,
      "short_ratio": 7.32
    },
    {
      "ticker": "XNET",
      "company": "Xunlei Limited",
      "sector": "Technology",
      "country": "China",
      "shares": 10526.0,
      "price": 5.08,
      "cost_basis": 4.75,
      "market_value": 53472.08,
      "unrealized_pnl": 3473.580000000001,
      "short_percent_of_float": 0.0377,
      "short_ratio": 6.03
    },
    {
      "ticker": "CRWV",
      "company": "CoreWeave, Inc.",
      "sector": "Technology",
      "country": "United States",
      "shares": 468.0,
      "price": 111.29,
      "cost_basis": 106.78134615384614,
      "market_value": 52083.72,
      "unrealized_pnl": 2110.0500000000075,
      "short_percent_of_float": 0.18190001,
      "short_ratio": 1.91
    },
    {
      "ticker": "VIA",
      "company": "Via Transportation, Inc.",
      "sector": "Technology",
      "country": "United States",
      "shares": 3280.0,
      "price": 14.94,
      "cost_basis": 15.241405487804878,
      "market_value": 49003.2,
      "unrealized_pnl": -988.6100000000005,
      "short_percent_of_float": 0.13520001,
      "short_ratio": 6.88
    },
    {
      "ticker": "ZS",
      "company": "Zscaler, Inc.",
      "sector": "Technology",
      "country": "United States",
      "shares": 365.0,
      "price": 124.06,
      "cost_basis": 136.79813698630136,
      "market_value": 45281.9,
      "unrealized_pnl": -4649.419999999995,
      "short_percent_of_float": 0.114700004,
      "short_ratio": 2.09
    },
    {
      "ticker": "ESI",
      "company": "Element Solutions Inc",
      "sector": "Basic Materials",
      "country": "United States",
      "shares": 557.0,
      "price": 49.09,
      "cost_basis": 44.92,
      "market_value": 27343.13,
      "unrealized_pnl": 2322.690000000001,
      "short_percent_of_float": 0.0838,
      "short_ratio": 4.45
    },
    {
      "ticker": "VST",
      "company": "Vistra Corp.",
      "sector": "Utilities",
      "country": "United States",
      "shares": 162.0,
      "price": 167.26,
      "cost_basis": 154.76,
      "market_value": 27096.12,
      "unrealized_pnl": 2025.0,
      "short_percent_of_float": 0.0539,
      "short_ratio": 2.73
    },
    {
      "ticker": "GENC",
      "company": "Gencor Industries, Inc.",
      "sector": "Industrials",
      "country": "United States",
      "shares": 1746.0,
      "price": 14.89,
      "cost_basis": 14.32,
      "market_value": 25997.940000000002,
      "unrealized_pnl": 995.2200000000005,
      "short_percent_of_float": 0.0064,
      "short_ratio": 2.39
    },
    {
      "ticker": "CEG",
      "company": "Constellation Energy Corporation",
      "sector": "Utilities",
      "country": "United States",
      "shares": 94.0,
      "price": 275.53,
      "cost_basis": 265.7,
      "market_value": 25899.819999999996,
      "unrealized_pnl": 924.0199999999985,
      "short_percent_of_float": 0.036,
      "short_ratio": 3.46
    },
    {
      "ticker": "ZTS",
      "company": "Zoetis Inc.",
      "sector": "Healthcare",
      "country": "United States",
      "shares": 312.0,
      "price": 75.89,
      "cost_basis": 80.09,
      "market_value": 23677.68,
      "unrealized_pnl": -1310.400000000001,
      "short_percent_of_float": 0.0363,
      "short_ratio": 1.45
    },
    {
      "ticker": "OPEN",
      "company": "Opendoor Technologies Inc.",
      "sector": "Real Estate",
      "country": "United States",
      "shares": 5479.0,
      "price": 4.28,
      "cost_basis": 4.562927541522176,
      "market_value": 23450.120000000003,
      "unrealized_pnl": -1550.1599999999994,
      "short_percent_of_float": 0.16149999,
      "short_ratio": 3.77
    },
    {
      "ticker": "PYPL",
      "company": "PayPal Holdings, Inc.",
      "sector": "Financial Services",
      "country": "United States",
      "shares": 553.0,
      "price": 42.34,
      "cost_basis": 45.19,
      "market_value": 23414.02,
      "unrealized_pnl": -1576.0499999999968,
      "short_percent_of_float": 0.0626,
      "short_ratio": 3.16
    }
  ],
  "sector_exposure": [
    {
      "name": "Technology",
      "value": 453864.49000000005,
      "pct": 0.44797572367903654
    },
    {
      "name": "Communication Services",
      "value": 191138.99999999997,
      "pct": 0.18865902430103607
    },
    {
      "name": "Industrials",
      "value": 136912.22999999998,
      "pct": 0.13513583165486395
    },
    {
      "name": "Consumer Cyclical",
      "value": 75626.36,
      "pct": 0.07464512888023325
    },
    {
      "name": "Utilities",
      "value": 52995.939999999995,
      "pct": 0.05230833232525152
    },
    {
      "name": "Basic Materials",
      "value": 27343.13,
      "pct": 0.026988360445206836
    },
    {
      "name": "Healthcare",
      "value": 23677.68,
      "pct": 0.023370468645918185
    },
    {
      "name": "Real Estate",
      "value": 23450.120000000003,
      "pct": 0.0231458611740263
    },
    {
      "name": "Financial Services",
      "value": 23414.02,
      "pct": 0.02311022956154916
    },
    {
      "name": "Cash",
      "value": 4722.310000000056,
      "pct": 0.004661039332878357
    }
  ],
  "geographic_exposure": [
    {
      "name": "United States",
      "value": 826463.7399999999,
      "pct": 0.8157406013873942
    },
    {
      "name": "Kazakhstan",
      "value": 128487.15000000001,
      "pct": 0.1268200647393827
    },
    {
      "name": "China",
      "value": 53472.08,
      "pct": 0.0527782945403447
    },
    {
      "name": "Cash",
      "value": 4722.310000000056,
      "pct": 0.004661039332878357
    }
  ],
  "signals": [
    {
      "ticker": "CEG",
      "label": "BUY",
      "composite": 1.0,
      "rsi": 52.5,
      "subs": {
        "rsi": 0.5,
        "macd": 0.5,
        "trend": -0.5,
        "bb": 0.5,
        "vol": 0.0,
        "range": 0.0
      }
    },
    {
      "ticker": "CMI",
      "label": "STRONG BUY",
      "composite": 2.5,
      "rsi": 63.3,
      "subs": {
        "rsi": 0.5,
        "macd": 0.5,
        "trend": 0.5,
        "bb": 0.0,
        "vol": 0.5,
        "range": 0.5
      }
    },
    {
      "ticker": "CRWV",
      "label": "STRONG BUY",
      "composite": 2.0,
      "rsi": 52.3,
      "subs": {
        "rsi": 0.5,
        "macd": 0.5,
        "trend": 0.0,
        "bb": 0.5,
        "vol": 0.5,
        "range": 0.0
      }
    },
    {
      "ticker": "ESI",
      "label": "STRONG BUY",
      "composite": 2.0,
      "rsi": 70.2,
      "subs": {
        "rsi": 0.0,
        "macd": 0.5,
        "trend": 0.5,
        "bb": 0.0,
        "vol": 0.5,
        "range": 0.5
      }
    },
    {
      "ticker": "GENC",
      "label": "STRONG BUY",
      "composite": 2.0,
      "rsi": 52.5,
      "subs": {
        "rsi": 0.5,
        "macd": 0.5,
        "trend": 0.5,
        "bb": 0.5,
        "vol": 0.0,
        "range": 0.0
      }
    },
    {
      "ticker": "GRPN",
      "label": "SELL",
      "composite": -1.5,
      "rsi": 48.8,
      "subs": {
        "rsi": 0.5,
        "macd": -0.5,
        "trend": 0.0,
        "bb": -0.5,
        "vol": -0.5,
        "range": -0.5
      }
    },
    {
      "ticker": "JAKK",
      "label": "BUY",
      "composite": 1.0,
      "rsi": 51.1,
      "subs": {
        "rsi": 0.5,
        "macd": -0.5,
        "trend": 0.5,
        "bb": 0.5,
        "vol": 0.0,
        "range": 0.0
      }
    },
    {
      "ticker": "KSPI",
      "label": "LEAN BEAR",
      "composite": -0.5,
      "rsi": 50.9,
      "subs": {
        "rsi": 0.5,
        "macd": -0.5,
        "trend": 0.0,
        "bb": -0.5,
        "vol": 0.0,
        "range": 0.0
      }
    },
    {
      "ticker": "OPEN",
      "label": "STRONG SELL",
      "composite": -2.0,
      "rsi": 40.8,
      "subs": {
        "rsi": 0.0,
        "macd": -0.5,
        "trend": -0.5,
        "bb": -0.5,
        "vol": 0.0,
        "range": -0.5
      }
    },
    {
      "ticker": "PYPL",
      "label": "NEUTRAL",
      "composite": 0.0,
      "rsi": 44.0,
      "subs": {
        "rsi": 0.0,
        "macd": 0.5,
        "trend": -0.5,
        "bb": -0.5,
        "vol": 0.5,
        "range": 0.0
      }
    },
    {
      "ticker": "TENB",
      "label": "SELL",
      "composite": -1.0,
      "rsi": 52.3,
      "subs": {
        "rsi": 0.5,
        "macd": -0.5,
        "trend": 0.0,
        "bb": -0.5,
        "vol": 0.0,
        "range": -0.5
      }
    },
    {
      "ticker": "VIA",
      "label": "NEUTRAL",
      "composite": 0.0,
      "rsi": 48.9,
      "subs": {
        "rsi": 0.5,
        "macd": 0.5,
        "trend": -0.5,
        "bb": -0.5,
        "vol": 0.5,
        "range": -0.5
      }
    },
    {
      "ticker": "VST",
      "label": "STRONG BUY",
      "composite": 2.0,
      "rsi": 63.3,
      "subs": {
        "rsi": 0.5,
        "macd": 0.5,
        "trend": 0.0,
        "bb": 0.5,
        "vol": 0.0,
        "range": 0.5
      }
    },
    {
      "ticker": "XNET",
      "label": "NEUTRAL",
      "composite": 0.0,
      "rsi": 43.3,
      "subs": {
        "rsi": 0.0,
        "macd": 0.5,
        "trend": -0.5,
        "bb": -0.5,
        "vol": 0.5,
        "range": 0.0
      }
    },
    {
      "ticker": "ZS",
      "label": "STRONG SELL",
      "composite": -2.0,
      "rsi": 40.0,
      "subs": {
        "rsi": 0.0,
        "macd": -0.5,
        "trend": -0.5,
        "bb": -0.5,
        "vol": 0.0,
        "range": -0.5
      }
    },
    {
      "ticker": "ZTS",
      "label": "SELL",
      "composite": -1.0,
      "rsi": 33.3,
      "subs": {
        "rsi": 0.0,
        "macd": 0.5,
        "trend": -0.5,
        "bb": -0.5,
        "vol": 0.0,
        "range": -0.5
      }
    }
  ],
  "volatility": [
    {
      "ticker": "CEG",
      "hv20": 0.4803942623996393,
      "garch": 0.5374456891981383,
      "expansion": 0.11875959240961544,
      "regime": "NORMAL",
      "signal": "BASE"
    },
    {
      "ticker": "CMI",
      "hv20": 0.44433486450212645,
      "garch": 0.32882614585777376,
      "expansion": -0.25995871103605445,
      "regime": "HIGH",
      "signal": "WEAK"
    },
    {
      "ticker": "CRWV",
      "hv20": 0.8437222159805764,
      "garch": 0.9659009499291296,
      "expansion": 0.1448091938726026,
      "regime": "NORMAL",
      "signal": "BASE"
    },
    {
      "ticker": "ESI",
      "hv20": 0.5394837121962466,
      "garch": 0.5456102857581419,
      "expansion": 0.01135636428568696,
      "regime": "HIGH",
      "signal": "WEAK"
    },
    {
      "ticker": "GENC",
      "hv20": 0.35091565135844266,
      "garch": 0.36338963018190223,
      "expansion": 0.03554694347536535,
      "regime": "NORMAL",
      "signal": "WEAK"
    },
    {
      "ticker": "GRPN",
      "hv20": 0.8248053671417794,
      "garch": 0.7906223353357247,
      "expansion": -0.04144375530012632,
      "regime": "HIGH",
      "signal": "WEAK"
    },
    {
      "ticker": "JAKK",
      "hv20": 0.21604548838666246,
      "garch": 0.46064353396932894,
      "expansion": 1.1321599326568799,
      "regime": "LOW",
      "signal": "SIGNAL"
    },
    {
      "ticker": "KSPI",
      "hv20": 0.35453611052362094,
      "garch": 0.43864225928505296,
      "expansion": 0.23722872301276757,
      "regime": "HIGH",
      "signal": "SIGNAL"
    },
    {
      "ticker": "OPEN",
      "hv20": 0.7736460080393263,
      "garch": 0.7763838549728049,
      "expansion": 0.003538888464528211,
      "regime": "NORMAL",
      "signal": "WEAK"
    },
    {
      "ticker": "PYPL",
      "hv20": 0.306809180200128,
      "garch": 0.41367081023166663,
      "expansion": 0.3482999757759337,
      "regime": "NORMAL",
      "signal": "SIGNAL"
    },
    {
      "ticker": "TENB",
      "hv20": 0.5862512134068718,
      "garch": 0.39927402548827307,
      "expansion": -0.3189369738478175,
      "regime": "HIGH",
      "signal": "WEAK"
    },
    {
      "ticker": "VIA",
      "hv20": 0.6955060699692869,
      "garch": null,
      "expansion": null,
      "regime": "NORMAL",
      "signal": "WEAK"
    },
    {
      "ticker": "VST",
      "hv20": 0.4940170651557277,
      "garch": 0.5654633382353522,
      "expansion": 0.14462308717433214,
      "regime": "NORMAL",
      "signal": "BASE"
    },
    {
      "ticker": "XNET",
      "hv20": 0.7760675780946079,
      "garch": 0.7642493405755435,
      "expansion": -0.01522836136007693,
      "regime": "HIGH",
      "signal": "WEAK"
    },
    {
      "ticker": "ZS",
      "hv20": 1.524667326963838,
      "garch": 0.35138327420263626,
      "expansion": -0.769534463034394,
      "regime": "EXTREME",
      "signal": "WEAK"
    },
    {
      "ticker": "ZTS",
      "hv20": 0.29732378860594255,
      "garch": 0.35093040404590076,
      "expansion": 0.1802970952687732,
      "regime": "HIGH",
      "signal": "BASE"
    }
  ],
  "correlation": {
    "tickers": [
      "CEG",
      "CMI",
      "CRWV",
      "ESI",
      "GENC",
      "GRPN",
      "JAKK",
      "KSPI",
      "OPEN",
      "PYPL",
      "TENB",
      "VIA",
      "VST",
      "XNET",
      "ZS",
      "ZTS"
    ],
    "matrix": [
      [
        1.0,
        0.328,
        0.231,
        0.299,
        0.151,
        0.09,
        0.089,
        0.058,
        0.189,
        0.14,
        0.062,
        0.007,
        0.798,
        0.25,
        0.045,
        0.122
      ],
      [
        0.328,
        1.0,
        0.369,
        0.613,
        0.348,
        0.195,
        0.136,
        0.244,
        0.184,
        0.081,
        -0.052,
        0.003,
        0.353,
        0.299,
        -0.052,
        0.186
      ],
      [
        0.231,
        0.369,
        1.0,
        0.339,
        0.118,
        0.159,
        0.056,
        0.128,
        0.247,
        0.148,
        0.119,
        0.215,
        0.316,
        0.366,
        0.182,
        0.086
      ],
      [
        0.299,
        0.613,
        0.339,
        1.0,
        0.277,
        0.309,
        0.246,
        0.302,
        0.264,
        0.287,
        0.111,
        0.053,
        0.363,
        0.338,
        0.046,
        0.179
      ],
      [
        0.151,
        0.348,
        0.118,
        0.277,
        1.0,
        0.157,
        0.319,
        0.142,
        0.129,
        0.099,
        0.161,
        0.069,
        0.172,
        0.162,
        0.053,
        0.158
      ],
      [
        0.09,
        0.195,
        0.159,
        0.309,
        0.157,
        1.0,
        0.149,
        0.343,
        0.301,
        0.269,
        0.247,
        0.167,
        0.13,
        0.237,
        0.15,
        0.158
      ],
      [
        0.089,
        0.136,
        0.056,
        0.246,
        0.319,
        0.149,
        1.0,
        0.097,
        0.139,
        0.214,
        -0.034,
        0.145,
        0.06,
        0.198,
        -0.047,
        0.144
      ],
      [
        0.058,
        0.244,
        0.128,
        0.302,
        0.142,
        0.343,
        0.097,
        1.0,
        0.243,
        0.256,
        0.262,
        0.134,
        0.107,
        0.205,
        0.153,
        0.181
      ],
      [
        0.189,
        0.184,
        0.247,
        0.264,
        0.129,
        0.301,
        0.139,
        0.243,
        1.0,
        0.248,
        0.121,
        0.153,
        0.254,
        0.348,
        0.064,
        0.171
      ],
      [
        0.14,
        0.081,
        0.148,
        0.287,
        0.099,
        0.269,
        0.214,
        0.256,
        0.248,
        1.0,
        0.354,
        0.145,
        0.085,
        0.342,
        0.206,
        0.176
      ],
      [
        0.062,
        -0.052,
        0.119,
        0.111,
        0.161,
        0.247,
        -0.034,
        0.262,
        0.121,
        0.354,
        1.0,
        0.336,
        0.073,
        0.153,
        0.559,
        0.098
      ],
      [
        0.007,
        0.003,
        0.215,
        0.053,
        0.069,
        0.167,
        0.145,
        0.134,
        0.153,
        0.145,
        0.336,
        1.0,
        0.057,
        0.165,
        0.368,
        0.021
      ],
      [
        0.798,
        0.353,
        0.316,
        0.363,
        0.172,
        0.13,
        0.06,
        0.107,
        0.254,
        0.085,
        0.073,
        0.057,
        1.0,
        0.274,
        0.073,
        0.09
      ],
      [
        0.25,
        0.299,
        0.366,
        0.338,
        0.162,
        0.237,
        0.198,
        0.205,
        0.348,
        0.342,
        0.153,
        0.165,
        0.274,
        1.0,
        0.22,
        0.048
      ],
      [
        0.045,
        -0.052,
        0.182,
        0.046,
        0.053,
        0.15,
        -0.047,
        0.153,
        0.064,
        0.206,
        0.559,
        0.368,
        0.073,
        0.22,
        1.0,
        -0.035
      ],
      [
        0.122,
        0.186,
        0.086,
        0.179,
        0.158,
        0.158,
        0.144,
        0.181,
        0.171,
        0.176,
        0.098,
        0.021,
        0.09,
        0.048,
        -0.035,
        1.0
      ]
    ]
  },
  "residual_correlation": {
    "tickers": [
      "CEG",
      "CMI",
      "CRWV",
      "ESI",
      "GENC",
      "GRPN",
      "JAKK",
      "KSPI",
      "OPEN",
      "PYPL",
      "TENB",
      "VIA",
      "VST",
      "XNET",
      "ZS",
      "ZTS"
    ],
    "matrix": [
      [
        1.0,
        0.055,
        0.0,
        -0.029,
        0.028,
        -0.059,
        -0.019,
        -0.131,
        0.035,
        0.044,
        -0.026,
        -0.102,
        0.731,
        0.096,
        0.01,
        0.075
      ],
      [
        0.055,
        1.0,
        0.124,
        0.248,
        0.076,
        -0.059,
        -0.149,
        -0.005,
        -0.065,
        -0.096,
        -0.259,
        -0.143,
        0.036,
        0.003,
        -0.142,
        0.064
      ],
      [
        0.0,
        0.124,
        1.0,
        0.04,
        0.013,
        -0.05,
        -0.039,
        -0.108,
        0.04,
        -0.033,
        -0.02,
        0.083,
        0.08,
        0.138,
        0.108,
        0.039
      ],
      [
        -0.029,
        0.248,
        0.04,
        1.0,
        -0.073,
        0.056,
        0.003,
        0.015,
        -0.011,
        0.135,
        -0.096,
        -0.125,
        0.007,
        0.028,
        -0.051,
        -0.017
      ],
      [
        0.028,
        0.076,
        0.013,
        -0.073,
        1.0,
        -0.03,
        0.066,
        -0.079,
        -0.072,
        0.003,
        0.094,
        -0.004,
        0.026,
        -0.054,
        0.007,
        -0.035
      ],
      [
        -0.059,
        -0.059,
        -0.05,
        0.056,
        -0.03,
        1.0,
        0.006,
        0.182,
        0.11,
        0.096,
        0.109,
        0.05,
        -0.035,
        0.012,
        0.049,
        0.026
      ],
      [
        -0.019,
        -0.149,
        -0.039,
        0.003,
        0.066,
        0.006,
        1.0,
        -0.101,
        -0.033,
        0.102,
        -0.129,
        0.09,
        -0.058,
        0.019,
        -0.113,
        -0.039
      ],
      [
        -0.131,
        -0.005,
        -0.108,
        0.015,
        -0.079,
        0.182,
        -0.101,
        1.0,
        0.061,
        0.079,
        0.156,
        0.012,
        -0.1,
        -0.023,
        0.061,
        0.045
      ],
      [
        0.035,
        -0.065,
        0.04,
        -0.011,
        -0.072,
        0.11,
        -0.033,
        0.061,
        1.0,
        0.064,
        -0.017,
        0.03,
        0.104,
        0.164,
        -0.047,
        0.025
      ],
      [
        0.044,
        -0.096,
        -0.033,
        0.135,
        0.003,
        0.096,
        0.102,
        0.079,
        0.064,
        1.0,
        0.24,
        0.007,
        -0.031,
        0.185,
        0.073,
        0.023
      ],
      [
        -0.026,
        -0.259,
        -0.02,
        -0.096,
        0.094,
        0.109,
        -0.129,
        0.156,
        -0.017,
        0.24,
        1.0,
        0.274,
        -0.031,
        0.004,
        0.518,
        -0.009
      ],
      [
        -0.102,
        -0.143,
        0.083,
        -0.125,
        -0.004,
        0.05,
        0.09,
        0.012,
        0.03,
        0.007,
        0.274,
        1.0,
        -0.057,
        0.029,
        0.314,
        -0.059
      ],
      [
        0.731,
        0.036,
        0.08,
        0.007,
        0.026,
        -0.035,
        -0.058,
        -0.1,
        0.104,
        -0.031,
        -0.031,
        -0.057,
        1.0,
        0.106,
        0.039,
        0.03
      ],
      [
        0.096,
        0.003,
        0.138,
        0.028,
        -0.054,
        0.012,
        0.019,
        -0.023,
        0.164,
        0.185,
        0.004,
        0.029,
        0.106,
        1.0,
        0.135,
        -0.108
      ],
      [
        0.01,
        -0.142,
        0.108,
        -0.051,
        0.007,
        0.049,
        -0.113,
        0.061,
        -0.047,
        0.073,
        0.518,
        0.314,
        0.039,
        0.135,
        1.0,
        -0.118
      ],
      [
        0.075,
        0.064,
        0.039,
        -0.017,
        -0.035,
        0.026,
        -0.039,
        0.045,
        0.025,
        0.023,
        -0.009,
        -0.059,
        0.03,
        -0.108,
        -0.118,
        1.0
      ]
    ]
  },
  "factor_correlation": {
    "factors": [
      "Market",
      "Size",
      "Value (SMID)",
      "Momentum",
      "Quality",
      "Profitability",
      "Liquidity",
      "Credit"
    ],
    "matrix": [
      [
        1.0,
        0.329,
        -0.49,
        0.394,
        -0.244,
        -0.534,
        0.31,
        0.173
      ],
      [
        0.329,
        1.0,
        -0.158,
        0.262,
        0.155,
        0.145,
        0.328,
        0.039
      ],
      [
        -0.49,
        -0.158,
        1.0,
        -0.547,
        0.305,
        0.588,
        -0.381,
        -0.133
      ],
      [
        0.394,
        0.262,
        -0.547,
        1.0,
        -0.218,
        -0.527,
        0.297,
        0.034
      ],
      [
        -0.244,
        0.155,
        0.305,
        -0.218,
        1.0,
        0.434,
        -0.235,
        -0.131
      ],
      [
        -0.534,
        0.145,
        0.588,
        -0.527,
        0.434,
        1.0,
        -0.28,
        -0.09
      ],
      [
        0.31,
        0.328,
        -0.381,
        0.297,
        -0.235,
        -0.28,
        1.0,
        0.156
      ],
      [
        0.173,
        0.039,
        -0.133,
        0.034,
        -0.131,
        -0.09,
        0.156,
        1.0
      ]
    ]
  },
  "factor_exposures": [
    {
      "ticker": "CEG",
      "r_squared": 0.2519028527256756,
      "alpha_annual": -0.44162279186781644,
      "idio_vol_annual": 0.40451070517834303,
      "Market": 0.7194958335425433,
      "Size": 0.3817807197104722,
      "Value (SMID)": -0.4389793734184885,
      "Momentum": 0.5999784365578216,
      "Quality": -0.7911613222722166,
      "Profitability": -0.6437294872928252,
      "Liquidity": -0.4743259466299339,
      "Credit": -0.9093668022853691
    },
    {
      "ticker": "CMI",
      "r_squared": 0.4683009419969527,
      "alpha_annual": 0.3583641982404158,
      "idio_vol_annual": 0.24634634854533685,
      "Market": 1.1456588564526955,
      "Size": 0.8080301441798426,
      "Value (SMID)": 0.35769158131036805,
      "Momentum": 0.6879526639973149,
      "Quality": -0.024074702072273663,
      "Profitability": -0.15826524219894503,
      "Liquidity": -0.31489286016592033,
      "Credit": 0.7771900670420564
    },
    {
      "ticker": "CRWV",
      "r_squared": 0.2706122347720249,
      "alpha_annual": -1.0046838268843565,
      "idio_vol_annual": 0.8059614380354326,
      "Market": 1.0251857029942422,
      "Size": 0.6179351538885891,
      "Value (SMID)": -2.0397317085636044,
      "Momentum": 0.6874533163366283,
      "Quality": -4.251935591583314,
      "Profitability": -0.008924052712578179,
      "Liquidity": 0.34192849359366184,
      "Credit": 2.0350581130649465
    },
    {
      "ticker": "ESI",
      "r_squared": 0.5053072377307837,
      "alpha_annual": 0.31510787644419086,
      "idio_vol_annual": 0.28683063102853507,
      "Market": 1.633025898530398,
      "Size": 1.0180477214117976,
      "Value (SMID)": -0.17766899231910965,
      "Momentum": 0.6222167265534599,
      "Quality": 0.18824093648113965,
      "Profitability": 0.24856797141046072,
      "Liquidity": -0.6986861041978509,
      "Credit": 0.1886671237712511
    },
    {
      "ticker": "GENC",
      "r_squared": 0.3266124220319483,
      "alpha_annual": -0.4508985647086743,
      "idio_vol_annual": 0.32548456972324297,
      "Market": 1.3020720565682151,
      "Size": 1.2347072535881973,
      "Value (SMID)": 1.160474655327331,
      "Momentum": -0.03835174829196353,
      "Quality": -0.6502931192285046,
      "Profitability": 0.06341556611980365,
      "Liquidity": -0.16754549650303813,
      "Credit": 0.5781002171582423
    },
    {
      "ticker": "GRPN",
      "r_squared": 0.16665443428834903,
      "alpha_annual": -1.1776276527034226,
      "idio_vol_annual": 0.6252164615056269,
      "Market": 1.9000690271646128,
      "Size": 0.3100326499969779,
      "Value (SMID)": -0.9216032411610385,
      "Momentum": -0.12311999922752714,
      "Quality": -1.4377030566027398,
      "Profitability": 1.4317873023941177,
      "Liquidity": 0.22084365318974725,
      "Credit": 1.46069114756603
    },
    {
      "ticker": "JAKK",
      "r_squared": 0.27111584361665764,
      "alpha_annual": -0.2944537785138308,
      "idio_vol_annual": 0.35146580734723615,
      "Market": 1.2390651751892199,
      "Size": 1.0354537446401448,
      "Value (SMID)": 0.8359715606226449,
      "Momentum": -0.34666795464989975,
      "Quality": 1.3888218526623963,
      "Profitability": -0.3577781229349725,
      "Liquidity": 0.33166490968786666,
      "Credit": -0.44898452621959273
    },
    {
      "ticker": "KSPI",
      "r_squared": 0.2150741606558818,
      "alpha_annual": -0.1876902223091362,
      "idio_vol_annual": 0.3227373664029174,
      "Market": 1.1693143790597862,
      "Size": 0.4503639615967806,
      "Value (SMID)": -0.3469357048619065,
      "Momentum": -0.5163812992684104,
      "Quality": 0.08166773629027019,
      "Profitability": 0.08386679948579523,
      "Liquidity": -0.010636155985553675,
      "Credit": 0.5412302971192883
    },
    {
      "ticker": "OPEN",
      "r_squared": 0.1270533378646067,
      "alpha_annual": 1.4635428776926906,
      "idio_vol_annual": 1.3418707196208177,
      "Market": 3.033215526371072,
      "Size": 1.327460344696719,
      "Value (SMID)": -1.6624863383643012,
      "Momentum": -2.0356406386130033,
      "Quality": 1.050410091546467,
      "Profitability": 0.9683640696316719,
      "Liquidity": 1.8672485457127412,
      "Credit": -3.1722963898317897
    },
    {
      "ticker": "PYPL",
      "r_squared": 0.2918543186992941,
      "alpha_annual": -0.6251805828681642,
      "idio_vol_annual": 0.33898790697843806,
      "Market": 1.7907902348905416,
      "Size": -0.32514946603004774,
      "Value (SMID)": -0.8985990566670063,
      "Momentum": -0.8932573726726358,
      "Quality": 1.4103732160354465,
      "Profitability": 0.6546388572324882,
      "Liquidity": 0.37048331588511063,
      "Credit": 0.018339468286855655
    },
    {
      "ticker": "TENB",
      "r_squared": 0.14817481292634216,
      "alpha_annual": -0.37200712712536244,
      "idio_vol_annual": 0.40990471958123204,
      "Market": 1.4898529610123779,
      "Size": -0.13930552394172346,
      "Value (SMID)": -0.7790894917356431,
      "Momentum": -0.23529834261142024,
      "Quality": -0.3997916586163741,
      "Profitability": 1.2987573267632344,
      "Liquidity": -0.12996069070461214,
      "Credit": -0.19813186280713754
    },
    {
      "ticker": "VIA",
      "r_squared": 0.11105508667047903,
      "alpha_annual": -1.55611380661102,
      "idio_vol_annual": 0.6812394337844629,
      "Market": 0.9664028814216385,
      "Size": 0.4479601655906186,
      "Value (SMID)": -1.4136080238693627,
      "Momentum": -1.0196948030548518,
      "Quality": -1.5967738974509789,
      "Profitability": 0.4923321540957476,
      "Liquidity": 0.6501463677785186,
      "Credit": -0.7510845452228451
    },
    {
      "ticker": "VST",
      "r_squared": 0.29130113194345264,
      "alpha_annual": -0.43085368752714925,
      "idio_vol_annual": 0.4124994706126358,
      "Market": 0.6119593242145323,
      "Size": 0.7853872674329179,
      "Value (SMID)": -0.6772654519898283,
      "Momentum": 0.6495800625927671,
      "Quality": -1.8543491967452606,
      "Profitability": -0.5023815266036454,
      "Liquidity": -0.8056135132348892,
      "Credit": -0.7241261501747596
    },
    {
      "ticker": "XNET",
      "r_squared": 0.17070026621929046,
      "alpha_annual": -0.37654828537297536,
      "idio_vol_annual": 0.6763002377715386,
      "Market": 1.8013305145363738,
      "Size": 0.22162108143955467,
      "Value (SMID)": -0.762031447766975,
      "Momentum": -0.42559645124010603,
      "Quality": 0.4846180005395443,
      "Profitability": 0.5752771837307591,
      "Liquidity": 1.2084774572226618,
      "Credit": 2.309701245879637
    },
    {
      "ticker": "ZS",
      "r_squared": 0.09041093491337171,
      "alpha_annual": -0.9592117555219539,
      "idio_vol_annual": 0.5980367753050908,
      "Market": 1.3484602514617834,
      "Size": -0.38008328148186293,
      "Value (SMID)": -1.0814829288713943,
      "Momentum": -0.9008080355752659,
      "Quality": -0.8505447804157207,
      "Profitability": 0.8502808072433737,
      "Liquidity": 0.19614816966749732,
      "Credit": 0.21261332845176037
    },
    {
      "ticker": "ZTS",
      "r_squared": 0.1650696741945682,
      "alpha_annual": -0.8906116850474768,
      "idio_vol_annual": 0.34464277168967683,
      "Market": 1.332001734902092,
      "Size": 0.15053299821221644,
      "Value (SMID)": 0.06105976728394088,
      "Momentum": -0.24369935088673456,
      "Quality": 1.0167003684281746,
      "Profitability": 0.7546564790887964,
      "Liquidity": 0.0626388269168261,
      "Credit": -0.728134190602616
    }
  ],
  "portfolio_factor_exposure": {
    "loadings": {
      "Market": 1.4256689576573331,
      "Size": 0.4308988983949133,
      "Value (SMID)": -0.5393135429986423,
      "Momentum": -0.17086942593389676,
      "Quality": -0.5208204619627366,
      "Profitability": 0.5254398515025321,
      "Liquidity": 0.13310647720002874,
      "Credit": 0.46036496988185394
    },
    "alpha_annual": -0.4940423999192868,
    "r_squared_weighted": 0.2317870916320294
  },
  "stress_tests": [
    {
      "scenario": "COVID Crash (Feb-Mar 2020)",
      "market_move": -0.339,
      "portfolio_impact": -0.5274745622787812,
      "stressed_nav": 478736.91690718674,
      "pnl": -534408.3630928132,
      "description": "Rapid 33.9% selloff in SPY over 23 trading days as COVID-19 spread."
    },
    {
      "scenario": "2022 Rate Shock (Jan-Oct)",
      "market_move": -0.252,
      "portfolio_impact": -0.3921049843488285,
      "stressed_nav": 615885.9658425106,
      "pnl": -397259.31415748934,
      "description": "Grinding 9-month decline as the Fed hiked rates aggressively."
    },
    {
      "scenario": "GFC 2008-09",
      "market_move": -0.565,
      "portfolio_impact": -0.8791242704646353,
      "stressed_nav": 122464.67484531137,
