{
  "generated_at": "2026-06-25T17:13:30.646951Z",
  "market_session": "OPEN",
  "fund_name": "Convex Capital",
  "tagline": "Lose small. Win big. \u2014 Paper-traded portfolio. Hypothetical performance for educational purposes only.",
  "summary": {
    "nav": 1067511.2018828965,
    "cash": 4722.310000000056,
    "equity": 1062788.8918828964,
    "deposits": 1000000.0,
    "total_return": 0.0675112018828965,
    "realized_pnl": 0.0,
    "open_positions": 16
  },
  "metrics": {
    "period_return": 0.06763629936705362,
    "calendar_days_since_inception": 24,
    "trading_days_observed": 17,
    "annualized_return": 1.7056492547532476,
    "annualized_return_arithmetic": 1.0055435658314593,
    "annualized_vol": 0.26744871018330035,
    "sharpe": 3.599249092227558,
    "sortino": 6.422733937765385,
    "calmar": 44.883465016344786,
    "max_drawdown": -0.038001728568240384,
    "var_95_1d": -0.01784868046815382,
    "risk_free_rate": 0.04386000156402588,
    "beta_benchmark": 0.8227026878007974,
    "benchmark_annualized_return": 0.26593635969694196,
    "benchmark_annualized_return_arithmetic": 0.23592242007292333,
    "benchmark_period_return": 0.03602414015619204,
    "period_active_return": 0.03161215921086158,
    "treynor": 1.1689320802368495,
    "jensens_alpha": 0.8036732963346419,
    "information_ratio": 2.4362981718980494,
    "tracking_error": 0.18602688308934517,
    "annualized_active_return": 0.5727251710436392,
    "annualized_active_return_arithmetic": 0.4532169551944638,
    "up_capture": 1.1689737225119594,
    "down_capture": 0.8786111913519843,
    "data_basis": "realized_nav",
    "days_of_live_nav": 18,
    "benchmark_ticker": "IWM",
    "benchmark_name": "Russell 2000",
    "beta_spy": 0.8227026878007974,
    "beta_spy_stress": 1.5474101981040134
  },
  "nav_curve": [
    {
      "date": "2026-06-01",
      "value": 999882.8292976379
    },
    {
      "date": "2026-06-02",
      "value": 1005079.4966617966
    },
    {
      "date": "2026-06-03",
      "value": 995768.7768651581
    },
    {
      "date": "2026-06-04",
      "value": 1004929.1794892884
    },
    {
      "date": "2026-06-05",
      "value": 974274.0015833282
    },
    {
      "date": "2026-06-08",
      "value": 974266.9881036186
    },
    {
      "date": "2026-06-09",
      "value": 979640.5088702394
    },
    {
      "date": "2026-06-10",
      "value": 966884.7384401513
    },
    {
      "date": "2026-06-11",
      "value": 990753.0886875344
    },
    {
      "date": "2026-06-12",
      "value": 996222.4282127572
    },
    {
      "date": "2026-06-15",
      "value": 1017018.2685251809
    },
    {
      "date": "2026-06-16",
      "value": 1019223.7061524964
    },
    {
      "date": "2026-06-17",
      "value": 1004256.765778122
    },
    {
      "date": "2026-06-18",
      "value": 1005956.2144795037
    },
    {
      "date": "2026-06-22",
      "value": 1013145.2704611397
    },
    {
      "date": "2026-06-23",
      "value": 1003670.4086042023
    },
    {
      "date": "2026-06-24",
      "value": 1028642.2278996087
    },
    {
      "date": "2026-06-25",
      "value": 1067511.2036719895
    }
  ],
  "drawdown_curve": [
    {
      "date": "2026-06-01",
      "value": 0.0
    },
    {
      "date": "2026-06-02",
      "value": 0.0
    },
    {
      "date": "2026-06-03",
      "value": -0.009263665040986776
    },
    {
      "date": "2026-06-04",
      "value": -0.00014955749570802555
    },
    {
      "date": "2026-06-05",
      "value": -0.030649809473562682
    },
    {
      "date": "2026-06-08",
      "value": -0.03065678750836781
    },
    {
      "date": "2026-06-09",
      "value": -0.025310423579476604
    },
    {
      "date": "2026-06-10",
      "value": -0.038001728568240384
    },
    {
      "date": "2026-06-11",
      "value": -0.01425400480444075
    },
    {
      "date": "2026-06-12",
      "value": -0.008812306368259061
    },
    {
      "date": "2026-06-15",
      "value": 0.0
    },
    {
      "date": "2026-06-16",
      "value": 0.0
    },
    {
      "date": "2026-06-17",
      "value": -0.014684647034823809
    },
    {
      "date": "2026-06-18",
      "value": -0.01301725184854327
    },
    {
      "date": "2026-06-22",
      "value": -0.005963789553426265
    },
    {
      "date": "2026-06-23",
      "value": -0.015259944852545435
    },
    {
      "date": "2026-06-24",
      "value": 0.0
    },
    {
      "date": "2026-06-25",
      "value": 0.0
    }
  ],
  "benchmarks": {
    "SPY": [
      {
        "date": "2026-06-01",
        "value": 0.0
      },
      {
        "date": "2026-06-02",
        "value": 0.0013579397972762752
      },
      {
        "date": "2026-06-03",
        "value": -0.005668771434361286
      },
      {
        "date": "2026-06-04",
        "value": -0.0019115061781299625
      },
      {
        "date": "2026-06-05",
        "value": -0.027671542654459702
      },
      {
        "date": "2026-06-08",
        "value": -0.025470023194608782
      },
      {
        "date": "2026-06-09",
        "value": -0.02833070775180091
      },
      {
        "date": "2026-06-10",
        "value": -0.04364962071587053
      },
      {
        "date": "2026-06-11",
        "value": -0.027394678792744487
      },
      {
        "date": "2026-06-12",
        "value": -0.022134588105308994
      },
      {
        "date": "2026-06-15",
        "value": -0.0048909388718152425
      },
      {
        "date": "2026-06-16",
        "value": -0.010823344076597685
      },
      {
        "date": "2026-06-17",
        "value": -0.023176054438276084
      },
      {
        "date": "2026-06-18",
        "value": -0.013020023259145863
      },
      {
        "date": "2026-06-22",
        "value": -0.016126029204297176
      },
      {
        "date": "2026-06-23",
        "value": -0.030413801760312054
      },
      {
        "date": "2026-06-24",
        "value": -0.03086322150786902
      },
      {
        "date": "2026-06-25",
        "value": -0.030810301142692675
      }
    ],
    "IWM": [
      {
        "date": "2026-06-01",
        "value": 0.0
      },
      {
        "date": "2026-06-02",
        "value": 0.009273902616242058
      },
      {
        "date": "2026-06-03",
        "value": -0.004533265755123028
      },
      {
        "date": "2026-06-04",
        "value": 0.010485102307313143
      },
      {
        "date": "2026-06-05",
        "value": -0.025365222965751943
      },
      {
        "date": "2026-06-08",
        "value": -0.016852527916236926
      },
      {
        "date": "2026-06-09",
        "value": -0.013703535746163342
      },
      {
        "date": "2026-06-10",
        "value": -0.023981055236295123
      },
      {
        "date": "2026-06-11",
        "value": 0.00494832553389335
      },
      {
        "date": "2026-06-12",
        "value": 0.01373793881377372
      },
      {
        "date": "2026-06-15",
        "value": 0.022010765090349826
      },
      {
        "date": "2026-06-16",
        "value": 0.013130856989941098
      },
      {
        "date": "2026-06-17",
        "value": 0.005499833171586088
      },
      {
        "date": "2026-06-18",
        "value": 0.025305943833869415
      },
      {
        "date": "2026-06-22",
        "value": 0.03428980212625787
      },
      {
        "date": "2026-06-23",
        "value": 0.02436943940571834
      },
      {
        "date": "2026-06-24",
        "value": 0.0291215086708434
      },
      {
        "date": "2026-06-25",
        "value": 0.03602414015619204
      }
    ]
  },
  "holdings": [
    {
      "ticker": "GRPN",
      "company": "Groupon, Inc.",
      "sector": "Communication Services",
      "country": "United States",
      "shares": 11310.0,
      "price": 21.170000076293945,
      "cost_basis": 17.3017824933687,
      "market_value": 239432.70086288452,
      "unrealized_pnl": 43749.5408628845,
      "short_percent_of_float": 0.56310004,
      "short_ratio": 5.75
    },
    {
      "ticker": "TENB",
      "company": "Tenable Holdings, Inc.",
      "sector": "Technology",
      "country": "United States",
      "shares": 4766.0,
      "price": 27.56999969482422,
      "cost_basis": 26.224616030214015,
      "market_value": 131398.61854553223,
      "unrealized_pnl": 6412.098545532229,
      "short_percent_of_float": 0.129,
      "short_ratio": 3.05
    },
    {
      "ticker": "KSPI",
      "company": "Joint Stock Company Kaspi.kz",
      "sector": "Technology",
      "country": "Kazakhstan",
      "shares": 1515.0,
      "price": 85.94499969482422,
      "cost_basis": 82.53049504950495,
      "market_value": 130206.67453765869,
      "unrealized_pnl": 5172.9745376586925,
      "short_percent_of_float": 0.0159,
      "short_ratio": 3.24
    },
    {
      "ticker": "CMI",
      "company": "Cummins Inc.",
      "sector": "Industrials",
      "country": "United States",
      "shares": 153.0,
      "price": 721.1950073242188,
      "cost_basis": 651.1282352941176,
      "market_value": 110342.83612060547,
      "unrealized_pnl": 10720.21612060547,
      "short_percent_of_float": 0.0171,
      "short_ratio": 2.07
    },
    {
      "ticker": "JAKK",
      "company": "JAKKS Pacific, Inc.",
      "sector": "Consumer Cyclical",
      "country": "United States",
      "shares": 3436.0,
      "price": 23.0,
      "cost_basis": 21.83,
      "market_value": 79028.0,
      "unrealized_pnl": 4020.120000000006,
      "short_percent_of_float": 0.039100002,
      "short_ratio": 7.32
    },
    {
      "ticker": "XNET",
      "company": "Xunlei Limited",
      "sector": "Technology",
      "country": "China",
      "shares": 10526.0,
      "price": 5.070000171661377,
      "cost_basis": 4.75,
      "market_value": 53366.821806907654,
      "unrealized_pnl": 3368.321806907654,
      "short_percent_of_float": 0.0377,
      "short_ratio": 6.03
    },
    {
      "ticker": "VIA",
      "company": "Via Transportation, Inc.",
      "sector": "Technology",
      "country": "United States",
      "shares": 3280.0,
      "price": 15.350000381469727,
      "cost_basis": 15.241405487804878,
      "market_value": 50348.0012512207,
      "unrealized_pnl": 356.1912512207043,
      "short_percent_of_float": 0.13520001,
      "short_ratio": 6.88
    },
    {
      "ticker": "CRWV",
      "company": "CoreWeave, Inc.",
      "sector": "Technology",
      "country": "United States",
      "shares": 468.0,
      "price": 100.37000274658203,
      "cost_basis": 106.78134615384614,
      "market_value": 46973.16128540039,
      "unrealized_pnl": -3000.508714599605,
      "short_percent_of_float": 0.18190001,
      "short_ratio": 1.91
    },
    {
      "ticker": "ZS",
      "company": "Zscaler, Inc.",
      "sector": "Technology",
      "country": "United States",
      "shares": 365.0,
      "price": 123.36000061035156,
      "cost_basis": 136.79813698630136,
      "market_value": 45026.40022277832,
      "unrealized_pnl": -4904.919777221676,
      "short_percent_of_float": 0.114700004,
      "short_ratio": 2.09
    },
    {
      "ticker": "VST",
      "company": "Vistra Corp.",
      "sector": "Utilities",
      "country": "United States",
      "shares": 162.0,
      "price": 167.92990112304688,
      "cost_basis": 154.76,
      "market_value": 27204.643981933594,
      "unrealized_pnl": 2133.523981933595,
      "short_percent_of_float": 0.0539,
      "short_ratio": 2.73
    },
    {
      "ticker": "ESI",
      "company": "Element Solutions Inc",
      "sector": "Basic Materials",
      "country": "United States",
      "shares": 557.0,
      "price": 47.654998779296875,
      "cost_basis": 44.92,
      "market_value": 26543.83432006836,
      "unrealized_pnl": 1523.3943200683584,
      "short_percent_of_float": 0.0838,
      "short_ratio": 4.45
    },
    {
      "ticker": "GENC",
      "company": "Gencor Industries, Inc.",
      "sector": "Industrials",
      "country": "United States",
      "shares": 1746.0,
      "price": 14.868300437927246,
      "cost_basis": 14.32,
      "market_value": 25960.05256462097,
      "unrealized_pnl": 957.3325646209712,
      "short_percent_of_float": 0.0064,
      "short_ratio": 2.39
    },
    {
      "ticker": "CEG",
      "company": "Constellation Energy Corporation",
      "sector": "Utilities",
      "country": "United States",
      "shares": 94.0,
      "price": 271.1300048828125,
      "cost_basis": 265.7,
      "market_value": 25486.220458984375,
      "unrealized_pnl": 510.42045898437607,
      "short_percent_of_float": 0.036,
      "short_ratio": 3.46
    },
    {
      "ticker": "ZTS",
      "company": "Zoetis Inc.",
      "sector": "Healthcare",
      "country": "United States",
      "shares": 312.0,
      "price": 78.25,
      "cost_basis": 80.09,
      "market_value": 24414.0,
      "unrealized_pnl": -574.0800000000011,
      "short_percent_of_float": 0.0363,
      "short_ratio": 1.45
    },
    {
      "ticker": "OPEN",
      "company": "Opendoor Technologies Inc.",
      "sector": "Real Estate",
      "country": "United States",
      "shares": 5479.0,
      "price": 4.295000076293945,
      "cost_basis": 4.562927541522176,
      "market_value": 23532.305418014526,
      "unrealized_pnl": -1467.9745819854745,
      "short_percent_of_float": 0.16149999,
      "short_ratio": 3.77
    },
    {
      "ticker": "PYPL",
      "company": "PayPal Holdings, Inc.",
      "sector": "Financial Services",
      "country": "United States",
      "shares": 553.0,
      "price": 42.540000915527344,
      "cost_basis": 45.19,
      "market_value": 23524.62050628662,
      "unrealized_pnl": -1465.4494937133777,
      "short_percent_of_float": 0.0626,
      "short_ratio": 3.16
    }
  ],
  "sector_exposure": [
    {
      "name": "Technology",
      "value": 457319.677649498,
      "pct": 0.42839801291346535
    },
    {
      "name": "Communication Services",
      "value": 239432.70086288452,
      "pct": 0.22429057460059304
    },
    {
      "name": "Industrials",
      "value": 136302.88868522644,
      "pct": 0.12768286500864143
    },
    {
      "name": "Consumer Cyclical",
      "value": 79028.0,
      "pct": 0.07403013650874006
    },
    {
      "name": "Utilities",
      "value": 52690.86444091797,
      "pct": 0.04935860565020847
    },
    {
      "name": "Basic Materials",
      "value": 26543.83432006836,
      "pct": 0.02486515764260819
    },
    {
      "name": "Healthcare",
      "value": 24414.0,
      "pct": 0.022870017623176343
    },
    {
      "name": "Real Estate",
      "value": 23532.305418014526,
      "pct": 0.02204408288784961
    },
    {
      "name": "Financial Services",
      "value": 23524.62050628662,
      "pct": 0.022036883982850437
    },
    {
      "name": "Cash",
      "value": 4722.310000000056,
      "pct": 0.00442366318186709
    }
  ],
  "geographic_exposure": [
    {
      "name": "United States",
      "value": 879215.3955383301,
      "pct": 0.8236123367956732
    },
    {
      "name": "Kazakhstan",
      "value": 130206.67453765869,
      "pct": 0.12197218568573116
    },
    {
      "name": "China",
      "value": 53366.821806907654,
      "pct": 0.049991814336728495
    },
    {
      "name": "Cash",
      "value": 4722.310000000056,
      "pct": 0.00442366318186709
    }
  ],
  "signals": [
    {
      "ticker": "CEG",
      "label": "BUY",
      "composite": 1.0,
      "rsi": 50.0,
      "subs": {
        "rsi": 0.5,
        "macd": 0.5,
        "trend": -0.5,
        "bb": 0.5,
        "vol": 0.0,
        "range": 0.0
      }
    },
    {
      "ticker": "CMI",
      "label": "STRONG BUY",
      "composite": 2.5,
      "rsi": 60.2,
      "subs": {
        "rsi": 0.5,
        "macd": 0.5,
        "trend": 0.5,
        "bb": 0.5,
        "vol": 0.0,
        "range": 0.5
      }
    },
    {
      "ticker": "CRWV",
      "label": "SELL",
      "composite": -1.5,
      "rsi": 44.1,
      "subs": {
        "rsi": 0.0,
        "macd": -0.5,
        "trend": 0.0,
        "bb": -0.5,
        "vol": 0.0,
        "range": -0.5
      }
    },
    {
      "ticker": "ESI",
      "label": "STRONG BUY",
      "composite": 3.0,
      "rsi": 62.1,
      "subs": {
        "rsi": 0.5,
        "macd": 0.5,
        "trend": 0.5,
        "bb": 0.5,
        "vol": 0.5,
        "range": 0.5
      }
    },
    {
      "ticker": "GENC",
      "label": "STRONG BUY",
      "composite": 2.0,
      "rsi": 51.8,
      "subs": {
        "rsi": 0.5,
        "macd": 0.5,
        "trend": 0.5,
        "bb": 0.5,
        "vol": 0.0,
        "range": 0.0
      }
    },
    {
      "ticker": "GRPN",
      "label": "STRONG BUY",
      "composite": 2.0,
      "rsi": 66.7,
      "subs": {
        "rsi": 0.5,
        "macd": 0.5,
        "trend": 0.5,
        "bb": 0.0,
        "vol": 0.0,
        "range": 0.5
      }
    },
    {
      "ticker": "JAKK",
      "label": "STRONG BUY",
      "composite": 2.0,
      "rsi": 62.1,
      "subs": {
        "rsi": 0.5,
        "macd": 0.5,
        "trend": 0.5,
        "bb": 0.0,
        "vol": 0.0,
        "range": 0.5
      }
    },
    {
      "ticker": "KSPI",
      "label": "BUY",
      "composite": 1.5,
      "rsi": 53.5,
      "subs": {
        "rsi": 0.5,
        "macd": 0.5,
        "trend": 0.0,
        "bb": 0.5,
        "vol": 0.0,
        "range": 0.0
      }
    },
    {
      "ticker": "OPEN",
      "label": "STRONG SELL",
      "composite": -2.0,
      "rsi": 42.1,
      "subs": {
        "rsi": 0.0,
        "macd": -0.5,
        "trend": -0.5,
        "bb": -0.5,
        "vol": 0.0,
        "range": -0.5
      }
    },
    {
      "ticker": "PYPL",
      "label": "NEUTRAL",
      "composite": 0.0,
      "rsi": 46.1,
      "subs": {
        "rsi": 0.5,
        "macd": 0.5,
        "trend": -0.5,
        "bb": -0.5,
        "vol": 0.0,
        "range": 0.0
      }
    },
    {
      "ticker": "TENB",
      "label": "SELL",
      "composite": -1.0,
      "rsi": 57.9,
      "subs": {
        "rsi": 0.5,
        "macd": -0.5,
        "trend": 0.0,
        "bb": -0.5,
        "vol": -0.5,
        "range": 0.0
      }
    },
    {
      "ticker": "VIA",
      "label": "BUY",
      "composite": 1.5,
      "rsi": 52.5,
      "subs": {
        "rsi": 0.5,
        "macd": 0.5,
        "trend": -0.5,
        "bb": 0.5,
        "vol": 0.5,
        "range": 0.0
      }
    },
    {
      "ticker": "VST",
      "label": "STRONG BUY",
      "composite": 2.0,
      "rsi": 62.1,
      "subs": {
        "rsi": 0.5,
        "macd": 0.5,
        "trend": 0.0,
        "bb": 0.5,
        "vol": 0.0,
        "range": 0.5
      }
    },
    {
      "ticker": "XNET",
      "label": "NEUTRAL",
      "composite": 0.0,
      "rsi": 44.8,
      "subs": {
        "rsi": 0.0,
        "macd": 0.5,
        "trend": -0.5,
        "bb": -0.5,
        "vol": 0.5,
        "range": 0.0
      }
    },
    {
      "ticker": "ZS",
      "label": "STRONG SELL",
      "composite": -2.0,
      "rsi": 40.2,
      "subs": {
        "rsi": 0.0,
        "macd": -0.5,
        "trend": -0.5,
        "bb": -0.5,
        "vol": 0.0,
        "range": -0.5
      }
    },
    {
      "ticker": "ZTS",
      "label": "LEAN BEAR",
      "composite": -0.5,
      "rsi": 40.5,
      "subs": {
        "rsi": 0.0,
        "macd": 0.5,
        "trend": -0.5,
        "bb": -0.5,
        "vol": 0.0,
        "range": 0.0
      }
    }
  ],
  "volatility": [
    {
      "ticker": "CEG",
      "hv20": 0.4384310382613691,
      "garch": 0.5231662809375152,
      "expansion": 0.1932692607990757,
      "regime": "NORMAL",
      "signal": "BASE"
    },
    {
      "ticker": "CMI",
      "hv20": 0.46377386097740164,
      "garch": 0.3649280126356401,
      "expansion": -0.21313372024340543,
      "regime": "HIGH",
      "signal": "WEAK"
    },
    {
      "ticker": "CRWV",
      "hv20": 0.8762189091843375,
      "garch": 0.9395017424569153,
      "expansion": 0.07222262908191181,
      "regime": "NORMAL",
      "signal": "WEAK"
    },
    {
      "ticker": "ESI",
      "hv20": 0.5815491090704126,
      "garch": 0.5649763720588862,
      "expansion": -0.028497570975592034,
      "regime": "EXTREME",
      "signal": "WEAK"
    },
    {
      "ticker": "GENC",
      "hv20": 0.3245666877735186,
      "garch": 0.34229840862815497,
      "expansion": 0.054631980183405315,
      "regime": "NORMAL",
      "signal": "WEAK"
    },
    {
      "ticker": "GRPN",
      "hv20": 0.9619116098562279,
      "garch": 0.9247352832343664,
      "expansion": -0.038648381245152144,
      "regime": "EXTREME",
      "signal": "WEAK"
    },
    {
      "ticker": "JAKK",
      "hv20": 0.21561495513498732,
      "garch": 0.46057962884868936,
      "expansion": 1.1361209780663875,
      "regime": "LOW",
      "signal": "SIGNAL"
    },
    {
      "ticker": "KSPI",
      "hv20": 0.36665054697005856,
      "garch": 0.33746086712302303,
      "expansion": -0.07961171771937711,
      "regime": "HIGH",
      "signal": "WEAK"
    },
    {
      "ticker": "OPEN",
      "hv20": 0.7457739459812319,
      "garch": 0.7050184592266832,
      "expansion": -0.054648579471257654,
      "regime": "NORMAL",
      "signal": "WEAK"
    },
    {
      "ticker": "PYPL",
      "hv20": 0.3183536435461385,
      "garch": 0.39682814949236656,
      "expansion": 0.2465010454163528,
      "regime": "NORMAL",
      "signal": "SIGNAL"
    },
    {
      "ticker": "TENB",
      "hv20": 0.56304496248057,
      "garch": 0.3962751508423438,
      "expansion": -0.2961927070681877,
      "regime": "HIGH",
      "signal": "WEAK"
    },
    {
      "ticker": "VIA",
      "hv20": 0.6745207712411121,
      "garch": null,
      "expansion": null,
      "regime": "NORMAL",
      "signal": "WEAK"
    },
    {
      "ticker": "VST",
      "hv20": 0.4478014573410796,
      "garch": 0.5568022814189448,
      "expansion": 0.2434132857116673,
      "regime": "NORMAL",
      "signal": "SIGNAL"
    },
    {
      "ticker": "XNET",
      "hv20": 0.7729480589608793,
      "garch": 0.6962389803096808,
      "expansion": -0.09924221655245906,
      "regime": "HIGH",
      "signal": "WEAK"
    },
    {
      "ticker": "ZS",
      "hv20": 0.6725488413534503,
      "garch": 0.505813441411432,
      "expansion": -0.24791567495154213,
      "regime": "HIGH",
      "signal": "WEAK"
    },
    {
      "ticker": "ZTS",
      "hv20": 0.2989163995522801,
      "garch": 0.31509260684018053,
      "expansion": 0.05411615860531341,
      "regime": "HIGH",
      "signal": "WEAK"
    }
  ],
  "correlation": {
    "tickers": [
      "CEG",
      "CMI",
      "CRWV",
      "ESI",
      "GENC",
      "GRPN",
      "JAKK",
      "KSPI",
      "OPEN",
      "PYPL",
      "TENB",
      "VIA",
      "VST",
      "XNET",
      "ZS",
      "ZTS"
    ],
    "matrix": [
      [
        1.0,
        0.332,
        0.233,
        0.303,
        0.15,
        0.091,
        0.087,
        0.059,
        0.189,
        0.14,
        0.056,
        0.007,
        0.797,
        0.253,
        0.042,
        0.119
      ],
      [
        0.332,
        1.0,
        0.371,
        0.622,
        0.342,
        0.208,
        0.131,
        0.244,
        0.184,
        0.083,
        -0.066,
        0.004,
        0.361,
        0.31,
        -0.061,
        0.178
      ],
      [
        0.233,
        0.371,
        1.0,
        0.342,
        0.117,
        0.144,
        0.051,
        0.125,
        0.246,
        0.146,
        0.109,
        0.211,
        0.316,
        0.367,
        0.178,
        0.08
      ],
      [
        0.303,
        0.622,
        0.342,
        1.0,
        0.271,
        0.311,
        0.238,
        0.305,
        0.264,
        0.288,
        0.091,
        0.051,
        0.371,
        0.348,
        0.036,
        0.169
      ],
      [
        0.15,
        0.342,
        0.117,
        0.271,
        1.0,
        0.149,
        0.318,
        0.142,
        0.129,
        0.099,
        0.161,
        0.068,
        0.17,
        0.16,
        0.053,
        0.158
      ],
      [
        0.091,
        0.208,
        0.144,
        0.311,
        0.149,
        1.0,
        0.157,
        0.343,
        0.296,
        0.268,
        0.237,
        0.171,
        0.142,
        0.245,
        0.137,
        0.162
      ],
      [
        0.087,
        0.131,
        0.051,
        0.238,
        0.318,
        0.157,
        1.0,
        0.101,
        0.141,
        0.216,
        -0.029,
        0.147,
        0.06,
        0.196,
        -0.046,
        0.148
      ],
      [
        0.059,
        0.244,
        0.125,
        0.305,
        0.142,
        0.343,
        0.101,
        1.0,
        0.245,
        0.261,
        0.26,
        0.134,
        0.111,
        0.206,
        0.152,
        0.182
      ],
      [
        0.189,
        0.184,
        0.246,
        0.264,
        0.129,
        0.296,
        0.141,
        0.245,
        1.0,
        0.249,
        0.12,
        0.153,
        0.255,
        0.348,
        0.064,
        0.172
      ],
      [
        0.14,
        0.083,
        0.146,
        0.288,
        0.099,
        0.268,
        0.216,
        0.261,
        0.249,
        1.0,
        0.351,
        0.145,
        0.088,
        0.342,
        0.205,
        0.177
      ],
      [
        0.056,
        -0.066,
        0.109,
        0.091,
        0.161,
        0.237,
        -0.029,
        0.26,
        0.12,
        0.351,
        1.0,
        0.336,
        0.065,
        0.143,
        0.56,
        0.103
      ],
      [
        0.007,
        0.004,
        0.211,
        0.051,
        0.068,
        0.171,
        0.147,
        0.134,
        0.153,
        0.145,
        0.336,
        1.0,
        0.058,
        0.165,
        0.366,
        0.023
      ],
      [
        0.797,
        0.361,
        0.316,
        0.371,
        0.17,
        0.142,
        0.06,
        0.111,
        0.255,
        0.088,
        0.065,
        0.058,
        1.0,
        0.281,
        0.067,
        0.087
      ],
      [
        0.253,
        0.31,
        0.367,
        0.348,
        0.16,
        0.245,
        0.196,
        0.206,
        0.348,
        0.342,
        0.143,
        0.165,
        0.281,
        1.0,
        0.212,
        0.046
      ],
      [
        0.042,
        -0.061,
        0.178,
        0.036,
        0.053,
        0.137,
        -0.046,
        0.152,
        0.064,
        0.205,
        0.56,
        0.366,
        0.067,
        0.212,
        1.0,
        -0.032
      ],
      [
        0.119,
        0.178,
        0.08,
        0.169,
        0.158,
        0.162,
        0.148,
        0.182,
        0.172,
        0.177,
        0.103,
        0.023,
        0.087,
        0.046,
        -0.032,
        1.0
      ]
    ]
  },
  "residual_correlation": {
    "tickers": [
      "CEG",
      "CMI",
      "CRWV",
      "ESI",
      "GENC",
      "GRPN",
      "JAKK",
      "KSPI",
      "OPEN",
      "PYPL",
      "TENB",
      "VIA",
      "VST",
      "XNET",
      "ZS",
      "ZTS"
    ],
    "matrix": [
      [
        1.0,
        0.056,
        0.002,
        -0.034,
        0.028,
        -0.063,
        -0.021,
        -0.135,
        0.035,
        0.038,
        -0.022,
        -0.102,
        0.73,
        0.093,
        0.01,
        0.074
      ],
      [
        0.056,
        1.0,
        0.125,
        0.246,
        0.075,
        -0.051,
        -0.148,
        -0.006,
        -0.067,
        -0.093,
        -0.259,
        -0.14,
        0.037,
        0.005,
        -0.142,
        0.064
      ],
      [
        0.002,
        0.125,
        1.0,
        0.038,
        0.014,
        -0.057,
        -0.043,
        -0.111,
        0.044,
        -0.038,
        -0.019,
        0.082,
        0.078,
        0.136,
        0.108,
        0.036
      ],
      [
        -0.034,
        0.246,
        0.038,
        1.0,
        -0.071,
        0.049,
        0.002,
        0.018,
        -0.01,
        0.137,
        -0.104,
        -0.125,
        0.003,
        0.029,
        -0.052,
        -0.02
      ],
      [
        0.028,
        0.075,
        0.014,
        -0.071,
        1.0,
        -0.037,
        0.064,
        -0.08,
        -0.077,
        -0.0,
        0.093,
        -0.007,
        0.025,
        -0.057,
        0.006,
        -0.036
      ],
      [
        -0.063,
        -0.051,
        -0.057,
        0.049,
        -0.037,
        1.0,
        0.028,
        0.195,
        0.118,
        0.123,
        0.108,
        0.071,
        -0.029,
        0.042,
        0.051,
        0.037
      ],
      [
        -0.021,
        -0.148,
        -0.043,
        0.002,
        0.064,
        0.028,
        1.0,
        -0.092,
        -0.03,
        0.109,
        -0.125,
        0.095,
        -0.057,
        0.026,
        -0.111,
        -0.036
      ],
      [
        -0.135,
        -0.006,
        -0.111,
        0.018,
        -0.08,
        0.195,
        -0.092,
        1.0,
        0.061,
        0.088,
        0.155,
        0.015,
        -0.099,
        -0.018,
        0.062,
        0.048
      ],
      [
        0.035,
        -0.067,
        0.044,
        -0.01,
        -0.077,
        0.118,
        -0.03,
        0.061,
        1.0,
        0.072,
        -0.019,
        0.032,
        0.108,
        0.162,
        -0.045,
        0.029
      ],
      [
        0.038,
        -0.093,
        -0.038,
        0.137,
        -0.0,
        0.123,
        0.109,
        0.088,
        0.072,
        1.0,
        0.234,
        0.016,
        -0.031,
        0.196,
        0.074,
        0.027
      ],
      [
        -0.022,
        -0.259,
        -0.019,
        -0.104,
        0.093,
        0.108,
        -0.125,
        0.155,
        -0.019,
        0.234,
        1.0,
        0.271,
        -0.027,
        0.001,
        0.517,
        -0.006
      ],
      [
        -0.102,
        -0.14,
        0.082,
        -0.125,
        -0.007,
        0.071,
        0.095,
        0.015,
        0.032,
        0.016,
        0.271,
        1.0,
        -0.055,
        0.038,
        0.313,
        -0.056
      ],
      [
        0.73,
        0.037,
        0.078,
        0.003,
        0.025,
        -0.029,
        -0.057,
        -0.099,
        0.108,
        -0.031,
        -0.027,
        -0.055,
        1.0,
        0.107,
        0.04,
        0.031
      ],
      [
        0.093,
        0.005,
        0.136,
        0.029,
        -0.057,
        0.042,
        0.026,
        -0.018,
        0.162,
        0.196,
        0.001,
        0.038,
        0.107,
        1.0,
        0.135,
        -0.104
      ],
      [
        0.01,
        -0.142,
        0.108,
        -0.052,
        0.006,
        0.051,
        -0.111,
        0.062,
        -0.045,
        0.074,
        0.517,
        0.313,
        0.04,
        0.135,
        1.0,
        -0.116
      ],
      [
        0.074,
        0.064,
        0.036,
        -0.02,
        -0.036,
        0.037,
        -0.036,
        0.048,
        0.029,
        0.027,
        -0.006,
        -0.056,
        0.031,
        -0.104,
        -0.116,
        1.0
      ]
    ]
  },
  "factor_correlation": {
    "factors": [
      "Market",
      "Size",
      "Value (SMID)",
      "Momentum",
      "Quality",
      "Profitability",
      "Liquidity",
      "Credit"
    ],
    "matrix": [
      [
        1.0,
        0.32,
        -0.5,
        0.398,
        -0.255,
        -0.537,
        0.303,
        0.188
      ],
      [
        0.32,
        1.0,
        -0.152,
        0.249,
        0.158,
        0.156,
        0.322,
        0.032
      ],
      [
        -0.5,
        -0.152,
        1.0,
        -0.551,
        0.309,
        0.6,
        -0.371,
        -0.144
      ],
      [
        0.398,
        0.249,
        -0.551,
        1.0,
        -0.216,
        -0.53,
        0.27,
        0.047
      ],
      [
        -0.255,
        0.158,
        0.309,
        -0.216,
        1.0,
        0.444,
        -0.239,
        -0.131
      ],
      [
        -0.537,
        0.156,
        0.6,
        -0.53,
        0.444,
        1.0,
        -0.275,
        -0.115
      ],
      [
        0.303,
        0.322,
        -0.371,
        0.27,
        -0.239,
        -0.275,
        1.0,
        0.168
      ],
      [
        0.188,
        0.032,
        -0.144,
        0.047,
        -0.131,
        -0.115,
        0.168,
        1.0
      ]
    ]
  },
  "factor_exposures": [
    {
      "ticker": "CEG",
      "r_squared": 0.24655876950271716,
      "alpha_annual": -0.4344075560204704,
      "idio_vol_annual": 0.4051077460044955,
      "Market": 0.6917645122648971,
      "Size": 0.397396850763868,
      "Value (SMID)": -0.4749895158653428,
      "Momentum": 0.5296580771920137,
      "Quality": -0.8693822281790597,
      "Profitability": -0.6085781913875825,
      "Liquidity": -0.4345823565434136,
      "Credit": -0.9122507458026929
    },
    {
      "ticker": "CMI",
      "r_squared": 0.48241499909062546,
      "alpha_annual": 0.3599399719409888,
      "idio_vol_annual": 0.24561667044662971,
      "Market": 1.142946263572508,
      "Size": 0.8117225924813136,
      "Value (SMID)": 0.40351824866806385,
      "Momentum": 0.7325943542321646,
      "Quality": -0.027845603146397765,
      "Profitability": -0.17009429625826678,
      "Liquidity": -0.3411362795100424,
      "Credit": 0.8389122705295978
    },
    {
      "ticker": "CRWV",
      "r_squared": 0.27415682018095533,
      "alpha_annual": -1.0181257836770772,
      "idio_vol_annual": 0.8019190438832005,
      "Market": 1.0713813157621976,
      "Size": 0.6344743687974639,
      "Value (SMID)": -1.9743156455275555,
      "Momentum": 0.5604081565570878,
      "Quality": -3.9334156663437287,
      "Profitability": -0.188721379921289,
      "Liquidity": 0.4521189634818326,
      "Credit": 1.865531737929733
    },
    {
      "ticker": "ESI",
      "r_squared": 0.5152244874859202,
      "alpha_annual": 0.27070861866386,
      "idio_vol_annual": 0.2884825079898875,
      "Market": 1.6493463894810798,
      "Size": 0.9928063112387583,
      "Value (SMID)": -0.17132662487284275,
      "Momentum": 0.6754259042966281,
      "Quality": 0.24385455783264406,
      "Profitability": 0.22546600563090757,
      "Liquidity": -0.7237239381188418,
      "Credit": 0.2333545907439303
    },
    {
      "ticker": "GENC",
      "r_squared": 0.3272972245674991,
      "alpha_annual": -0.4288611826187402,
      "idio_vol_annual": 0.32313630390103426,
      "Market": 1.285192316152359,
      "Size": 1.2407468860727715,
      "Value (SMID)": 1.1451063187296082,
      "Momentum": -0.047699237065799815,
      "Quality": -0.7738362314747379,
      "Profitability": 0.08485084955015987,
      "Liquidity": -0.1855903863205638,
      "Credit": 0.664035130026332
    },
    {
      "ticker": "GRPN",
      "r_squared": 0.16164956253826201,
      "alpha_annual": -0.9264097704942711,
      "idio_vol_annual": 0.6463506175474012,
      "Market": 1.9280908751995145,
      "Size": 0.3022683256330756,
      "Value (SMID)": -0.9347175950860818,
      "Momentum": 0.21598781570232506,
      "Quality": -1.5925441178980837,
      "Profitability": 1.7546879792762644,
      "Liquidity": 0.042946065751688134,
      "Credit": 1.1409895071296556
    },
    {
      "ticker": "JAKK",
      "r_squared": 0.27090297584663614,
      "alpha_annual": -0.22508450974297325,
      "idio_vol_annual": 0.35148453540035357,
      "Market": 1.2486136455656407,
      "Size": 1.0508040560316978,
      "Value (SMID)": 0.863519031677618,
      "Momentum": -0.3116244167680605,
      "Quality": 1.363733609109154,
      "Profitability": -0.34146218800368733,
      "Liquidity": 0.2958463753127919,
      "Credit": -0.5057676464813813
    },
    {
      "ticker": "KSPI",
      "r_squared": 0.21307898261321967,
      "alpha_annual": -0.1360509362877483,
      "idio_vol_annual": 0.3227411694165456,
      "Market": 1.1840483798886683,
      "Size": 0.45983264699788867,
      "Value (SMID)": -0.30557367295064575,
      "Momentum": -0.4460909522043208,
      "Quality": 0.06097310081808334,
      "Profitability": 0.09139418674522196,
      "Liquidity": -0.07837636879398946,
      "Credit": 0.5123131253130657
    },
    {
      "ticker": "OPEN",
      "r_squared": 0.12327425392911029,
      "alpha_annual": 1.5250166260746056,
      "idio_vol_annual": 1.3421066022445438,
      "Market": 3.0623117508976856,
      "Size": 1.279677168470474,
      "Value (SMID)": -1.6010425537630588,
      "Momentum": -1.7842696490595347,
      "Quality": 0.9979310602707409,
      "Profitability": 1.0055499309484977,
      "Liquidity": 1.747388428511603,
      "Credit": -2.969533249736688
    },
    {
      "ticker": "PYPL",
      "r_squared": 0.28898314540717096,
      "alpha_annual": -0.6596552390765936,
      "idio_vol_annual": 0.3382344476421888,
      "Market": 1.7989290076770086,
      "Size": -0.3534027919514602,
      "Value (SMID)": -0.9286254705108054,
      "Momentum": -0.8024756051472591,
      "Quality": 1.4536337183940549,
      "Profitability": 0.7295967377543502,
      "Liquidity": 0.34247656068492743,
      "Credit": -0.05642313990631426
    },
    {
      "ticker": "TENB",
      "r_squared": 0.1535875259248285,
      "alpha_annual": -0.3253236453857861,
      "idio_vol_annual": 0.40907396236601407,
      "Market": 1.4600925509347054,
      "Size": -0.12192053966402028,
      "Value (SMID)": -0.8772073780848288,
      "Momentum": -0.325898433279711,
      "Quality": -0.5491993737063544,
      "Profitability": 1.3998358396185346,
      "Liquidity": -0.09162828552230823,
      "Credit": -0.2937729827089279
    },
    {
      "ticker": "VIA",
      "r_squared": 0.10624652223436626,
      "alpha_annual": -1.5058585410842937,
      "idio_vol_annual": 0.6785622151464997,
      "Market": 0.9659917940471673,
      "Size": 0.43638028859941336,
      "Value (SMID)": -1.369111900888093,
      "Momentum": -0.8591598622915627,
      "Quality": -1.6563040631899202,
      "Profitability": 0.6000136440579188,
      "Liquidity": 0.5923305587706872,
      "Credit": -0.7746172139157731
    },
    {
      "ticker": "VST",
      "r_squared": 0.2957912645195444,
      "alpha_annual": -0.40347196179848377,
      "idio_vol_annual": 0.4122560964424932,
      "Market": 0.6183243501596236,
      "Size": 0.7963849099993537,
      "Value (SMID)": -0.682134361253016,
      "Momentum": 0.6134021394087943,
      "Quality": -1.7964439029120671,
      "Profitability": -0.5075509652172469,
      "Liquidity": -0.7725652865705056,
      "Credit": -0.8276099952716216
    },
    {
      "ticker": "XNET",
      "r_squared": 0.169830056260735,
      "alpha_annual": -0.2643167855310145,
      "idio_vol_annual": 0.6732936740787387,
      "Market": 1.7883983409367057,
      "Size": 0.2107819262010303,
      "Value (SMID)": -0.7144060602140326,
      "Momentum": -0.20027088711654506,
      "Quality": 0.2453422167436923,
      "Profitability": 0.6978088578660004,
      "Liquidity": 1.067990615995243,
      "Credit": 2.510006914118447
    },
    {
      "ticker": "ZS",
      "r_squared": 0.09576569011340208,
      "alpha_annual": -0.9373057123812697,
      "idio_vol_annual": 0.5966963469996484,
      "Market": 1.3384471922848193,
      "Size": -0.3847140746424497,
      "Value (SMID)": -1.1656324132378635,
      "Momentum": -0.9419843967445489,
      "Quality": -0.9214650680023546,
      "Profitability": 0.9265527228339634,
      "Liquidity": 0.22408727682857835,
      "Credit": 0.1339984460736932
    },
    {
      "ticker": "ZTS",
      "r_squared": 0.16956465710420987,
      "alpha_annual": -0.8828269421855225,
      "idio_vol_annual": 0.34411476415590775,
      "Market": 1.3422434206985396,
      "Size": 0.15322423298772148,
      "Value (SMID)": 0.06188499514809896,
