{
  "generated_at": "2026-06-06T12:14:57.651877Z",
  "market_session": "CLOSED",
  "fund_name": "Convex Capital",
  "tagline": "Lose small. Win big. \u2014 Paper-traded portfolio. Hypothetical performance for educational purposes only.",
  "summary": {
    "nav": 963668.4300000002,
    "cash": 149773.03000000003,
    "equity": 813895.4000000001,
    "deposits": 1000000.0,
    "total_return": -0.03633156999999987,
    "realized_pnl": 0.0,
    "open_positions": 16
  },
  "metrics": {
    "annualized_return": -0.2957170763623036,
    "annualized_vol": 0.28679959356211615,
    "sharpe": -1.0310930803263363,
    "sortino": -1.4228718304992896,
    "max_drawdown": -0.40275252270977496,
    "var_95_1d": -0.034281434601315296,
    "method": "Synthetic: current weights \u00d7 each holding's 252-day return history.",
    "beta_spy": 1.5757869252475158,
    "data_basis": "synthetic_252d",
    "days_of_live_nav": 5
  },
  "nav_curve": [
    {
      "date": "2026-06-01",
      "value": 999876.7628759766
    },
    {
      "date": "2026-06-02",
      "value": 1004058.1192620469
    },
    {
      "date": "2026-06-03",
      "value": 988718.7906235124
    },
    {
      "date": "2026-06-04",
      "value": 1000919.7487734223
    },
    {
      "date": "2026-06-05",
      "value": 963668.4124958802
    }
  ],
  "drawdown_curve": [
    {
      "date": "2026-06-01",
      "value": 0.0
    },
    {
      "date": "2026-06-02",
      "value": 0.0
    },
    {
      "date": "2026-06-03",
      "value": -0.015277331405684446
    },
    {
      "date": "2026-06-04",
      "value": -0.003125686081729177
    },
    {
      "date": "2026-06-05",
      "value": -0.040226462981895875
    }
  ],
  "benchmarks": {
    "SPY": [
      {
        "date": "2026-06-01",
        "value": 0.0
      },
      {
        "date": "2026-06-02",
        "value": 0.0013579103629497435
      },
      {
        "date": "2026-06-03",
        "value": -0.005668768842152949
      },
      {
        "date": "2026-06-04",
        "value": -0.0019115026417536596
      },
      {
        "date": "2026-06-05",
        "value": -0.027671567540792585
      }
    ],
    "IWM": [
      {
        "date": "2026-06-01",
        "value": 0.0
      },
      {
        "date": "2026-06-02",
        "value": 0.009273972502921835
      },
      {
        "date": "2026-06-03",
        "value": -0.004533177066893157
      },
      {
        "date": "2026-06-04",
        "value": 0.010485150059186044
      },
      {
        "date": "2026-06-05",
        "value": -0.02536513534214846
      }
    ]
  },
  "holdings": [
    {
      "ticker": "GRPN",
      "company": "Groupon, Inc.",
      "sector": "Communication Services",
      "country": "United States",
      "shares": 9713.0,
      "price": 16.46,
      "cost_basis": 18.017072994955218,
      "market_value": 159875.98,
      "unrealized_pnl": -15123.85000000002,
      "short_percent_of_float": 0.5812,
      "short_ratio": 4.89
    },
    {
      "ticker": "KSPI",
      "company": "Joint Stock Company Kaspi.kz",
      "sector": "Technology",
      "country": "Kazakhstan",
      "shares": 1515.0,
      "price": 81.17,
      "cost_basis": 82.53049504950495,
      "market_value": 122972.55,
      "unrealized_pnl": -2061.149999999996,
      "short_percent_of_float": 0.015700001,
      "short_ratio": 2.81
    },
    {
      "ticker": "JAKK",
      "company": "JAKKS Pacific, Inc.",
      "sector": "Consumer Cyclical",
      "country": "United States",
      "shares": 3436.0,
      "price": 21.66,
      "cost_basis": 21.83,
      "market_value": 74423.76,
      "unrealized_pnl": -584.1199999999936,
      "short_percent_of_float": 0.0339,
      "short_ratio": 6.7
    },
    {
      "ticker": "VIA",
      "company": "Via Transportation, Inc.",
      "sector": "Technology",
      "country": "United States",
      "shares": 4921.0,
      "price": 14.74,
      "cost_basis": 15.241408250355619,
      "market_value": 72535.54000000001,
      "unrealized_pnl": -2467.429999999999,
      "short_percent_of_float": 0.1248,
      "short_ratio": 7.65
    },
    {
      "ticker": "ZS",
      "company": "Zscaler, Inc.",
      "sector": "Technology",
      "country": "United States",
      "shares": 549.0,
      "price": 130.78,
      "cost_basis": 136.8013843351548,
      "market_value": 71798.22,
      "unrealized_pnl": -3305.739999999989,
      "short_percent_of_float": 0.1058,
      "short_ratio": 4.01
    },
    {
      "ticker": "CMI",
      "company": "Cummins Inc.",
      "sector": "Industrials",
      "country": "United States",
      "shares": 78.0,
      "price": 651.22,
      "cost_basis": 643.5,
      "market_value": 50795.16,
      "unrealized_pnl": 602.1600000000021,
      "short_percent_of_float": 0.014400001,
      "short_ratio": 1.92
    },
    {
      "ticker": "XNET",
      "company": "Xunlei Limited",
      "sector": "Technology",
      "country": "China",
      "shares": 10526.0,
      "price": 4.66,
      "cost_basis": 4.75,
      "market_value": 49051.16,
      "unrealized_pnl": -947.3399999999986,
      "short_percent_of_float": 0.0322,
      "short_ratio": 6.99
    },
    {
      "ticker": "CRWV",
      "company": "CoreWeave, Inc.",
      "sector": "Technology",
      "country": "United States",
      "shares": 468.0,
      "price": 100.39,
      "cost_basis": 106.78134615384614,
      "market_value": 46982.52,
      "unrealized_pnl": -2991.149999999995,
      "short_percent_of_float": 0.1714,
      "short_ratio": 1.75
    },
    {
      "ticker": "BABA",
      "company": "Alibaba Group Holding Limited",
      "sector": "Consumer Cyclical",
      "country": "Hong Kong",
      "shares": 299.0,
      "price": 121.06,
      "cost_basis": 125.39999999999999,
      "market_value": 36196.94,
      "unrealized_pnl": -1297.6599999999967,
      "short_percent_of_float": 0.0197,
      "short_ratio": 3.3
    },
    {
      "ticker": "PYPL",
      "company": "PayPal Holdings, Inc.",
      "sector": "Financial Services",
      "country": "United States",
      "shares": 830.0,
      "price": 41.29,
      "cost_basis": 45.19,
      "market_value": 34270.7,
      "unrealized_pnl": -3236.9999999999986,
      "short_percent_of_float": 0.0545,
      "short_ratio": 2.87
    },
    {
      "ticker": "ZTS",
      "company": "Zoetis Inc.",
      "sector": "Healthcare",
      "country": "United States",
      "shares": 312.0,
      "price": 79.44,
      "cost_basis": 80.09,
      "market_value": 24785.28,
      "unrealized_pnl": -202.80000000000177,
      "short_percent_of_float": 0.036,
      "short_ratio": 1.79
    },
    {
      "ticker": "AVAV",
      "company": "AeroVironment, Inc.",
      "sector": "Industrials",
      "country": "United States",
      "shares": 122.0,
      "price": 185.92,
      "cost_basis": 204.09,
      "market_value": 22682.239999999998,
      "unrealized_pnl": -2216.740000000002,
      "short_percent_of_float": 0.12109999,
      "short_ratio": 3.92
    },
    {
      "ticker": "GENC",
      "company": "Gencor Industries, Inc.",
      "sector": "Industrials",
      "country": "United States",
      "shares": 873.0,
      "price": 14.68,
      "cost_basis": 14.32,
      "market_value": 12815.64,
      "unrealized_pnl": 314.2799999999995,
      "short_percent_of_float": 0.0061000003,
      "short_ratio": 2.96
    },
    {
      "ticker": "VST",
      "company": "Vistra Corp.",
      "sector": "Utilities",
      "country": "United States",
      "shares": 81.0,
      "price": 148.76,
      "cost_basis": 154.76,
      "market_value": 12049.56,
      "unrealized_pnl": -486.0,
      "short_percent_of_float": 0.0461,
      "short_ratio": 2.83
    },
    {
      "ticker": "CEG",
      "company": "Constellation Energy Corporation",
      "sector": "Utilities",
      "country": "United States",
      "shares": 47.0,
      "price": 254.83,
      "cost_basis": 265.7,
      "market_value": 11977.01,
      "unrealized_pnl": -510.88999999999885,
      "short_percent_of_float": 0.0325,
      "short_ratio": 3.35
    },
    {
      "ticker": "OPEN",
      "company": "Opendoor Technologies Inc.",
      "sector": "Real Estate",
      "country": "United States",
      "shares": 2417.0,
      "price": 4.42,
      "cost_basis": 5.171402565163425,
      "market_value": 10683.14,
      "unrealized_pnl": -1816.1399999999985,
      "short_percent_of_float": 0.14819999,
      "short_ratio": 3.26
    }
  ],
  "sector_exposure": [
    {
      "name": "Technology",
      "value": 363339.99,
      "pct": 0.3770383865330111
    },
    {
      "name": "Communication Services",
      "value": 159875.98,
      "pct": 0.16590351517482002
    },
    {
      "name": "Cash",
      "value": 149773.03000000003,
      "pct": 0.15541967064335604
    },
    {
      "name": "Consumer Cyclical",
      "value": 110620.7,
      "pct": 0.1147912461965782
    },
    {
      "name": "Industrials",
      "value": 86293.04,
      "pct": 0.08954640134885396
    },
    {
      "name": "Financial Services",
      "value": 34270.7,
      "pct": 0.035562750561414565
    },
    {
      "name": "Healthcare",
      "value": 24785.28,
      "pct": 0.02571971772490253
    },
    {
      "name": "Utilities",
      "value": 24026.57,
      "pct": 0.024932403357864483
    },
    {
      "name": "Real Estate",
      "value": 10683.14,
      "pct": 0.011085908459198978
    }
  ],
  "geographic_exposure": [
    {
      "name": "United States",
      "value": 605674.7500000001,
      "pct": 0.628509486400836
    },
    {
      "name": "Cash",
      "value": 149773.03000000003,
      "pct": 0.15541967064335604
    },
    {
      "name": "Kazakhstan",
      "value": 122972.55,
      "pct": 0.1276087772222651
    },
    {
      "name": "China",
      "value": 49051.16,
      "pct": 0.05090045338519598
    },
    {
      "name": "Hong Kong",
      "value": 36196.94,
      "pct": 0.037561612348346825
    }
  ],
  "signals": [
    {
      "ticker": "AVAV",
      "label": "BUY",
      "composite": 1.5,
      "rsi": 49.6,
      "subs": {
        "rsi": 0.5,
        "macd": 0.5,
        "trend": 0.0,
        "bb": 0.5,
        "vol": 0.0,
        "range": 0.0
      }
    },
    {
      "ticker": "BABA",
      "label": "STRONG SELL",
      "composite": -2.0,
      "rsi": 37.2,
      "subs": {
        "rsi": 0.0,
        "macd": -0.5,
        "trend": -0.5,
        "bb": -0.5,
        "vol": 0.0,
        "range": -0.5
      }
    },
    {
      "ticker": "CEG",
      "label": "SELL",
      "composite": -1.5,
      "rsi": 36.3,
      "subs": {
        "rsi": 0.0,
        "macd": -0.5,
        "trend": -0.5,
        "bb": -0.5,
        "vol": 0.5,
        "range": -0.5
      }
    },
    {
      "ticker": "CMI",
      "label": "LEAN BEAR",
      "composite": -0.5,
      "rsi": 47.6,
      "subs": {
        "rsi": 0.5,
        "macd": -0.5,
        "trend": 0.5,
        "bb": -0.5,
        "vol": 0.0,
        "range": -0.5
      }
    },
    {
      "ticker": "CRWV",
      "label": "SELL",
      "composite": -1.5,
      "rsi": 43.3,
      "subs": {
        "rsi": 0.0,
        "macd": -0.5,
        "trend": 0.0,
        "bb": -0.5,
        "vol": 0.0,
        "range": -0.5
      }
    },
    {
      "ticker": "GENC",
      "label": "STRONG BUY",
      "composite": 2.0,
      "rsi": 50.8,
      "subs": {
        "rsi": 0.5,
        "macd": 0.5,
        "trend": 0.0,
        "bb": 0.5,
        "vol": 0.5,
        "range": 0.0
      }
    },
    {
      "ticker": "GRPN",
      "label": "SELL",
      "composite": -1.0,
      "rsi": 45.5,
      "subs": {
        "rsi": 0.5,
        "macd": -0.5,
        "trend": 0.0,
        "bb": -0.5,
        "vol": 0.0,
        "range": -0.5
      }
    },
    {
      "ticker": "JAKK",
      "label": "NEUTRAL",
      "composite": 0.0,
      "rsi": 47.8,
      "subs": {
        "rsi": 0.5,
        "macd": -0.5,
        "trend": 0.5,
        "bb": -0.5,
        "vol": 0.0,
        "range": 0.0
      }
    },
    {
      "ticker": "KSPI",
      "label": "SELL",
      "composite": -1.0,
      "rsi": 34.6,
      "subs": {
        "rsi": 0.0,
        "macd": -0.5,
        "trend": 0.0,
        "bb": 0.0,
        "vol": 0.0,
        "range": -0.5
      }
    },
    {
      "ticker": "OPEN",
      "label": "SELL",
      "composite": -1.0,
      "rsi": 41.2,
      "subs": {
        "rsi": 0.0,
        "macd": 0.5,
        "trend": -0.5,
        "bb": -0.5,
        "vol": 0.0,
        "range": -0.5
      }
    },
    {
      "ticker": "PYPL",
      "label": "STRONG SELL",
      "composite": -2.0,
      "rsi": 29.3,
      "subs": {
        "rsi": -0.5,
        "macd": -0.5,
        "trend": -0.5,
        "bb": 0.0,
        "vol": 0.0,
        "range": -0.5
      }
    },
    {
      "ticker": "VIA",
      "label": "NEUTRAL",
      "composite": 0.0,
      "rsi": 46.5,
      "subs": {
        "rsi": 0.5,
        "macd": 0.5,
        "trend": -0.5,
        "bb": -0.5,
        "vol": 0.5,
        "range": -0.5
      }
    },
    {
      "ticker": "VST",
      "label": "NEUTRAL",
      "composite": 0.0,
      "rsi": 45.1,
      "subs": {
        "rsi": 0.5,
        "macd": 0.5,
        "trend": -0.5,
        "bb": -0.5,
        "vol": 0.0,
        "range": 0.0
      }
    },
    {
      "ticker": "XNET",
      "label": "SELL",
      "composite": -1.0,
      "rsi": 30.6,
      "subs": {
        "rsi": 0.0,
        "macd": -0.5,
        "trend": -0.5,
        "bb": 0.0,
        "vol": 0.5,
        "range": -0.5
      }
    },
    {
      "ticker": "ZS",
      "label": "SELL",
      "composite": -1.5,
      "rsi": 42.0,
      "subs": {
        "rsi": 0.0,
        "macd": -0.5,
        "trend": -0.5,
        "bb": -0.5,
        "vol": 0.5,
        "range": -0.5
      }
    },
    {
      "ticker": "ZTS",
      "label": "LEAN BULL",
      "composite": 0.5,
      "rsi": 33.5,
      "subs": {
        "rsi": 0.0,
        "macd": 0.5,
        "trend": -0.5,
        "bb": 0.5,
        "vol": 0.0,
        "range": 0.0
      }
    }
  ],
  "volatility": [
    {
      "ticker": "AVAV",
      "hv20": 0.8871068374641399,
      "garch": 0.8107202238925887,
      "expansion": -0.08610756939931603,
      "regime": "HIGH",
      "signal": "WEAK"
    },
    {
      "ticker": "BABA",
      "hv20": 0.4711556768872034,
      "garch": 0.4437372434303764,
      "expansion": -0.05819399999162288,
      "regime": "HIGH",
      "signal": "WEAK"
    },
    {
      "ticker": "CEG",
      "hv20": 0.5547417363156127,
      "garch": 0.5718848582744026,
      "expansion": 0.030902888383066457,
      "regime": "HIGH",
      "signal": "WEAK"
    },
    {
      "ticker": "CMI",
      "hv20": 0.4151677425651722,
      "garch": 0.36325916470014386,
      "expansion": -0.12503037337222758,
      "regime": "HIGH",
      "signal": "WEAK"
    },
    {
      "ticker": "CRWV",
      "hv20": 0.8914029151196189,
      "garch": 1.0200538893858901,
      "expansion": 0.14432415699359405,
      "regime": "NORMAL",
      "signal": "BASE"
    },
    {
      "ticker": "GENC",
      "hv20": 0.4237285850798914,
      "garch": 0.4616754938649459,
      "expansion": 0.08955475302167733,
      "regime": "HIGH",
      "signal": "WEAK"
    },
    {
      "ticker": "GRPN",
      "hv20": 1.0157840093575763,
      "garch": 0.8618278476920667,
      "expansion": -0.15156387602801294,
      "regime": "EXTREME",
      "signal": "WEAK"
    },
    {
      "ticker": "JAKK",
      "hv20": 0.2603246948761004,
      "garch": 0.4593433627449082,
      "expansion": 0.764501684957431,
      "regime": "LOW",
      "signal": "SIGNAL"
    },
    {
      "ticker": "KSPI",
      "hv20": 0.26532126724768185,
      "garch": 0.4162795657732742,
      "expansion": 0.5689641847845927,
      "regime": "LOW",
      "signal": "SIGNAL"
    },
    {
      "ticker": "OPEN",
      "hv20": 0.7572789105591721,
      "garch": 0.9674949646275892,
      "expansion": 0.277593963250864,
      "regime": "NORMAL",
      "signal": "SIGNAL"
    },
    {
      "ticker": "PYPL",
      "hv20": 0.23867399583459628,
      "garch": 0.42467838496444676,
      "expansion": 0.7793240670372552,
      "regime": "LOW",
      "signal": "SIGNAL"
    },
    {
      "ticker": "VIA",
      "hv20": 1.0208284401347352,
      "garch": null,
      "expansion": null,
      "regime": "NORMAL",
      "signal": "WEAK"
    },
    {
      "ticker": "VST",
      "hv20": 0.5174628219384831,
      "garch": 0.5718502091309792,
      "expansion": 0.10510395121480184,
      "regime": "HIGH",
      "signal": "BASE"
    },
    {
      "ticker": "XNET",
      "hv20": 0.7532701320078048,
      "garch": 0.9418457125010556,
      "expansion": 0.25034256965772933,
      "regime": "HIGH",
      "signal": "SIGNAL"
    },
    {
      "ticker": "ZS",
      "hv20": 1.5794307341351008,
      "garch": 0.7774958106055595,
      "expansion": -0.5077366839823352,
      "regime": "EXTREME",
      "signal": "WEAK"
    },
    {
      "ticker": "ZTS",
      "hv20": 0.43656392349922013,
      "garch": 0.31387557402086125,
      "expansion": -0.2810318097175019,
      "regime": "HIGH",
      "signal": "WEAK"
    }
  ],
  "correlation": {
    "tickers": [
      "AVAV",
      "BABA",
      "CEG",
      "CMI",
      "CRWV",
      "GENC",
      "GRPN",
      "JAKK",
      "KSPI",
      "OPEN",
      "PYPL",
      "VIA",
      "VST",
      "XNET",
      "ZS",
      "ZTS"
    ],
    "matrix": [
      [
        1.0,
        0.131,
        0.263,
        0.249,
        0.308,
        0.098,
        0.233,
        0.084,
        0.093,
        0.337,
        0.2,
        0.033,
        0.301,
        0.332,
        0.174,
        0.069
      ],
      [
        0.131,
        1.0,
        0.181,
        0.338,
        0.353,
        0.132,
        0.191,
        0.117,
        0.213,
        0.196,
        0.244,
        -0.036,
        0.226,
        0.48,
        0.038,
        0.076
      ],
      [
        0.263,
        0.181,
        1.0,
        0.317,
        0.219,
        0.15,
        0.08,
        0.089,
        0.051,
        0.19,
        0.124,
        0.007,
        0.796,
        0.25,
        0.04,
        0.121
      ],
      [
        0.249,
        0.338,
        0.317,
        1.0,
        0.366,
        0.36,
        0.19,
        0.155,
        0.237,
        0.205,
        0.065,
        0.004,
        0.325,
        0.31,
        -0.055,
        0.204
      ],
      [
        0.308,
        0.353,
        0.219,
        0.366,
        1.0,
        0.119,
        0.168,
        0.062,
        0.133,
        0.242,
        0.132,
        0.224,
        0.31,
        0.371,
        0.182,
        0.088
      ],
      [
        0.098,
        0.132,
        0.15,
        0.36,
        0.119,
        1.0,
        0.161,
        0.315,
        0.161,
        0.132,
        0.098,
        0.065,
        0.174,
        0.165,
        0.053,
        0.152
      ],
      [
        0.233,
        0.191,
        0.08,
        0.19,
        0.168,
        0.161,
        1.0,
        0.149,
        0.336,
        0.305,
        0.262,
        0.18,
        0.114,
        0.223,
        0.148,
        0.159
      ],
      [
        0.084,
        0.117,
        0.089,
        0.155,
        0.062,
        0.315,
        0.149,
        1.0,
        0.108,
        0.138,
        0.214,
        0.144,
        0.061,
        0.197,
        -0.051,
        0.134
      ],
      [
        0.093,
        0.213,
        0.051,
        0.237,
        0.133,
        0.161,
        0.336,
        0.108,
        1.0,
        0.248,
        0.255,
        0.151,
        0.082,
        0.195,
        0.154,
        0.204
      ],
      [
        0.337,
        0.196,
        0.19,
        0.205,
        0.242,
        0.132,
        0.305,
        0.138,
        0.248,
        1.0,
        0.24,
        0.164,
        0.262,
        0.345,
        0.063,
        0.163
      ],
      [
        0.2,
        0.244,
        0.124,
        0.065,
        0.132,
        0.098,
        0.262,
        0.214,
        0.255,
        0.24,
        1.0,
        0.159,
        0.063,
        0.327,
        0.206,
        0.17
      ],
      [
        0.033,
        -0.036,
        0.007,
        0.004,
        0.224,
        0.065,
        0.18,
        0.144,
        0.151,
        0.164,
        0.159,
        1.0,
        0.062,
        0.188,
        0.369,
        0.025
      ],
      [
        0.301,
        0.226,
        0.796,
        0.325,
        0.31,
        0.174,
        0.114,
        0.061,
        0.082,
        0.262,
        0.063,
        0.062,
        1.0,
        0.271,
        0.069,
        0.091
      ],
      [
        0.332,
        0.48,
        0.25,
        0.31,
        0.371,
        0.165,
        0.223,
        0.197,
        0.195,
        0.345,
        0.327,
        0.188,
        0.271,
        1.0,
        0.222,
        0.04
      ],
      [
        0.174,
        0.038,
        0.04,
        -0.055,
        0.182,
        0.053,
        0.148,
        -0.051,
        0.154,
        0.063,
        0.206,
        0.369,
        0.069,
        0.222,
        1.0,
        -0.032
      ],
      [
        0.069,
        0.076,
        0.121,
        0.204,
        0.088,
        0.152,
        0.159,
        0.134,
        0.204,
        0.163,
        0.17,
        0.025,
        0.091,
        0.04,
        -0.032,
        1.0
      ]
    ]
  },
  "residual_correlation": {
    "tickers": [
      "AVAV",
      "BABA",
      "CEG",
      "CMI",
      "CRWV",
      "GENC",
      "GRPN",
      "JAKK",
      "KSPI",
      "OPEN",
      "PYPL",
      "VIA",
      "VST",
      "XNET",
      "ZS",
      "ZTS"
    ],
    "matrix": [
      [
        1.0,
        -0.011,
        0.12,
        0.063,
        0.118,
        -0.032,
        0.087,
        -0.056,
        -0.123,
        0.15,
        0.007,
        -0.145,
        0.15,
        0.163,
        0.098,
        -0.052
      ],
      [
        -0.011,
        1.0,
        0.005,
        0.102,
        0.185,
        -0.08,
        0.023,
        -0.046,
        0.037,
        0.041,
        0.127,
        -0.158,
        0.052,
        0.348,
        -0.046,
        -0.024
      ],
      [
        0.12,
        0.005,
        1.0,
        0.031,
        -0.038,
        0.031,
        -0.061,
        -0.017,
        -0.122,
        0.027,
        0.048,
        -0.086,
        0.73,
        0.087,
        0.022,
        0.082
      ],
      [
        0.063,
        0.102,
        0.031,
        1.0,
        0.097,
        0.069,
        -0.063,
        -0.145,
        -0.013,
        -0.067,
        -0.104,
        -0.116,
        -0.006,
        0.018,
        -0.121,
        0.071
      ],
      [
        0.118,
        0.185,
        -0.038,
        0.097,
        1.0,
        0.014,
        -0.04,
        -0.036,
        -0.096,
        0.012,
        -0.041,
        0.107,
        0.058,
        0.106,
        0.128,
        0.044
      ],
      [
        -0.032,
        -0.08,
        0.031,
        0.069,
        0.014,
        1.0,
        -0.028,
        0.063,
        -0.071,
        -0.076,
        0.004,
        -0.011,
        0.034,
        -0.041,
        0.011,
        -0.05
      ],
      [
        0.087,
        0.023,
        -0.061,
        -0.063,
        -0.04,
        -0.028,
        1.0,
        0.007,
        0.17,
        0.107,
        0.092,
        0.057,
        -0.04,
        -0.013,
        0.049,
        0.031
      ],
      [
        -0.056,
        -0.046,
        -0.017,
        -0.145,
        -0.036,
        0.063,
        0.007,
        1.0,
        -0.093,
        -0.028,
        0.105,
        0.084,
        -0.054,
        0.029,
        -0.117,
        -0.051
      ],
      [
        -0.123,
        0.037,
        -0.122,
        -0.013,
        -0.096,
        -0.071,
        0.17,
        -0.093,
        1.0,
        0.067,
        0.075,
        0.019,
        -0.113,
        -0.026,
        0.056,
        0.072
      ],
      [
        0.15,
        0.041,
        0.027,
        -0.067,
        0.012,
        -0.076,
        0.107,
        -0.028,
        0.067,
        1.0,
        0.065,
        0.035,
        0.104,
        0.157,
        -0.042,
        0.021
      ],
      [
        0.007,
        0.127,
        0.048,
        -0.104,
        -0.041,
        0.004,
        0.092,
        0.105,
        0.075,
        0.065,
        1.0,
        -0.007,
        -0.036,
        0.176,
        0.062,
        0.024
      ],
      [
        -0.145,
        -0.158,
        -0.086,
        -0.116,
        0.107,
        -0.011,
        0.057,
        0.084,
        0.019,
        0.035,
        -0.007,
        1.0,
        -0.031,
        0.051,
        0.3,
        -0.062
      ],
      [
        0.15,
        0.052,
        0.73,
        -0.006,
        0.058,
        0.034,
        -0.04,
        -0.054,
        -0.113,
        0.104,
        -0.036,
        -0.031,
        1.0,
        0.093,
        0.053,
        0.04
      ],
      [
        0.163,
        0.348,
        0.087,
        0.018,
        0.106,
        -0.041,
        -0.013,
        0.029,
        -0.026,
        0.157,
        0.176,
        0.051,
        0.093,
        1.0,
        0.14,
        -0.108
      ],
      [
        0.098,
        -0.046,
        0.022,
        -0.121,
        0.128,
        0.011,
        0.049,
        -0.117,
        0.056,
        -0.042,
        0.062,
        0.3,
        0.053,
        0.14,
        1.0,
        -0.11
      ],
      [
        -0.052,
        -0.024,
        0.082,
        0.071,
        0.044,
        -0.05,
        0.031,
        -0.051,
        0.072,
        0.021,
        0.024,
        -0.062,
        0.04,
        -0.108,
        -0.11,
        1.0
      ]
    ]
  },
  "factor_correlation": {
    "factors": [
      "Market",
      "Size",
      "Value (SMID)",
      "Momentum",
      "Quality",
      "Profitability",
      "Liquidity",
      "Credit"
    ],
    "matrix": [
      [
        1.0,
        0.354,
        -0.471,
        0.379,
        -0.193,
        -0.523,
        0.323,
        0.189
      ],
      [
        0.354,
        1.0,
        -0.159,
        0.223,
        0.129,
        0.163,
        0.338,
        0.056
      ],
      [
        -0.471,
        -0.159,
        1.0,
        -0.533,
        0.266,
        0.562,
        -0.37,
        -0.136
      ],
      [
        0.379,
        0.223,
        -0.533,
        1.0,
        -0.205,
        -0.511,
        0.261,
        0.011
      ],
      [
        -0.193,
        0.129,
        0.266,
        -0.205,
        1.0,
        0.401,
        -0.224,
        -0.136
      ],
      [
        -0.523,
        0.163,
        0.562,
        -0.511,
        0.401,
        1.0,
        -0.267,
        -0.082
      ],
      [
        0.323,
        0.338,
        -0.37,
        0.261,
        -0.224,
        -0.267,
        1.0,
        0.167
      ],
      [
        0.189,
        0.056,
        -0.136,
        0.011,
        -0.136,
        -0.082,
        0.167,
        1.0
      ]
    ]
  },
  "factor_exposures": [
    {
      "ticker": "AVAV",
      "r_squared": 0.17929144957709287,
      "alpha_annual": -0.1878657638604972,
      "idio_vol_annual": 0.6625668400831737,
      "Market": 1.0002443983017144,
      "Size": 0.8210120867017995,
      "Value (SMID)": -2.1879896292821934,
      "Momentum": -0.6493472622014224,
      "Quality": -1.3331585372917032,
      "Profitability": 0.0013319175298483654,
      "Liquidity": 0.03661900852238258,
      "Credit": -1.6815554097269774
    },
    {
      "ticker": "BABA",
      "r_squared": 0.1499549676929316,
      "alpha_annual": -0.2960356324533649,
      "idio_vol_annual": 0.39734566521161796,
      "Market": 1.1664134395965047,
      "Size": 0.18325499197602313,
      "Value (SMID)": 0.2311579004294258,
      "Momentum": -0.09512205904126494,
      "Quality": -0.13804268752909954,
      "Profitability": -0.2548577140293462,
      "Liquidity": 0.19305893000284155,
      "Credit": 0.9336281224299462
    },
    {
      "ticker": "CEG",
      "r_squared": 0.25581269436313336,
      "alpha_annual": -0.3902811432407671,
      "idio_vol_annual": 0.40349319501764985,
      "Market": 0.7222661737778284,
      "Size": 0.3496183649280983,
      "Value (SMID)": -0.388384715549006,
      "Momentum": 0.7889482375522517,
      "Quality": -0.718643978513194,
      "Profitability": -0.6306575807616428,
      "Liquidity": -0.3075056939101856,
      "Credit": -0.7409145063872674
    },
    {
      "ticker": "CMI",
      "r_squared": 0.4948743473919084,
      "alpha_annual": 0.35751020978104703,
      "idio_vol_annual": 0.23290612151766843,
      "Market": 1.1319505054661798,
      "Size": 0.8511352470558505,
      "Value (SMID)": 0.4161348906226354,
      "Momentum": 0.7806243029256935,
      "Quality": 0.3864959470020012,
      "Profitability": -0.206334482592475,
      "Liquidity": -0.32493162445279145,
      "Credit": 0.910484450289206
    },
    {
      "ticker": "CRWV",
      "r_squared": 0.28190552572466454,
      "alpha_annual": -1.019509580280132,
      "idio_vol_annual": 0.8227750655463463,
      "Market": 1.0490648532556297,
      "Size": 0.6156287040404744,
      "Value (SMID)": -1.9610037561518072,
      "Momentum": 1.1657622977385649,
      "Quality": -4.810993805165577,
      "Profitability": 0.0391306213209513,
      "Liquidity": 0.5489360920217505,
      "Credit": 1.399157920672891
    },
    {
      "ticker": "GENC",
      "r_squared": 0.3343758072467693,
      "alpha_annual": -0.4552569575552182,
      "idio_vol_annual": 0.32696496540614794,
      "Market": 1.4192230799727172,
      "Size": 1.168730087173809,
      "Value (SMID)": 1.1692421961802293,
      "Momentum": -0.001054042155251766,
      "Quality": -0.5304918307650879,
      "Profitability": 0.13923366136176477,
      "Liquidity": -0.16584775559554735,
      "Credit": 0.5657562604791435
    },
    {
      "ticker": "GRPN",
      "r_squared": 0.1593783683550285,
      "alpha_annual": -1.1471869996742132,
      "idio_vol_annual": 0.629313694560307,
      "Market": 1.8723231129673408,
      "Size": 0.20662448414888648,
      "Value (SMID)": -0.8580843193471221,
      "Momentum": -0.05696164819775342,
      "Quality": -1.9278396628615442,
      "Profitability": 1.4689764097655056,
      "Liquidity": 0.21729310338679156,
      "Credit": 1.6325352712887116
    },
    {
      "ticker": "JAKK",
      "r_squared": 0.28739998714351966,
      "alpha_annual": -0.30026797922962023,
      "idio_vol_annual": 0.36111271668171174,
      "Market": 1.391474895270453,
      "Size": 0.9965697793871856,
      "Value (SMID)": 0.8284532477696189,
      "Momentum": -0.3905623846168515,
      "Quality": 1.5738997494212992,
      "Profitability": -0.2810166488782425,
      "Liquidity": 0.41112797882727947,
      "Credit": -0.29317382946461223
    },
    {
      "ticker": "KSPI",
      "r_squared": 0.2280843588493915,
      "alpha_annual": -0.2624016579609163,
      "idio_vol_annual": 0.3162063378141006,
      "Market": 1.2797100612908943,
      "Size": 0.39337578288336594,
      "Value (SMID)": -0.3279346760988898,
      "Momentum": -0.6148259729971586,
      "Quality": 0.14881284704065328,
      "Profitability": 0.1316581905029241,
      "Liquidity": -0.05277687533167859,
      "Credit": 0.41076168857111717
    },
    {
      "ticker": "OPEN",
      "r_squared": 0.11854260791152904,
      "alpha_annual": 1.3333404113299911,
      "idio_vol_annual": 1.3600335679363695,
      "Market": 2.945675393513656,
      "Size": 1.207808367696946,
      "Value (SMID)": -1.769074736521018,
      "Momentum": -1.6584293589892984,
      "Quality": 1.6741191121247203,
      "Profitability": 1.0215583764997742,
      "Liquidity": 1.7717752641830777,
      "Credit": -2.9785351142103167
    },
    {
      "ticker": "PYPL",
      "r_squared": 0.3136395192569552,
      "alpha_annual": -0.7973307460473311,
      "idio_vol_annual": 0.3353959042087617,
      "Market": 1.905524095091792,
      "Size": -0.43108985747970174,
      "Value (SMID)": -0.9538480436920114,
      "Momentum": -0.9984261936760156,
      "Quality": 1.5313007763150617,
      "Profitability": 0.7661181079344562,
      "Liquidity": 0.4617706729215732,
      "Credit": -0.1624830872288115
    },
    {
      "ticker": "VIA",
      "r_squared": 0.13203410351810518,
      "alpha_annual": -1.7215509716780917,
      "idio_vol_annual": 0.6843671271993238,
      "Market": 1.3079669028499452,
      "Size": 0.32572918468574386,
      "Value (SMID)": -1.6034755119783126,
      "Momentum": -1.4256053634714088,
      "Quality": -1.837225845368822,
      "Profitability": 0.6464812532326722,
      "Liquidity": 0.5222102472434957,
      "Credit": -1.1245235059767826
    },
    {
      "ticker": "VST",
      "r_squared": 0.27716578773583256,
      "alpha_annual": -0.3677715682916249,
      "idio_vol_annual": 0.4117007824645952,
      "Market": 0.5544731757393399,
      "Size": 0.7393242064171521,
      "Value (SMID)": -0.6323747805343458,
      "Momentum": 0.8082203030907372,
      "Quality": -1.6488605514857049,
      "Profitability": -0.5264613548132454,
      "Liquidity": -0.6805865853141957,
      "Credit": -0.5818170732306249
    },
    {
      "ticker": "XNET",
      "r_squared": 0.1701866330704379,
      "alpha_annual": -0.7725156600194573,
      "idio_vol_annual": 0.7249219496466436,
      "Market": 2.0319929422569496,
      "Size": 0.14448339932570553,
      "Value (SMID)": -0.7160832812907583,
      "Momentum": -0.6310835896744443,
      "Quality": 0.2039883731054825,
      "Profitability": 0.5226851497503263,
      "Liquidity": 1.2996113064068484,
      "Credit": 2.253778652415236
    },
    {
      "ticker": "ZS",
      "r_squared": 0.0946953380977189,
      "alpha_annual": -0.9938518061242294,
      "idio_vol_annual": 0.595266678063329,
      "Market": 1.357000891370049,
      "Size": -0.4243452406836136,
      "Value (SMID)": -1.23297490809498,
      "Momentum": -1.1271714211083974,
      "Quality": -1.0205466783948138,
      "Profitability": 0.8425895588737752,
      "Liquidity": 0.11601025095259183,
      "Credit": -0.03659405284620894
    },
    {
      "ticker": "ZTS",
      "r_squared": 0.17649815982832595,
      "alpha_annual": -0.9715992233692141,
      "idio_vol_annual": 0.3413771988667878,
      "Market": 1.418472968118849,
      "Size": -0.003155724902048222,
      "Value (SMID)": 0.08779988329652934,
      "Momentum": -0.11378183379134509,
      "Quality": 1.3300646910583795,
      "Profitability": 0.93824104196664,
      "Liquidity": 0.16145424375186473,
      "Credit": -0.6232645339033832
    }
  ],
  "portfolio_factor_exposure": {
    "loadings": {
      "Market": 1.4613512928448347,
      "Size": 0.3432408294445391,
      "Value (SMID)": -0.6324795233381998,
      "Momentum": -0.3543465762276685,
      "Quality": -0.6670292186424982,
      "Profitability": 0.48363862890467924,
      "Liquidity": 0.25882084947901157,
      "Credit": 0.4450430501644831
    },
    "alpha_annual": -0.6990637183945765,
    "r_squared_weighted": 0.21452043092580547
  },
  "stress_tests": [
    {
      "scenario": "COVID Crash (Feb-Mar 2020)",
      "market_move": -0.339,
      "portfolio_impact": -0.5341917676589079,
      "stressed_nav": 448884.6879412156,
      "pnl": -514783.7420587846,
      "description": "Rapid 33.9% selloff in SPY over 23 trading days as COVID-19 spread."
    },
    {
      "scenario": "2022 Rate Shock (Jan-Oct)",
      "market_move": -0.252,
      "portfolio_impact": -0.397098305162374,
      "stressed_nav": 580997.3297085143,
      "pnl": -382671.1002914859,
      "description": "Grinding 9-month decline as the Fed hiked rates aggressively."
    },
    {
      "scenario": "GFC 2008-09",
      "market_move": -0.565,
      "portfolio_impact": -0.8903196127648464,
      "stressed_nav": 105695.52656869254,
      "pnl": -857972.9034313076,
      "description": "Credit crisis bear market; SPY drew down 56.5% from Oct 2007 peak."
    },
    {
      "scenario": "Dot-Com Bust (2000-02)",
      "market_move": -0.491,
      "portfolio_impact": -0.7737113802965303,
      "stressed_nav": 218067.19887650973,
      "pnl": -745601.2311234905,
      "description": "Tech bubble burst; SPY -49.1% peak-to-trough over 30 months."
    },
    {
      "scenario": "Black Monday (Oct 1987)",
      "market_move": -0.204,
      "portfolio_impact": -0.3214605327504932,
      "stressed_nav": 653887.0630973688,
      "pnl": -309781.36690263136,
      "description": "Flash crash; -20.4% on a single trading day."
    },
    {
      "scenario": "Aug 2024 Yen Carry Unwind",
      "market_move": -0.084,
      "portfolio_impact": -0.13236610172079133,
      "stressed_nav": 836111.3965695049,
      "pnl": -127557.0334304953,
      "description": "Yen carry unwind shock; SPY -8.4% in one week."
    }
  ],
  "monte_carlo": {
    "horizon_days": 21,
    "n_paths": 10000,
    "current_nav": 963668.4300000002,
    "terminal_return": {
      "p5": -0.15915065416027618,
      "p25": -0.08486150546031726,
      "p50": -0.03165876079338564,
      "p75": 0.024328843706448777,
      "p95": 0.11000280234264151,
      "prob_negative": 0.6468
    },
    "terminal_nav": {
      "p5": 810299.9689718938,
      "p50": 933159.8816904927,
      "p95": 1069674.657829134
    },
    "max_drawdown": {
      "p5": -0.17229567002752114,
      "p50": -0.08255516787803395,
      "p95": -0.029791011571943464
    },
    "method": "Bootstrap of synthetic portfolio daily returns (current weights \u00d7 each holding's 252-day history). 10,000 paths, 21-trading-day horizon (~1 month)."
  },
  "factor_stress": [
    {
      "scenario": "Tech Selloff -15%",
      "description": "Concentrated drawdown in Tech and Communication Services.",
      "shocks": {
        "sector:Technology": -0.15,
        "sector:Communication Services": -0.1
      },
      "pnl": -70488.5965,
      "stressed_nav": 893179.8335000002,
      "portfolio_impact": -0.07314610949743366,
      "equity_at_risk_pct": 0.844580329356644
    },
    {
      "scenario": "Rate Shock (+100bp)",
      "description": "Long-duration growth and rate-sensitive sectors hit; banks benefit.",
      "shocks": {
        "sector:Technology": -0.08,
        "sector:Consumer Cyclical": -0.1,
        "sector:Financial Services": 0.05,
        "sector:Real Estate": -0.12,
        "sector:Utilities": -0.06
      },
      "pnl": -41139.3052,
      "stressed_nav": 922529.1248000001,
      "portfolio_impact": -0.042690311230803725,
      "equity_at_risk_pct": 0.844580329356644
    },
    {
      "scenario": "Energy Spike (+30%)",
      "description": "Oil shock \u2014 producers rally, downstream consumers pinched.",
      "shocks": {
        "sector:Energy": 0.3,
        "sector:Industrials": -0.05,
        "sector:Consumer Cyclical": -0.07,
        "sector:Consumer Defensive": -0.03
      },
      "pnl": -12058.101,
      "stressed_nav": 951610.3290000001,
      "portfolio_impact": -0.012512707301203173,
      "equity_at_risk_pct": 0.844580329356644
    },
    {
      "scenario": "Recession (broad -20%)",
      "description": "Cyclicals and credit-sensitive names down hard; defensives flat.",
      "shocks": {
        "sector:Technology": -0.15,
        "sector:Consumer Cyclical": -0.22,
        "sector:Financial Services": -0.18,
        "sector:Industrials": -0.18,
        "sector:Energy": -0.2,
        "sector:Materials": -0.2,
        "sector:Communication Services": -0.12,
        "sector:Healthcare": -0.04,
        "sector:Consumer Defensive": -0.02,
        "sector:Utilities": 0.0,
        "sector:Real Estate": -0.15
      },
      "pnl": -122318.0255,
      "stressed_nav": 841350.4045000002,
      "portfolio_impact": -0.12692957628590154,
      "equity_at_risk_pct": 0.844580329356644
    },
    {
      "scenario": "China Decoupling",
