{
  "generated_at": "2026-06-24T11:15:39.888865Z",
  "market_session": "PRE",
  "fund_name": "Convex Capital",
  "tagline": "Lose small. Win big. \u2014 Paper-traded portfolio. Hypothetical performance for educational purposes only.",
  "summary": {
    "nav": 1003670.41,
    "cash": 4722.310000000056,
    "equity": 998948.1,
    "deposits": 1000000.0,
    "total_return": 0.003670410000000013,
    "realized_pnl": 0.0,
    "open_positions": 16
  },
  "metrics": {
    "annualized_return": -0.16943430209183608,
    "annualized_vol": 0.28059685430772424,
    "sharpe": -0.7624615206606652,
    "sortino": -0.9941009104625464,
    "calmar": -0.46490757478352324,
    "max_drawdown": -0.36444728217373196,
    "var_95_1d": -0.03186961077319244,
    "risk_free_rate": 0.04451000213623047,
    "method": "Synthetic: current weights \u00d7 each holding's 252-day return history. Sortino uses Frank Sortino downside deviation (RMS of shortfalls vs MAR=RF).",
    "beta_benchmark": 0.9818162538854499,
    "benchmark_annualized_return": 0.3518231113546706,
    "treynor": -0.21790666367703845,
    "jensens_alpha": -0.5156693098908056,
    "information_ratio": -1.9095211667315217,
    "tracking_error": 0.20212100636770078,
    "annualized_active_return": -0.38595433990020134,
    "up_capture": 0.637347981597815,
    "down_capture": 1.0851478255634104,
    "data_basis": "synthetic_252d",
    "days_of_live_nav": 16,
    "benchmark_ticker": "IWM",
    "benchmark_name": "Russell 2000",
    "beta_spy": 0.9818162538854499,
    "beta_spy_stress": 1.529709079479285
  },
  "nav_curve": [
    {
      "date": "2026-06-01",
      "value": 999882.8292976379
    },
    {
      "date": "2026-06-02",
      "value": 1005079.4966617966
    },
    {
      "date": "2026-06-03",
      "value": 995768.7768651581
    },
    {
      "date": "2026-06-04",
      "value": 1004929.1794892884
    },
    {
      "date": "2026-06-05",
      "value": 974274.0015833282
    },
    {
      "date": "2026-06-08",
      "value": 974266.9881036186
    },
    {
      "date": "2026-06-09",
      "value": 979640.5088702394
    },
    {
      "date": "2026-06-10",
      "value": 966884.7384401513
    },
    {
      "date": "2026-06-11",
      "value": 990753.0886875344
    },
    {
      "date": "2026-06-12",
      "value": 996222.4282127572
    },
    {
      "date": "2026-06-15",
      "value": 1017018.2685251809
    },
    {
      "date": "2026-06-16",
      "value": 1019223.7061524964
    },
    {
      "date": "2026-06-17",
      "value": 1004256.765778122
    },
    {
      "date": "2026-06-18",
      "value": 1005956.2144795037
    },
    {
      "date": "2026-06-22",
      "value": 1013145.2704611397
    },
    {
      "date": "2026-06-23",
      "value": 1003670.4086042023
    }
  ],
  "drawdown_curve": [
    {
      "date": "2026-06-01",
      "value": 0.0
    },
    {
      "date": "2026-06-02",
      "value": 0.0
    },
    {
      "date": "2026-06-03",
      "value": -0.009263665040986776
    },
    {
      "date": "2026-06-04",
      "value": -0.00014955749570802555
    },
    {
      "date": "2026-06-05",
      "value": -0.030649809473562682
    },
    {
      "date": "2026-06-08",
      "value": -0.03065678750836781
    },
    {
      "date": "2026-06-09",
      "value": -0.025310423579476604
    },
    {
      "date": "2026-06-10",
      "value": -0.038001728568240384
    },
    {
      "date": "2026-06-11",
      "value": -0.01425400480444075
    },
    {
      "date": "2026-06-12",
      "value": -0.008812306368259061
    },
    {
      "date": "2026-06-15",
      "value": 0.0
    },
    {
      "date": "2026-06-16",
      "value": 0.0
    },
    {
      "date": "2026-06-17",
      "value": -0.014684647034823809
    },
    {
      "date": "2026-06-18",
      "value": -0.01301725184854327
    },
    {
      "date": "2026-06-22",
      "value": -0.005963789553426265
    },
    {
      "date": "2026-06-23",
      "value": -0.015259944852545435
    }
  ],
  "benchmarks": {
    "SPY": [
      {
        "date": "2026-06-01",
        "value": 0.0
      },
      {
        "date": "2026-06-02",
        "value": 0.0013579397972762752
      },
      {
        "date": "2026-06-03",
        "value": -0.005668771434361286
      },
      {
        "date": "2026-06-04",
        "value": -0.0019115061781299625
      },
      {
        "date": "2026-06-05",
        "value": -0.027671542654459702
      },
      {
        "date": "2026-06-08",
        "value": -0.025470023194608782
      },
      {
        "date": "2026-06-09",
        "value": -0.02833070775180091
      },
      {
        "date": "2026-06-10",
        "value": -0.04364962071587053
      },
      {
        "date": "2026-06-11",
        "value": -0.027394678792744487
      },
      {
        "date": "2026-06-12",
        "value": -0.022134588105308994
      },
      {
        "date": "2026-06-15",
        "value": -0.0048909388718152425
      },
      {
        "date": "2026-06-16",
        "value": -0.010823344076597685
      },
      {
        "date": "2026-06-17",
        "value": -0.023176054438276084
      },
      {
        "date": "2026-06-18",
        "value": -0.013020023259145863
      },
      {
        "date": "2026-06-22",
        "value": -0.016126029204297176
      },
      {
        "date": "2026-06-23",
        "value": -0.030413801760312054
      }
    ],
    "IWM": [
      {
        "date": "2026-06-01",
        "value": 0.0
      },
      {
        "date": "2026-06-02",
        "value": 0.009273902616242058
      },
      {
        "date": "2026-06-03",
        "value": -0.004533265755123028
      },
      {
        "date": "2026-06-04",
        "value": 0.010485102307313143
      },
      {
        "date": "2026-06-05",
        "value": -0.025365222965751943
      },
      {
        "date": "2026-06-08",
        "value": -0.016852527916236926
      },
      {
        "date": "2026-06-09",
        "value": -0.013703535746163342
      },
      {
        "date": "2026-06-10",
        "value": -0.023981055236295123
      },
      {
        "date": "2026-06-11",
        "value": 0.00494832553389335
      },
      {
        "date": "2026-06-12",
        "value": 0.01373793881377372
      },
      {
        "date": "2026-06-15",
        "value": 0.022010765090349826
      },
      {
        "date": "2026-06-16",
        "value": 0.013130856989941098
      },
      {
        "date": "2026-06-17",
        "value": 0.005499833171586088
      },
      {
        "date": "2026-06-18",
        "value": 0.025305943833869415
      },
      {
        "date": "2026-06-22",
        "value": 0.03428980212625787
      },
      {
        "date": "2026-06-23",
        "value": 0.02436943940571834
      }
    ]
  },
  "holdings": [
    {
      "ticker": "GRPN",
      "company": "Groupon, Inc.",
      "sector": "Communication Services",
      "country": "United States",
      "shares": 11310.0,
      "price": 16.76,
      "cost_basis": 17.3017824933687,
      "market_value": 189555.6,
      "unrealized_pnl": -6127.559999999999,
      "short_percent_of_float": 0.56310004,
      "short_ratio": 5.75
    },
    {
      "ticker": "TENB",
      "company": "Tenable Holdings, Inc.",
      "sector": "Technology",
      "country": "United States",
      "shares": 4766.0,
      "price": 27.26,
      "cost_basis": 26.224616030214015,
      "market_value": 129921.16,
      "unrealized_pnl": 4934.640000000009,
      "short_percent_of_float": 0.129,
      "short_ratio": 3.05
    },
    {
      "ticker": "KSPI",
      "company": "Joint Stock Company Kaspi.kz",
      "sector": "Technology",
      "country": "Kazakhstan",
      "shares": 1515.0,
      "price": 83.5,
      "cost_basis": 82.53049504950495,
      "market_value": 126502.5,
      "unrealized_pnl": 1468.8000000000013,
      "short_percent_of_float": 0.0159,
      "short_ratio": 3.24
    },
    {
      "ticker": "CMI",
      "company": "Cummins Inc.",
      "sector": "Industrials",
      "country": "United States",
      "shares": 153.0,
      "price": 699.05,
      "cost_basis": 651.1282352941176,
      "market_value": 106954.65,
      "unrealized_pnl": 7332.029999999993,
      "short_percent_of_float": 0.0171,
      "short_ratio": 2.07
    },
    {
      "ticker": "JAKK",
      "company": "JAKKS Pacific, Inc.",
      "sector": "Consumer Cyclical",
      "country": "United States",
      "shares": 3436.0,
      "price": 22.23,
      "cost_basis": 21.83,
      "market_value": 76382.28,
      "unrealized_pnl": 1374.4000000000074,
      "short_percent_of_float": 0.039100002,
      "short_ratio": 7.32
    },
    {
      "ticker": "XNET",
      "company": "Xunlei Limited",
      "sector": "Technology",
      "country": "China",
      "shares": 10526.0,
      "price": 4.89,
      "cost_basis": 4.75,
      "market_value": 51472.14,
      "unrealized_pnl": 1473.6399999999967,
      "short_percent_of_float": 0.0377,
      "short_ratio": 6.03
    },
    {
      "ticker": "CRWV",
      "company": "CoreWeave, Inc.",
      "sector": "Technology",
      "country": "United States",
      "shares": 468.0,
      "price": 105.72,
      "cost_basis": 106.78134615384614,
      "market_value": 49476.96,
      "unrealized_pnl": -496.7099999999959,
      "short_percent_of_float": 0.18190001,
      "short_ratio": 1.91
    },
    {
      "ticker": "VIA",
      "company": "Via Transportation, Inc.",
      "sector": "Technology",
      "country": "United States",
      "shares": 3280.0,
      "price": 15.04,
      "cost_basis": 15.241405487804878,
      "market_value": 49331.2,
      "unrealized_pnl": -660.6100000000016,
      "short_percent_of_float": 0.13520001,
      "short_ratio": 6.88
    },
    {
      "ticker": "ZS",
      "company": "Zscaler, Inc.",
      "sector": "Technology",
      "country": "United States",
      "shares": 365.0,
      "price": 126.17,
      "cost_basis": 136.79813698630136,
      "market_value": 46052.05,
      "unrealized_pnl": -3879.269999999995,
      "short_percent_of_float": 0.114700004,
      "short_ratio": 2.09
    },
    {
      "ticker": "VST",
      "company": "Vistra Corp.",
      "sector": "Utilities",
      "country": "United States",
      "shares": 162.0,
      "price": 162.39,
      "cost_basis": 154.76,
      "market_value": 26307.179999999997,
      "unrealized_pnl": 1236.0599999999993,
      "short_percent_of_float": 0.0539,
      "short_ratio": 2.73
    },
    {
      "ticker": "GENC",
      "company": "Gencor Industries, Inc.",
      "sector": "Industrials",
      "country": "United States",
      "shares": 1746.0,
      "price": 14.89,
      "cost_basis": 14.32,
      "market_value": 25997.940000000002,
      "unrealized_pnl": 995.2200000000005,
      "short_percent_of_float": 0.0064,
      "short_ratio": 2.39
    },
    {
      "ticker": "ESI",
      "company": "Element Solutions Inc",
      "sector": "Basic Materials",
      "country": "United States",
      "shares": 557.0,
      "price": 45.86,
      "cost_basis": 44.92,
      "market_value": 25544.02,
      "unrealized_pnl": 523.5799999999988,
      "short_percent_of_float": 0.0838,
      "short_ratio": 4.45
    },
    {
      "ticker": "CEG",
      "company": "Constellation Energy Corporation",
      "sector": "Utilities",
      "country": "United States",
      "shares": 94.0,
      "price": 270.26,
      "cost_basis": 265.7,
      "market_value": 25404.44,
      "unrealized_pnl": 428.6400000000002,
      "short_percent_of_float": 0.036,
      "short_ratio": 3.46
    },
    {
      "ticker": "ZTS",
      "company": "Zoetis Inc.",
      "sector": "Healthcare",
      "country": "United States",
      "shares": 312.0,
      "price": 76.84,
      "cost_basis": 80.09,
      "market_value": 23974.08,
      "unrealized_pnl": -1014.0,
      "short_percent_of_float": 0.0363,
      "short_ratio": 1.45
    },
    {
      "ticker": "PYPL",
      "company": "PayPal Holdings, Inc.",
      "sector": "Financial Services",
      "country": "United States",
      "shares": 553.0,
      "price": 41.7,
      "cost_basis": 45.19,
      "market_value": 23060.100000000002,
      "unrealized_pnl": -1929.969999999997,
      "short_percent_of_float": 0.0626,
      "short_ratio": 3.16
    },
    {
      "ticker": "OPEN",
      "company": "Opendoor Technologies Inc.",
      "sector": "Real Estate",
      "country": "United States",
      "shares": 5479.0,
      "price": 4.2,
      "cost_basis": 4.562927541522176,
      "market_value": 23011.8,
      "unrealized_pnl": -1988.4799999999998,
      "short_percent_of_float": 0.16149999,
      "short_ratio": 3.77
    }
  ],
  "sector_exposure": [
    {
      "name": "Technology",
      "value": 452756.01,
      "pct": 0.45110028699560845
    },
    {
      "name": "Communication Services",
      "value": 189555.6,
      "pct": 0.18886239756734485
    },
    {
      "name": "Industrials",
      "value": 132952.59,
      "pct": 0.13246638405928496
    },
    {
      "name": "Consumer Cyclical",
      "value": 76382.28,
      "pct": 0.0761029509677385
    },
    {
      "name": "Utilities",
      "value": 51711.619999999995,
      "pct": 0.0515225112594482
    },
    {
      "name": "Basic Materials",
      "value": 25544.02,
      "pct": 0.025450605841812152
    },
    {
      "name": "Healthcare",
      "value": 23974.08,
      "pct": 0.023886407092543457
    },
    {
      "name": "Financial Services",
      "value": 23060.100000000002,
      "pct": 0.02297576950584804
    },
    {
      "name": "Real Estate",
      "value": 23011.8,
      "pct": 0.022927646138337383
    },
    {
      "name": "Cash",
      "value": 4722.310000000056,
      "pct": 0.004705040572034056
    }
  ],
  "geographic_exposure": [
    {
      "name": "United States",
      "value": 820973.46,
      "pct": 0.8179711704363187
    },
    {
      "name": "Kazakhstan",
      "value": 126502.5,
      "pct": 0.1260398819568667
    },
    {
      "name": "China",
      "value": 51472.14,
      "pct": 0.05128390703478047
    },
    {
      "name": "Cash",
      "value": 4722.310000000056,
      "pct": 0.004705040572034056
    }
  ],
  "signals": [
    {
      "ticker": "CEG",
      "label": "BUY",
      "composite": 1.0,
      "rsi": 49.3,
      "subs": {
        "rsi": 0.5,
        "macd": 0.5,
        "trend": -0.5,
        "bb": 0.5,
        "vol": 0.0,
        "range": 0.0
      }
    },
    {
      "ticker": "CMI",
      "label": "STRONG BUY",
      "composite": 2.5,
      "rsi": 55.7,
      "subs": {
        "rsi": 0.5,
        "macd": 0.5,
        "trend": 0.5,
        "bb": 0.5,
        "vol": 0.5,
        "range": 0.0
      }
    },
    {
      "ticker": "CRWV",
      "label": "BUY",
      "composite": 1.0,
      "rsi": 48.0,
      "subs": {
        "rsi": 0.5,
        "macd": 0.5,
        "trend": 0.0,
        "bb": -0.5,
        "vol": 0.5,
        "range": 0.0
      }
    },
    {
      "ticker": "ESI",
      "label": "STRONG BUY",
      "composite": 3.0,
      "rsi": 58.0,
      "subs": {
        "rsi": 0.5,
        "macd": 0.5,
        "trend": 0.5,
        "bb": 0.5,
        "vol": 0.5,
        "range": 0.5
      }
    },
    {
      "ticker": "GENC",
      "label": "STRONG BUY",
      "composite": 2.0,
      "rsi": 52.5,
      "subs": {
        "rsi": 0.5,
        "macd": 0.5,
        "trend": 0.5,
        "bb": 0.5,
        "vol": 0.0,
        "range": 0.0
      }
    },
    {
      "ticker": "GRPN",
      "label": "SELL",
      "composite": -1.0,
      "rsi": 48.1,
      "subs": {
        "rsi": 0.5,
        "macd": -0.5,
        "trend": 0.0,
        "bb": -0.5,
        "vol": 0.0,
        "range": -0.5
      }
    },
    {
      "ticker": "JAKK",
      "label": "STRONG BUY",
      "composite": 2.0,
      "rsi": 53.9,
      "subs": {
        "rsi": 0.5,
        "macd": 0.5,
        "trend": 0.5,
        "bb": 0.5,
        "vol": 0.0,
        "range": 0.0
      }
    },
    {
      "ticker": "KSPI",
      "label": "LEAN BEAR",
      "composite": -0.5,
      "rsi": 47.8,
      "subs": {
        "rsi": 0.5,
        "macd": -0.5,
        "trend": 0.0,
        "bb": -0.5,
        "vol": 0.0,
        "range": 0.0
      }
    },
    {
      "ticker": "OPEN",
      "label": "STRONG SELL",
      "composite": -2.0,
      "rsi": 39.2,
      "subs": {
        "rsi": 0.0,
        "macd": -0.5,
        "trend": -0.5,
        "bb": -0.5,
        "vol": 0.0,
        "range": -0.5
      }
    },
    {
      "ticker": "PYPL",
      "label": "SELL",
      "composite": -1.0,
      "rsi": 40.8,
      "subs": {
        "rsi": 0.0,
        "macd": 0.5,
        "trend": -0.5,
        "bb": -0.5,
        "vol": 0.0,
        "range": -0.5
      }
    },
    {
      "ticker": "TENB",
      "label": "LEAN BEAR",
      "composite": -0.5,
      "rsi": 57.2,
      "subs": {
        "rsi": 0.5,
        "macd": -0.5,
        "trend": 0.0,
        "bb": -0.5,
        "vol": 0.0,
        "range": 0.0
      }
    },
    {
      "ticker": "VIA",
      "label": "BUY",
      "composite": 1.5,
      "rsi": 49.7,
      "subs": {
        "rsi": 0.5,
        "macd": 0.5,
        "trend": -0.5,
        "bb": 0.5,
        "vol": 0.5,
        "range": 0.0
      }
    },
    {
      "ticker": "VST",
      "label": "STRONG BUY",
      "composite": 2.0,
      "rsi": 57.8,
      "subs": {
        "rsi": 0.5,
        "macd": 0.5,
        "trend": 0.0,
        "bb": 0.5,
        "vol": 0.0,
        "range": 0.5
      }
    },
    {
      "ticker": "XNET",
      "label": "LEAN BEAR",
      "composite": -0.5,
      "rsi": 40.1,
      "subs": {
        "rsi": 0.0,
        "macd": 0.5,
        "trend": -0.5,
        "bb": -0.5,
        "vol": 0.5,
        "range": -0.5
      }
    },
    {
      "ticker": "ZS",
      "label": "STRONG SELL",
      "composite": -2.0,
      "rsi": 42.0,
      "subs": {
        "rsi": 0.0,
        "macd": -0.5,
        "trend": -0.5,
        "bb": -0.5,
        "vol": 0.0,
        "range": -0.5
      }
    },
    {
      "ticker": "ZTS",
      "label": "SELL",
      "composite": -1.0,
      "rsi": 36.3,
      "subs": {
        "rsi": 0.0,
        "macd": 0.5,
        "trend": -0.5,
        "bb": -0.5,
        "vol": 0.0,
        "range": -0.5
      }
    }
  ],
  "volatility": [
    {
      "ticker": "CEG",
      "hv20": 0.4702952949675924,
      "garch": 0.5338473732273192,
      "expansion": 0.13513228590582885,
      "regime": "NORMAL",
      "signal": "BASE"
    },
    {
      "ticker": "CMI",
      "hv20": 0.46969205288379573,
      "garch": 0.3574532186077645,
      "expansion": -0.23896260025459634,
      "regime": "HIGH",
      "signal": "WEAK"
    },
    {
      "ticker": "CRWV",
      "hv20": 0.861677255254954,
      "garch": 0.96532573021419,
      "expansion": 0.12028688737823119,
      "regime": "NORMAL",
      "signal": "BASE"
    },
    {
      "ticker": "ESI",
      "hv20": 0.6063201645284347,
      "garch": 0.606127697709288,
      "expansion": -0.0003174343035357296,
      "regime": "EXTREME",
      "signal": "WEAK"
    },
    {
      "ticker": "GENC",
      "hv20": 0.350500411623296,
      "garch": 0.3554943953574854,
      "expansion": 0.014248153692774398,
      "regime": "NORMAL",
      "signal": "WEAK"
    },
    {
      "ticker": "GRPN",
      "hv20": 0.8097896882803411,
      "garch": 0.7836537992134763,
      "expansion": -0.032274909702007505,
      "regime": "HIGH",
      "signal": "WEAK"
    },
    {
      "ticker": "JAKK",
      "hv20": 0.218797358090747,
      "garch": 0.45877056075366895,
      "expansion": 1.0967829079699958,
      "regime": "LOW",
      "signal": "SIGNAL"
    },
    {
      "ticker": "KSPI",
      "hv20": 0.3551509970785628,
      "garch": 0.36473174410999154,
      "expansion": 0.026976545498221975,
      "regime": "HIGH",
      "signal": "WEAK"
    },
    {
      "ticker": "OPEN",
      "hv20": 0.7754234170695824,
      "garch": 0.7530194761161487,
      "expansion": -0.028892525632126048,
      "regime": "NORMAL",
      "signal": "WEAK"
    },
    {
      "ticker": "PYPL",
      "hv20": 0.31031011305698236,
      "garch": 0.3971192004788701,
      "expansion": 0.2797494627767641,
      "regime": "NORMAL",
      "signal": "SIGNAL"
    },
    {
      "ticker": "TENB",
      "hv20": 0.5966060586353632,
      "garch": 0.42109316795637336,
      "expansion": -0.294185565397117,
      "regime": "HIGH",
      "signal": "WEAK"
    },
    {
      "ticker": "VIA",
      "hv20": 0.6865863287683485,
      "garch": null,
      "expansion": null,
      "regime": "NORMAL",
      "signal": "WEAK"
    },
    {
      "ticker": "VST",
      "hv20": 0.4845098985898154,
      "garch": 0.5651122142556477,
      "expansion": 0.16635844984886466,
      "regime": "NORMAL",
      "signal": "BASE"
    },
    {
      "ticker": "XNET",
      "hv20": 0.7851953702488019,
      "garch": 0.7461606425561697,
      "expansion": -0.04971339512644285,
      "regime": "HIGH",
      "signal": "WEAK"
    },
    {
      "ticker": "ZS",
      "hv20": 1.5006090323898487,
      "garch": 0.3840102144343956,
      "expansion": -0.7440970924832924,
      "regime": "EXTREME",
      "signal": "WEAK"
    },
    {
      "ticker": "ZTS",
      "hv20": 0.2950395326889537,
      "garch": 0.3250423091414436,
      "expansion": 0.1016906994769423,
      "regime": "HIGH",
      "signal": "BASE"
    }
  ],
  "correlation": {
    "tickers": [
      "CEG",
      "CMI",
      "CRWV",
      "ESI",
      "GENC",
      "GRPN",
      "JAKK",
      "KSPI",
      "OPEN",
      "PYPL",
      "TENB",
      "VIA",
      "VST",
      "XNET",
      "ZS",
      "ZTS"
    ],
    "matrix": [
      [
        1.0,
        0.331,
        0.233,
        0.302,
        0.151,
        0.09,
        0.088,
        0.06,
        0.19,
        0.141,
        0.058,
        0.006,
        0.798,
        0.252,
        0.044,
        0.12
      ],
      [
        0.331,
        1.0,
        0.374,
        0.62,
        0.346,
        0.195,
        0.132,
        0.249,
        0.185,
        0.084,
        -0.062,
        0.0,
        0.357,
        0.304,
        -0.056,
        0.179
      ],
      [
        0.233,
        0.374,
        1.0,
        0.344,
        0.118,
        0.16,
        0.055,
        0.131,
        0.248,
        0.15,
        0.113,
        0.213,
        0.319,
        0.369,
        0.179,
        0.083
      ],
      [
        0.302,
        0.62,
        0.344,
        1.0,
        0.273,
        0.306,
        0.237,
        0.306,
        0.263,
        0.288,
        0.093,
        0.048,
        0.368,
        0.344,
        0.039,
        0.168
      ],
      [
        0.151,
        0.346,
        0.118,
        0.273,
        1.0,
        0.157,
        0.319,
        0.142,
        0.129,
        0.099,
        0.161,
        0.069,
        0.171,
        0.162,
        0.053,
        0.158
      ],
      [
        0.09,
        0.195,
        0.16,
        0.306,
        0.157,
        1.0,
        0.149,
        0.343,
        0.301,
        0.269,
        0.245,
        0.167,
        0.131,
        0.237,
        0.15,
        0.158
      ],
      [
        0.088,
        0.132,
        0.055,
        0.237,
        0.319,
        0.149,
        1.0,
        0.095,
        0.139,
        0.213,
        -0.032,
        0.145,
        0.058,
        0.196,
        -0.046,
        0.145
      ],
      [
        0.06,
        0.249,
        0.131,
        0.306,
        0.142,
        0.343,
        0.095,
        1.0,
        0.243,
        0.257,
        0.256,
        0.133,
        0.111,
        0.207,
        0.151,
        0.178
      ],
      [
        0.19,
        0.185,
        0.248,
        0.263,
        0.129,
        0.301,
        0.139,
        0.243,
        1.0,
        0.248,
        0.119,
        0.153,
        0.255,
        0.349,
        0.063,
        0.17
      ],
      [
        0.141,
        0.084,
        0.15,
        0.288,
        0.099,
        0.269,
        0.213,
        0.257,
        0.248,
        1.0,
        0.35,
        0.144,
        0.087,
        0.344,
        0.205,
        0.174
      ],
      [
        0.058,
        -0.062,
        0.113,
        0.093,
        0.161,
        0.245,
        -0.032,
        0.256,
        0.119,
        0.35,
        1.0,
        0.337,
        0.067,
        0.147,
        0.56,
        0.101
      ],
      [
        0.006,
        0.0,
        0.213,
        0.048,
        0.069,
        0.167,
        0.145,
        0.133,
        0.153,
        0.144,
        0.337,
        1.0,
        0.055,
        0.163,
        0.368,
        0.022
      ],
      [
        0.798,
        0.357,
        0.319,
        0.368,
        0.171,
        0.131,
        0.058,
        0.111,
        0.255,
        0.087,
        0.067,
        0.055,
        1.0,
        0.277,
        0.07,
        0.086
      ],
      [
        0.252,
        0.304,
        0.369,
        0.344,
        0.162,
        0.237,
        0.196,
        0.207,
        0.349,
        0.344,
        0.147,
        0.163,
        0.277,
        1.0,
        0.217,
        0.045
      ],
      [
        0.044,
        -0.056,
        0.179,
        0.039,
        0.053,
        0.15,
        -0.046,
        0.151,
        0.063,
        0.205,
        0.56,
        0.368,
        0.07,
        0.217,
        1.0,
        -0.033
      ],
      [
        0.12,
        0.179,
        0.083,
        0.168,
        0.158,
        0.158,
        0.145,
        0.178,
        0.17,
        0.174,
        0.101,
        0.022,
        0.086,
        0.045,
        -0.033,
        1.0
      ]
    ]
  },
  "residual_correlation": {
    "tickers": [
      "CEG",
      "CMI",
      "CRWV",
      "ESI",
      "GENC",
      "GRPN",
      "JAKK",
      "KSPI",
      "OPEN",
      "PYPL",
      "TENB",
      "VIA",
      "VST",
      "XNET",
      "ZS",
      "ZTS"
    ],
    "matrix": [
      [
        1.0,
        0.055,
        0.001,
        -0.034,
        0.027,
        -0.059,
        -0.019,
        -0.133,
        0.035,
        0.041,
        -0.021,
        -0.102,
        0.731,
        0.095,
        0.011,
        0.076
      ],
      [
        0.055,
        1.0,
        0.124,
        0.246,
        0.077,
        -0.059,
        -0.149,
        -0.005,
        -0.066,
        -0.096,
        -0.259,
        -0.143,
        0.036,
        0.003,
        -0.142,
        0.064
      ],
      [
        0.001,
        0.124,
        1.0,
        0.038,
        0.014,
        -0.05,
        -0.039,
        -0.108,
        0.044,
        -0.035,
        -0.017,
        0.083,
        0.079,
        0.14,
        0.109,
        0.038
      ],
      [
        -0.034,
        0.246,
        0.038,
        1.0,
        -0.071,
        0.055,
        0.003,
        0.019,
        -0.01,
        0.139,
        -0.104,
        -0.125,
        0.003,
        0.03,
        -0.052,
        -0.019
      ],
      [
        0.027,
        0.077,
        0.014,
        -0.071,
        1.0,
        -0.029,
        0.067,
        -0.078,
        -0.075,
        0.003,
        0.091,
        -0.004,
        0.026,
        -0.054,
        0.006,
        -0.035
      ],
      [
        -0.059,
        -0.059,
        -0.05,
        0.055,
        -0.029,
        1.0,
        0.006,
        0.181,
        0.11,
        0.095,
        0.109,
        0.05,
        -0.035,
        0.012,
        0.049,
        0.026
      ],
      [
        -0.019,
        -0.149,
        -0.039,
        0.003,
        0.067,
        0.006,
        1.0,
        -0.1,
        -0.033,
        0.101,
        -0.128,
        0.09,
        -0.058,
        0.02,
        -0.113,
        -0.039
      ],
      [
        -0.133,
        -0.005,
        -0.108,
        0.019,
        -0.078,
        0.181,
        -0.1,
        1.0,
        0.06,
        0.081,
        0.152,
        0.012,
        -0.1,
        -0.023,
        0.06,
        0.044
      ],
      [
        0.035,
        -0.066,
        0.044,
        -0.01,
        -0.075,
        0.11,
        -0.033,
        0.06,
        1.0,
        0.067,
        -0.02,
        0.03,
        0.106,
        0.16,
        -0.047,
        0.027
      ],
      [
        0.041,
        -0.096,
        -0.035,
        0.139,
        0.003,
        0.095,
        0.101,
        0.081,
        0.067,
        1.0,
        0.236,
        0.007,
        -0.033,
        0.186,
        0.073,
        0.023
      ],
      [
        -0.021,
        -0.259,
        -0.017,
        -0.104,
        0.091,
        0.109,
        -0.128,
        0.152,
        -0.02,
        0.236,
        1.0,
        0.273,
        -0.027,
        0.001,
        0.517,
        -0.007
      ],
      [
        -0.102,
        -0.143,
        0.083,
        -0.125,
        -0.004,
        0.05,
        0.09,
        0.012,
        0.03,
        0.007,
        0.273,
        1.0,
        -0.057,
        0.029,
        0.314,
        -0.059
      ],
      [
        0.731,
        0.036,
        0.079,
        0.003,
        0.026,
        -0.035,
        -0.058,
        -0.1,
        0.106,
        -0.033,
        -0.027,
        -0.057,
        1.0,
        0.106,
        0.04,
        0.031
      ],
      [
        0.095,
        0.003,
        0.14,
        0.03,
        -0.054,
        0.012,
        0.02,
        -0.023,
        0.16,
        0.186,
        0.001,
        0.029,
        0.106,
        1.0,
        0.134,
        -0.108
      ],
      [
        0.011,
        -0.142,
        0.109,
        -0.052,
        0.006,
        0.049,
        -0.113,
        0.06,
        -0.047,
        0.073,
        0.517,
        0.314,
        0.04,
        0.134,
        1.0,
        -0.117
      ],
      [
        0.076,
        0.064,
        0.038,
        -0.019,
        -0.035,
        0.026,
        -0.039,
        0.044,
        0.027,
        0.023,
        -0.007,
        -0.059,
        0.031,
        -0.108,
        -0.117,
        1.0
      ]
    ]
  },
  "factor_correlation": {
    "factors": [
      "Market",
      "Size",
      "Value (SMID)",
      "Momentum",
      "Quality",
      "Profitability",
      "Liquidity",
      "Credit"
    ],
    "matrix": [
      [
        1.0,
        0.321,
        -0.498,
        0.409,
        -0.25,
        -0.543,
        0.305,
        0.181
      ],
      [
        0.321,
        1.0,
        -0.152,
        0.246,
        0.157,
        0.15,
        0.328,
        0.037
      ],
      [
        -0.498,
        -0.152,
        1.0,
        -0.558,
        0.308,
        0.597,
        -0.376,
        -0.14
      ],
      [
        0.409,
        0.246,
        -0.558,
        1.0,
        -0.22,
        -0.547,
        0.286,
        0.046
      ],
      [
        -0.25,
        0.157,
        0.308,
        -0.22,
        1.0,
        0.436,
        -0.237,
        -0.128
      ],
      [
        -0.543,
        0.15,
        0.597,
        -0.547,
        0.436,
        1.0,
        -0.272,
        -0.101
      ],
      [
        0.305,
        0.328,
        -0.376,
        0.286,
        -0.237,
        -0.272,
        1.0,
        0.157
      ],
      [
        0.181,
        0.037,
        -0.14,
        0.046,
        -0.128,
        -0.101,
        0.157,
        1.0
      ]
    ]
  },
  "factor_exposures": [
    {
      "ticker": "CEG",
      "r_squared": 0.24952960424598714,
      "alpha_annual": -0.4044940430763672,
      "idio_vol_annual": 0.405463143869066,
      "Market": 0.7053476467934825,
      "Size": 0.40399705674373887,
      "Value (SMID)": -0.44450149199054056,
      "Momentum": 0.5493867504816985,
      "Quality": -0.8350655319925374,
      "Profitability": -0.6265975779890034,
      "Liquidity": -0.44904340142394755,
      "Credit": -0.9495257860588183
    },
    {
      "ticker": "CMI",
      "r_squared": 0.4755400518560825,
      "alpha_annual": 0.36001925116105404,
      "idio_vol_annual": 0.24630963951953963,
      "Market": 1.1455402759248365,
      "Size": 0.8064628429533244,
      "Value (SMID)": 0.35791924396438035,
      "Momentum": 0.6953603661147284,
      "Quality": -0.03490651842796714,
      "Profitability": -0.15636605133297238,
      "Liquidity": -0.3210207323327812,
      "Credit": 0.7915511068776091
    },
    {
      "ticker": "CRWV",
      "r_squared": 0.27184829628384477,
      "alpha_annual": -1.0441658038803403,
      "idio_vol_annual": 0.8035737004447109,
      "Market": 1.0337792592856785,
      "Size": 0.6264245019787549,
      "Value (SMID)": -2.0397555687130473,
      "Momentum": 0.6200042706178941,
      "Quality": -4.094208175830923,
      "Profitability": -0.04141513558320137,
      "Liquidity": 0.4060304148078302,
      "Credit": 1.8753110875914913
    },
    {
      "ticker": "ESI",
      "r_squared": 0.5144202046966357,
      "alpha_annual": 0.27207739657730845,
      "idio_vol_annual": 0.28847888563489343,
      "Market": 1.6492759035924454,
      "Size": 0.993043505878326,
      "Value (SMID)": -0.171408643576471,
      "Momentum": 0.6780396749506232,
      "Quality": 0.24169809798363673,
      "Profitability": 0.22838329358800596,
      "Liquidity": -0.7258823627478599,
      "Credit": 0.23047410801446067
    },
    {
      "ticker": "GENC",
      "r_squared": 0.3298717398117521,
      "alpha_annual": -0.41150539156428045,
      "idio_vol_annual": 0.3230523298307365,
      "Market": 1.2908330431532353,
      "Size": 1.2395047864163522,
      "Value (SMID)": 1.1580745137148445,
      "Momentum": -0.021135042836166074,
      "Quality": -0.7618670171210382,
      "Profitability": 0.08995179777191431,
      "Liquidity": -0.1939215997035304,
      "Credit": 0.6538774499689328
    },
    {
      "ticker": "GRPN",
      "r_squared": 0.16697542267737087,
      "alpha_annual": -1.1511607386438572,
      "idio_vol_annual": 0.6250022123540052,
      "Market": 1.8916009728272485,
      "Size": 0.31781454545781357,
      "Value (SMID)": -0.9240590996357555,
      "Momentum": -0.12877755451455397,
      "Quality": -1.4968308113861506,
      "Profitability": 1.4475899786675233,
      "Liquidity": 0.21604877565941127,
      "Credit": 1.4828994502392203
    },
    {
      "ticker": "JAKK",
      "r_squared": 0.26966616006390864,
      "alpha_annual": -0.27264585697415794,
      "idio_vol_annual": 0.35119617106300693,
      "Market": 1.2320996276624012,
      "Size": 1.0417729471952784,
      "Value (SMID)": 0.8339592496760787,
      "Momentum": -0.3509442639180461,
      "Quality": 1.3397823483546007,
      "Profitability": -0.344726352119315,
      "Liquidity": 0.32741616521702477,
      "Credit": -0.4300719951000974
    },
    {
      "ticker": "KSPI",
      "r_squared": 0.2152367801525371,
      "alpha_annual": -0.18346524835673508,
      "idio_vol_annual": 0.32244304982560723,
      "Market": 1.1694950459637312,
      "Size": 0.4439736110001909,
      "Value (SMID)": -0.3459201978089812,
      "Momentum": -0.48846233058935556,
      "Quality": 0.045842892690414305,
      "Profitability": 0.08978877131410112,
      "Liquidity": -0.03302601160545743,
      "Credit": 0.5929156390098339
    },
    {
      "ticker": "OPEN",
      "r_squared": 0.12442264119605284,
      "alpha_annual": 1.4589570944342392,
      "idio_vol_annual": 1.341555544745961,
      "Market": 3.041390596125315,
      "Size": 1.29266603941112,
      "Value (SMID)": -1.655887764064062,
      "Momentum": -1.9082444001073278,
      "Quality": 0.9447324322193709,
      "Profitability": 0.9804745658369046,
      "Liquidity": 1.7731169355743588,
      "Credit": -2.964543024986115
    },
    {
      "ticker": "PYPL",
      "r_squared": 0.2959280941707386,
      "alpha_annual": -0.6801262064845232,
      "idio_vol_annual": 0.3376292133875006,
      "Market": 1.8086247143031786,
      "Size": -0.34255716188017127,
      "Value (SMID)": -0.8932770555757901,
      "Momentum": -0.8768172946797088,
      "Quality": 1.5288752381373567,
      "Profitability": 0.6224051637451508,
      "Liquidity": 0.37691384882027096,
      "Credit": -0.019836027899274238
    },
    {
      "ticker": "TENB",
      "r_squared": 0.14770318892374945,
      "alpha_annual": -0.3163336350441322,
      "idio_vol_annual": 0.41111120194565753,
      "Market": 1.469591230183859,
      "Size": -0.11072403633881173,
      "Value (SMID)": -0.7864955437733055,
      "Momentum": -0.2933161356873478,
      "Quality": -0.4819727845435522,
      "Profitability": 1.3265530042017617,
      "Liquidity": -0.10542759678672736,
      "Credit": -0.22853203516808057
    },
    {
      "ticker": "VIA",
      "r_squared": 0.11141142767090428,
      "alpha_annual": -1.5529163428834893,
      "idio_vol_annual": 0.6794853640192252,
      "Market": 0.9659245477104654,
      "Size": 0.4505918098755845,
      "Value (SMID)": -1.413603506434772,
      "Momentum": -1.0238890322651224,
      "Quality": -1.600018566827347,
      "Profitability": 0.49386389811800696,
      "Liquidity": 0.652051559282347,
      "Credit": -0.7553942855756554
    },
    {
      "ticker": "VST",
      "r_squared": 0.2926183611841787,
      "alpha_annual": -0.4260126558711817,
      "idio_vol_annual": 0.4124801425851214,
      "Market": 0.6069377893186211,
      "Size": 0.7985734848086844,
      "Value (SMID)": -0.6801756804335962,
      "Momentum": 0.6095049324386834,
      "Quality": -1.8209319666903288,
      "Profitability": -0.5056338647230237,
      "Liquidity": -0.7763487585620161,
      "Credit": -0.7873913589709252
    },
    {
      "ticker": "XNET",
      "r_squared": 0.173437048374664,
      "alpha_annual": -0.31566526487576857,
      "idio_vol_annual": 0.6711206312777788,
      "Market": 1.7865266335293217,
      "Size": 0.2162866044932521,
      "Value (SMID)": -0.7634150282424459,
      "Momentum": -0.35093374793150145,
      "Quality": 0.2682604506650673,
      "Profitability": 0.6219530872838439,
      "Liquidity": 1.1316619740679466,
      "Credit": 2.5070824701028616
    },
    {
      "ticker": "ZS",
      "r_squared": 0.09095431535168486,
      "alpha_annual": -0.9401475886535489,
      "idio_vol_annual": 0.5981580754521127,
      "Market": 1.341412534816207,
      "Size": -0.3697722702180447,
      "Value (SMID)": -1.0841123877581562,
      "Momentum": -0.9226283072014292,
      "Quality": -0.8768637421418274,
      "Profitability": 0.8595665432412983,
      "Liquidity": 0.206016709668872,
      "Credit": 0.198942247846757
    },
    {
      "ticker": "ZTS",
      "r_squared": 0.168452584030937,
      "alpha_annual": -0.9059351775416857,
      "idio_vol_annual": 0.3439029358210433,
      "Market": 1.3355340341103954,
      "Size": 0.1528565211526936,
      "Value (SMID)": 0.061226212370250055,
      "Momentum": -0.2661933837808582,
      "Quality": 1.074546643705752,
      "Profitability": 0.7424738538052128,
      "Liquidity": 0.08474912653931632,
      "Credit": -0.7840354572323104
    }
  ],
  "portfolio_factor_exposure": {
    "loadings": {
      "Market": 1.4213818685914856,
      "Size": 0.4300021387330715,
      "Value (SMID)": -0.5402589912006975,
      "Momentum": -0.18107230196861046,
      "Quality": -0.5505957967842627,
      "Profitability": 0.5432003537463277,
      "Liquidity": 0.12999247796613994,
      "Credit": 0.463007135242759
    },
    "alpha_annual": -0.4822170902969619,
    "r_squared_weighted": 0.23131252142087255
  },
  "stress_tests": [
    {
      "scenario": "COVID Crash (Feb-Mar 2020)",
      "market_move": -0.339,
      "portfolio_impact": -0.5185713779434776,
      "stressed_nav": 483195.66248520487,
      "pnl": -520474.74751479516,
      "description": "Rapid 33.9% selloff in SPY over 23 trading days as COVID-19 spread."
    },
    {
      "scenario": "2022 Rate Shock (Jan-Oct)",
      "market_move": -0.252,
      "portfolio_impact": -0.3854866880287798,
      "stressed_nav": 616768.8277766126,
      "pnl": -386901.58222338744,
