{
  "generated_at": "2026-06-25T22:50:18.151948Z",
  "market_session": "AFTER",
  "fund_name": "Convex Capital",
  "tagline": "Lose small. Win big. \u2014 Paper-traded portfolio. Hypothetical performance for educational purposes only.",
  "summary": {
    "nav": 1087855.27,
    "cash": 4722.310000000056,
    "equity": 1083132.96,
    "deposits": 1000000.0,
    "total_return": 0.08785526999999993,
    "realized_pnl": 0.0,
    "open_positions": 16
  },
  "metrics": {
    "period_return": 0.08798274961618424,
    "calendar_days_since_inception": 24,
    "trading_days_observed": 17,
    "annualized_return": 2.605452082051864,
    "annualized_return_arithmetic": 1.2987172817288224,
    "annualized_vol": 0.3136591462187037,
    "sharpe": 4.003488421838061,
    "sortino": 8.37835896018483,
    "calmar": 68.56140970990852,
    "max_drawdown": -0.038001728568240384,
    "var_95_1d": -0.01784868046815382,
    "risk_free_rate": 0.043919997215271,
    "beta_benchmark": 0.8552987021992965,
    "benchmark_annualized_return": 0.26871486752933804,
    "benchmark_annualized_return_arithmetic": 0.23811690131255944,
    "benchmark_period_return": 0.036821973757975135,
    "period_active_return": 0.05116077585820911,
    "treynor": 1.4670866228219368,
    "jensens_alpha": 1.0887009244680192,
    "information_ratio": 3.0651288035506834,
    "tracking_error": 0.23976109129362336,
    "annualized_active_return": 1.083041585552583,
    "annualized_active_return_arithmetic": 0.7348986268948299,
    "up_capture": 1.3295884556784305,
    "down_capture": 0.8786111913519843,
    "data_basis": "realized_nav",
    "days_of_live_nav": 18,
    "benchmark_ticker": "IWM",
    "benchmark_name": "Russell 2000",
    "beta_spy": 0.8552987021992965,
    "beta_spy_stress": 1.5564537931734863
  },
  "nav_curve": [
    {
      "date": "2026-06-01",
      "value": 999882.8292976379
    },
    {
      "date": "2026-06-02",
      "value": 1005079.4966617966
    },
    {
      "date": "2026-06-03",
      "value": 995768.7768651581
    },
    {
      "date": "2026-06-04",
      "value": 1004929.1794892884
    },
    {
      "date": "2026-06-05",
      "value": 974274.0015833282
    },
    {
      "date": "2026-06-08",
      "value": 974266.9881036186
    },
    {
      "date": "2026-06-09",
      "value": 979640.5088702394
    },
    {
      "date": "2026-06-10",
      "value": 966884.7384401513
    },
    {
      "date": "2026-06-11",
      "value": 990753.0886875344
    },
    {
      "date": "2026-06-12",
      "value": 996222.4282127572
    },
    {
      "date": "2026-06-15",
      "value": 1017018.2685251809
    },
    {
      "date": "2026-06-16",
      "value": 1019223.7061524964
    },
    {
      "date": "2026-06-17",
      "value": 1004256.765778122
    },
    {
      "date": "2026-06-18",
      "value": 1005956.2144795037
    },
    {
      "date": "2026-06-22",
      "value": 1013145.2704611397
    },
    {
      "date": "2026-06-23",
      "value": 1003670.4086042023
    },
    {
      "date": "2026-06-24",
      "value": 1028642.2278996087
    },
    {
      "date": "2026-06-25",
      "value": 1087855.2699132538
    }
  ],
  "drawdown_curve": [
    {
      "date": "2026-06-01",
      "value": 0.0
    },
    {
      "date": "2026-06-02",
      "value": 0.0
    },
    {
      "date": "2026-06-03",
      "value": -0.009263665040986776
    },
    {
      "date": "2026-06-04",
      "value": -0.00014955749570802555
    },
    {
      "date": "2026-06-05",
      "value": -0.030649809473562682
    },
    {
      "date": "2026-06-08",
      "value": -0.03065678750836781
    },
    {
      "date": "2026-06-09",
      "value": -0.025310423579476604
    },
    {
      "date": "2026-06-10",
      "value": -0.038001728568240384
    },
    {
      "date": "2026-06-11",
      "value": -0.01425400480444075
    },
    {
      "date": "2026-06-12",
      "value": -0.008812306368259061
    },
    {
      "date": "2026-06-15",
      "value": 0.0
    },
    {
      "date": "2026-06-16",
      "value": 0.0
    },
    {
      "date": "2026-06-17",
      "value": -0.014684647034823809
    },
    {
      "date": "2026-06-18",
      "value": -0.01301725184854327
    },
    {
      "date": "2026-06-22",
      "value": -0.005963789553426265
    },
    {
      "date": "2026-06-23",
      "value": -0.015259944852545435
    },
    {
      "date": "2026-06-24",
      "value": 0.0
    },
    {
      "date": "2026-06-25",
      "value": 0.0
    }
  ],
  "benchmarks": {
    "SPY": [
      {
        "date": "2026-06-01",
        "value": 0.0
      },
      {
        "date": "2026-06-02",
        "value": 0.0013579397972762752
      },
      {
        "date": "2026-06-03",
        "value": -0.005668771434361286
      },
      {
        "date": "2026-06-04",
        "value": -0.0019115061781299625
      },
      {
        "date": "2026-06-05",
        "value": -0.027671542654459702
      },
      {
        "date": "2026-06-08",
        "value": -0.025470023194608782
      },
      {
        "date": "2026-06-09",
        "value": -0.02833070775180091
      },
      {
        "date": "2026-06-10",
        "value": -0.04364962071587053
      },
      {
        "date": "2026-06-11",
        "value": -0.027394678792744487
      },
      {
        "date": "2026-06-12",
        "value": -0.022134588105308994
      },
      {
        "date": "2026-06-15",
        "value": -0.0048909388718152425
      },
      {
        "date": "2026-06-16",
        "value": -0.010823344076597685
      },
      {
        "date": "2026-06-17",
        "value": -0.023176054438276084
      },
      {
        "date": "2026-06-18",
        "value": -0.013020023259145863
      },
      {
        "date": "2026-06-22",
        "value": -0.016126029204297176
      },
      {
        "date": "2026-06-23",
        "value": -0.030413801760312054
      },
      {
        "date": "2026-06-24",
        "value": -0.03086322150786902
      },
      {
        "date": "2026-06-25",
        "value": -0.029462203242598517
      }
    ],
    "IWM": [
      {
        "date": "2026-06-01",
        "value": 0.0
      },
      {
        "date": "2026-06-02",
        "value": 0.009273902616242058
      },
      {
        "date": "2026-06-03",
        "value": -0.004533265755123028
      },
      {
        "date": "2026-06-04",
        "value": 0.010485102307313143
      },
      {
        "date": "2026-06-05",
        "value": -0.025365222965751943
      },
      {
        "date": "2026-06-08",
        "value": -0.016852527916236926
      },
      {
        "date": "2026-06-09",
        "value": -0.013703535746163342
      },
      {
        "date": "2026-06-10",
        "value": -0.023981055236295123
      },
      {
        "date": "2026-06-11",
        "value": 0.00494832553389335
      },
      {
        "date": "2026-06-12",
        "value": 0.01373793881377372
      },
      {
        "date": "2026-06-15",
        "value": 0.022010765090349826
      },
      {
        "date": "2026-06-16",
        "value": 0.013130856989941098
      },
      {
        "date": "2026-06-17",
        "value": 0.005499833171586088
      },
      {
        "date": "2026-06-18",
        "value": 0.025305943833869415
      },
      {
        "date": "2026-06-22",
        "value": 0.03428980212625787
      },
      {
        "date": "2026-06-23",
        "value": 0.02436943940571834
      },
      {
        "date": "2026-06-24",
        "value": 0.0291215086708434
      },
      {
        "date": "2026-06-25",
        "value": 0.036821973757975135
      }
    ]
  },
  "holdings": [
    {
      "ticker": "GRPN",
      "company": "Groupon, Inc.",
      "sector": "Communication Services",
      "country": "United States",
      "shares": 11310.0,
      "price": 22.88,
      "cost_basis": 17.3017824933687,
      "market_value": 258772.8,
      "unrealized_pnl": 63089.63999999997,
      "short_percent_of_float": 0.56310004,
      "short_ratio": 5.75
    },
    {
      "ticker": "KSPI",
      "company": "Joint Stock Company Kaspi.kz",
      "sector": "Technology",
      "country": "Kazakhstan",
      "shares": 1515.0,
      "price": 86.85,
      "cost_basis": 82.53049504950495,
      "market_value": 131577.75,
      "unrealized_pnl": 6544.049999999993,
      "short_percent_of_float": 0.0159,
      "short_ratio": 3.24
    },
    {
      "ticker": "TENB",
      "company": "Tenable Holdings, Inc.",
      "sector": "Technology",
      "country": "United States",
      "shares": 4766.0,
      "price": 27.44,
      "cost_basis": 26.224616030214015,
      "market_value": 130779.04000000001,
      "unrealized_pnl": 5792.520000000009,
      "short_percent_of_float": 0.129,
      "short_ratio": 3.05
    },
    {
      "ticker": "CMI",
      "company": "Cummins Inc.",
      "sector": "Industrials",
      "country": "United States",
      "shares": 153.0,
      "price": 727.59,
      "cost_basis": 651.1282352941176,
      "market_value": 111321.27,
      "unrealized_pnl": 11698.650000000005,
      "short_percent_of_float": 0.0171,
      "short_ratio": 2.07
    },
    {
      "ticker": "JAKK",
      "company": "JAKKS Pacific, Inc.",
      "sector": "Consumer Cyclical",
      "country": "United States",
      "shares": 3436.0,
      "price": 23.22,
      "cost_basis": 21.83,
      "market_value": 79783.92,
      "unrealized_pnl": 4776.040000000002,
      "short_percent_of_float": 0.039100002,
      "short_ratio": 7.32
    },
    {
      "ticker": "XNET",
      "company": "Xunlei Limited",
      "sector": "Technology",
      "country": "China",
      "shares": 10526.0,
      "price": 5.03,
      "cost_basis": 4.75,
      "market_value": 52945.780000000006,
      "unrealized_pnl": 2947.2800000000025,
      "short_percent_of_float": 0.0377,
      "short_ratio": 6.03
    },
    {
      "ticker": "VIA",
      "company": "Via Transportation, Inc.",
      "sector": "Technology",
      "country": "United States",
      "shares": 3280.0,
      "price": 15.37,
      "cost_basis": 15.241405487804878,
      "market_value": 50413.6,
      "unrealized_pnl": 421.7899999999986,
      "short_percent_of_float": 0.13520001,
      "short_ratio": 6.88
    },
    {
      "ticker": "CRWV",
      "company": "CoreWeave, Inc.",
      "sector": "Technology",
      "country": "United States",
      "shares": 468.0,
      "price": 98.76,
      "cost_basis": 106.78134615384614,
      "market_value": 46219.68,
      "unrealized_pnl": -3753.989999999993,
      "short_percent_of_float": 0.18190001,
      "short_ratio": 1.91
    },
    {
      "ticker": "ZS",
      "company": "Zscaler, Inc.",
      "sector": "Technology",
      "country": "United States",
      "shares": 365.0,
      "price": 123.8,
      "cost_basis": 136.79813698630136,
      "market_value": 45187.0,
      "unrealized_pnl": -4744.319999999997,
      "short_percent_of_float": 0.114700004,
      "short_ratio": 2.09
    },
    {
      "ticker": "VST",
      "company": "Vistra Corp.",
      "sector": "Utilities",
      "country": "United States",
      "shares": 162.0,
      "price": 167.77,
      "cost_basis": 154.76,
      "market_value": 27178.74,
      "unrealized_pnl": 2107.620000000003,
      "short_percent_of_float": 0.0539,
      "short_ratio": 2.73
    },
    {
      "ticker": "ESI",
      "company": "Element Solutions Inc",
      "sector": "Basic Materials",
      "country": "United States",
      "shares": 557.0,
      "price": 47.72,
      "cost_basis": 44.92,
      "market_value": 26580.04,
      "unrealized_pnl": 1559.5999999999983,
      "short_percent_of_float": 0.0838,
      "short_ratio": 4.45
    },
    {
      "ticker": "GENC",
      "company": "Gencor Industries, Inc.",
      "sector": "Industrials",
      "country": "United States",
      "shares": 1746.0,
      "price": 14.8,
      "cost_basis": 14.32,
      "market_value": 25840.800000000003,
      "unrealized_pnl": 838.0800000000007,
      "short_percent_of_float": 0.0064,
      "short_ratio": 2.39
    },
    {
      "ticker": "CEG",
      "company": "Constellation Energy Corporation",
      "sector": "Utilities",
      "country": "United States",
      "shares": 94.0,
      "price": 268.69,
      "cost_basis": 265.7,
      "market_value": 25256.86,
      "unrealized_pnl": 281.06000000000085,
      "short_percent_of_float": 0.036,
      "short_ratio": 3.46
    },
    {
      "ticker": "ZTS",
      "company": "Zoetis Inc.",
      "sector": "Healthcare",
      "country": "United States",
      "shares": 312.0,
      "price": 77.82,
      "cost_basis": 80.09,
      "market_value": 24279.839999999997,
      "unrealized_pnl": -708.2400000000032,
      "short_percent_of_float": 0.0363,
      "short_ratio": 1.45
    },
    {
      "ticker": "OPEN",
      "company": "Opendoor Technologies Inc.",
      "sector": "Real Estate",
      "country": "United States",
      "shares": 5479.0,
      "price": 4.3,
      "cost_basis": 4.562927541522176,
      "market_value": 23559.7,
      "unrealized_pnl": -1440.5800000000017,
      "short_percent_of_float": 0.16149999,
      "short_ratio": 3.77
    },
    {
      "ticker": "PYPL",
      "company": "PayPal Holdings, Inc.",
      "sector": "Financial Services",
      "country": "United States",
      "shares": 553.0,
      "price": 42.38,
      "cost_basis": 45.19,
      "market_value": 23436.140000000003,
      "unrealized_pnl": -1553.9299999999973,
      "short_percent_of_float": 0.0626,
      "short_ratio": 3.16
    }
  ],
  "sector_exposure": [
    {
      "name": "Technology",
      "value": 457122.8500000001,
      "pct": 0.420205575692068
    },
    {
      "name": "Communication Services",
      "value": 258772.8,
      "pct": 0.2378742900238926
    },
    {
      "name": "Industrials",
      "value": 137162.07,
      "pct": 0.1260848513424033
    },
    {
      "name": "Consumer Cyclical",
      "value": 79783.92,
      "pct": 0.07334056487128109
    },
    {
      "name": "Utilities",
      "value": 52435.600000000006,
      "pct": 0.048200897165300315
    },
    {
      "name": "Basic Materials",
      "value": 26580.04,
      "pct": 0.024433434054145824
    },
    {
      "name": "Healthcare",
      "value": 24279.839999999997,
      "pct": 0.02231899837190658
    },
    {
      "name": "Real Estate",
      "value": 23559.7,
      "pct": 0.02165701693020249
    },
    {
      "name": "Financial Services",
      "value": 23436.140000000003,
      "pct": 0.021543435644706673
    },
    {
      "name": "Cash",
      "value": 4722.310000000056,
      "pct": 0.00434093590409325
    }
  ],
  "geographic_exposure": [
    {
      "name": "United States",
      "value": 898609.4299999999,
      "pct": 0.8260376676761422
    },
    {
      "name": "Kazakhstan",
      "value": 131577.75,
      "pct": 0.12095152142802966
    },
    {
      "name": "China",
      "value": 52945.780000000006,
      "pct": 0.04866987499173489
    },
    {
      "name": "Cash",
      "value": 4722.310000000056,
      "pct": 0.00434093590409325
    }
  ],
  "signals": [
    {
      "ticker": "CEG",
      "label": "BUY",
      "composite": 1.0,
      "rsi": 48.4,
      "subs": {
        "rsi": 0.5,
        "macd": 0.5,
        "trend": -0.5,
        "bb": 0.5,
        "vol": 0.0,
        "range": 0.0
      }
    },
    {
      "ticker": "CMI",
      "label": "STRONG BUY",
      "composite": 2.5,
      "rsi": 61.2,
      "subs": {
        "rsi": 0.5,
        "macd": 0.5,
        "trend": 0.5,
        "bb": 0.5,
        "vol": 0.0,
        "range": 0.5
      }
    },
    {
      "ticker": "CRWV",
      "label": "SELL",
      "composite": -1.5,
      "rsi": 43.1,
      "subs": {
        "rsi": 0.0,
        "macd": -0.5,
        "trend": 0.0,
        "bb": -0.5,
        "vol": 0.0,
        "range": -0.5
      }
    },
    {
      "ticker": "ESI",
      "label": "STRONG BUY",
      "composite": 3.0,
      "rsi": 62.3,
      "subs": {
        "rsi": 0.5,
        "macd": 0.5,
        "trend": 0.5,
        "bb": 0.5,
        "vol": 0.5,
        "range": 0.5
      }
    },
    {
      "ticker": "GENC",
      "label": "STRONG BUY",
      "composite": 2.0,
      "rsi": 50.5,
      "subs": {
        "rsi": 0.5,
        "macd": 0.5,
        "trend": 0.5,
        "bb": 0.5,
        "vol": 0.0,
        "range": 0.0
      }
    },
    {
      "ticker": "GRPN",
      "label": "BUY",
      "composite": 1.5,
      "rsi": 70.9,
      "subs": {
        "rsi": 0.0,
        "macd": 0.5,
        "trend": 0.5,
        "bb": 0.0,
        "vol": 0.0,
        "range": 0.5
      }
    },
    {
      "ticker": "JAKK",
      "label": "STRONG BUY",
      "composite": 2.0,
      "rsi": 64.1,
      "subs": {
        "rsi": 0.5,
        "macd": 0.5,
        "trend": 0.5,
        "bb": 0.0,
        "vol": 0.0,
        "range": 0.5
      }
    },
    {
      "ticker": "KSPI",
      "label": "STRONG BUY",
      "composite": 2.0,
      "rsi": 55.4,
      "subs": {
        "rsi": 0.5,
        "macd": 0.5,
        "trend": 0.5,
        "bb": 0.5,
        "vol": 0.0,
        "range": 0.0
      }
    },
    {
      "ticker": "OPEN",
      "label": "STRONG SELL",
      "composite": -2.0,
      "rsi": 42.2,
      "subs": {
        "rsi": 0.0,
        "macd": -0.5,
        "trend": -0.5,
        "bb": -0.5,
        "vol": 0.0,
        "range": -0.5
      }
    },
    {
      "ticker": "PYPL",
      "label": "NEUTRAL",
      "composite": 0.0,
      "rsi": 45.4,
      "subs": {
        "rsi": 0.5,
        "macd": 0.5,
        "trend": -0.5,
        "bb": -0.5,
        "vol": 0.0,
        "range": 0.0
      }
    },
    {
      "ticker": "TENB",
      "label": "LEAN BEAR",
      "composite": -0.5,
      "rsi": 57.0,
      "subs": {
        "rsi": 0.5,
        "macd": -0.5,
        "trend": 0.0,
        "bb": -0.5,
        "vol": 0.0,
        "range": 0.0
      }
    },
    {
      "ticker": "VIA",
      "label": "BUY",
      "composite": 1.5,
      "rsi": 52.4,
      "subs": {
        "rsi": 0.5,
        "macd": 0.5,
        "trend": -0.5,
        "bb": 0.5,
        "vol": 0.5,
        "range": 0.0
      }
    },
    {
      "ticker": "VST",
      "label": "STRONG BUY",
      "composite": 2.0,
      "rsi": 62.1,
      "subs": {
        "rsi": 0.5,
        "macd": 0.5,
        "trend": 0.0,
        "bb": 0.5,
        "vol": 0.0,
        "range": 0.5
      }
    },
    {
      "ticker": "XNET",
      "label": "LEAN BEAR",
      "composite": -0.5,
      "rsi": 43.9,
      "subs": {
        "rsi": 0.0,
        "macd": 0.5,
        "trend": -0.5,
        "bb": -0.5,
        "vol": 0.5,
        "range": -0.5
      }
    },
    {
      "ticker": "ZS",
      "label": "STRONG SELL",
      "composite": -2.0,
      "rsi": 40.6,
      "subs": {
        "rsi": 0.0,
        "macd": -0.5,
        "trend": -0.5,
        "bb": -0.5,
        "vol": 0.0,
        "range": -0.5
      }
    },
    {
      "ticker": "ZTS",
      "label": "LEAN BEAR",
      "composite": -0.5,
      "rsi": 39.6,
      "subs": {
        "rsi": 0.0,
        "macd": 0.5,
        "trend": -0.5,
        "bb": -0.5,
        "vol": 0.0,
        "range": 0.0
      }
    }
  ],
  "volatility": [
    {
      "ticker": "CEG",
      "hv20": 0.43568885792610906,
      "garch": 0.5237927369295616,
      "expansion": 0.2022174251203702,
      "regime": "NORMAL",
      "signal": "SIGNAL"
    },
    {
      "ticker": "CMI",
      "hv20": 0.472322059142093,
      "garch": 0.38398929280770977,
      "expansion": -0.18701808358226454,
      "regime": "HIGH",
      "signal": "WEAK"
    },
    {
      "ticker": "CRWV",
      "hv20": 0.8788081063645121,
      "garch": 0.9429810331670456,
      "expansion": 0.07302268417619244,
      "regime": "NORMAL",
      "signal": "WEAK"
    },
    {
      "ticker": "ESI",
      "hv20": 0.5833136840972207,
      "garch": 0.5680685252701249,
      "expansion": -0.026135438345991153,
      "regime": "EXTREME",
      "signal": "WEAK"
    },
    {
      "ticker": "GENC",
      "hv20": 0.32607965371285796,
      "garch": 0.34427963099188014,
      "expansion": 0.05581451363736072,
      "regime": "NORMAL",
      "signal": "WEAK"
    },
    {
      "ticker": "GRPN",
      "hv20": 1.140454119442247,
      "garch": 1.2375380046470266,
      "expansion": 0.08512739228147079,
      "regime": "EXTREME",
      "signal": "WEAK"
    },
    {
      "ticker": "JAKK",
      "hv20": 0.22282039916449764,
      "garch": 0.46630759716724085,
      "expansion": 1.092750928172372,
      "regime": "LOW",
      "signal": "SIGNAL"
    },
    {
      "ticker": "KSPI",
      "hv20": 0.3706807918389634,
      "garch": 0.3543023666048109,
      "expansion": -0.044184715244883425,
      "regime": "HIGH",
      "signal": "WEAK"
    },
    {
      "ticker": "OPEN",
      "hv20": 0.7459619267976856,
      "garch": 0.7049491174972706,
      "expansion": -0.054979762139439795,
      "regime": "NORMAL",
      "signal": "WEAK"
    },
    {
      "ticker": "PYPL",
      "hv20": 0.3182646806966667,
      "garch": 0.40000616673227934,
      "expansion": 0.2568349270069312,
      "regime": "NORMAL",
      "signal": "SIGNAL"
    },
    {
      "ticker": "TENB",
      "hv20": 0.5653632048086675,
      "garch": 0.4011459423575249,
      "expansion": -0.2904633005020511,
      "regime": "HIGH",
      "signal": "WEAK"
    },
    {
      "ticker": "VIA",
      "hv20": 0.6743344887415123,
      "garch": null,
      "expansion": null,
      "regime": "NORMAL",
      "signal": "WEAK"
    },
    {
      "ticker": "VST",
      "hv20": 0.44813571068444724,
      "garch": 0.5569073427013185,
      "expansion": 0.24272029526667713,
      "regime": "NORMAL",
      "signal": "SIGNAL"
    },
    {
      "ticker": "XNET",
      "hv20": 0.7670975679385393,
      "garch": 0.6730170013772421,
      "expansion": -0.12264485052941153,
      "regime": "HIGH",
      "signal": "WEAK"
    },
    {
      "ticker": "ZS",
      "hv20": 0.6700721327719589,
      "garch": 0.4669902973091449,
      "expansion": -0.3030745878398251,
      "regime": "HIGH",
      "signal": "WEAK"
    },
    {
      "ticker": "ZTS",
      "hv20": 0.2991155223160069,
      "garch": 0.31552033670080915,
      "expansion": 0.05484441013887278,
      "regime": "HIGH",
      "signal": "WEAK"
    }
  ],
  "correlation": {
    "tickers": [
      "CEG",
      "CMI",
      "CRWV",
      "ESI",
      "GENC",
      "GRPN",
      "JAKK",
      "KSPI",
      "OPEN",
      "PYPL",
      "TENB",
      "VIA",
      "VST",
      "XNET",
      "ZS",
      "ZTS"
    ],
    "matrix": [
      [
        1.0,
        0.329,
        0.233,
        0.301,
        0.151,
        0.084,
        0.087,
        0.059,
        0.189,
        0.14,
        0.057,
        0.006,
        0.796,
        0.252,
        0.043,
        0.119
      ],
      [
        0.329,
        1.0,
        0.368,
        0.623,
        0.339,
        0.221,
        0.135,
        0.248,
        0.184,
        0.082,
        -0.068,
        0.005,
        0.362,
        0.31,
        -0.061,
        0.176
      ],
      [
        0.233,
        0.368,
        1.0,
        0.34,
        0.118,
        0.131,
        0.05,
        0.124,
        0.246,
        0.146,
        0.11,
        0.21,
        0.315,
        0.366,
        0.178,
        0.08
      ],
      [
        0.301,
        0.623,
        0.34,
        1.0,
        0.27,
        0.312,
        0.24,
        0.307,
        0.264,
        0.287,
        0.09,
        0.051,
        0.372,
        0.347,
        0.036,
        0.167
      ],
      [
        0.151,
        0.339,
        0.118,
        0.27,
        1.0,
        0.138,
        0.317,
        0.141,
        0.129,
        0.099,
        0.162,
        0.068,
        0.169,
        0.16,
        0.054,
        0.159
      ],
      [
        0.084,
        0.221,
        0.131,
        0.312,
        0.138,
        1.0,
        0.162,
        0.343,
        0.288,
        0.257,
        0.222,
        0.17,
        0.146,
        0.242,
        0.129,
        0.153
      ],
      [
        0.087,
        0.135,
        0.05,
        0.24,
        0.317,
        0.162,
        1.0,
        0.102,
        0.141,
        0.215,
        -0.03,
        0.148,
        0.061,
        0.198,
        -0.047,
        0.147
      ],
      [
        0.059,
        0.248,
        0.124,
        0.307,
        0.141,
        0.343,
        0.102,
        1.0,
        0.245,
        0.261,
        0.258,
        0.135,
        0.113,
        0.208,
        0.151,
        0.182
      ],
      [
        0.189,
        0.184,
        0.246,
        0.264,
        0.129,
        0.288,
        0.141,
        0.245,
        1.0,
        0.249,
        0.12,
        0.153,
        0.255,
        0.348,
        0.064,
        0.172
      ],
      [
        0.14,
        0.082,
        0.146,
        0.287,
        0.099,
        0.257,
        0.215,
        0.261,
        0.249,
        1.0,
        0.351,
        0.144,
        0.087,
        0.342,
        0.205,
        0.177
      ],
      [
        0.057,
        -0.068,
        0.11,
        0.09,
        0.162,
        0.222,
        -0.03,
        0.258,
        0.12,
        0.351,
        1.0,
        0.335,
        0.064,
        0.143,
        0.561,
        0.104
      ],
      [
        0.006,
        0.005,
        0.21,
        0.051,
        0.068,
        0.17,
        0.148,
        0.135,
        0.153,
        0.144,
        0.335,
        1.0,
        0.058,
        0.165,
        0.367,
        0.023
      ],
      [
        0.796,
        0.362,
        0.315,
        0.372,
        0.169,
        0.146,
        0.061,
        0.113,
        0.255,
        0.087,
        0.064,
        0.058,
        1.0,
        0.28,
        0.068,
        0.086
      ],
      [
        0.252,
        0.31,
        0.366,
        0.347,
        0.16,
        0.242,
        0.198,
        0.208,
        0.348,
        0.342,
        0.143,
        0.165,
        0.28,
        1.0,
        0.214,
        0.045
      ],
      [
        0.043,
        -0.061,
        0.178,
        0.036,
        0.054,
        0.129,
        -0.047,
        0.151,
        0.064,
        0.205,
        0.561,
        0.367,
        0.068,
        0.214,
        1.0,
        -0.032
      ],
      [
        0.119,
        0.176,
        0.08,
        0.167,
        0.159,
        0.153,
        0.147,
        0.182,
        0.172,
        0.177,
        0.104,
        0.023,
        0.086,
        0.045,
        -0.032,
        1.0
      ]
    ]
  },
  "residual_correlation": {
    "tickers": [
      "CEG",
      "CMI",
      "CRWV",
      "ESI",
      "GENC",
      "GRPN",
      "JAKK",
      "KSPI",
      "OPEN",
      "PYPL",
      "TENB",
      "VIA",
      "VST",
      "XNET",
      "ZS",
      "ZTS"
    ],
    "matrix": [
      [
        1.0,
        0.054,
        0.003,
        -0.034,
        0.031,
        -0.075,
        -0.024,
        -0.137,
        0.033,
        0.035,
        -0.021,
        -0.105,
        0.73,
        0.09,
        0.01,
        0.073
      ],
      [
        0.054,
        1.0,
        0.123,
        0.246,
        0.073,
        -0.037,
        -0.144,
        -0.004,
        -0.066,
        -0.091,
        -0.26,
        -0.138,
        0.036,
        0.007,
        -0.141,
        0.064
      ],
      [
        0.003,
        0.123,
        1.0,
        0.038,
        0.016,
        -0.068,
        -0.046,
        -0.113,
        0.043,
        -0.041,
        -0.018,
        0.08,
        0.078,
        0.134,
        0.107,
        0.036
      ],
      [
        -0.034,
        0.246,
        0.038,
        1.0,
        -0.071,
        0.048,
        0.002,
        0.018,
        -0.01,
        0.137,
        -0.104,
        -0.125,
        0.003,
        0.029,
        -0.052,
        -0.019
      ],
      [
        0.031,
        0.073,
        0.016,
        -0.071,
        1.0,
        -0.049,
        0.061,
        -0.083,
        -0.078,
        -0.002,
        0.093,
        -0.009,
        0.026,
        -0.059,
        0.005,
        -0.037
      ],
      [
        -0.075,
        -0.037,
        -0.068,
        0.048,
        -0.049,
        1.0,
        0.045,
        0.204,
        0.12,
        0.131,
        0.1,
        0.078,
        -0.031,
        0.05,
        0.053,
        0.037
      ],
      [
        -0.024,
        -0.144,
        -0.046,
        0.002,
        0.061,
        0.045,
        1.0,
        -0.088,
        -0.028,
        0.112,
        -0.125,
        0.097,
        -0.058,
        0.028,
        -0.11,
        -0.036
      ],
      [
        -0.137,
        -0.004,
        -0.113,
        0.018,
        -0.083,
        0.204,
        -0.088,
        1.0,
        0.063,
        0.091,
        0.154,
        0.018,
        -0.099,
        -0.015,
        0.063,
        0.048
      ],
      [
        0.033,
        -0.066,
        0.043,
        -0.01,
        -0.078,
        0.12,
        -0.028,
        0.063,
        1.0,
        0.072,
        -0.019,
        0.033,
        0.107,
        0.162,
        -0.045,
        0.029
      ],
      [
        0.035,
        -0.091,
        -0.041,
        0.137,
        -0.002,
        0.131,
        0.112,
        0.091,
        0.072,
        1.0,
        0.234,
        0.015,
        -0.033,
        0.195,
        0.074,
        0.026
      ],
      [
        -0.021,
        -0.26,
        -0.018,
        -0.104,
        0.093,
        0.1,
        -0.125,
        0.154,
        -0.019,
        0.234,
        1.0,
        0.27,
        -0.026,
        0.001,
        0.517,
        -0.007
      ],
      [
        -0.105,
        -0.138,
        0.08,
        -0.125,
        -0.009,
        0.078,
        0.097,
        0.018,
        0.033,
        0.015,
        0.27,
        1.0,
        -0.056,
        0.036,
        0.314,
        -0.056
      ],
      [
        0.73,
        0.036,
        0.078,
        0.003,
        0.026,
        -0.031,
        -0.058,
        -0.099,
        0.107,
        -0.033,
        -0.026,
        -0.056,
        1.0,
        0.105,
        0.04,
        0.03
      ],
      [
        0.09,
        0.007,
        0.134,
        0.029,
        -0.059,
        0.05,
        0.028,
        -0.015,
        0.162,
        0.195,
        0.001,
        0.036,
        0.105,
        1.0,
        0.136,
        -0.105
      ],
      [
        0.01,
        -0.141,
        0.107,
        -0.052,
        0.005,
        0.053,
        -0.11,
        0.063,
        -0.045,
        0.074,
        0.517,
        0.314,
        0.04,
        0.136,
        1.0,
        -0.116
      ],
      [
        0.073,
        0.064,
        0.036,
        -0.019,
        -0.037,
        0.037,
        -0.036,
        0.048,
        0.029,
        0.026,
        -0.007,
        -0.056,
        0.03,
        -0.105,
        -0.116,
        1.0
      ]
    ]
  },
  "factor_correlation": {
    "factors": [
      "Market",
      "Size",
      "Value (SMID)",
      "Momentum",
      "Quality",
      "Profitability",
      "Liquidity",
      "Credit"
    ],
    "matrix": [
      [
        1.0,
        0.32,
        -0.5,
        0.4,
        -0.255,
        -0.537,
        0.302,
        0.188
      ],
      [
        0.32,
        1.0,
        -0.152,
        0.248,
        0.156,
        0.154,
        0.321,
        0.031
      ],
      [
        -0.5,
        -0.152,
        1.0,
        -0.551,
        0.309,
        0.601,
        -0.371,
        -0.144
      ],
      [
        0.4,
        0.248,
        -0.551,
        1.0,
        -0.224,
        -0.538,
        0.266,
        0.046
      ],
      [
        -0.255,
        0.156,
        0.309,
        -0.224,
        1.0,
        0.444,
        -0.236,
        -0.131
      ],
      [
        -0.537,
        0.154,
        0.601,
        -0.538,
        0.444,
        1.0,
        -0.272,
        -0.114
      ],
      [
        0.302,
        0.321,
        -0.371,
        0.266,
        -0.236,
        -0.272,
        1.0,
        0.168
      ],
      [
        0.188,
        0.031,
        -0.144,
        0.046,
        -0.131,
        -0.114,
        0.168,
        1.0
      ]
    ]
  },
  "factor_exposures": [
    {
      "ticker": "CEG",
      "r_squared": 0.2443483860046045,
      "alpha_annual": -0.4447710471011824,
      "idio_vol_annual": 0.4055770790316214,
      "Market": 0.6954174478558456,
      "Size": 0.39335699895986953,
      "Value (SMID)": -0.48981595597389416,
      "Momentum": 0.4950430484218683,
      "Quality": -0.8431988570524576,
      "Profitability": -0.6154424380108819,
      "Liquidity": -0.4124346728677313,
      "Credit": -0.9158954586039847
    },
    {
      "ticker": "CMI",
      "r_squared": 0.484166958951625,
      "alpha_annual": 0.363743931117852,
      "idio_vol_annual": 0.2458481464477682,
      "Market": 1.1406987073891692,
      "Size": 0.8151516584292186,
      "Value (SMID)": 0.41037742530884097,
      "Momentum": 0.7445428711932829,
      "Quality": -0.04293655765001239,
      "Profitability": -0.1715068097150096,
      "Liquidity": -0.3517132054603937,
      "Credit": 0.8394783677092786
    },
    {
      "ticker": "CRWV",
      "r_squared": 0.2728837614854748,
      "alpha_annual": -1.0342917749253118,
      "idio_vol_annual": 0.802779227021469,
      "Market": 1.0786115957136424,
      "Size": 0.6248344241345409,
      "Value (SMID)": -1.999910544582598,
      "Momentum": 0.5076967771941748,
      "Quality": -3.882990693787842,
      "Profitability": -0.19268829408027102,
      "Liquidity": 0.49085780376232774,
      "Credit": 1.8614285106730075
    },
    {
      "ticker": "ESI",
      "r_squared": 0.5157036225717679,
      "alpha_annual": 0.2715806776789461,
      "idio_vol_annual": 0.28848089924255127,
      "Market": 1.6492604113151186,
      "Size": 0.9926566185697218,
      "Value (SMID)": -0.17043439947270994,
      "Momentum": 0.6785356342128508,
      "Quality": 0.24307247350233327,
      "Profitability": 0.2270344214709378,
      "Liquidity": -0.7249685063010867,
      "Credit": 0.23394144315548726
    },
    {
      "ticker": "GENC",
      "r_squared": 0.3266148169126126,
      "alpha_annual": -0.4328237488230772,
      "idio_vol_annual": 0.32335877722904693,
      "Market": 1.2877990393809784,
      "Size": 1.2365825879367285,
      "Value (SMID)": 1.1375200781549826,
      "Momentum": -0.05992876741938631,
      "Quality": -0.756461657229784,
      "Profitability": 0.08750063954652111,
      "Liquidity": -0.17384193691919592,
      "Credit": 0.6638080061752779
    },
    {
      "ticker": "GRPN",
      "r_squared": 0.15477841226543565,
      "alpha_annual": -0.8705223340163265,
      "idio_vol_annual": 0.6674858693097622,
      "Market": 1.8920907659011892,
      "Size": 0.35921337624808,
      "Value (SMID)": -0.8290903589824282,
      "Momentum": 0.3890067711108097,
      "Quality": -1.8330286398530045,
      "Profitability": 1.7207508352469134,
      "Liquidity": -0.12064469657953746,
      "Credit": 1.1460742170318654
    },
    {
      "ticker": "JAKK",
      "r_squared": 0.2698836102901132,
      "alpha_annual": -0.21833304506495904,
      "idio_vol_annual": 0.3519837317927459,
      "Market": 1.2447015150660867,
      "Size": 1.056752204883118,
      "Value (SMID)": 0.8756035610437347,
      "Momentum": -0.29036544160734884,
      "Quality": 1.3372341814068651,
      "Profitability": -0.34368352448204537,
      "Liquidity": 0.27725347852285065,
      "Credit": -0.5048136129708287
    },
    {
      "ticker": "KSPI",
      "r_squared": 0.2114393990400829,
      "alpha_annual": -0.12919110388613797,
      "idio_vol_annual": 0.3232461815940421,
      "Market": 1.180352947393087,
      "Size": 0.4652592055919862,
      "Value (SMID)": -0.2937556482596386,
      "Momentum": -0.42425916541880154,
      "Quality": 0.03586312995391163,
      "Profitability": 0.09036808636068742,
      "Liquidity": -0.09649173497568678,
      "Credit": 0.513556072345262
    },
    {
      "ticker": "OPEN",
      "r_squared": 0.1229837263465553,
      "alpha_annual": 1.528621707689218,
      "idio_vol_annual": 1.342325856137603,
      "Market": 3.053789920976808,
      "Size": 1.2966716077318752,
      "Value (SMID)": -1.5844419789569744,
      "Momentum": -1.7782232606759805,
      "Quality": 0.9449326254842327,
      "Profitability": 0.9764722816167909,
      "Liquidity": 1.7201226151093938,
      "Credit": -2.974405380982361
    },
    {
      "ticker": "PYPL",
      "r_squared": 0.2889579739137028,
      "alpha_annual": -0.6600572060974242,
      "idio_vol_annual": 0.3382305068780789,
      "Market": 1.794291916100157,
      "Size": -0.34324316081041395,
      "Value (SMID)": -0.9216855471493124,
      "Momentum": -0.8078068200235693,
      "Quality": 1.425603658421028,
      "Profitability": 0.7085504519876213,
      "Liquidity": 0.33036745578764126,
      "Credit": -0.06081119550891977
    },
    {
      "ticker": "TENB",
      "r_squared": 0.15407885194841786,
      "alpha_annual": -0.32644869067445015,
      "idio_vol_annual": 0.40909396564784334,
      "Market": 1.461052036517624,
      "Size": -0.12357208526425476,
      "Value (SMID)": -0.8796965663368125,
      "Momentum": -0.3291782323557188,
      "Quality": -0.5429095228285508,
      "Profitability": 1.401547520974411,
      "Liquidity": -0.08769817575026953,
      "Credit": -0.2936429545973061
    },
    {
      "ticker": "VIA",
      "r_squared": 0.10640015000053493,
      "alpha_annual": -1.5049172697061224,
      "idio_vol_annual": 0.6784774442785297,
      "Market": 0.9565310566856959,
      "Size": 0.4579405201566273,
      "Value (SMID)": -1.3579359936274102,
      "Momentum": -0.8734879554608161,
      "Quality": -1.7169186343251064,
      "Profitability": 0.5562574423826017,
      "Liquidity": 0.5666965509902688,
      "Credit": -0.7831701406198587
    },
    {
      "ticker": "VST",
      "r_squared": 0.29595428176380767,
      "alpha_annual": -0.4082321141272992,
      "idio_vol_annual": 0.41222965622138336,
      "Market": 0.6187834640567991,
      "Size": 0.7971549871603462,
      "Value (SMID)": -0.6870383913000548,
      "Momentum": 0.5964791242569458,
      "Quality": -1.7918447151531396,
      "Profitability": -0.5159961815898446,
      "Liquidity": -0.7656886967281985,
      "Credit": -0.8303933004748274
    },
    {
      "ticker": "XNET",
      "r_squared": 0.16987399693005323,
      "alpha_annual": -0.268747568802669,
      "idio_vol_annual": 0.6729065536048431,
      "Market": 1.7812245783271308,
      "Size": 0.22787826461384908,
      "Value (SMID)": -0.7070270310656579,
      "Momentum": -0.22234342470365456,
      "Quality": 0.20363203026604243,
      "Profitability": 0.6569273781505494,
      "Liquidity": 1.0537886366490639,
      "Credit": 2.5008965299324695
    },
    {
      "ticker": "ZS",
      "r_squared": 0.09511099340596674,
      "alpha_annual": -0.9333387433394771,
      "idio_vol_annual": 0.5967386884612892,
      "Market": 1.3371185125396514,
      "Size": -0.38332488264507997,
      "Value (SMID)": -1.1600625590934062,
      "Momentum": -0.9286769210693004,
      "Quality": -0.9310328599743648,
      "Profitability": 0.929493188945979,
      "Liquidity": 0.21582058757606284,
      "Credit": 0.13549195630502492
    },
    {
      "ticker": "ZTS",
      "r_squared": 0.16974939480284057,
      "alpha_annual": -0.8845284673310422,
      "idio_vol_annual": 0.34406312576450426,
      "Market": 1.3412268199760953,
      "Size": 0.1560505473066066,
      "Value (SMID)": 0.0619906376212765,
      "Momentum": -0.25214471279151696,
      "Quality": 1.071419120662896,
      "Profitability": 0.7508087910943022,
      "Liquidity": 0.0716849998730164,
      "Credit": -0.8275493521383255
    }
  ],
  "portfolio_factor_exposure": {
    "loadings": {
      "Market": 1.4524157296614344,
      "Size": 0.43947590688842264,
