{
  "generated_at": "2026-06-30T22:15:26.014873Z",
  "market_session": "AFTER",
  "fund_name": "Convex Capital",
  "tagline": "Lose small. Win big. \u2014 Paper-traded portfolio. Hypothetical performance for educational purposes only.",
  "summary": {
    "nav": 1162782.19,
    "cash": 4722.310000000056,
    "equity": 1158059.88,
    "deposits": 1000000.0,
    "total_return": 0.16278218999999994,
    "realized_pnl": 0.0,
    "open_positions": 16
  },
  "metrics": {
    "period_return": 0.16291844800593447,
    "calendar_days_since_inception": 29,
    "trading_days_observed": 20,
    "annualized_return": 5.683693849443513,
    "annualized_return_arithmetic": 1.9527994543901575,
    "annualized_vol": 0.30579916799751755,
    "sharpe": 6.244503109166587,
    "sortino": 13.818633524050739,
    "calmar": 149.56408730821815,
    "max_drawdown": -0.038001728568240384,
    "var_95_1d": -0.01547565539315635,
    "risk_free_rate": 0.04418000221252441,
    "beta_benchmark": 0.8335929833157605,
    "benchmark_annualized_return": 0.2682566621784104,
    "benchmark_annualized_return_arithmetic": 0.23775533794153006,
    "benchmark_period_return": 0.04216376452973858,
    "period_active_return": 0.12075468347619589,
    "treynor": 2.28962993976481,
    "jensens_alpha": 1.7472564105709414,
    "information_ratio": 5.701081570617858,
    "tracking_error": 0.24706516629800665,
    "annualized_active_return": 3.0739653106832883,
    "annualized_active_return_arithmetic": 1.4085386663232018,
    "up_capture": 1.5808979325786108,
    "down_capture": 0.5513640471593504,
    "data_basis": "realized_nav",
    "days_of_live_nav": 21,
    "benchmark_ticker": "IWM",
    "benchmark_name": "Russell 2000",
    "beta_spy": 0.8335929833157605,
    "beta_spy_stress": 1.537544375719398
  },
  "nav_curve": [
    {
      "date": "2026-06-01",
      "value": 999882.8292976379
    },
    {
      "date": "2026-06-02",
      "value": 1005079.4966617966
    },
    {
      "date": "2026-06-03",
      "value": 995768.7768651581
    },
    {
      "date": "2026-06-04",
      "value": 1004929.1794892884
    },
    {
      "date": "2026-06-05",
      "value": 974274.0015833282
    },
    {
      "date": "2026-06-08",
      "value": 974266.9881036186
    },
    {
      "date": "2026-06-09",
      "value": 979640.5088702394
    },
    {
      "date": "2026-06-10",
      "value": 966884.7384401513
    },
    {
      "date": "2026-06-11",
      "value": 990753.0886875344
    },
    {
      "date": "2026-06-12",
      "value": 996222.4282127572
    },
    {
      "date": "2026-06-15",
      "value": 1017018.2685251809
    },
    {
      "date": "2026-06-16",
      "value": 1019223.7061524964
    },
    {
      "date": "2026-06-17",
      "value": 1004256.765778122
    },
    {
      "date": "2026-06-18",
      "value": 1005956.2144795037
    },
    {
      "date": "2026-06-22",
      "value": 1013145.2704611397
    },
    {
      "date": "2026-06-23",
      "value": 1003670.4086042023
    },
    {
      "date": "2026-06-24",
      "value": 1028642.2278996087
    },
    {
      "date": "2026-06-25",
      "value": 1087855.2699132538
    },
    {
      "date": "2026-06-26",
      "value": 1108818.5221582032
    },
    {
      "date": "2026-06-29",
      "value": 1139434.688639698
    },
    {
      "date": "2026-06-30",
      "value": 1162782.1880345917
    }
  ],
  "drawdown_curve": [
    {
      "date": "2026-06-01",
      "value": 0.0
    },
    {
      "date": "2026-06-02",
      "value": 0.0
    },
    {
      "date": "2026-06-03",
      "value": -0.009263665040986776
    },
    {
      "date": "2026-06-04",
      "value": -0.00014955749570802555
    },
    {
      "date": "2026-06-05",
      "value": -0.030649809473562682
    },
    {
      "date": "2026-06-08",
      "value": -0.03065678750836781
    },
    {
      "date": "2026-06-09",
      "value": -0.025310423579476604
    },
    {
      "date": "2026-06-10",
      "value": -0.038001728568240384
    },
    {
      "date": "2026-06-11",
      "value": -0.01425400480444075
    },
    {
      "date": "2026-06-12",
      "value": -0.008812306368259061
    },
    {
      "date": "2026-06-15",
      "value": 0.0
    },
    {
      "date": "2026-06-16",
      "value": 0.0
    },
    {
      "date": "2026-06-17",
      "value": -0.014684647034823809
    },
    {
      "date": "2026-06-18",
      "value": -0.01301725184854327
    },
    {
      "date": "2026-06-22",
      "value": -0.005963789553426265
    },
    {
      "date": "2026-06-23",
      "value": -0.015259944852545435
    },
    {
      "date": "2026-06-24",
      "value": 0.0
    },
    {
      "date": "2026-06-25",
      "value": 0.0
    },
    {
      "date": "2026-06-26",
      "value": 0.0
    },
    {
      "date": "2026-06-29",
      "value": 0.0
    },
    {
      "date": "2026-06-30",
      "value": 0.0
    }
  ],
  "benchmarks": {
    "SPY": [
      {
        "date": "2026-06-01",
        "value": 0.0
      },
      {
        "date": "2026-06-02",
        "value": 0.0013579397972762752
      },
      {
        "date": "2026-06-03",
        "value": -0.005668771434361286
      },
      {
        "date": "2026-06-04",
        "value": -0.0019115061781299625
      },
      {
        "date": "2026-06-05",
        "value": -0.027671542654459702
      },
      {
        "date": "2026-06-08",
        "value": -0.025470023194608782
      },
      {
        "date": "2026-06-09",
        "value": -0.02833070775180091
      },
      {
        "date": "2026-06-10",
        "value": -0.04364962071587053
      },
      {
        "date": "2026-06-11",
        "value": -0.027394678792744487
      },
      {
        "date": "2026-06-12",
        "value": -0.022134588105308994
      },
      {
        "date": "2026-06-15",
        "value": -0.0048909388718152425
      },
      {
        "date": "2026-06-16",
        "value": -0.010823344076597685
      },
      {
        "date": "2026-06-17",
        "value": -0.023176054438276084
      },
      {
        "date": "2026-06-18",
        "value": -0.013020023259145863
      },
      {
        "date": "2026-06-22",
        "value": -0.016126029204297176
      },
      {
        "date": "2026-06-23",
        "value": -0.030413801760312054
      },
      {
        "date": "2026-06-24",
        "value": -0.03086322150786902
      },
      {
        "date": "2026-06-25",
        "value": -0.029462203242598517
      },
      {
        "date": "2026-06-26",
        "value": -0.03648052466024476
      },
      {
        "date": "2026-06-29",
        "value": -0.02060667390341908
      },
      {
        "date": "2026-06-30",
        "value": -0.012980332985263576
      }
    ],
    "IWM": [
      {
        "date": "2026-06-01",
        "value": 0.0
      },
      {
        "date": "2026-06-02",
        "value": 0.009273902616242058
      },
      {
        "date": "2026-06-03",
        "value": -0.004533265755123028
      },
      {
        "date": "2026-06-04",
        "value": 0.010485102307313143
      },
      {
        "date": "2026-06-05",
        "value": -0.025365222965751943
      },
      {
        "date": "2026-06-08",
        "value": -0.016852527916236926
      },
      {
        "date": "2026-06-09",
        "value": -0.013703535746163342
      },
      {
        "date": "2026-06-10",
        "value": -0.023981055236295123
      },
      {
        "date": "2026-06-11",
        "value": 0.00494832553389335
      },
      {
        "date": "2026-06-12",
        "value": 0.01373793881377372
      },
      {
        "date": "2026-06-15",
        "value": 0.022010765090349826
      },
      {
        "date": "2026-06-16",
        "value": 0.013130856989941098
      },
      {
        "date": "2026-06-17",
        "value": 0.005499833171586088
      },
      {
        "date": "2026-06-18",
        "value": 0.025305943833869415
      },
      {
        "date": "2026-06-22",
        "value": 0.03428980212625787
      },
      {
        "date": "2026-06-23",
        "value": 0.02436943940571834
      },
      {
        "date": "2026-06-24",
        "value": 0.0291215086708434
      },
      {
        "date": "2026-06-25",
        "value": 0.036821973757975135
      },
      {
        "date": "2026-06-26",
        "value": 0.04001309645392226
      },
      {
        "date": "2026-06-29",
        "value": 0.03703008585311984
      },
      {
        "date": "2026-06-30",
        "value": 0.04216376452973858
      }
    ]
  },
  "holdings": [
    {
      "ticker": "GRPN",
      "company": "Groupon, Inc.",
      "sector": "Communication Services",
      "country": "United States",
      "shares": 11310.0,
      "price": 24.06,
      "cost_basis": 17.3017824933687,
      "market_value": 272118.6,
      "unrealized_pnl": 76435.43999999997,
      "short_percent_of_float": 0.5577,
      "short_ratio": 7.12
    },
    {
      "ticker": "TENB",
      "company": "Tenable Holdings, Inc.",
      "sector": "Technology",
      "country": "United States",
      "shares": 4766.0,
      "price": 36.88,
      "cost_basis": 26.224616030214015,
      "market_value": 175770.08000000002,
      "unrealized_pnl": 50783.56000000001,
      "short_percent_of_float": 0.1225,
      "short_ratio": 3.03
    },
    {
      "ticker": "KSPI",
      "company": "Joint Stock Company Kaspi.kz",
      "sector": "Technology",
      "country": "Kazakhstan",
      "shares": 1515.0,
      "price": 86.64,
      "cost_basis": 82.53049504950495,
      "market_value": 131259.6,
      "unrealized_pnl": 6225.900000000002,
      "short_percent_of_float": 0.019199999,
      "short_ratio": 3.76
    },
    {
      "ticker": "CMI",
      "company": "Cummins Inc.",
      "sector": "Industrials",
      "country": "United States",
      "shares": 153.0,
      "price": 713.21,
      "cost_basis": 651.1282352941176,
      "market_value": 109121.13,
      "unrealized_pnl": 9498.510000000006,
      "short_percent_of_float": 0.0214,
      "short_ratio": 2.63
    },
    {
      "ticker": "JAKK",
      "company": "JAKKS Pacific, Inc.",
      "sector": "Consumer Cyclical",
      "country": "United States",
      "shares": 3436.0,
      "price": 23.28,
      "cost_basis": 21.83,
      "market_value": 79990.08,
      "unrealized_pnl": 4982.20000000001,
      "short_percent_of_float": 0.0436,
      "short_ratio": 10.5
    },
    {
      "ticker": "VIA",
      "company": "Via Transportation, Inc.",
      "sector": "Technology",
      "country": "United States",
      "shares": 3280.0,
      "price": 18.14,
      "cost_basis": 15.241405487804878,
      "market_value": 59499.200000000004,
      "unrealized_pnl": 9507.390000000003,
      "short_percent_of_float": 0.16370001,
      "short_ratio": 7.41
    },
    {
      "ticker": "XNET",
      "company": "Xunlei Limited",
      "sector": "Technology",
      "country": "China",
      "shares": 10526.0,
      "price": 5.595,
      "cost_basis": 4.75,
      "market_value": 58892.969999999994,
      "unrealized_pnl": 8894.469999999998,
      "short_percent_of_float": 0.0537,
      "short_ratio": 5.2
    },
    {
      "ticker": "ZS",
      "company": "Zscaler, Inc.",
      "sector": "Technology",
      "country": "United States",
      "shares": 365.0,
      "price": 141.15,
      "cost_basis": 136.79813698630136,
      "market_value": 51519.75,
      "unrealized_pnl": 1588.4300000000062,
      "short_percent_of_float": 0.1129,
      "short_ratio": 1.62
    },
    {
      "ticker": "CRWV",
      "company": "CoreWeave, Inc.",
      "sector": "Technology",
      "country": "United States",
      "shares": 468.0,
      "price": 99.54,
      "cost_basis": 106.78134615384614,
      "market_value": 46584.72,
      "unrealized_pnl": -3388.9499999999925,
      "short_percent_of_float": 0.2299,
      "short_ratio": 2.46
    },
    {
      "ticker": "ESI",
      "company": "Element Solutions Inc",
      "sector": "Basic Materials",
      "country": "United States",
      "shares": 557.0,
      "price": 47.75,
      "cost_basis": 44.92,
      "market_value": 26596.75,
      "unrealized_pnl": 1576.309999999999,
      "short_percent_of_float": 0.087,
      "short_ratio": 5.6
    },
    {
      "ticker": "GENC",
      "company": "Gencor Industries, Inc.",
      "sector": "Industrials",
      "country": "United States",
      "shares": 1746.0,
      "price": 14.92,
      "cost_basis": 14.32,
      "market_value": 26050.32,
      "unrealized_pnl": 1047.5999999999995,
      "short_percent_of_float": 0.006,
      "short_ratio": 1.66
    },
    {
      "ticker": "VST",
      "company": "Vistra Corp.",
      "sector": "Utilities",
      "country": "United States",
      "shares": 162.0,
      "price": 158.63,
      "cost_basis": 154.76,
      "market_value": 25698.059999999998,
      "unrealized_pnl": 626.9400000000007,
      "short_percent_of_float": 0.052699998,
      "short_ratio": 3.04
    },
    {
      "ticker": "OPEN",
      "company": "Opendoor Technologies Inc.",
      "sector": "Real Estate",
      "country": "United States",
      "shares": 5479.0,
      "price": 4.62,
      "cost_basis": 4.562927541522176,
      "market_value": 25312.98,
      "unrealized_pnl": 312.6999999999998,
      "short_percent_of_float": 0.17889999,
      "short_ratio": 4.06
    },
    {
      "ticker": "PYPL",
      "company": "PayPal Holdings, Inc.",
      "sector": "Financial Services",
      "country": "United States",
      "shares": 553.0,
      "price": 43.18,
      "cost_basis": 45.19,
      "market_value": 23878.54,
      "unrealized_pnl": -1111.5299999999988,
      "short_percent_of_float": 0.0687,
      "short_ratio": 3.63
    },
    {
      "ticker": "CEG",
      "company": "Constellation Energy Corporation",
      "sector": "Utilities",
      "country": "United States",
      "shares": 94.0,
      "price": 248.37,
      "cost_basis": 265.7,
      "market_value": 23346.78,
      "unrealized_pnl": -1629.0199999999986,
      "short_percent_of_float": 0.0356,
      "short_ratio": 2.75
    },
    {
      "ticker": "ZTS",
      "company": "Zoetis Inc.",
      "sector": "Healthcare",
      "country": "United States",
      "shares": 312.0,
      "price": 71.86,
      "cost_basis": 80.09,
      "market_value": 22420.32,
      "unrealized_pnl": -2567.760000000001,
      "short_percent_of_float": 0.0434,
      "short_ratio": 2.25
    }
  ],
  "sector_exposure": [
    {
      "name": "Technology",
      "value": 523526.32,
      "pct": 0.45023592939620105
    },
    {
      "name": "Communication Services",
      "value": 272118.6,
      "pct": 0.23402370825786384
    },
    {
      "name": "Industrials",
      "value": 135171.45,
      "pct": 0.11624829754229381
    },
    {
      "name": "Consumer Cyclical",
      "value": 79990.08,
      "pct": 0.06879197212334325
    },
    {
      "name": "Utilities",
      "value": 49044.84,
      "pct": 0.0421788710059276
    },
    {
      "name": "Basic Materials",
      "value": 26596.75,
      "pct": 0.022873372355316175
    },
    {
      "name": "Real Estate",
      "value": 25312.98,
      "pct": 0.021769322077421913
    },
    {
      "name": "Financial Services",
      "value": 23878.54,
      "pct": 0.020535694651463487
    },
    {
      "name": "Healthcare",
      "value": 22420.32,
      "pct": 0.019281616275873645
    },
    {
      "name": "Cash",
      "value": 4722.310000000056,
      "pct": 0.004061216314295333
    }
  ],
  "geographic_exposure": [
    {
      "name": "United States",
      "value": 967907.3099999998,
      "pct": 0.8324063769844977
    },
    {
      "name": "Kazakhstan",
      "value": 131259.6,
      "pct": 0.11288408192767384
    },
    {
      "name": "China",
      "value": 58892.969999999994,
      "pct": 0.05064832477353304
    },
    {
      "name": "Cash",
      "value": 4722.310000000056,
      "pct": 0.004061216314295333
    }
  ],
  "signals": [
    {
      "ticker": "CEG",
      "label": "SELL",
      "composite": -1.0,
      "rsi": 36.9,
      "subs": {
        "rsi": 0.0,
        "macd": 0.5,
        "trend": -0.5,
        "bb": -0.5,
        "vol": 0.0,
        "range": -0.5
      }
    },
    {
      "ticker": "CMI",
      "label": "STRONG BUY",
      "composite": 3.0,
      "rsi": 56.4,
      "subs": {
        "rsi": 0.5,
        "macd": 0.5,
        "trend": 0.5,
        "bb": 0.5,
        "vol": 0.5,
        "range": 0.5
      }
    },
    {
      "ticker": "CRWV",
      "label": "SELL",
      "composite": -1.5,
      "rsi": 44.9,
      "subs": {
        "rsi": 0.0,
        "macd": -0.5,
        "trend": 0.0,
        "bb": -0.5,
        "vol": 0.0,
        "range": -0.5
      }
    },
    {
      "ticker": "ESI",
      "label": "STRONG BUY",
      "composite": 3.0,
      "rsi": 60.5,
      "subs": {
        "rsi": 0.5,
        "macd": 0.5,
        "trend": 0.5,
        "bb": 0.5,
        "vol": 0.5,
        "range": 0.5
      }
    },
    {
      "ticker": "GENC",
      "label": "STRONG BUY",
      "composite": 2.5,
      "rsi": 51.9,
      "subs": {
        "rsi": 0.5,
        "macd": 0.5,
        "trend": 0.5,
        "bb": 0.5,
        "vol": 0.5,
        "range": 0.0
      }
    },
    {
      "ticker": "GRPN",
      "label": "STRONG BUY",
      "composite": 2.0,
      "rsi": 72.7,
      "subs": {
        "rsi": 0.0,
        "macd": 0.5,
        "trend": 0.5,
        "bb": 0.0,
        "vol": 0.5,
        "range": 0.5
      }
    },
    {
      "ticker": "JAKK",
      "label": "STRONG BUY",
      "composite": 3.0,
      "rsi": 60.2,
      "subs": {
        "rsi": 0.5,
        "macd": 0.5,
        "trend": 0.5,
        "bb": 0.5,
        "vol": 0.5,
        "range": 0.5
      }
    },
    {
      "ticker": "KSPI",
      "label": "STRONG BUY",
      "composite": 2.5,
      "rsi": 53.5,
      "subs": {
        "rsi": 0.5,
        "macd": 0.5,
        "trend": 0.5,
        "bb": 0.5,
        "vol": 0.0,
        "range": 0.5
      }
    },
    {
      "ticker": "OPEN",
      "label": "BUY",
      "composite": 1.5,
      "rsi": 51.5,
      "subs": {
        "rsi": 0.5,
        "macd": 0.5,
        "trend": -0.5,
        "bb": 0.5,
        "vol": 0.5,
        "range": 0.0
      }
    },
    {
      "ticker": "PYPL",
      "label": "BUY",
      "composite": 1.0,
      "rsi": 49.4,
      "subs": {
        "rsi": 0.5,
        "macd": 0.5,
        "trend": -0.5,
        "bb": 0.5,
        "vol": 0.0,
        "range": 0.0
      }
    },
    {
      "ticker": "TENB",
      "label": "BUY",
      "composite": 1.0,
      "rsi": 80.8,
      "subs": {
        "rsi": -0.5,
        "macd": 0.5,
        "trend": 0.5,
        "bb": 0.0,
        "vol": 0.0,
        "range": 0.5
      }
    },
    {
      "ticker": "VIA",
      "label": "STRONG BUY",
      "composite": 2.0,
      "rsi": 66.0,
      "subs": {
        "rsi": 0.5,
        "macd": 0.5,
        "trend": 0.0,
        "bb": 0.0,
        "vol": 0.5,
        "range": 0.5
      }
    },
    {
      "ticker": "VST",
      "label": "BUY",
      "composite": 1.5,
      "rsi": 51.7,
      "subs": {
        "rsi": 0.5,
        "macd": 0.5,
        "trend": 0.0,
        "bb": 0.5,
        "vol": 0.0,
        "range": 0.0
      }
    },
    {
      "ticker": "XNET",
      "label": "BUY",
      "composite": 1.5,
      "rsi": 55.8,
      "subs": {
        "rsi": 0.5,
        "macd": 0.5,
        "trend": -0.5,
        "bb": 0.5,
        "vol": 0.0,
        "range": 0.5
      }
    },
    {
      "ticker": "ZS",
      "label": "BUY",
      "composite": 1.0,
      "rsi": 55.2,
      "subs": {
        "rsi": 0.5,
        "macd": 0.5,
        "trend": -0.5,
        "bb": 0.5,
        "vol": -0.5,
        "range": 0.5
      }
    },
    {
      "ticker": "ZTS",
      "label": "SELL",
      "composite": -1.0,
      "rsi": 29.4,
      "subs": {
        "rsi": -0.5,
        "macd": 0.5,
        "trend": -0.5,
        "bb": 0.0,
        "vol": 0.0,
        "range": -0.5
      }
    }
  ],
  "volatility": [
    {
      "ticker": "CEG",
      "hv20": 0.3711222149183489,
      "garch": 0.5223025785776028,
      "expansion": 0.4073600490138141,
      "regime": "LOW",
      "signal": "SIGNAL"
    },
    {
      "ticker": "CMI",
      "hv20": 0.5156254026797417,
      "garch": 0.4055765023611524,
      "expansion": -0.21342800363724782,
      "regime": "EXTREME",
      "signal": "WEAK"
    },
    {
      "ticker": "CRWV",
      "hv20": 0.7270904421278199,
      "garch": 0.9108927805188558,
      "expansion": 0.2527915754925081,
      "regime": "LOW",
      "signal": "SIGNAL"
    },
    {
      "ticker": "ESI",
      "hv20": 0.6036265894726976,
      "garch": 0.5426943565770393,
      "expansion": -0.10094358657872592,
      "regime": "EXTREME",
      "signal": "WEAK"
    },
    {
      "ticker": "GENC",
      "hv20": 0.3178052044187084,
      "garch": 0.3488033484212429,
      "expansion": 0.09753818871290232,
      "regime": "LOW",
      "signal": "WEAK"
    },
    {
      "ticker": "GRPN",
      "hv20": 1.0978399607576788,
      "garch": 0.8118807531898806,
      "expansion": -0.2604744022712037,
      "regime": "EXTREME",
      "signal": "WEAK"
    },
    {
      "ticker": "JAKK",
      "hv20": 0.2329622889660016,
      "garch": 0.466283935396786,
      "expansion": 1.00154255637845,
      "regime": "LOW",
      "signal": "SIGNAL"
    },
    {
      "ticker": "KSPI",
      "hv20": 0.37791752774536314,
      "garch": 0.3468711811120889,
      "expansion": -0.08215111592863963,
      "regime": "HIGH",
      "signal": "WEAK"
    },
    {
      "ticker": "OPEN",
      "hv20": 0.7041446245221114,
      "garch": 0.6787913028290808,
      "expansion": -0.03600584426848006,
      "regime": "LOW",
      "signal": "WEAK"
    },
    {
      "ticker": "PYPL",
      "hv20": 0.3623296037323812,
      "garch": 0.41741198036495647,
      "expansion": 0.15202284346950415,
      "regime": "NORMAL",
      "signal": "BASE"
    },
    {
      "ticker": "TENB",
      "hv20": 0.7213052485713433,
      "garch": 0.9013000477956419,
      "expansion": 0.2495403985771713,
      "regime": "EXTREME",
      "signal": "SIGNAL"
    },
    {
      "ticker": "VIA",
      "hv20": 0.736510405151453,
      "garch": null,
      "expansion": null,
      "regime": "NORMAL",
      "signal": "WEAK"
    },
    {
      "ticker": "VST",
      "hv20": 0.45010636543333604,
      "garch": 0.5430093348652926,
      "expansion": 0.20640225637003598,
      "regime": "NORMAL",
      "signal": "SIGNAL"
    },
    {
      "ticker": "XNET",
      "hv20": 0.7667367843364457,
      "garch": 0.6877526510752981,
      "expansion": -0.10301336113605462,
      "regime": "HIGH",
      "signal": "WEAK"
    },
    {
      "ticker": "ZS",
      "hv20": 0.543671601237111,
      "garch": 0.6399763465996405,
      "expansion": 0.17713771538441683,
      "regime": "NORMAL",
      "signal": "BASE"
    },
    {
      "ticker": "ZTS",
      "hv20": 0.3358151301618969,
      "garch": 0.33163986842613014,
      "expansion": -0.012433215066140313,
      "regime": "HIGH",
      "signal": "WEAK"
    }
  ],
  "correlation": {
    "tickers": [
      "CEG",
      "CMI",
      "CRWV",
      "ESI",
      "GENC",
      "GRPN",
      "JAKK",
      "KSPI",
      "OPEN",
      "PYPL",
      "TENB",
      "VIA",
      "VST",
      "XNET",
      "ZS",
      "ZTS"
    ],
    "matrix": [
      [
        1.0,
        0.318,
        0.228,
        0.293,
        0.15,
        0.079,
        0.089,
        0.061,
        0.183,
        0.139,
        0.016,
        -0.003,
        0.797,
        0.237,
        0.031,
        0.127
      ],
      [
        0.318,
        1.0,
        0.368,
        0.632,
        0.313,
        0.223,
        0.113,
        0.224,
        0.177,
        0.051,
        -0.08,
        -0.035,
        0.359,
        0.284,
        -0.075,
        0.175
      ],
      [
        0.228,
        0.368,
        1.0,
        0.342,
        0.114,
        0.132,
        0.045,
        0.12,
        0.243,
        0.137,
        0.104,
        0.195,
        0.312,
        0.362,
        0.175,
        0.08
      ],
      [
        0.293,
        0.632,
        0.342,
        1.0,
        0.254,
        0.314,
        0.223,
        0.29,
        0.26,
        0.263,
        0.078,
        0.026,
        0.37,
        0.332,
        0.028,
        0.165
      ],
      [
        0.15,
        0.313,
        0.114,
        0.254,
        1.0,
        0.133,
        0.322,
        0.148,
        0.128,
        0.109,
        0.155,
        0.08,
        0.165,
        0.165,
        0.059,
        0.156
      ],
      [
        0.079,
        0.223,
        0.132,
        0.314,
        0.133,
        1.0,
        0.157,
        0.334,
        0.29,
        0.25,
        0.222,
        0.167,
        0.144,
        0.24,
        0.131,
        0.145
      ],
      [
        0.089,
        0.113,
        0.045,
        0.223,
        0.322,
        0.157,
        1.0,
        0.11,
        0.139,
        0.225,
        -0.029,
        0.157,
        0.06,
        0.2,
        -0.042,
        0.146
      ],
      [
        0.061,
        0.224,
        0.12,
        0.29,
        0.148,
        0.334,
        0.11,
        1.0,
        0.241,
        0.268,
        0.235,
        0.141,
        0.111,
        0.211,
        0.152,
        0.183
      ],
      [
        0.183,
        0.177,
        0.243,
        0.26,
        0.128,
        0.29,
        0.139,
        0.241,
        1.0,
        0.249,
        0.134,
        0.161,
        0.251,
        0.349,
        0.071,
        0.162
      ],
      [
        0.139,
        0.051,
        0.137,
        0.263,
        0.109,
        0.25,
        0.225,
        0.268,
        0.249,
        1.0,
        0.337,
        0.168,
        0.082,
        0.346,
        0.213,
        0.169
      ],
      [
        0.016,
        -0.08,
        0.104,
        0.078,
        0.155,
        0.222,
        -0.029,
        0.235,
        0.134,
        0.337,
        1.0,
        0.363,
        0.034,
        0.175,
        0.564,
        0.054
      ],
      [
        -0.003,
        -0.035,
        0.195,
        0.026,
        0.08,
        0.167,
        0.157,
        0.141,
        0.161,
        0.168,
        0.363,
        1.0,
        0.045,
        0.183,
        0.382,
        0.002
      ],
      [
        0.797,
        0.359,
        0.312,
        0.37,
        0.165,
        0.144,
        0.06,
        0.111,
        0.251,
        0.082,
        0.034,
        0.045,
        1.0,
        0.267,
        0.057,
        0.091
      ],
      [
        0.237,
        0.284,
        0.362,
        0.332,
        0.165,
        0.24,
        0.2,
        0.211,
        0.349,
        0.346,
        0.175,
        0.183,
        0.267,
        1.0,
        0.228,
        0.033
      ],
      [
        0.031,
        -0.075,
        0.175,
        0.028,
        0.059,
        0.131,
        -0.042,
        0.152,
        0.071,
        0.213,
        0.564,
        0.382,
        0.057,
        0.228,
        1.0,
        -0.046
      ],
      [
        0.127,
        0.175,
        0.08,
        0.165,
        0.156,
        0.145,
        0.146,
        0.183,
        0.162,
        0.169,
        0.054,
        0.002,
        0.091,
        0.033,
        -0.046,
        1.0
      ]
    ]
  },
  "residual_correlation": {
    "tickers": [
      "CEG",
      "CMI",
      "CRWV",
      "ESI",
      "GENC",
      "GRPN",
      "JAKK",
      "KSPI",
      "OPEN",
      "PYPL",
      "TENB",
      "VIA",
      "VST",
      "XNET",
      "ZS",
      "ZTS"
    ],
    "matrix": [
      [
        1.0,
        0.039,
        0.011,
        -0.045,
        0.031,
        -0.083,
        -0.015,
        -0.121,
        0.029,
        0.054,
        -0.053,
        -0.092,
        0.731,
        0.097,
        0.004,
        0.069
      ],
      [
        0.039,
        1.0,
        0.114,
        0.251,
        0.067,
        -0.035,
        -0.14,
        -0.014,
        -0.065,
        -0.103,
        -0.255,
        -0.159,
        0.022,
        -0.008,
        -0.149,
        0.08
      ],
      [
        0.011,
        0.114,
        1.0,
        0.031,
        0.016,
        -0.071,
        -0.045,
        -0.102,
        0.042,
        -0.032,
        -0.018,
        0.083,
        0.082,
        0.143,
        0.108,
        0.032
      ],
      [
        -0.045,
        0.251,
        0.031,
        1.0,
        -0.069,
        0.052,
        -0.001,
        0.009,
        -0.007,
        0.126,
        -0.086,
        -0.127,
        -0.005,
        0.019,
        -0.051,
        -0.017
      ],
      [
        0.031,
        0.067,
        0.016,
        -0.069,
        1.0,
        -0.047,
        0.058,
        -0.082,
        -0.076,
        -0.001,
        0.098,
        0.0,
        0.029,
        -0.055,
        0.01,
        -0.043
      ],
      [
        -0.083,
        -0.035,
        -0.071,
        0.052,
        -0.047,
        1.0,
        0.039,
        0.198,
        0.125,
        0.124,
        0.116,
        0.083,
        -0.033,
        0.047,
        0.059,
        0.029
      ],
      [
        -0.015,
        -0.14,
        -0.045,
        -0.001,
        0.058,
        0.039,
        1.0,
        -0.083,
        -0.03,
        0.117,
        -0.149,
        0.083,
        -0.054,
        0.024,
        -0.118,
        -0.025
      ],
      [
        -0.121,
        -0.014,
        -0.102,
        0.009,
        -0.082,
        0.198,
        -0.083,
        1.0,
        0.058,
        0.102,
        0.135,
        0.028,
        -0.09,
        -0.004,
        0.063,
        0.042
      ],
      [
        0.029,
        -0.065,
        0.042,
        -0.007,
        -0.076,
        0.125,
        -0.03,
        0.058,
        1.0,
        0.066,
        -0.005,
        0.038,
        0.106,
        0.157,
        -0.042,
        0.026
      ],
      [
        0.054,
        -0.103,
        -0.032,
        0.126,
        -0.001,
        0.124,
        0.117,
        0.102,
        0.066,
        1.0,
        0.196,
        0.028,
        -0.018,
        0.2,
        0.072,
        0.022
      ],
      [
        -0.053,
        -0.255,
        -0.018,
        -0.086,
        0.098,
        0.116,
        -0.149,
        0.135,
        -0.005,
        0.196,
        1.0,
        0.296,
        -0.028,
        0.023,
        0.518,
        -0.052
      ],
      [
        -0.092,
        -0.159,
        0.083,
        -0.127,
        0.0,
        0.083,
        0.083,
        0.028,
        0.038,
        0.028,
        0.296,
        1.0,
        -0.037,
        0.055,
        0.325,
        -0.086
      ],
      [
        0.731,
        0.022,
        0.082,
        -0.005,
        0.029,
        -0.033,
        -0.054,
        -0.09,
        0.106,
        -0.018,
        -0.028,
        -0.037,
        1.0,
        0.111,
        0.042,
        0.019
      ],
      [
        0.097,
        -0.008,
        0.143,
        0.019,
        -0.055,
        0.047,
        0.024,
        -0.004,
        0.157,
        0.2,
        0.023,
        0.055,
        0.111,
        1.0,
        0.144,
        -0.116
      ],
      [
        0.004,
        -0.149,
        0.108,
        -0.051,
        0.01,
        0.059,
        -0.118,
        0.063,
        -0.042,
        0.072,
        0.518,
        0.325,
        0.042,
        0.144,
        1.0,
        -0.131
      ],
      [
        0.069,
        0.08,
        0.032,
        -0.017,
        -0.043,
        0.029,
        -0.025,
        0.042,
        0.026,
        0.022,
        -0.052,
        -0.086,
        0.019,
        -0.116,
        -0.131,
        1.0
      ]
    ]
  },
  "factor_correlation": {
    "factors": [
      "Market",
      "Size",
      "Value (SMID)",
      "Momentum",
      "Quality",
      "Profitability",
      "Liquidity",
      "Credit"
    ],
    "matrix": [
      [
        1.0,
        0.285,
        -0.508,
        0.415,
        -0.255,
        -0.552,
        0.313,
        0.195
      ],
      [
        0.285,
        1.0,
        -0.124,
        0.192,
        0.167,
        0.187,
        0.276,
        0.029
      ],
      [
        -0.508,
        -0.124,
        1.0,
        -0.569,
        0.325,
        0.617,
        -0.354,
        -0.157
      ],
      [
        0.415,
        0.192,
        -0.569,
        1.0,
        -0.262,
        -0.573,
        0.249,
        0.063
      ],
      [
        -0.255,
        0.167,
        0.325,
        -0.262,
        1.0,
        0.444,
        -0.193,
        -0.124
      ],
      [
        -0.552,
        0.187,
        0.617,
        -0.573,
        0.444,
        1.0,
        -0.277,
        -0.134
      ],
      [
        0.313,
        0.276,
        -0.354,
        0.249,
        -0.193,
        -0.277,
        1.0,
        0.165
      ],
      [
        0.195,
        0.029,
        -0.157,
        0.063,
        -0.124,
        -0.134,
        0.165,
        1.0
      ]
    ]
  },
  "factor_exposures": [
    {
      "ticker": "CEG",
      "r_squared": 0.22753687016848134,
      "alpha_annual": -0.4866036506561883,
      "idio_vol_annual": 0.41144967554495687,
      "Market": 0.6824697643113902,
      "Size": 0.4772686190769862,
      "Value (SMID)": -0.5085936571278082,
      "Momentum": 0.4078079023383304,
      "Quality": -1.0204314598763105,
      "Profitability": -0.5090588670043084,
      "Liquidity": -0.4398087867850798,
      "Credit": -1.107659476289859
    },
    {
      "ticker": "CMI",
      "r_squared": 0.49252205478366684,
      "alpha_annual": 0.3435767921994583,
      "idio_vol_annual": 0.24812107622687685,
      "Market": 1.1223067496410193,
      "Size": 0.8079551780579245,
      "Value (SMID)": 0.4002182183106294,
      "Momentum": 0.7970519710954086,
      "Quality": -0.1789356445263843,
      "Profitability": -0.19942873488016608,
      "Liquidity": -0.43178329277160266,
      "Credit": 0.899930852630509
    },
    {
      "ticker": "CRWV",
      "r_squared": 0.2702704167319805,
      "alpha_annual": -0.9060016242929786,
      "idio_vol_annual": 0.8024952489175524,
      "Market": 1.0240307082987972,
      "Size": 0.767736658276848,
      "Value (SMID)": -1.9910324627872535,
      "Momentum": 0.3050137338080577,
      "Quality": -3.8277116884037294,
      "Profitability": -0.2903514541429164,
      "Liquidity": 0.4897031894722504,
      "Credit": 1.9020437099077911
    },
    {
      "ticker": "ESI",
      "r_squared": 0.5274165710193734,
      "alpha_annual": 0.25646675993029,
      "idio_vol_annual": 0.28723248601865325,
      "Market": 1.670253842201318,
      "Size": 0.961924359347128,
      "Value (SMID)": -0.17754247304592624,
      "Momentum": 0.7414165868258423,
      "Quality": 0.28541388435571435,
      "Profitability": 0.24168914457120894,
      "Liquidity": -0.7308797124458201,
      "Credit": 0.26683031730109513
    },
    {
      "ticker": "GENC",
      "r_squared": 0.32739861440545215,
      "alpha_annual": -0.469342020540243,
      "idio_vol_annual": 0.3203028760746796,
      "Market": 1.263865597621715,
      "Size": 1.228981127929877,
      "Value (SMID)": 1.1623469851074382,
      "Momentum": -0.06888498664657616,
      "Quality": -0.6972730863019342,
      "Profitability": 0.05833758853807969,
      "Liquidity": -0.11059864568394273,
      "Credit": 0.6417859424893357
    },
    {
      "ticker": "GRPN",
      "r_squared": 0.15878463785008945,
      "alpha_annual": -0.7731792534518691,
      "idio_vol_annual": 0.6656494805884542,
      "Market": 1.9768256916175948,
      "Size": 0.283358768717045,
      "Value (SMID)": -0.7559023483078295,
      "Momentum": 0.40469477813855625,
      "Quality": -1.644328881657408,
      "Profitability": 1.6816276935345658,
      "Liquidity": 0.0573306544788994,
      "Credit": 1.1068830871663302
    },
    {
      "ticker": "JAKK",
      "r_squared": 0.2719982972042395,
      "alpha_annual": -0.23443097503753424,
      "idio_vol_annual": 0.3524982953394497,
      "Market": 1.243291061247636,
      "Size": 1.0860548528594567,
      "Value (SMID)": 0.8699381320089034,
      "Momentum": -0.2986572597540281,
      "Quality": 1.183618829806066,
      "Profitability": -0.30820133427839547,
      "Liquidity": 0.2372706824402938,
      "Credit": -0.5750870051030159
    },
    {
      "ticker": "KSPI",
      "r_squared": 0.20996868319230222,
      "alpha_annual": -0.17952551257228902,
      "idio_vol_annual": 0.3231784777204666,
      "Market": 1.1433104347611538,
      "Size": 0.5487968935453319,
      "Value (SMID)": -0.3036792440236246,
      "Momentum": -0.4585621599534011,
      "Quality": -0.0434481192962774,
      "Profitability": 0.11451956924851042,
      "Liquidity": -0.12936019270028015,
      "Credit": 0.4507549763500294
    },
    {
      "ticker": "OPEN",
      "r_squared": 0.12040929595926708,
      "alpha_annual": 1.536517536020804,
      "idio_vol_annual": 1.3420189594885488,
      "Market": 3.047159086955561,
      "Size": 1.1861992251674263,
      "Value (SMID)": -1.5515716287048367,
      "Momentum": -1.6990445822761302,
      "Quality": 0.7207503527082639,
      "Profitability": 0.8844518156105127,
      "Liquidity": 1.6867495958141714,
      "Credit": -2.906073671253824
    },
    {
      "ticker": "PYPL",
      "r_squared": 0.29249029746636723,
      "alpha_annual": -0.6630900348348245,
      "idio_vol_annual": 0.3401912283520253,
      "Market": 1.794165242475025,
      "Size": -0.29131056059463334,
      "Value (SMID)": -0.9310662951105879,
      "Momentum": -0.862579829339182,
      "Quality": 1.3305043791027025,
      "Profitability": 0.7637212889231229,
      "Liquidity": 0.3139854293516484,
      "Credit": -0.16179563740899677
    },
    {
      "ticker": "TENB",
      "r_squared": 0.1494093296389688,
      "alpha_annual": -0.04663546330692902,
      "idio_vol_annual": 0.43927049695459974,
      "Market": 1.6053197506773593,
      "Size": -0.4022174665364282,
      "Value (SMID)": -0.7618464340177632,
      "Momentum": -0.3835540452279227,
      "Quality": 0.7876401985414708,
      "Profitability": 1.2055950217834723,
      "Liquidity": 0.4647390280220725,
      "Credit": -0.008607649209953737
    },
    {
      "ticker": "VIA",
      "r_squared": 0.11546285079118035,
      "alpha_annual": -1.3291354799951667,
      "idio_vol_annual": 0.6893929872337086,
      "Market": 1.1572877757237563,
      "Size": 0.2653245328889478,
      "Value (SMID)": -1.1834638123832284,
      "Momentum": -1.0270117184997596,
      "Quality": -0.6410891518582597,
      "Profitability": 0.6154559519418472,
      "Liquidity": 1.202476806671414,
      "Credit": -0.9870916088343593
    },
    {
      "ticker": "VST",
      "r_squared": 0.29109107002981405,
      "alpha_annual": -0.46599291858967384,
      "idio_vol_annual": 0.4137266462122681,
      "Market": 0.6120126105461446,
      "Size": 0.8506214232896551,
      "Value (SMID)": -0.672627944391659,
      "Momentum": 0.5453704566844868,
      "Quality": -1.8159321538998041,
      "Profitability": -0.44868561429607146,
      "Liquidity": -0.7035267489078476,
      "Credit": -1.0044296993401782
    },
    {
      "ticker": "XNET",
      "r_squared": 0.17335799807591246,
      "alpha_annual": -0.1173177942354094,
      "idio_vol_annual": 0.6712444444119914,
      "Market": 1.782183150165449,
      "Size": 0.2422418682670444,
      "Value (SMID)": -0.7251619907586979,
      "Momentum": -0.37323594394168214,
      "Quality": 0.5126931852670342,
      "Profitability": 0.6035469307913034,
      "Liquidity": 1.0985127761522637,
      "Credit": 2.627820023892215
    },
    {
      "ticker": "ZS",
      "r_squared": 0.0991573014936803,
      "alpha_annual": -0.8329159878770761,
      "idio_vol_annual": 0.6007818767646527,
      "Market": 1.3846066375369555,
      "Size": -0.461148217861045,
