{
  "generated_at": "2026-06-24T15:55:26.609357Z",
  "market_session": "OPEN",
  "fund_name": "Convex Capital",
  "tagline": "Lose small. Win big. \u2014 Paper-traded portfolio. Hypothetical performance for educational purposes only.",
  "summary": {
    "nav": 1035440.9174495316,
    "cash": 4722.310000000056,
    "equity": 1030718.6074495316,
    "deposits": 1000000.0,
    "total_return": 0.035440917449531595,
    "realized_pnl": 0.0,
    "open_positions": 16
  },
  "metrics": {
    "annualized_return": -0.1439012768454373,
    "annualized_vol": 0.2852089254803892,
    "sharpe": -0.6591002594063938,
    "sortino": -0.8663917657935154,
    "calmar": -0.38938564893981353,
    "max_drawdown": -0.3695597853625052,
    "var_95_1d": -0.03235170697358827,
    "risk_free_rate": 0.04407999992370606,
    "method": "Synthetic: current weights \u00d7 each holding's 252-day return history. Sortino uses Frank Sortino downside deviation (RMS of shortfalls vs MAR=RF).",
    "beta_benchmark": 0.9964736007072693,
    "benchmark_annualized_return": 0.39196205140402096,
    "treynor": -0.1886465197228702,
    "jensens_alpha": -0.5346365572291644,
    "information_ratio": -1.8705586855294118,
    "tracking_error": 0.20601472421459888,
    "annualized_active_return": -0.3853626317265644,
    "up_capture": 0.6559752375802471,
    "down_capture": 1.0948865040568416,
    "data_basis": "synthetic_252d",
    "days_of_live_nav": 17,
    "benchmark_ticker": "IWM",
    "benchmark_name": "Russell 2000",
    "beta_spy": 0.9964736007072693,
    "beta_spy_stress": 1.5434432483117466
  },
  "nav_curve": [
    {
      "date": "2026-06-01",
      "value": 999882.8292976379
    },
    {
      "date": "2026-06-02",
      "value": 1005079.4966617966
    },
    {
      "date": "2026-06-03",
      "value": 995768.7768651581
    },
    {
      "date": "2026-06-04",
      "value": 1004929.1794892884
    },
    {
      "date": "2026-06-05",
      "value": 974274.0015833282
    },
    {
      "date": "2026-06-08",
      "value": 974266.9881036186
    },
    {
      "date": "2026-06-09",
      "value": 979640.5088702394
    },
    {
      "date": "2026-06-10",
      "value": 966884.7384401513
    },
    {
      "date": "2026-06-11",
      "value": 990753.0886875344
    },
    {
      "date": "2026-06-12",
      "value": 996222.4282127572
    },
    {
      "date": "2026-06-15",
      "value": 1017018.2685251809
    },
    {
      "date": "2026-06-16",
      "value": 1019223.7061524964
    },
    {
      "date": "2026-06-17",
      "value": 1004256.765778122
    },
    {
      "date": "2026-06-18",
      "value": 1005956.2144795037
    },
    {
      "date": "2026-06-22",
      "value": 1013145.2704611397
    },
    {
      "date": "2026-06-23",
      "value": 1003670.4086042023
    },
    {
      "date": "2026-06-24",
      "value": 1035461.9954233742
    }
  ],
  "drawdown_curve": [
    {
      "date": "2026-06-01",
      "value": 0.0
    },
    {
      "date": "2026-06-02",
      "value": 0.0
    },
    {
      "date": "2026-06-03",
      "value": -0.009263665040986776
    },
    {
      "date": "2026-06-04",
      "value": -0.00014955749570802555
    },
    {
      "date": "2026-06-05",
      "value": -0.030649809473562682
    },
    {
      "date": "2026-06-08",
      "value": -0.03065678750836781
    },
    {
      "date": "2026-06-09",
      "value": -0.025310423579476604
    },
    {
      "date": "2026-06-10",
      "value": -0.038001728568240384
    },
    {
      "date": "2026-06-11",
      "value": -0.01425400480444075
    },
    {
      "date": "2026-06-12",
      "value": -0.008812306368259061
    },
    {
      "date": "2026-06-15",
      "value": 0.0
    },
    {
      "date": "2026-06-16",
      "value": 0.0
    },
    {
      "date": "2026-06-17",
      "value": -0.014684647034823809
    },
    {
      "date": "2026-06-18",
      "value": -0.01301725184854327
    },
    {
      "date": "2026-06-22",
      "value": -0.005963789553426265
    },
    {
      "date": "2026-06-23",
      "value": -0.015259944852545435
    },
    {
      "date": "2026-06-24",
      "value": 0.0
    }
  ],
  "benchmarks": {
    "SPY": [
      {
        "date": "2026-06-01",
        "value": 0.0
      },
      {
        "date": "2026-06-02",
        "value": 0.0013579397972762752
      },
      {
        "date": "2026-06-03",
        "value": -0.005668771434361286
      },
      {
        "date": "2026-06-04",
        "value": -0.0019115061781299625
      },
      {
        "date": "2026-06-05",
        "value": -0.027671542654459702
      },
      {
        "date": "2026-06-08",
        "value": -0.025470023194608782
      },
      {
        "date": "2026-06-09",
        "value": -0.02833070775180091
      },
      {
        "date": "2026-06-10",
        "value": -0.04364962071587053
      },
      {
        "date": "2026-06-11",
        "value": -0.027394678792744487
      },
      {
        "date": "2026-06-12",
        "value": -0.022134588105308994
      },
      {
        "date": "2026-06-15",
        "value": -0.0048909388718152425
      },
      {
        "date": "2026-06-16",
        "value": -0.010823344076597685
      },
      {
        "date": "2026-06-17",
        "value": -0.023176054438276084
      },
      {
        "date": "2026-06-18",
        "value": -0.013020023259145863
      },
      {
        "date": "2026-06-22",
        "value": -0.016126029204297176
      },
      {
        "date": "2026-06-23",
        "value": -0.030413801760312054
      },
      {
        "date": "2026-06-24",
        "value": -0.02338225025137175
      }
    ],
    "IWM": [
      {
        "date": "2026-06-01",
        "value": 0.0
      },
      {
        "date": "2026-06-02",
        "value": 0.009273902616242058
      },
      {
        "date": "2026-06-03",
        "value": -0.004533265755123028
      },
      {
        "date": "2026-06-04",
        "value": 0.010485102307313143
      },
      {
        "date": "2026-06-05",
        "value": -0.025365222965751943
      },
      {
        "date": "2026-06-08",
        "value": -0.016852527916236926
      },
      {
        "date": "2026-06-09",
        "value": -0.013703535746163342
      },
      {
        "date": "2026-06-10",
        "value": -0.023981055236295123
      },
      {
        "date": "2026-06-11",
        "value": 0.00494832553389335
      },
      {
        "date": "2026-06-12",
        "value": 0.01373793881377372
      },
      {
        "date": "2026-06-15",
        "value": 0.022010765090349826
      },
      {
        "date": "2026-06-16",
        "value": 0.013130856989941098
      },
      {
        "date": "2026-06-17",
        "value": 0.005499833171586088
      },
      {
        "date": "2026-06-18",
        "value": 0.025305943833869415
      },
      {
        "date": "2026-06-22",
        "value": 0.03428980212625787
      },
      {
        "date": "2026-06-23",
        "value": 0.02436943940571834
      },
      {
        "date": "2026-06-24",
        "value": 0.03789725486808693
      }
    ]
  },
  "holdings": [
    {
      "ticker": "GRPN",
      "company": "Groupon, Inc.",
      "sector": "Communication Services",
      "country": "United States",
      "shares": 11310.0,
      "price": 18.163299560546875,
      "cost_basis": 17.3017824933687,
      "market_value": 205426.91802978516,
      "unrealized_pnl": 9743.75802978514,
      "short_percent_of_float": 0.56310004,
      "short_ratio": 5.75
    },
    {
      "ticker": "KSPI",
      "company": "Joint Stock Company Kaspi.kz",
      "sector": "Technology",
      "country": "Kazakhstan",
      "shares": 1515.0,
      "price": 87.5,
      "cost_basis": 82.53049504950495,
      "market_value": 132562.5,
      "unrealized_pnl": 7528.800000000001,
      "short_percent_of_float": 0.0159,
      "short_ratio": 3.24
    },
    {
      "ticker": "TENB",
      "company": "Tenable Holdings, Inc.",
      "sector": "Technology",
      "country": "United States",
      "shares": 4766.0,
      "price": 27.799999237060547,
      "cost_basis": 26.224616030214015,
      "market_value": 132494.79636383057,
      "unrealized_pnl": 7508.276363830569,
      "short_percent_of_float": 0.129,
      "short_ratio": 3.05
    },
    {
      "ticker": "CMI",
      "company": "Cummins Inc.",
      "sector": "Industrials",
      "country": "United States",
      "shares": 153.0,
      "price": 705.2050170898438,
      "cost_basis": 651.1282352941176,
      "market_value": 107896.3676147461,
      "unrealized_pnl": 8273.747614746095,
      "short_percent_of_float": 0.0171,
      "short_ratio": 2.07
    },
    {
      "ticker": "JAKK",
      "company": "JAKKS Pacific, Inc.",
      "sector": "Consumer Cyclical",
      "country": "United States",
      "shares": 3436.0,
      "price": 22.81999969482422,
      "cost_basis": 21.83,
      "market_value": 78409.51895141602,
      "unrealized_pnl": 3401.6389514160214,
      "short_percent_of_float": 0.039100002,
      "short_ratio": 7.32
    },
    {
      "ticker": "XNET",
      "company": "Xunlei Limited",
      "sector": "Technology",
      "country": "China",
      "shares": 10526.0,
      "price": 4.960000038146973,
      "cost_basis": 4.75,
      "market_value": 52208.960401535034,
      "unrealized_pnl": 2210.460401535034,
      "short_percent_of_float": 0.0377,
      "short_ratio": 6.03
    },
    {
      "ticker": "VIA",
      "company": "Via Transportation, Inc.",
      "sector": "Technology",
      "country": "United States",
      "shares": 3280.0,
      "price": 15.119999885559082,
      "cost_basis": 15.241405487804878,
      "market_value": 49593.59962463379,
      "unrealized_pnl": -398.21037536620975,
      "short_percent_of_float": 0.13520001,
      "short_ratio": 6.88
    },
    {
      "ticker": "CRWV",
      "company": "CoreWeave, Inc.",
      "sector": "Technology",
      "country": "United States",
      "shares": 468.0,
      "price": 103.24500274658203,
      "cost_basis": 106.78134615384614,
      "market_value": 48318.66128540039,
      "unrealized_pnl": -1655.0087145996047,
      "short_percent_of_float": 0.18190001,
      "short_ratio": 1.91
    },
    {
      "ticker": "ZS",
      "company": "Zscaler, Inc.",
      "sector": "Technology",
      "country": "United States",
      "shares": 365.0,
      "price": 128.36500549316406,
      "cost_basis": 136.79813698630136,
      "market_value": 46853.22700500488,
      "unrealized_pnl": -3078.092994995113,
      "short_percent_of_float": 0.114700004,
      "short_ratio": 2.09
    },
    {
      "ticker": "VST",
      "company": "Vistra Corp.",
      "sector": "Utilities",
      "country": "United States",
      "shares": 162.0,
      "price": 164.52999877929688,
      "cost_basis": 154.76,
      "market_value": 26653.859802246094,
      "unrealized_pnl": 1582.7398022460952,
      "short_percent_of_float": 0.0539,
      "short_ratio": 2.73
    },
    {
      "ticker": "GENC",
      "company": "Gencor Industries, Inc.",
      "sector": "Industrials",
      "country": "United States",
      "shares": 1746.0,
      "price": 15.173299789428711,
      "cost_basis": 14.32,
      "market_value": 26492.58143234253,
      "unrealized_pnl": 1489.8614323425288,
      "short_percent_of_float": 0.0064,
      "short_ratio": 2.39
    },
    {
      "ticker": "ESI",
      "company": "Element Solutions Inc",
      "sector": "Basic Materials",
      "country": "United States",
      "shares": 557.0,
      "price": 46.54999923706055,
      "cost_basis": 44.92,
      "market_value": 25928.349575042725,
      "unrealized_pnl": 907.9095750427236,
      "short_percent_of_float": 0.0838,
      "short_ratio": 4.45
    },
    {
      "ticker": "CEG",
      "company": "Constellation Energy Corporation",
      "sector": "Utilities",
      "country": "United States",
      "shares": 94.0,
      "price": 272.45001220703125,
      "cost_basis": 265.7,
      "market_value": 25610.301147460938,
      "unrealized_pnl": 634.5011474609386,
      "short_percent_of_float": 0.036,
      "short_ratio": 3.46
    },
    {
      "ticker": "ZTS",
      "company": "Zoetis Inc.",
      "sector": "Healthcare",
      "country": "United States",
      "shares": 312.0,
      "price": 77.94000244140625,
      "cost_basis": 80.09,
      "market_value": 24317.28076171875,
      "unrealized_pnl": -670.7992382812511,
      "short_percent_of_float": 0.0363,
      "short_ratio": 1.45
    },
    {
      "ticker": "OPEN",
      "company": "Opendoor Technologies Inc.",
      "sector": "Real Estate",
      "country": "United States",
      "shares": 5479.0,
      "price": 4.425000190734863,
      "cost_basis": 4.562927541522176,
      "market_value": 24244.576045036316,
      "unrealized_pnl": -755.7039549636849,
      "short_percent_of_float": 0.16149999,
      "short_ratio": 3.77
    },
    {
      "ticker": "PYPL",
      "company": "PayPal Holdings, Inc.",
      "sector": "Financial Services",
      "country": "United States",
      "shares": 553.0,
      "price": 42.869998931884766,
      "cost_basis": 45.19,
      "market_value": 23707.109409332275,
      "unrealized_pnl": -1282.9605906677234,
      "short_percent_of_float": 0.0626,
      "short_ratio": 3.16
    }
  ],
  "sector_exposure": [
    {
      "name": "Technology",
      "value": 462031.74468040466,
      "pct": 0.44621739096274854
    },
    {
      "name": "Communication Services",
      "value": 205426.91802978516,
      "pct": 0.19839559608653176
    },
    {
      "name": "Industrials",
      "value": 134388.94904708862,
      "pct": 0.12978910412205039
    },
    {
      "name": "Consumer Cyclical",
      "value": 78409.51895141602,
      "pct": 0.0757257296191772
    },
    {
      "name": "Utilities",
      "value": 52264.16094970703,
      "pct": 0.05047527103568846
    },
    {
      "name": "Basic Materials",
      "value": 25928.349575042725,
      "pct": 0.025040877888917786
    },
    {
      "name": "Healthcare",
      "value": 24317.28076171875,
      "pct": 0.023484952498899096
    },
    {
      "name": "Real Estate",
      "value": 24244.576045036316,
      "pct": 0.02341473630842681
    },
    {
      "name": "Financial Services",
      "value": 23707.109409332275,
      "pct": 0.02289566600065115
    },
    {
      "name": "Cash",
      "value": 4722.310000000056,
      "pct": 0.004560675476908827
    }
  ],
  "geographic_exposure": [
    {
      "name": "United States",
      "value": 845947.1470479965,
      "pct": 0.816992194138618
    },
    {
      "name": "Kazakhstan",
      "value": 132562.5,
      "pct": 0.1280251705008183
    },
    {
      "name": "China",
      "value": 52208.960401535034,
      "pct": 0.05042195988365483
    },
    {
      "name": "Cash",
      "value": 4722.310000000056,
      "pct": 0.004560675476908827
    }
  ],
  "signals": [
    {
      "ticker": "CEG",
      "label": "BUY",
      "composite": 1.0,
      "rsi": 50.7,
      "subs": {
        "rsi": 0.5,
        "macd": 0.5,
        "trend": -0.5,
        "bb": 0.5,
        "vol": 0.0,
        "range": 0.0
      }
    },
    {
      "ticker": "CMI",
      "label": "STRONG BUY",
      "composite": 2.5,
      "rsi": 57.0,
      "subs": {
        "rsi": 0.5,
        "macd": 0.5,
        "trend": 0.5,
        "bb": 0.5,
        "vol": 0.0,
        "range": 0.5
      }
    },
    {
      "ticker": "CRWV",
      "label": "NEUTRAL",
      "composite": 0.0,
      "rsi": 46.1,
      "subs": {
        "rsi": 0.5,
        "macd": 0.5,
        "trend": 0.0,
        "bb": -0.5,
        "vol": 0.0,
        "range": -0.5
      }
    },
    {
      "ticker": "ESI",
      "label": "STRONG BUY",
      "composite": 3.0,
      "rsi": 59.6,
      "subs": {
        "rsi": 0.5,
        "macd": 0.5,
        "trend": 0.5,
        "bb": 0.5,
        "vol": 0.5,
        "range": 0.5
      }
    },
    {
      "ticker": "GENC",
      "label": "STRONG BUY",
      "composite": 2.5,
      "rsi": 57.2,
      "subs": {
        "rsi": 0.5,
        "macd": 0.5,
        "trend": 0.5,
        "bb": 0.5,
        "vol": 0.0,
        "range": 0.5
      }
    },
    {
      "ticker": "GRPN",
      "label": "LEAN BULL",
      "composite": 0.5,
      "rsi": 55.6,
      "subs": {
        "rsi": 0.5,
        "macd": -0.5,
        "trend": 0.5,
        "bb": 0.5,
        "vol": -0.5,
        "range": 0.0
      }
    },
    {
      "ticker": "JAKK",
      "label": "STRONG BUY",
      "composite": 2.5,
      "rsi": 60.4,
      "subs": {
        "rsi": 0.5,
        "macd": 0.5,
        "trend": 0.5,
        "bb": 0.5,
        "vol": 0.0,
        "range": 0.5
      }
    },
    {
      "ticker": "KSPI",
      "label": "STRONG BUY",
      "composite": 2.0,
      "rsi": 56.4,
      "subs": {
        "rsi": 0.5,
        "macd": 0.5,
        "trend": 0.5,
        "bb": 0.5,
        "vol": 0.0,
        "range": 0.0
      }
    },
    {
      "ticker": "OPEN",
      "label": "SELL",
      "composite": -1.5,
      "rsi": 45.6,
      "subs": {
        "rsi": 0.5,
        "macd": -0.5,
        "trend": -0.5,
        "bb": -0.5,
        "vol": 0.0,
        "range": -0.5
      }
    },
    {
      "ticker": "PYPL",
      "label": "BUY",
      "composite": 1.0,
      "rsi": 48.1,
      "subs": {
        "rsi": 0.5,
        "macd": 0.5,
        "trend": -0.5,
        "bb": 0.5,
        "vol": 0.0,
        "range": 0.0
      }
    },
    {
      "ticker": "TENB",
      "label": "LEAN BULL",
      "composite": 0.5,
      "rsi": 59.7,
      "subs": {
        "rsi": 0.5,
        "macd": -0.5,
        "trend": 0.0,
        "bb": 0.5,
        "vol": 0.0,
        "range": 0.0
      }
    },
    {
      "ticker": "VIA",
      "label": "BUY",
      "composite": 1.5,
      "rsi": 50.6,
      "subs": {
        "rsi": 0.5,
        "macd": 0.5,
        "trend": -0.5,
        "bb": 0.5,
        "vol": 0.5,
        "range": 0.0
      }
    },
    {
      "ticker": "VST",
      "label": "STRONG BUY",
      "composite": 2.0,
      "rsi": 59.5,
      "subs": {
        "rsi": 0.5,
        "macd": 0.5,
        "trend": 0.0,
        "bb": 0.5,
        "vol": 0.0,
        "range": 0.5
      }
    },
    {
      "ticker": "XNET",
      "label": "LEAN BEAR",
      "composite": -0.5,
      "rsi": 41.8,
      "subs": {
        "rsi": 0.0,
        "macd": 0.5,
        "trend": -0.5,
        "bb": -0.5,
        "vol": 0.5,
        "range": -0.5
      }
    },
    {
      "ticker": "ZS",
      "label": "STRONG SELL",
      "composite": -2.0,
      "rsi": 44.0,
      "subs": {
        "rsi": 0.0,
        "macd": -0.5,
        "trend": -0.5,
        "bb": -0.5,
        "vol": 0.0,
        "range": -0.5
      }
    },
    {
      "ticker": "ZTS",
      "label": "LEAN BEAR",
      "composite": -0.5,
      "rsi": 39.6,
      "subs": {
        "rsi": 0.0,
        "macd": 0.5,
        "trend": -0.5,
        "bb": -0.5,
        "vol": 0.0,
        "range": 0.0
      }
    }
  ],
  "volatility": [
    {
      "ticker": "CEG",
      "hv20": 0.4599185520279886,
      "garch": 0.5284101413741711,
      "expansion": 0.14892112754350123,
      "regime": "NORMAL",
      "signal": "BASE"
    },
    {
      "ticker": "CMI",
      "hv20": 0.4456153010349258,
      "garch": 0.337679219318085,
      "expansion": -0.24221807793889277,
      "regime": "HIGH",
      "signal": "WEAK"
    },
    {
      "ticker": "CRWV",
      "hv20": 0.8661295865333098,
      "garch": 0.9481511280837007,
      "expansion": 0.09469892591786722,
      "regime": "NORMAL",
      "signal": "WEAK"
    },
    {
      "ticker": "ESI",
      "hv20": 0.575936707926963,
      "garch": 0.5792472771433683,
      "expansion": 0.005748147619069794,
      "regime": "EXTREME",
      "signal": "WEAK"
    },
    {
      "ticker": "GENC",
      "hv20": 0.3439115832840253,
      "garch": 0.360143877439759,
      "expansion": 0.04719903296286466,
      "regime": "NORMAL",
      "signal": "WEAK"
    },
    {
      "ticker": "GRPN",
      "hv20": 0.7967721594536462,
      "garch": 0.8106298858362395,
      "expansion": 0.0173923325735875,
      "regime": "HIGH",
      "signal": "WEAK"
    },
    {
      "ticker": "JAKK",
      "hv20": 0.23673057024866706,
      "garch": 0.4696882519974178,
      "expansion": 0.9840625209665436,
      "regime": "LOW",
      "signal": "SIGNAL"
    },
    {
      "ticker": "KSPI",
      "hv20": 0.3946680296377069,
      "garch": 0.5390044834261976,
      "expansion": 0.3657161030271113,
      "regime": "HIGH",
      "signal": "SIGNAL"
    },
    {
      "ticker": "OPEN",
      "hv20": 0.8006613036765775,
      "garch": 0.7697135051764941,
      "expansion": -0.03865279657949428,
      "regime": "NORMAL",
      "signal": "WEAK"
    },
    {
      "ticker": "PYPL",
      "hv20": 0.32864081484605684,
      "garch": 0.3985836129086919,
      "expansion": 0.2128244420748467,
      "regime": "NORMAL",
      "signal": "SIGNAL"
    },
    {
      "ticker": "TENB",
      "hv20": 0.5981546200316188,
      "garch": 0.4090734424847023,
      "expansion": -0.31610752674103154,
      "regime": "HIGH",
      "signal": "WEAK"
    },
    {
      "ticker": "VIA",
      "hv20": 0.6733190962692911,
      "garch": null,
      "expansion": null,
      "regime": "NORMAL",
      "signal": "WEAK"
    },
    {
      "ticker": "VST",
      "hv20": 0.4501514639256656,
      "garch": 0.5600884782376745,
      "expansion": 0.2442222743280094,
      "regime": "NORMAL",
      "signal": "SIGNAL"
    },
    {
      "ticker": "XNET",
      "hv20": 0.7649651587589912,
      "garch": 0.6886710753196192,
      "expansion": -0.09973537038359291,
      "regime": "HIGH",
      "signal": "WEAK"
    },
    {
      "ticker": "ZS",
      "hv20": 1.5020937384297495,
      "garch": 0.3993498960761331,
      "expansion": -0.734137833173046,
      "regime": "EXTREME",
      "signal": "WEAK"
    },
    {
      "ticker": "ZTS",
      "hv20": 0.29813780171504073,
      "garch": 0.3210094358397436,
      "expansion": 0.07671497540108493,
      "regime": "HIGH",
      "signal": "WEAK"
    }
  ],
  "correlation": {
    "tickers": [
      "CEG",
      "CMI",
      "CRWV",
      "ESI",
      "GENC",
      "GRPN",
      "JAKK",
      "KSPI",
      "OPEN",
      "PYPL",
      "TENB",
      "VIA",
      "VST",
      "XNET",
      "ZS",
      "ZTS"
    ],
    "matrix": [
      [
        1.0,
        0.331,
        0.232,
        0.302,
        0.152,
        0.092,
        0.089,
        0.063,
        0.191,
        0.142,
        0.059,
        0.006,
        0.798,
        0.252,
        0.044,
        0.121
      ],
      [
        0.331,
        1.0,
        0.373,
        0.62,
        0.346,
        0.196,
        0.133,
        0.248,
        0.186,
        0.085,
        -0.061,
        0.001,
        0.358,
        0.304,
        -0.055,
        0.18
      ],
      [
        0.232,
        0.373,
        1.0,
        0.343,
        0.116,
        0.154,
        0.053,
        0.124,
        0.245,
        0.147,
        0.111,
        0.212,
        0.317,
        0.368,
        0.178,
        0.082
      ],
      [
        0.302,
        0.62,
        0.343,
        1.0,
        0.274,
        0.307,
        0.239,
        0.307,
        0.265,
        0.29,
        0.095,
        0.049,
        0.369,
        0.345,
        0.041,
        0.169
      ],
      [
        0.152,
        0.346,
        0.116,
        0.274,
        1.0,
        0.163,
        0.321,
        0.149,
        0.133,
        0.103,
        0.163,
        0.07,
        0.173,
        0.164,
        0.055,
        0.161
      ],
      [
        0.092,
        0.196,
        0.154,
        0.307,
        0.163,
        1.0,
        0.156,
        0.356,
        0.307,
        0.276,
        0.249,
        0.168,
        0.134,
        0.239,
        0.153,
        0.163
      ],
      [
        0.089,
        0.133,
        0.053,
        0.239,
        0.321,
        0.156,
        1.0,
        0.104,
        0.143,
        0.217,
        -0.029,
        0.147,
        0.06,
        0.198,
        -0.044,
        0.147
      ],
      [
        0.063,
        0.248,
        0.124,
        0.307,
        0.149,
        0.356,
        0.104,
        1.0,
        0.251,
        0.266,
        0.26,
        0.134,
        0.114,
        0.209,
        0.155,
        0.183
      ],
      [
        0.191,
        0.186,
        0.245,
        0.265,
        0.133,
        0.307,
        0.143,
        0.251,
        1.0,
        0.252,
        0.122,
        0.154,
        0.256,
        0.35,
        0.066,
        0.173
      ],
      [
        0.142,
        0.085,
        0.147,
        0.29,
        0.103,
        0.276,
        0.217,
        0.266,
        0.252,
        1.0,
        0.352,
        0.145,
        0.089,
        0.345,
        0.207,
        0.177
      ],
      [
        0.059,
        -0.061,
        0.111,
        0.095,
        0.163,
        0.249,
        -0.029,
        0.26,
        0.122,
        0.352,
        1.0,
        0.338,
        0.068,
        0.148,
        0.561,
        0.103
      ],
      [
        0.006,
        0.001,
        0.212,
        0.049,
        0.07,
        0.168,
        0.147,
        0.134,
        0.154,
        0.145,
        0.338,
        1.0,
        0.056,
        0.163,
        0.369,
        0.023
      ],
      [
        0.798,
        0.358,
        0.317,
        0.369,
        0.173,
        0.134,
        0.06,
        0.114,
        0.256,
        0.089,
        0.068,
        0.056,
        1.0,
        0.278,
        0.071,
        0.088
      ],
      [
        0.252,
        0.304,
        0.368,
        0.345,
        0.164,
        0.239,
        0.198,
        0.209,
        0.35,
        0.345,
        0.148,
        0.163,
        0.278,
        1.0,
        0.218,
        0.047
      ],
      [
        0.044,
        -0.055,
        0.178,
        0.041,
        0.055,
        0.153,
        -0.044,
        0.155,
        0.066,
        0.207,
        0.561,
        0.369,
        0.071,
        0.218,
        1.0,
        -0.031
      ],
      [
        0.121,
        0.18,
        0.082,
        0.169,
        0.161,
        0.163,
        0.147,
        0.183,
        0.173,
        0.177,
        0.103,
        0.023,
        0.088,
        0.047,
        -0.031,
        1.0
      ]
    ]
  },
  "residual_correlation": {
    "tickers": [
      "CEG",
      "CMI",
      "CRWV",
      "ESI",
      "GENC",
      "GRPN",
      "JAKK",
      "KSPI",
      "OPEN",
      "PYPL",
      "TENB",
      "VIA",
      "VST",
      "XNET",
      "ZS",
      "ZTS"
    ],
    "matrix": [
      [
        1.0,
        0.055,
        0.002,
        -0.034,
        0.027,
        -0.061,
        -0.02,
        -0.135,
        0.035,
        0.04,
        -0.021,
        -0.101,
        0.731,
        0.095,
        0.011,
        0.075
      ],
      [
        0.055,
        1.0,
        0.123,
        0.246,
        0.077,
        -0.057,
        -0.148,
        -0.004,
        -0.066,
        -0.096,
        -0.258,
        -0.143,
        0.036,
        0.003,
        -0.142,
        0.064
      ],
      [
        0.002,
        0.123,
        1.0,
        0.039,
        0.01,
        -0.057,
        -0.043,
        -0.114,
        0.042,
        -0.037,
        -0.017,
        0.084,
        0.08,
        0.137,
        0.108,
        0.038
      ],
      [
        -0.034,
        0.246,
        0.039,
        1.0,
        -0.072,
        0.052,
        0.001,
        0.016,
        -0.01,
        0.138,
        -0.104,
        -0.124,
        0.003,
        0.03,
        -0.052,
        -0.019
      ],
      [
        0.027,
        0.077,
        0.01,
        -0.072,
        1.0,
        -0.023,
        0.069,
        -0.072,
        -0.074,
        0.005,
        0.093,
        -0.005,
        0.025,
        -0.052,
        0.007,
        -0.035
      ],
      [
        -0.061,
        -0.057,
        -0.057,
        0.052,
        -0.023,
        1.0,
        0.012,
        0.192,
        0.113,
        0.098,
        0.11,
        0.048,
        -0.037,
        0.016,
        0.049,
        0.026
      ],
      [
        -0.02,
        -0.148,
        -0.043,
        0.001,
        0.069,
        0.012,
        1.0,
        -0.093,
        -0.032,
        0.104,
        -0.127,
        0.089,
        -0.059,
        0.021,
        -0.112,
        -0.039
      ],
      [
        -0.135,
        -0.004,
        -0.114,
        0.016,
        -0.072,
        0.192,
        -0.093,
        1.0,
        0.063,
        0.084,
        0.152,
        0.009,
        -0.102,
        -0.02,
        0.061,
        0.045
      ],
      [
        0.035,
        -0.066,
        0.042,
        -0.01,
        -0.074,
        0.113,
        -0.032,
        0.063,
        1.0,
        0.069,
        -0.019,
        0.029,
        0.105,
        0.16,
        -0.047,
        0.027
      ],
      [
        0.04,
        -0.096,
        -0.037,
        0.138,
        0.005,
        0.098,
        0.104,
        0.084,
        0.069,
        1.0,
        0.236,
        0.006,
        -0.034,
        0.187,
        0.073,
        0.023
      ],
      [
        -0.021,
        -0.258,
        -0.017,
        -0.104,
        0.093,
        0.11,
        -0.127,
        0.152,
        -0.019,
        0.236,
        1.0,
        0.273,
        -0.026,
        0.002,
        0.517,
        -0.007
      ],
      [
        -0.101,
        -0.143,
        0.084,
        -0.124,
        -0.005,
        0.048,
        0.089,
        0.009,
        0.029,
        0.006,
        0.273,
        1.0,
        -0.056,
        0.028,
        0.314,
        -0.059
      ],
      [
        0.731,
        0.036,
        0.08,
        0.003,
        0.025,
        -0.037,
        -0.059,
        -0.102,
        0.105,
        -0.034,
        -0.026,
        -0.056,
        1.0,
        0.105,
        0.04,
        0.03
      ],
      [
        0.095,
        0.003,
        0.137,
        0.03,
        -0.052,
        0.016,
        0.021,
        -0.02,
        0.16,
        0.187,
        0.002,
        0.028,
        0.105,
        1.0,
        0.135,
        -0.108
      ],
      [
        0.011,
        -0.142,
        0.108,
        -0.052,
        0.007,
        0.049,
        -0.112,
        0.061,
        -0.047,
        0.073,
        0.517,
        0.314,
        0.04,
        0.135,
        1.0,
        -0.117
      ],
      [
        0.075,
        0.064,
        0.038,
        -0.019,
        -0.035,
        0.026,
        -0.039,
        0.045,
        0.027,
        0.023,
        -0.007,
        -0.059,
        0.03,
        -0.108,
        -0.117,
        1.0
      ]
    ]
  },
  "factor_correlation": {
    "factors": [
      "Market",
      "Size",
      "Value (SMID)",
      "Momentum",
      "Quality",
      "Profitability",
      "Liquidity",
      "Credit"
    ],
    "matrix": [
      [
        1.0,
        0.322,
        -0.504,
        0.405,
        -0.254,
        -0.539,
        0.303,
        0.174
      ],
      [
        0.322,
        1.0,
        -0.155,
        0.244,
        0.155,
        0.152,
        0.325,
        0.031
      ],
      [
        -0.504,
        -0.155,
        1.0,
        -0.558,
        0.308,
        0.601,
        -0.371,
        -0.13
      ],
      [
        0.405,
        0.244,
        -0.558,
        1.0,
        -0.222,
        -0.546,
        0.288,
        0.051
      ],
      [
        -0.254,
        0.155,
        0.308,
        -0.222,
        1.0,
        0.441,
        -0.235,
        -0.124
      ],
      [
        -0.539,
        0.152,
        0.601,
        -0.546,
        0.441,
        1.0,
        -0.275,
        -0.104
      ],
      [
        0.303,
        0.325,
        -0.371,
        0.288,
        -0.235,
        -0.275,
        1.0,
        0.162
      ],
      [
        0.174,
        0.031,
        -0.13,
        0.051,
        -0.124,
        -0.104,
        0.162,
        1.0
      ]
    ]
  },
  "factor_exposures": [
    {
      "ticker": "CEG",
      "r_squared": 0.24748606613630952,
      "alpha_annual": -0.423377291496876,
      "idio_vol_annual": 0.4050297548286427,
      "Market": 0.6932581227241167,
      "Size": 0.39511373254082205,
      "Value (SMID)": -0.47060625759823554,
      "Momentum": 0.5480329999086294,
      "Quality": -0.8638367305258792,
      "Profitability": -0.5967080626583675,
      "Liquidity": -0.4387947766754609,
      "Credit": -0.9238634346583721
    },
    {
      "ticker": "CMI",
      "r_squared": 0.47786106333160383,
      "alpha_annual": 0.3740891577168597,
      "idio_vol_annual": 0.2457845175401767,
      "Market": 1.1546995019489588,
      "Size": 0.8130561634262232,
      "Value (SMID)": 0.3821580398327788,
      "Momentum": 0.6978226148505892,
      "Quality": -0.00821950426472734,
      "Profitability": -0.18240644056650507,
      "Liquidity": -0.3278422794033962,
      "Credit": 0.776956704644539
    },
    {
      "ticker": "CRWV",
      "r_squared": 0.27175406767405885,
      "alpha_annual": -1.0418839514588631,
      "idio_vol_annual": 0.802576454597091,
      "Market": 1.0392018854899925,
      "Size": 0.626752458736525,
      "Value (SMID)": -1.9073225848009803,
      "Momentum": 0.659730929571819,
      "Quality": -3.948333693183615,
      "Profitability": -0.1466930016083584,
      "Liquidity": 0.426709783511125,
      "Credit": 1.9957598398128802
    },
    {
      "ticker": "ESI",
      "r_squared": 0.5136991897648928,
      "alpha_annual": 0.268020387841342,
      "idio_vol_annual": 0.2885060628083987,
      "Market": 1.6470194216557914,
      "Size": 0.9910733857843552,
      "Value (SMID)": -0.16574890156878544,
      "Momentum": 0.6811941912435582,
      "Quality": 0.24794267223460148,
      "Profitability": 0.2259336838478319,
      "Liquidity": -0.7217737260502932,
      "Credit": 0.2468004584839548
    },
    {
      "ticker": "GENC",
      "r_squared": 0.32847871042789356,
      "alpha_annual": -0.4026032016877192,
      "idio_vol_annual": 0.32323326124523694,
      "Market": 1.295383268607568,
      "Size": 1.2439095045357915,
      "Value (SMID)": 1.1328354430109202,
      "Momentum": -0.031996216503031416,
      "Quality": -0.7896553824825876,
      "Profitability": 0.10538122255462923,
      "Liquidity": -0.205115423080234,
      "Credit": 0.6058691965890387
    },
    {
      "ticker": "GRPN",
      "r_squared": 0.1704062138923207,
      "alpha_annual": -1.0964539183772068,
      "idio_vol_annual": 0.6281223316034134,
      "Market": 1.9205424311194228,
      "Size": 0.34472582744475816,
      "Value (SMID)": -1.0477849257439649,
      "Momentum": -0.18591698041039106,
      "Quality": -1.633234824535444,
      "Profitability": 1.517771238789142,
      "Liquidity": 0.15255141773633207,
      "Credit": 1.2177934091871843
    },
    {
      "ticker": "JAKK",
      "r_squared": 0.27307113675478933,
      "alpha_annual": -0.2410919280597253,
      "idio_vol_annual": 0.35105523266021965,
      "Market": 1.2512797182376776,
      "Size": 1.056813203167256,
      "Value (SMID)": 0.8440752930414812,
      "Momentum": -0.35895039048583044,
      "Quality": 1.3509418394665689,
      "Profitability": -0.36832399435166974,
      "Liquidity": 0.3046124570555936,
      "Credit": -0.5049986273477723
    },
    {
      "ticker": "KSPI",
      "r_squared": 0.22151511863551465,
      "alpha_annual": -0.129123031959644,
      "idio_vol_annual": 0.323335298478529,
      "Market": 1.201840419228538,
      "Size": 0.4700165537280644,
      "Value (SMID)": -0.35084673645423836,
      "Momentum": -0.5090892827874769,
      "Quality": 0.04046048058232224,
      "Profitability": 0.06671009200919364,
      "Liquidity": -0.07609191192519732,
      "Credit": 0.4423847595740498
    },
    {
      "ticker": "OPEN",
      "r_squared": 0.12529305719126405,
      "alpha_annual": 1.464650678445551,
      "idio_vol_annual": 1.3414472487755182,
      "Market": 3.0460099045618496,
      "Size": 1.2951613987058437,
      "Value (SMID)": -1.614756302649517,
      "Momentum": -1.8976018408027724,
      "Quality": 0.9902538053191389,
      "Profitability": 0.9453227009422798,
      "Liquidity": 1.7756787210560216,
      "Credit": -2.94024972744226
    },
    {
      "ticker": "PYPL",
      "r_squared": 0.3002021332334136,
      "alpha_annual": -0.6886158279890006,
      "idio_vol_annual": 0.33660750469301753,
      "Market": 1.801603977217964,
      "Size": -0.3462521477291386,
      "Value (SMID)": -0.9568978675024206,
      "Momentum": -0.8933016680200158,
      "Quality": 1.458763964941101,
      "Profitability": 0.6766598722208305,
      "Liquidity": 0.37272641795704237,
      "Credit": -0.05788353737413827
    },
    {
      "ticker": "TENB",
      "r_squared": 0.15301225242405925,
      "alpha_annual": -0.34666821582974605,
      "idio_vol_annual": 0.40887037364103507,
      "Market": 1.4492398596899534,
      "Size": -0.12482905676145062,
      "Value (SMID)": -0.8591769043131845,
      "Momentum": -0.30489133447871475,
      "Quality": -0.5620893942312715,
      "Profitability": 1.3987658800166993,
      "Liquidity": -0.09416532619835394,
      "Credit": -0.21679209125905746
    },
    {
      "ticker": "VIA",
      "r_squared": 0.11146655241507364,
      "alpha_annual": -1.5712382094027226,
      "idio_vol_annual": 0.6778717986441573,
      "Market": 0.9574533508938767,
      "Size": 0.4383517758921712,
      "Value (SMID)": -1.3948713782547553,
      "Momentum": -1.0114477613471813,
      "Quality": -1.5778172607571457,
      "Profitability": 0.48804115581836416,
      "Liquidity": 0.6697043730623682,
      "Credit": -0.6859293255213217
    },
    {
      "ticker": "VST",
      "r_squared": 0.2929550848679855,
      "alpha_annual": -0.42735588790549317,
      "idio_vol_annual": 0.4124810274129714,
      "Market": 0.6064690106349359,
      "Size": 0.7978743627572773,
      "Value (SMID)": -0.6693297134847666,
      "Momentum": 0.6132856402835456,
      "Quality": -1.8090128081191397,
      "Profitability": -0.5135042430403493,
      "Liquidity": -0.7734741867514141,
      "Credit": -0.7734680502902838
    },
    {
      "ticker": "XNET",
      "r_squared": 0.17354999190530374,
      "alpha_annual": -0.2988478985748301,
      "idio_vol_annual": 0.6711736220435187,
      "Market": 1.7965035146751016,
      "Size": 0.22435047244264406,
      "Value (SMID)": -0.7663300446589472,
      "Momentum": -0.3577563840323956,
      "Quality": 0.26502993441350514,
      "Profitability": 0.6159066787031463,
      "Liquidity": 1.118115728409216,
      "Credit": 2.4591372549145696
    },
    {
      "ticker": "ZS",
      "r_squared": 0.09380870329710411,
      "alpha_annual": -0.9651387388014663,
      "idio_vol_annual": 0.5969492000179514,
      "Market": 1.3244264733692461,
      "Size": -0.3813507705377253,
      "Value (SMID)": -1.151177722083536,
      "Momentum": -0.934363266338825,
      "Quality": -0.9507661702687165,
      "Profitability": 0.9247076455035158,
      "Liquidity": 0.21408074649928902,
      "Credit": 0.2017159420699415
    },
    {
      "ticker": "ZTS",
      "r_squared": 0.17000457385793677,
      "alpha_annual": -0.9015391648658125,
      "idio_vol_annual": 0.34391157438037934,
      "Market": 1.3381289136497951,
      "Size": 0.154963200500159,
      "Value (SMID)": 0.06009223444918396,
      "Momentum": -0.26808489591608653,
      "Quality": 1.0732867874404415,
      "Profitability": 0.7411873725766932,
      "Liquidity": 0.08113778937254268,
      "Credit": -0.7969029444370553
    }
  ],
  "portfolio_factor_exposure": {
    "loadings": {
      "Market": 1.4379793879329645,
      "Size": 0.4366266348266159,
      "Value (SMID)": -0.5704806308637458,
      "Momentum": -0.2000299685092981,
      "Quality": -0.5815933341510269,
      "Profitability": 0.5691805095352447,
