{
  "generated_at": "2026-06-09T10:44:47.570675Z",
  "market_session": "PRE",
  "fund_name": "Convex Capital",
  "tagline": "Lose small. Win big. \u2014 Paper-traded portfolio. Hypothetical performance for educational purposes only.",
  "summary": {
    "nav": 962233.467066555,
    "cash": 149773.03000000003,
    "equity": 812460.437066555,
    "deposits": 1000000.0,
    "total_return": -0.037766532933444896,
    "realized_pnl": 0.0,
    "open_positions": 16
  },
  "metrics": {
    "annualized_return": -0.2942920465030672,
    "annualized_vol": 0.285820498310142,
    "sharpe": -1.0296394004034404,
    "sortino": -1.417447787251161,
    "max_drawdown": -0.4006947771280391,
    "var_95_1d": -0.034135299619772706,
    "method": "Synthetic: current weights \u00d7 each holding's 252-day return history.",
    "beta_spy": 1.5777700770616583,
    "data_basis": "synthetic_252d",
    "days_of_live_nav": 6
  },
  "nav_curve": [
    {
      "date": "2026-06-01",
      "value": 999876.7628759766
    },
    {
      "date": "2026-06-02",
      "value": 1004058.1192620469
    },
    {
      "date": "2026-06-03",
      "value": 988718.7906235124
    },
    {
      "date": "2026-06-04",
      "value": 1000919.7487734223
    },
    {
      "date": "2026-06-05",
      "value": 963668.4124958802
    },
    {
      "date": "2026-06-08",
      "value": 962233.467066555
    }
  ],
  "drawdown_curve": [
    {
      "date": "2026-06-01",
      "value": 0.0
    },
    {
      "date": "2026-06-02",
      "value": 0.0
    },
    {
      "date": "2026-06-03",
      "value": -0.015277331405684446
    },
    {
      "date": "2026-06-04",
      "value": -0.003125686081729177
    },
    {
      "date": "2026-06-05",
      "value": -0.040226462981895875
    },
    {
      "date": "2026-06-08",
      "value": -0.04165560876718144
    }
  ],
  "benchmarks": {
    "SPY": [
      {
        "date": "2026-06-01",
        "value": 0.0
      },
      {
        "date": "2026-06-02",
        "value": 0.0013579103629497435
      },
      {
        "date": "2026-06-03",
        "value": -0.005668768842152949
      },
      {
        "date": "2026-06-04",
        "value": -0.0019115026417536596
      },
      {
        "date": "2026-06-05",
        "value": -0.027671567540792585
      },
      {
        "date": "2026-06-08",
        "value": -0.02546999220062507
      }
    ],
    "IWM": [
      {
        "date": "2026-06-01",
        "value": 0.0
      },
      {
        "date": "2026-06-02",
        "value": 0.009273972502921835
      },
      {
        "date": "2026-06-03",
        "value": -0.004533177066893157
      },
      {
        "date": "2026-06-04",
        "value": 0.010485150059186044
      },
      {
        "date": "2026-06-05",
        "value": -0.02536513534214846
      },
      {
        "date": "2026-06-08",
        "value": -0.01685246539421037
      }
    ]
  },
  "holdings": [
    {
      "ticker": "GRPN",
      "company": "Groupon, Inc.",
      "sector": "Communication Services",
      "country": "United States",
      "shares": 9713.0,
      "price": 16.18000030517578,
      "cost_basis": 18.017072994955218,
      "market_value": 157156.34296417236,
      "unrealized_pnl": -17843.487035827664,
      "short_percent_of_float": 0.5812,
      "short_ratio": 4.89
    },
    {
      "ticker": "KSPI",
      "company": "Joint Stock Company Kaspi.kz",
      "sector": "Technology",
      "country": "Kazakhstan",
      "shares": 1515.0,
      "price": 80.16999816894531,
      "cost_basis": 82.53049504950495,
      "market_value": 121457.54722595215,
      "unrealized_pnl": -3576.1527740478505,
      "short_percent_of_float": 0.015700001,
      "short_ratio": 2.81
    },
    {
      "ticker": "JAKK",
      "company": "JAKKS Pacific, Inc.",
      "sector": "Consumer Cyclical",
      "country": "United States",
      "shares": 3436.0,
      "price": 21.559999465942383,
      "cost_basis": 21.83,
      "market_value": 74080.15816497803,
      "unrealized_pnl": -927.7218350219669,
      "short_percent_of_float": 0.0339,
      "short_ratio": 6.7
    },
    {
      "ticker": "VIA",
      "company": "Via Transportation, Inc.",
      "sector": "Technology",
      "country": "United States",
      "shares": 4921.0,
      "price": 14.90999984741211,
      "cost_basis": 15.241408250355619,
      "market_value": 73372.10924911499,
      "unrealized_pnl": -1630.8607508850096,
      "short_percent_of_float": 0.1248,
      "short_ratio": 7.65
    },
    {
      "ticker": "ZS",
      "company": "Zscaler, Inc.",
      "sector": "Technology",
      "country": "United States",
      "shares": 549.0,
      "price": 129.25,
      "cost_basis": 136.8013843351548,
      "market_value": 70958.25,
      "unrealized_pnl": -4145.709999999989,
      "short_percent_of_float": 0.1058,
      "short_ratio": 4.01
    },
    {
      "ticker": "CMI",
      "company": "Cummins Inc.",
      "sector": "Industrials",
      "country": "United States",
      "shares": 78.0,
      "price": 672.6799926757812,
      "cost_basis": 643.5,
      "market_value": 52469.03942871094,
      "unrealized_pnl": 2276.0394287109375,
      "short_percent_of_float": 0.014400001,
      "short_ratio": 1.92
    },
    {
      "ticker": "XNET",
      "company": "Xunlei Limited",
      "sector": "Technology",
      "country": "China",
      "shares": 10526.0,
      "price": 4.820000171661377,
      "cost_basis": 4.75,
      "market_value": 50735.321806907654,
      "unrealized_pnl": 736.8218069076538,
      "short_percent_of_float": 0.0322,
      "short_ratio": 6.99
    },
    {
      "ticker": "CRWV",
      "company": "CoreWeave, Inc.",
      "sector": "Technology",
      "country": "United States",
      "shares": 468.0,
      "price": 102.37000274658203,
      "cost_basis": 106.78134615384614,
      "market_value": 47909.16128540039,
      "unrealized_pnl": -2064.508714599605,
      "short_percent_of_float": 0.1714,
      "short_ratio": 1.75
    },
    {
      "ticker": "BABA",
      "company": "Alibaba Group Holding Limited",
      "sector": "Consumer Cyclical",
      "country": "Hong Kong",
      "shares": 299.0,
      "price": 120.06999969482422,
      "cost_basis": 125.39999999999999,
      "market_value": 35900.92990875244,
      "unrealized_pnl": -1593.670091247556,
      "short_percent_of_float": 0.0197,
      "short_ratio": 3.3
    },
    {
      "ticker": "PYPL",
      "company": "PayPal Holdings, Inc.",
      "sector": "Financial Services",
      "country": "United States",
      "shares": 830.0,
      "price": 41.2599983215332,
      "cost_basis": 45.19,
      "market_value": 34245.79860687256,
      "unrealized_pnl": -3261.9013931274394,
      "short_percent_of_float": 0.0545,
      "short_ratio": 2.87
    },
    {
      "ticker": "ZTS",
      "company": "Zoetis Inc.",
      "sector": "Healthcare",
      "country": "United States",
      "shares": 312.0,
      "price": 78.81999969482422,
      "cost_basis": 80.09,
      "market_value": 24591.839904785156,
      "unrealized_pnl": -396.2400952148448,
      "short_percent_of_float": 0.036,
      "short_ratio": 1.79
    },
    {
      "ticker": "AVAV",
      "company": "AeroVironment, Inc.",
      "sector": "Industrials",
      "country": "United States",
      "shares": 122.0,
      "price": 184.67999267578125,
      "cost_basis": 204.09,
      "market_value": 22530.959106445312,
      "unrealized_pnl": -2368.020893554688,
      "short_percent_of_float": 0.12109999,
      "short_ratio": 3.92
    },
    {
      "ticker": "GENC",
      "company": "Gencor Industries, Inc.",
      "sector": "Industrials",
      "country": "United States",
      "shares": 873.0,
      "price": 14.84000015258789,
      "cost_basis": 14.32,
      "market_value": 12955.320133209229,
      "unrealized_pnl": 453.9601332092283,
      "short_percent_of_float": 0.0061000003,
      "short_ratio": 2.96
    },
    {
      "ticker": "VST",
      "company": "Vistra Corp.",
      "sector": "Utilities",
      "country": "United States",
      "shares": 81.0,
      "price": 146.89999389648438,
      "cost_basis": 154.76,
      "market_value": 11898.899505615234,
      "unrealized_pnl": -636.6604943847649,
      "short_percent_of_float": 0.0461,
      "short_ratio": 2.83
    },
    {
      "ticker": "CEG",
      "company": "Constellation Energy Corporation",
      "sector": "Utilities",
      "country": "United States",
      "shares": 47.0,
      "price": 250.6699981689453,
      "cost_basis": 265.7,
      "market_value": 11781.48991394043,
      "unrealized_pnl": -706.4100860595697,
      "short_percent_of_float": 0.0325,
      "short_ratio": 3.35
    },
    {
      "ticker": "OPEN",
      "company": "Opendoor Technologies Inc.",
      "sector": "Real Estate",
      "country": "United States",
      "shares": 2417.0,
      "price": 4.309999942779541,
      "cost_basis": 5.171402565163425,
      "market_value": 10417.26986169815,
      "unrealized_pnl": -2082.0101383018477,
      "short_percent_of_float": 0.14819999,
      "short_ratio": 3.26
    }
  ],
  "sector_exposure": [
    {
      "name": "Technology",
      "value": 364432.3895673752,
      "pct": 0.37873593264052247
    },
    {
      "name": "Communication Services",
      "value": 157156.34296417236,
      "pct": 0.16332454476279643
    },
    {
      "name": "Cash",
      "value": 149773.03000000003,
      "pct": 0.15565144544036175
    },
    {
      "name": "Consumer Cyclical",
      "value": 109981.08807373047,
      "pct": 0.11429771655003491
    },
    {
      "name": "Industrials",
      "value": 87955.31866836548,
      "pct": 0.09140746157635135
    },
    {
      "name": "Financial Services",
      "value": 34245.79860687256,
      "pct": 0.035589905962503665
    },
    {
      "name": "Healthcare",
      "value": 24591.839904785156,
      "pct": 0.025557040725007547
    },
    {
      "name": "Utilities",
      "value": 23680.389419555664,
      "pct": 0.024609816879210412
    },
    {
      "name": "Real Estate",
      "value": 10417.26986169815,
      "pct": 0.010826135463211463
    }
  ],
  "geographic_exposure": [
    {
      "name": "United States",
      "value": 604366.6381249428,
      "pct": 0.6280873185251001
    },
    {
      "name": "Cash",
      "value": 149773.03000000003,
      "pct": 0.15565144544036175
    },
    {
      "name": "Kazakhstan",
      "value": 121457.54722595215,
      "pct": 0.12622461323884848
    },
    {
      "name": "China",
      "value": 50735.321806907654,
      "pct": 0.05272662357252892
    },
    {
      "name": "Hong Kong",
      "value": 35900.92990875244,
      "pct": 0.03730999922316075
    }
  ],
  "signals": [
    {
      "ticker": "AVAV",
      "label": "BUY",
      "composite": 1.0,
      "rsi": 49.1,
      "subs": {
        "rsi": 0.5,
        "macd": 0.5,
        "trend": -0.5,
        "bb": 0.5,
        "vol": 0.0,
        "range": 0.0
      }
    },
    {
      "ticker": "BABA",
      "label": "STRONG SELL",
      "composite": -2.0,
      "rsi": 36.2,
      "subs": {
        "rsi": 0.0,
        "macd": -0.5,
        "trend": -0.5,
        "bb": -0.5,
        "vol": 0.0,
        "range": -0.5
      }
    },
    {
      "ticker": "CEG",
      "label": "SELL",
      "composite": -1.5,
      "rsi": 34.9,
      "subs": {
        "rsi": 0.0,
        "macd": -0.5,
        "trend": -0.5,
        "bb": -0.5,
        "vol": 0.5,
        "range": -0.5
      }
    },
    {
      "ticker": "CMI",
      "label": "BUY",
      "composite": 1.0,
      "rsi": 53.1,
      "subs": {
        "rsi": 0.5,
        "macd": -0.5,
        "trend": 0.5,
        "bb": 0.5,
        "vol": 0.0,
        "range": 0.0
      }
    },
    {
      "ticker": "CRWV",
      "label": "SELL",
      "composite": -1.5,
      "rsi": 44.9,
      "subs": {
        "rsi": 0.0,
        "macd": -0.5,
        "trend": 0.0,
        "bb": -0.5,
        "vol": 0.0,
        "range": -0.5
      }
    },
    {
      "ticker": "GENC",
      "label": "STRONG BUY",
      "composite": 2.0,
      "rsi": 52.6,
      "subs": {
        "rsi": 0.5,
        "macd": 0.5,
        "trend": 0.5,
        "bb": 0.5,
        "vol": 0.0,
        "range": 0.0
      }
    },
    {
      "ticker": "GRPN",
      "label": "SELL",
      "composite": -1.5,
      "rsi": 44.4,
      "subs": {
        "rsi": 0.0,
        "macd": -0.5,
        "trend": 0.0,
        "bb": -0.5,
        "vol": 0.0,
        "range": -0.5
      }
    },
    {
      "ticker": "JAKK",
      "label": "SELL",
      "composite": -1.0,
      "rsi": 46.5,
      "subs": {
        "rsi": 0.5,
        "macd": -0.5,
        "trend": 0.0,
        "bb": -0.5,
        "vol": 0.0,
        "range": -0.5
      }
    },
    {
      "ticker": "KSPI",
      "label": "SELL",
      "composite": -1.0,
      "rsi": 32.8,
      "subs": {
        "rsi": 0.0,
        "macd": -0.5,
        "trend": 0.0,
        "bb": 0.0,
        "vol": 0.0,
        "range": -0.5
      }
    },
    {
      "ticker": "OPEN",
      "label": "STRONG SELL",
      "composite": -2.0,
      "rsi": 39.5,
      "subs": {
        "rsi": 0.0,
        "macd": -0.5,
        "trend": -0.5,
        "bb": -0.5,
        "vol": 0.0,
        "range": -0.5
      }
    },
    {
      "ticker": "PYPL",
      "label": "STRONG SELL",
      "composite": -2.0,
      "rsi": 29.2,
      "subs": {
        "rsi": -0.5,
        "macd": -0.5,
        "trend": -0.5,
        "bb": 0.0,
        "vol": 0.0,
        "range": -0.5
      }
    },
    {
      "ticker": "VIA",
      "label": "BUY",
      "composite": 1.0,
      "rsi": 47.5,
      "subs": {
        "rsi": 0.5,
        "macd": 0.5,
        "trend": -0.5,
        "bb": 0.5,
        "vol": 0.0,
        "range": 0.0
      }
    },
    {
      "ticker": "VST",
      "label": "STRONG SELL",
      "composite": -2.0,
      "rsi": 43.5,
      "subs": {
        "rsi": 0.0,
        "macd": -0.5,
        "trend": -0.5,
        "bb": -0.5,
        "vol": -0.5,
        "range": 0.0
      }
    },
    {
      "ticker": "XNET",
      "label": "SELL",
      "composite": -1.5,
      "rsi": 34.4,
      "subs": {
        "rsi": 0.0,
        "macd": -0.5,
        "trend": -0.5,
        "bb": -0.5,
        "vol": 0.5,
        "range": -0.5
      }
    },
    {
      "ticker": "ZS",
      "label": "STRONG SELL",
      "composite": -2.0,
      "rsi": 41.4,
      "subs": {
        "rsi": 0.0,
        "macd": -0.5,
        "trend": -0.5,
        "bb": -0.5,
        "vol": 0.0,
        "range": -0.5
      }
    },
    {
      "ticker": "ZTS",
      "label": "LEAN BULL",
      "composite": 0.5,
      "rsi": 32.5,
      "subs": {
        "rsi": 0.0,
        "macd": 0.5,
        "trend": -0.5,
        "bb": 0.5,
        "vol": 0.0,
        "range": 0.0
      }
    }
  ],
  "volatility": [
    {
      "ticker": "AVAV",
      "hv20": 0.8879684993215613,
      "garch": 0.7731430415710778,
      "expansion": -0.1293125351160701,
      "regime": "HIGH",
      "signal": "WEAK"
    },
    {
      "ticker": "BABA",
      "hv20": 0.4711466106865847,
      "garch": 0.43347473050402857,
      "expansion": -0.07995787155861797,
      "regime": "HIGH",
      "signal": "WEAK"
    },
    {
      "ticker": "CEG",
      "hv20": 0.5525311143311176,
      "garch": 0.5712315677127411,
      "expansion": 0.03384506844336158,
      "regime": "HIGH",
      "signal": "WEAK"
    },
    {
      "ticker": "CMI",
      "hv20": 0.43273593583512576,
      "garch": 0.36916252708896624,
      "expansion": -0.14691039842455159,
      "regime": "HIGH",
      "signal": "WEAK"
    },
    {
      "ticker": "CRWV",
      "hv20": 0.7991896111239162,
      "garch": 0.9924052663843331,
      "expansion": 0.24176447312508723,
      "regime": "LOW",
      "signal": "SIGNAL"
    },
    {
      "ticker": "GENC",
      "hv20": 0.4155923196304386,
      "garch": 0.44527876130784433,
      "expansion": 0.07143164171995317,
      "regime": "NORMAL",
      "signal": "WEAK"
    },
    {
      "ticker": "GRPN",
      "hv20": 0.8792874391308394,
      "garch": 0.8149319748885266,
      "expansion": -0.07319047376126177,
      "regime": "HIGH",
      "signal": "WEAK"
    },
    {
      "ticker": "JAKK",
      "hv20": 0.2603764026094843,
      "garch": 0.4598457023315946,
      "expansion": 0.7660805576966081,
      "regime": "LOW",
      "signal": "SIGNAL"
    },
    {
      "ticker": "KSPI",
      "hv20": 0.2665184890534583,
      "garch": 0.35093012096227344,
      "expansion": 0.3167196099925504,
      "regime": "LOW",
      "signal": "SIGNAL"
    },
    {
      "ticker": "OPEN",
      "hv20": 0.736102259756758,
      "garch": 0.932418862966764,
      "expansion": 0.2666974603160137,
      "regime": "LOW",
      "signal": "SIGNAL"
    },
    {
      "ticker": "PYPL",
      "hv20": 0.23405545843726822,
      "garch": 0.39071970055170596,
      "expansion": 0.6693466717693621,
      "regime": "LOW",
      "signal": "SIGNAL"
    },
    {
      "ticker": "VIA",
      "hv20": 1.008175658547803,
      "garch": null,
      "expansion": null,
      "regime": "NORMAL",
      "signal": "WEAK"
    },
    {
      "ticker": "VST",
      "hv20": 0.4979898239430335,
      "garch": 0.566288888517962,
      "expansion": 0.13714951850650958,
      "regime": "NORMAL",
      "signal": "BASE"
    },
    {
      "ticker": "XNET",
      "hv20": 0.766444165048805,
      "garch": 0.8737981294796362,
      "expansion": 0.1400675604647538,
      "regime": "HIGH",
      "signal": "BASE"
    },
    {
      "ticker": "ZS",
      "hv20": 1.5794360500508882,
      "garch": 0.5760139143585419,
      "expansion": -0.6353040603701662,
      "regime": "EXTREME",
      "signal": "WEAK"
    },
    {
      "ticker": "ZTS",
      "hv20": 0.39860583231357377,
      "garch": 0.3128692297267495,
      "expansion": -0.21509118943191302,
      "regime": "HIGH",
      "signal": "WEAK"
    }
  ],
  "correlation": {
    "tickers": [
      "AVAV",
      "BABA",
      "CEG",
      "CMI",
      "CRWV",
      "GENC",
      "GRPN",
      "JAKK",
      "KSPI",
      "OPEN",
      "PYPL",
      "VIA",
      "VST",
      "XNET",
      "ZS",
      "ZTS"
    ],
    "matrix": [
      [
        1.0,
        0.131,
        0.264,
        0.247,
        0.307,
        0.098,
        0.233,
        0.084,
        0.093,
        0.337,
        0.2,
        0.033,
        0.301,
        0.331,
        0.174,
        0.069
      ],
      [
        0.131,
        1.0,
        0.181,
        0.334,
        0.353,
        0.131,
        0.192,
        0.117,
        0.214,
        0.196,
        0.244,
        -0.037,
        0.226,
        0.478,
        0.038,
        0.077
      ],
      [
        0.264,
        0.181,
        1.0,
        0.312,
        0.218,
        0.149,
        0.08,
        0.09,
        0.053,
        0.19,
        0.124,
        0.006,
        0.796,
        0.247,
        0.041,
        0.122
      ],
      [
        0.247,
        0.334,
        0.312,
        1.0,
        0.367,
        0.362,
        0.186,
        0.152,
        0.232,
        0.201,
        0.065,
        0.007,
        0.321,
        0.314,
        -0.056,
        0.202
      ],
      [
        0.307,
        0.353,
        0.218,
        0.367,
        1.0,
        0.12,
        0.167,
        0.062,
        0.132,
        0.241,
        0.132,
        0.224,
        0.309,
        0.372,
        0.182,
        0.088
      ],
      [
        0.098,
        0.131,
        0.149,
        0.362,
        0.12,
        1.0,
        0.16,
        0.315,
        0.159,
        0.131,
        0.098,
        0.066,
        0.173,
        0.167,
        0.053,
        0.152
      ],
      [
        0.233,
        0.192,
        0.08,
        0.186,
        0.167,
        0.16,
        1.0,
        0.15,
        0.336,
        0.306,
        0.262,
        0.179,
        0.115,
        0.221,
        0.149,
        0.16
      ],
      [
        0.084,
        0.117,
        0.09,
        0.152,
        0.062,
        0.315,
        0.15,
        1.0,
        0.108,
        0.138,
        0.214,
        0.143,
        0.061,
        0.196,
        -0.051,
        0.134
      ],
      [
        0.093,
        0.214,
        0.053,
        0.232,
        0.132,
        0.159,
        0.336,
        0.108,
        1.0,
        0.249,
        0.255,
        0.149,
        0.083,
        0.191,
        0.155,
        0.204
      ],
      [
        0.337,
        0.196,
        0.19,
        0.201,
        0.241,
        0.131,
        0.306,
        0.138,
        0.249,
        1.0,
        0.239,
        0.163,
        0.263,
        0.342,
        0.064,
        0.164
      ],
      [
        0.2,
        0.244,
        0.124,
        0.065,
        0.132,
        0.098,
        0.262,
        0.214,
        0.255,
        0.239,
        1.0,
        0.159,
        0.063,
        0.326,
        0.206,
        0.17
      ],
      [
        0.033,
        -0.037,
        0.006,
        0.007,
        0.224,
        0.066,
        0.179,
        0.143,
        0.149,
        0.163,
        0.159,
        1.0,
        0.061,
        0.19,
        0.369,
        0.025
      ],
      [
        0.301,
        0.226,
        0.796,
        0.321,
        0.309,
        0.173,
        0.115,
        0.061,
        0.083,
        0.263,
        0.063,
        0.061,
        1.0,
        0.269,
        0.069,
        0.091
      ],
      [
        0.331,
        0.478,
        0.247,
        0.314,
        0.372,
        0.167,
        0.221,
        0.196,
        0.191,
        0.342,
        0.326,
        0.19,
        0.269,
        1.0,
        0.221,
        0.039
      ],
      [
        0.174,
        0.038,
        0.041,
        -0.056,
        0.182,
        0.053,
        0.149,
        -0.051,
        0.155,
        0.064,
        0.206,
        0.369,
        0.069,
        0.221,
        1.0,
        -0.032
      ],
      [
        0.069,
        0.077,
        0.122,
        0.202,
        0.088,
        0.152,
        0.16,
        0.134,
        0.204,
        0.164,
        0.17,
        0.025,
        0.091,
        0.039,
        -0.032,
        1.0
      ]
    ]
  },
  "residual_correlation": {
    "tickers": [
      "AVAV",
      "BABA",
      "CEG",
      "CMI",
      "CRWV",
      "GENC",
      "GRPN",
      "JAKK",
      "KSPI",
      "OPEN",
      "PYPL",
      "VIA",
      "VST",
      "XNET",
      "ZS",
      "ZTS"
    ],
    "matrix": [
      [
        1.0,
        -0.012,
        0.117,
        0.064,
        0.116,
        -0.032,
        0.086,
        -0.057,
        -0.123,
        0.15,
        0.009,
        -0.142,
        0.148,
        0.163,
        0.099,
        -0.051
      ],
      [
        -0.012,
        1.0,
        0.009,
        0.102,
        0.188,
        -0.081,
        0.024,
        -0.046,
        0.037,
        0.04,
        0.122,
        -0.161,
        0.056,
        0.344,
        -0.048,
        -0.024
      ],
      [
        0.117,
        0.009,
        1.0,
        0.032,
        -0.04,
        0.03,
        -0.059,
        -0.014,
        -0.12,
        0.029,
        0.039,
        -0.093,
        0.732,
        0.082,
        0.017,
        0.081
      ],
      [
        0.064,
        0.102,
        0.032,
        1.0,
        0.097,
        0.069,
        -0.063,
        -0.145,
        -0.013,
        -0.067,
        -0.104,
        -0.116,
        -0.005,
        0.017,
        -0.121,
        0.071
      ],
      [
        0.116,
        0.188,
        -0.04,
        0.097,
        1.0,
        0.014,
        -0.04,
        -0.033,
        -0.095,
        0.017,
        -0.043,
        0.107,
        0.056,
        0.106,
        0.128,
        0.044
      ],
      [
        -0.032,
        -0.081,
        0.03,
        0.069,
        0.014,
        1.0,
        -0.028,
        0.063,
        -0.072,
        -0.077,
        0.005,
        -0.01,
        0.033,
        -0.04,
        0.012,
        -0.05
      ],
      [
        0.086,
        0.024,
        -0.059,
        -0.063,
        -0.04,
        -0.028,
        1.0,
        0.007,
        0.17,
        0.108,
        0.09,
        0.056,
        -0.038,
        -0.014,
        0.048,
        0.031
      ],
      [
        -0.057,
        -0.046,
        -0.014,
        -0.145,
        -0.033,
        0.063,
        0.007,
        1.0,
        -0.093,
        -0.028,
        0.103,
        0.082,
        -0.051,
        0.028,
        -0.118,
        -0.052
      ],
      [
        -0.123,
        0.037,
        -0.12,
        -0.013,
        -0.095,
        -0.072,
        0.17,
        -0.093,
        1.0,
        0.067,
        0.074,
        0.017,
        -0.11,
        -0.027,
        0.055,
        0.072
      ],
      [
        0.15,
        0.04,
        0.029,
        -0.067,
        0.017,
        -0.077,
        0.108,
        -0.028,
        0.067,
        1.0,
        0.064,
        0.033,
        0.106,
        0.156,
        -0.043,
        0.021
      ],
      [
        0.009,
        0.122,
        0.039,
        -0.104,
        -0.043,
        0.005,
        0.09,
        0.103,
        0.074,
        0.064,
        1.0,
        0.002,
        -0.043,
        0.181,
        0.066,
        0.024
      ],
      [
        -0.142,
        -0.161,
        -0.093,
        -0.116,
        0.107,
        -0.01,
        0.056,
        0.082,
        0.017,
        0.033,
        0.002,
        1.0,
        -0.038,
        0.056,
        0.302,
        -0.062
      ],
      [
        0.148,
        0.056,
        0.732,
        -0.005,
        0.056,
        0.033,
        -0.038,
        -0.051,
        -0.11,
        0.106,
        -0.043,
        -0.038,
        1.0,
        0.088,
        0.049,
        0.04
      ],
      [
        0.163,
        0.344,
        0.082,
        0.017,
        0.106,
        -0.04,
        -0.014,
        0.028,
        -0.027,
        0.156,
        0.181,
        0.056,
        0.088,
        1.0,
        0.142,
        -0.108
      ],
      [
        0.099,
        -0.048,
        0.017,
        -0.121,
        0.128,
        0.012,
        0.048,
        -0.118,
        0.055,
        -0.043,
        0.066,
        0.302,
        0.049,
        0.142,
        1.0,
        -0.11
      ],
      [
        -0.051,
        -0.024,
        0.081,
        0.071,
        0.044,
        -0.05,
        0.031,
        -0.052,
        0.072,
        0.021,
        0.024,
        -0.062,
        0.04,
        -0.108,
        -0.11,
        1.0
      ]
    ]
  },
  "factor_correlation": {
    "factors": [
      "Market",
      "Size",
      "Value (SMID)",
      "Momentum",
      "Quality",
      "Profitability",
      "Liquidity",
      "Credit"
    ],
    "matrix": [
      [
        1.0,
        0.357,
        -0.473,
        0.372,
        -0.19,
        -0.522,
        0.322,
        0.191
      ],
      [
        0.357,
        1.0,
        -0.158,
        0.231,
        0.128,
        0.158,
        0.342,
        0.058
      ],
      [
        -0.473,
        -0.158,
        1.0,
        -0.525,
        0.268,
        0.563,
        -0.371,
        -0.136
      ],
      [
        0.372,
        0.231,
        -0.525,
        1.0,
        -0.192,
        -0.509,
        0.264,
        0.025
      ],
      [
        -0.19,
        0.128,
        0.268,
        -0.192,
        1.0,
        0.397,
        -0.22,
        -0.135
      ],
      [
        -0.522,
        0.158,
        0.563,
        -0.509,
        0.397,
        1.0,
        -0.267,
        -0.086
      ],
      [
        0.322,
        0.342,
        -0.371,
        0.264,
        -0.22,
        -0.267,
        1.0,
        0.171
      ],
      [
        0.191,
        0.058,
        -0.136,
        0.025,
        -0.135,
        -0.086,
        0.171,
        1.0
      ]
    ]
  },
  "factor_exposures": [
    {
      "ticker": "AVAV",
      "r_squared": 0.1792549065401461,
      "alpha_annual": -0.20152248821877766,
      "idio_vol_annual": 0.6624345051784213,
      "Market": 1.0088368310817368,
      "Size": 0.8091747136663929,
      "Value (SMID)": -2.1635871485019207,
      "Momentum": -0.6242356091521772,
      "Quality": -1.3407487226915489,
      "Profitability": 0.004644357977991759,
      "Liquidity": 0.05032923732413547,
      "Credit": -1.6810647832858732
    },
    {
      "ticker": "BABA",
      "r_squared": 0.15008665278309197,
      "alpha_annual": -0.32176353064942614,
      "idio_vol_annual": 0.39737011771914454,
      "Market": 1.1819665613538832,
      "Size": 0.1733565295744617,
      "Value (SMID)": 0.22673856391017094,
      "Momentum": -0.11765673356943179,
      "Quality": -0.17395106019197965,
      "Profitability": -0.24951963020943554,
      "Liquidity": 0.19534614806007072,
      "Credit": 0.8931616090452023
    },
    {
      "ticker": "CEG",
      "r_squared": 0.24915299985644823,
      "alpha_annual": -0.3934087302040287,
      "idio_vol_annual": 0.40456731075122193,
      "Market": 0.7232361426516675,
      "Size": 0.3664332859858541,
      "Value (SMID)": -0.46216310190497667,
      "Momentum": 0.6846868232069327,
      "Quality": -0.7544744210689155,
      "Profitability": -0.6312894487792077,
      "Liquidity": -0.3414620125343234,
      "Credit": -0.8059617674407494
    },
    {
      "ticker": "CMI",
      "r_squared": 0.4990365131372916,
      "alpha_annual": 0.3536467121792059,
      "idio_vol_annual": 0.2328789574910535,
      "Market": 1.1343726652446284,
      "Size": 0.8480630568040052,
      "Value (SMID)": 0.42190823058197996,
      "Momentum": 0.7861694733605566,
      "Quality": 0.38385919114573486,
      "Profitability": -0.20541427974385779,
      "Liquidity": -0.32157466738770557,
      "Credit": 0.9096402531031643
    },
    {
      "ticker": "CRWV",
      "r_squared": 0.28711908166053934,
      "alpha_annual": -0.8053996507857137,
      "idio_vol_annual": 0.8045967661294505,
      "Market": 0.916618606696417,
      "Size": 0.7568923612169175,
      "Value (SMID)": -2.1633142769129474,
      "Momentum": 1.0218511135814823,
      "Quality": -4.614973015802547,
      "Profitability": -0.00953510441059402,
      "Liquidity": 0.4181559757118719,
      "Credit": 1.5396480847394893
    },
    {
      "ticker": "GENC",
      "r_squared": 0.3345835870358377,
      "alpha_annual": -0.44824320231062525,
      "idio_vol_annual": 0.32696654342793136,
      "Market": 1.414981692880056,
      "Size": 1.171450399501361,
      "Value (SMID)": 1.1703804823395672,
      "Momentum": 0.004991414987732479,
      "Quality": -0.5207572439273991,
      "Profitability": 0.1377732455296003,
      "Liquidity": -0.166505148682358,
      "Credit": 0.5767446000536329
    },
    {
      "ticker": "GRPN",
      "r_squared": 0.15929674397836524,
      "alpha_annual": -1.1438083835870028,
      "idio_vol_annual": 0.6293402106611793,
      "Market": 1.869915805017575,
      "Size": 0.21495319815331682,
      "Value (SMID)": -0.886060955205581,
      "Momentum": -0.09357934858136141,
      "Quality": -1.935391974864615,
      "Profitability": 1.4677754176029083,
      "Liquidity": 0.20364631333500754,
      "Credit": 1.6145342149365014
    },
    {
      "ticker": "JAKK",
      "r_squared": 0.2876657320796495,
      "alpha_annual": -0.32170290511117267,
      "idio_vol_annual": 0.3609764715877707,
      "Market": 1.4045326141679448,
      "Size": 0.9864912734103366,
      "Value (SMID)": 0.8321687804397905,
      "Momentum": -0.39907762682048886,
      "Quality": 1.5471797281586452,
      "Profitability": -0.2764322331764827,
      "Liquidity": 0.41649422391700713,
      "Credit": -0.3208610150693108
    },
    {
      "ticker": "KSPI",
      "r_squared": 0.22972937181446007,
      "alpha_annual": -0.2908801543313012,
      "idio_vol_annual": 0.31553257067637985,
      "Market": 1.2972369112727296,
      "Size": 0.3763111654222874,
      "Value (SMID)": -0.30801123202170166,
      "Momentum": -0.6053698336968805,
      "Quality": 0.11970501896425667,
      "Profitability": 0.13800935805568892,
      "Liquidity": -0.03865244664051026,
      "Credit": 0.38638440379235667
    },
    {
      "ticker": "OPEN",
      "r_squared": 0.11898658826624842,
      "alpha_annual": 1.2800474842333738,
      "idio_vol_annual": 1.3594651154202975,
      "Market": 2.9784617252322723,
      "Size": 1.1753243551500572,
      "Value (SMID)": -1.7295877130911177,
      "Momentum": -1.6376568778579041,
      "Quality": 1.6207360914617621,
      "Profitability": 1.033498547006083,
      "Liquidity": 1.7992188347824487,
      "Credit": -3.021814285153456
    },
    {
      "ticker": "PYPL",
      "r_squared": 0.30974468188029036,
      "alpha_annual": -0.7716070520960623,
      "idio_vol_annual": 0.33634284009798404,
      "Market": 1.8903118182131697,
      "Size": -0.42784547545133017,
      "Value (SMID)": -0.9223537899249206,
      "Momentum": -0.9383779938058718,
      "Quality": 1.578834154358453,
      "Profitability": 0.761241301144758,
      "Liquidity": 0.47213773817418553,
      "Credit": -0.09979467059325894
    },
    {
      "ticker": "VIA",
      "r_squared": 0.12601230982786782,
      "alpha_annual": -1.6738806941127142,
      "idio_vol_annual": 0.6851526580753071,
      "Market": 1.2757826650821733,
      "Size": 0.3079906649645045,
      "Value (SMID)": -1.5182604371044062,
      "Momentum": -1.2712406237196159,
      "Quality": -1.739123385697597,
      "Profitability": 0.6478622380888408,
      "Liquidity": 0.5620511234678429,
      "Credit": -0.9591118650865746
    },
    {
      "ticker": "VST",
      "r_squared": 0.2726223902025857,
      "alpha_annual": -0.3931252400919558,
      "idio_vol_annual": 0.41303119051991793,
      "Market": 0.5692548912223316,
      "Size": 0.7403191334817115,
      "Value (SMID)": -0.6804522495777238,
      "Momentum": 0.7254135847923278,
      "Quality": -1.7030358919325868,
      "Profitability": -0.5219541419296494,
      "Liquidity": -0.6987697193069551,
      "Credit": -0.6576037314669702
    },
    {
      "ticker": "XNET",
      "r_squared": 0.1695094515775113,
      "alpha_annual": -0.7173476482759311,
      "idio_vol_annual": 0.7256108214814385,
      "Market": 1.9988931790378492,
      "Size": 0.1606403356689301,
      "Value (SMID)": -0.6859708987806521,
      "Momentum": -0.5541341975399722,
      "Quality": 0.29003728329027545,
      "Profitability": 0.5115740614996582,
      "Liquidity": 1.3043844751070035,
      "Credit": 2.357465268503257
    },
    {
      "ticker": "ZS",
      "r_squared": 0.09348646242321179,
      "alpha_annual": -0.9949434376020333,
      "idio_vol_annual": 0.595504043429597,
      "Market": 1.3582888523539962,
      "Size": -0.4370538045595749,
      "Value (SMID)": -1.1832124996054185,
      "Momentum": -1.05889605507868,
      "Quality": -1.0006213535278978,
      "Profitability": 0.8436932484678379,
      "Liquidity": 0.13945190168909616,
      "Credit": 0.0027651136155300085
    },
    {
      "ticker": "ZTS",
      "r_squared": 0.17670428953162365,
      "alpha_annual": -0.9769467150393109,
      "idio_vol_annual": 0.3413521538987919,
      "Market": 1.42177363270107,
      "Size": -0.006560388854265853,
      "Value (SMID)": 0.09233332805527361,
      "Momentum": -0.1109051671311026,
      "Quality": 1.3249418734259761,
      "Profitability": 0.9394537549661033,
      "Liquidity": 0.16447573513416025,
      "Credit": -0.6271793012950787
    }
  ],
  "portfolio_factor_exposure": {
    "loadings": {
      "Market": 1.4521687798547394,
      "Size": 0.3486315507199019,
      "Value (SMID)": -0.6314134586124723,
      "Momentum": -0.3416352653252719,
      "Quality": -0.6507049519313418,
      "Profitability": 0.47792889635381297,
      "Liquidity": 0.2600074888319732,
      "Credit": 0.4699763848585083
    },
    "alpha_annual": -0.6856772940822657,
    "r_squared_weighted": 0.2151486309035497
  },
  "stress_tests": [
    {
      "scenario": "COVID Crash (Feb-Mar 2020)",
      "market_move": -0.339,
      "portfolio_impact": -0.5348640561239022,
      "stressed_nav": 447569.37193317217,
      "pnl": -514664.0951333829,
      "description": "Rapid 33.9% selloff in SPY over 23 trading days as COVID-19 spread."
    },
    {
      "scenario": "2022 Rate Shock (Jan-Oct)",
      "market_move": -0.252,
      "portfolio_impact": -0.3975980594195379,
      "stressed_nav": 579651.307852359,
      "pnl": -382582.159214196,
      "description": "Grinding 9-month decline as the Fed hiked rates aggressively."
    },
    {
      "scenario": "GFC 2008-09",
      "market_move": -0.565,
      "portfolio_impact": -0.8914400935398369,
      "stressed_nav": 104459.97517758366,
      "pnl": -857773.4918889714,
      "description": "Credit crisis bear market; SPY drew down 56.5% from Oct 2007 peak."
    },
    {
      "scenario": "Dot-Com Bust (2000-02)",
      "market_move": -0.491,
      "portfolio_impact": -0.7746851078372742,
      "stressed_nav": 216805.52986746663,
      "pnl": -745427.9371990884,
      "description": "Tech bubble burst; SPY -49.1% peak-to-trough over 30 months."
    },
    {
      "scenario": "Black Monday (Oct 1987)",
      "market_move": -0.204,
      "portfolio_impact": -0.32186509572057825,
      "stressed_nav": 652524.1000836345,
      "pnl": -309709.36698292056,
      "description": "Flash crash; -20.4% on a single trading day."
    },
    {
      "scenario": "Aug 2024 Yen Carry Unwind",
      "market_move": -0.084,
      "portfolio_impact": -0.1325326864731793,
      "stressed_nav": 834706.080661823,
      "pnl": -127527.38640473201,
      "description": "Yen carry unwind shock; SPY -8.4% in one week."
    }
  ],
  "monte_carlo": {
    "horizon_days": 21,
    "n_paths": 10000,
    "current_nav": 962233.467066555,
    "terminal_return": {
      "p5": -0.15867365404714376,
      "p25": -0.08355249899902636,
      "p50": -0.030630128754680908,
      "p75": 0.02410759365000137,
      "p95": 0.10647264604358765,
      "prob_negative": 0.6467
    },
    "terminal_nav": {
      "p5": 809552.3668006528,
      "p50": 932760.1320782435,
      "p95": 1064685.0104168265
    },
    "max_drawdown": {
      "p5": -0.1735723096514502,
      "p50": -0.08258025574248737,
      "p95": -0.0309643417792522
    },
    "method": "Bootstrap of synthetic portfolio daily returns (current weights \u00d7 each holding's 252-day history). 10,000 paths, 21-trading-day horizon (~1 month)."
  },
  "factor_stress": [
    {
      "scenario": "Tech Selloff -15%",
      "description": "Concentrated drawdown in Tech and Communication Services.",
      "shocks": {
        "sector:Technology": -0.15,
        "sector:Communication Services": -0.1
      },
      "pnl": -70380.49273152351,
      "stressed_nav": 891852.9743350316,
      "portfolio_impact": -0.073142844372358,
      "equity_at_risk_pct": 0.8443485545596382
    },
    {
      "scenario": "Rate Shock (+100bp)",
      "description": "Long-duration growth and rate-sensitive sectors hit; banks benefit.",
      "shocks": {
        "sector:Technology": -0.08,
        "sector:Consumer Cyclical": -0.1,
        "sector:Financial Services": 0.05,
        "sector:Real Estate": -0.12,
        "sector:Utilities": -0.06
      },
      "pnl": -41111.30579099655,
      "stressed_nav": 921122.1612755585,
      "portfolio_impact": -0.042724876236458105,
      "equity_at_risk_pct": 0.8443485545596382
    },
    {
      "scenario": "Energy Spike (+30%)",
      "description": "Oil shock \u2014 producers rally, downstream consumers pinched.",
      "shocks": {
        "sector:Energy": 0.3,
        "sector:Industrials": -0.05,
        "sector:Consumer Cyclical": -0.07,
        "sector:Consumer Defensive": -0.03
      },
      "pnl": -12096.442098579408,
      "stressed_nav": 950137.0249679757,
      "portfolio_impact": -0.012571213237320014,
      "equity_at_risk_pct": 0.8443485545596382
    },
    {
