{
  "generated_at": "2026-06-10T11:05:38.930371Z",
  "market_session": "PRE",
  "fund_name": "Convex Capital",
  "tagline": "Lose small. Win big. \u2014 Paper-traded portfolio. Hypothetical performance for educational purposes only.",
  "summary": {
    "nav": 963079.8775539207,
    "cash": 124779.98000000003,
    "equity": 838299.8975539207,
    "deposits": 1000000.0,
    "total_return": -0.03692012244607923,
    "realized_pnl": 0.0,
    "open_positions": 16
  },
  "metrics": {
    "annualized_return": -0.30532106092129674,
    "annualized_vol": 0.2930477951935892,
    "sharpe": -1.0418814470847657,
    "sortino": -1.4391234855491848,
    "max_drawdown": -0.41424127633046554,
    "var_95_1d": -0.03533094744083036,
    "method": "Synthetic: current weights \u00d7 each holding's 252-day return history.",
    "beta_spy": 1.5879666840168305,
    "data_basis": "synthetic_252d",
    "days_of_live_nav": 6
  },
  "nav_curve": [
    {
      "date": "2026-06-01",
      "value": 999876.7628759766
    },
    {
      "date": "2026-06-02",
      "value": 1004058.1192620469
    },
    {
      "date": "2026-06-03",
      "value": 988718.7906235124
    },
    {
      "date": "2026-06-04",
      "value": 1000919.7487734223
    },
    {
      "date": "2026-06-05",
      "value": 963668.4124958802
    },
    {
      "date": "2026-06-08",
      "value": 962233.467066555
    }
  ],
  "drawdown_curve": [
    {
      "date": "2026-06-01",
      "value": 0.0
    },
    {
      "date": "2026-06-02",
      "value": 0.0
    },
    {
      "date": "2026-06-03",
      "value": -0.015277331405684446
    },
    {
      "date": "2026-06-04",
      "value": -0.003125686081729177
    },
    {
      "date": "2026-06-05",
      "value": -0.040226462981895875
    },
    {
      "date": "2026-06-08",
      "value": -0.04165560876718144
    }
  ],
  "benchmarks": {
    "SPY": [
      {
        "date": "2026-06-01",
        "value": 0.0
      },
      {
        "date": "2026-06-02",
        "value": 0.0013579103629497435
      },
      {
        "date": "2026-06-03",
        "value": -0.005668768842152949
      },
      {
        "date": "2026-06-04",
        "value": -0.0019115026417536596
      },
      {
        "date": "2026-06-05",
        "value": -0.027671567540792585
      },
      {
        "date": "2026-06-08",
        "value": -0.02546999220062507
      }
    ],
    "IWM": [
      {
        "date": "2026-06-01",
        "value": 0.0
      },
      {
        "date": "2026-06-02",
        "value": 0.009273972502921835
      },
      {
        "date": "2026-06-03",
        "value": -0.004533177066893157
      },
      {
        "date": "2026-06-04",
        "value": 0.010485150059186044
      },
      {
        "date": "2026-06-05",
        "value": -0.02536513534214846
      },
      {
        "date": "2026-06-08",
        "value": -0.01685246539421037
      }
    ]
  },
  "holdings": [
    {
      "ticker": "GRPN",
      "company": "Groupon, Inc.",
      "sector": "Communication Services",
      "country": "United States",
      "shares": 11310.0,
      "price": 16.18000030517578,
      "cost_basis": 17.682836427939876,
      "market_value": 182995.8034515381,
      "unrealized_pnl": -16997.076548461908,
      "short_percent_of_float": 0.56310004,
      "short_ratio": 5.75
    },
    {
      "ticker": "KSPI",
      "company": "Joint Stock Company Kaspi.kz",
      "sector": "Technology",
      "country": "Kazakhstan",
      "shares": 1515.0,
      "price": 80.16999816894531,
      "cost_basis": 82.53049504950495,
      "market_value": 121457.54722595215,
      "unrealized_pnl": -3576.1527740478505,
      "short_percent_of_float": 0.0159,
      "short_ratio": 3.24
    },
    {
      "ticker": "JAKK",
      "company": "JAKKS Pacific, Inc.",
      "sector": "Consumer Cyclical",
      "country": "United States",
      "shares": 3436.0,
      "price": 21.559999465942383,
      "cost_basis": 21.83,
      "market_value": 74080.15816497803,
      "unrealized_pnl": -927.7218350219669,
      "short_percent_of_float": 0.039100002,
      "short_ratio": 7.32
    },
    {
      "ticker": "VIA",
      "company": "Via Transportation, Inc.",
      "sector": "Technology",
      "country": "United States",
      "shares": 4921.0,
      "price": 14.90999984741211,
      "cost_basis": 15.241408250355619,
      "market_value": 73372.10924911499,
      "unrealized_pnl": -1630.8607508850096,
      "short_percent_of_float": 0.13520001,
      "short_ratio": 6.88
    },
    {
      "ticker": "ZS",
      "company": "Zscaler, Inc.",
      "sector": "Technology",
      "country": "United States",
      "shares": 549.0,
      "price": 129.25,
      "cost_basis": 136.8013843351548,
      "market_value": 70958.25,
      "unrealized_pnl": -4145.709999999989,
      "short_percent_of_float": 0.114700004,
      "short_ratio": 2.09
    },
    {
      "ticker": "CMI",
      "company": "Cummins Inc.",
      "sector": "Industrials",
      "country": "United States",
      "shares": 78.0,
      "price": 672.6799926757812,
      "cost_basis": 643.5,
      "market_value": 52469.03942871094,
      "unrealized_pnl": 2276.0394287109375,
      "short_percent_of_float": 0.0171,
      "short_ratio": 2.07
    },
    {
      "ticker": "XNET",
      "company": "Xunlei Limited",
      "sector": "Technology",
      "country": "China",
      "shares": 10526.0,
      "price": 4.820000171661377,
      "cost_basis": 4.75,
      "market_value": 50735.321806907654,
      "unrealized_pnl": 736.8218069076538,
      "short_percent_of_float": 0.0377,
      "short_ratio": 6.03
    },
    {
      "ticker": "CRWV",
      "company": "CoreWeave, Inc.",
      "sector": "Technology",
      "country": "United States",
      "shares": 468.0,
      "price": 102.37000274658203,
      "cost_basis": 106.78134615384614,
      "market_value": 47909.16128540039,
      "unrealized_pnl": -2064.508714599605,
      "short_percent_of_float": 0.18190001,
      "short_ratio": 1.91
    },
    {
      "ticker": "BABA",
      "company": "Alibaba Group Holding Limited",
      "sector": "Consumer Cyclical",
      "country": "Hong Kong",
      "shares": 299.0,
      "price": 120.06999969482422,
      "cost_basis": 125.39999999999999,
      "market_value": 35900.92990875244,
      "unrealized_pnl": -1593.670091247556,
      "short_percent_of_float": 0.0165,
      "short_ratio": 3.21
    },
    {
      "ticker": "PYPL",
      "company": "PayPal Holdings, Inc.",
      "sector": "Financial Services",
      "country": "United States",
      "shares": 830.0,
      "price": 41.2599983215332,
      "cost_basis": 45.19,
      "market_value": 34245.79860687256,
      "unrealized_pnl": -3261.9013931274394,
      "short_percent_of_float": 0.0626,
      "short_ratio": 3.16
    },
    {
      "ticker": "ZTS",
      "company": "Zoetis Inc.",
      "sector": "Healthcare",
      "country": "United States",
      "shares": 312.0,
      "price": 78.81999969482422,
      "cost_basis": 80.09,
      "market_value": 24591.839904785156,
      "unrealized_pnl": -396.2400952148448,
      "short_percent_of_float": 0.0363,
      "short_ratio": 1.45
    },
    {
      "ticker": "AVAV",
      "company": "AeroVironment, Inc.",
      "sector": "Industrials",
      "country": "United States",
      "shares": 122.0,
      "price": 184.67999267578125,
      "cost_basis": 204.09,
      "market_value": 22530.959106445312,
      "unrealized_pnl": -2368.020893554688,
      "short_percent_of_float": 0.120699994,
      "short_ratio": 3.48
    },
    {
      "ticker": "GENC",
      "company": "Gencor Industries, Inc.",
      "sector": "Industrials",
      "country": "United States",
      "shares": 873.0,
      "price": 14.84000015258789,
      "cost_basis": 14.32,
      "market_value": 12955.320133209229,
      "unrealized_pnl": 453.9601332092283,
      "short_percent_of_float": 0.0064,
      "short_ratio": 2.39
    },
    {
      "ticker": "VST",
      "company": "Vistra Corp.",
      "sector": "Utilities",
      "country": "United States",
      "shares": 81.0,
      "price": 146.89999389648438,
      "cost_basis": 154.76,
      "market_value": 11898.899505615234,
      "unrealized_pnl": -636.6604943847649,
      "short_percent_of_float": 0.0539,
      "short_ratio": 2.73
    },
    {
      "ticker": "CEG",
      "company": "Constellation Energy Corporation",
      "sector": "Utilities",
      "country": "United States",
      "shares": 47.0,
      "price": 250.6699981689453,
      "cost_basis": 265.7,
      "market_value": 11781.48991394043,
      "unrealized_pnl": -706.4100860595697,
      "short_percent_of_float": 0.036,
      "short_ratio": 3.46
    },
    {
      "ticker": "OPEN",
      "company": "Opendoor Technologies Inc.",
      "sector": "Real Estate",
      "country": "United States",
      "shares": 2417.0,
      "price": 4.309999942779541,
      "cost_basis": 5.171402565163425,
      "market_value": 10417.26986169815,
      "unrealized_pnl": -2082.0101383018477,
      "short_percent_of_float": 0.16149999,
      "short_ratio": 3.77
    }
  ],
  "sector_exposure": [
    {
      "name": "Technology",
      "value": 364432.3895673752,
      "pct": 0.37840307752351665
    },
    {
      "name": "Communication Services",
      "value": 182995.8034515381,
      "pct": 0.1900110340964865
    },
    {
      "name": "Cash",
      "value": 124779.98000000003,
      "pct": 0.12956347952874123
    },
    {
      "name": "Consumer Cyclical",
      "value": 109981.08807373047,
      "pct": 0.1141972650836253
    },
    {
      "name": "Industrials",
      "value": 87955.31866836548,
      "pct": 0.091327127394416
    },
    {
      "name": "Financial Services",
      "value": 34245.79860687256,
      "pct": 0.03555862748773422
    },
    {
      "name": "Healthcare",
      "value": 24591.839904785156,
      "pct": 0.02553457971445189
    },
    {
      "name": "Utilities",
      "value": 23680.389419555664,
      "pct": 0.024588188343941234
    },
    {
      "name": "Real Estate",
      "value": 10417.26986169815,
      "pct": 0.010816620827087014
    }
  ],
  "geographic_exposure": [
    {
      "name": "United States",
      "value": 630206.0986123085,
      "pct": 0.6543653473613612
    },
    {
      "name": "Cash",
      "value": 124779.98000000003,
      "pct": 0.12956347952874123
    },
    {
      "name": "Kazakhstan",
      "value": 121457.54722595215,
      "pct": 0.1261136797234682
    },
    {
      "name": "China",
      "value": 50735.321806907654,
      "pct": 0.05268028435581876
    },
    {
      "name": "Hong Kong",
      "value": 35900.92990875244,
      "pct": 0.03727720903061068
    }
  ],
  "signals": [
    {
      "ticker": "AVAV",
      "label": "BUY",
      "composite": 1.0,
      "rsi": 49.1,
      "subs": {
        "rsi": 0.5,
        "macd": 0.5,
        "trend": -0.5,
        "bb": 0.5,
        "vol": 0.0,
        "range": 0.0
      }
    },
    {
      "ticker": "BABA",
      "label": "STRONG SELL",
      "composite": -2.0,
      "rsi": 36.2,
      "subs": {
        "rsi": 0.0,
        "macd": -0.5,
        "trend": -0.5,
        "bb": -0.5,
        "vol": 0.0,
        "range": -0.5
      }
    },
    {
      "ticker": "CEG",
      "label": "SELL",
      "composite": -1.5,
      "rsi": 34.9,
      "subs": {
        "rsi": 0.0,
        "macd": -0.5,
        "trend": -0.5,
        "bb": -0.5,
        "vol": 0.5,
        "range": -0.5
      }
    },
    {
      "ticker": "CMI",
      "label": "BUY",
      "composite": 1.0,
      "rsi": 53.1,
      "subs": {
        "rsi": 0.5,
        "macd": -0.5,
        "trend": 0.5,
        "bb": 0.5,
        "vol": 0.0,
        "range": 0.0
      }
    },
    {
      "ticker": "CRWV",
      "label": "SELL",
      "composite": -1.5,
      "rsi": 44.9,
      "subs": {
        "rsi": 0.0,
        "macd": -0.5,
        "trend": 0.0,
        "bb": -0.5,
        "vol": 0.0,
        "range": -0.5
      }
    },
    {
      "ticker": "GENC",
      "label": "STRONG BUY",
      "composite": 2.0,
      "rsi": 52.6,
      "subs": {
        "rsi": 0.5,
        "macd": 0.5,
        "trend": 0.5,
        "bb": 0.5,
        "vol": 0.0,
        "range": 0.0
      }
    },
    {
      "ticker": "GRPN",
      "label": "SELL",
      "composite": -1.5,
      "rsi": 44.4,
      "subs": {
        "rsi": 0.0,
        "macd": -0.5,
        "trend": 0.0,
        "bb": -0.5,
        "vol": 0.0,
        "range": -0.5
      }
    },
    {
      "ticker": "JAKK",
      "label": "SELL",
      "composite": -1.0,
      "rsi": 46.5,
      "subs": {
        "rsi": 0.5,
        "macd": -0.5,
        "trend": 0.0,
        "bb": -0.5,
        "vol": 0.0,
        "range": -0.5
      }
    },
    {
      "ticker": "KSPI",
      "label": "SELL",
      "composite": -1.0,
      "rsi": 32.8,
      "subs": {
        "rsi": 0.0,
        "macd": -0.5,
        "trend": 0.0,
        "bb": 0.0,
        "vol": 0.0,
        "range": -0.5
      }
    },
    {
      "ticker": "OPEN",
      "label": "STRONG SELL",
      "composite": -2.0,
      "rsi": 39.5,
      "subs": {
        "rsi": 0.0,
        "macd": -0.5,
        "trend": -0.5,
        "bb": -0.5,
        "vol": 0.0,
        "range": -0.5
      }
    },
    {
      "ticker": "PYPL",
      "label": "STRONG SELL",
      "composite": -2.0,
      "rsi": 29.2,
      "subs": {
        "rsi": -0.5,
        "macd": -0.5,
        "trend": -0.5,
        "bb": 0.0,
        "vol": 0.0,
        "range": -0.5
      }
    },
    {
      "ticker": "VIA",
      "label": "BUY",
      "composite": 1.0,
      "rsi": 47.5,
      "subs": {
        "rsi": 0.5,
        "macd": 0.5,
        "trend": -0.5,
        "bb": 0.5,
        "vol": 0.0,
        "range": 0.0
      }
    },
    {
      "ticker": "VST",
      "label": "STRONG SELL",
      "composite": -2.0,
      "rsi": 43.5,
      "subs": {
        "rsi": 0.0,
        "macd": -0.5,
        "trend": -0.5,
        "bb": -0.5,
        "vol": -0.5,
        "range": 0.0
      }
    },
    {
      "ticker": "XNET",
      "label": "SELL",
      "composite": -1.5,
      "rsi": 34.4,
      "subs": {
        "rsi": 0.0,
        "macd": -0.5,
        "trend": -0.5,
        "bb": -0.5,
        "vol": 0.5,
        "range": -0.5
      }
    },
    {
      "ticker": "ZS",
      "label": "STRONG SELL",
      "composite": -2.0,
      "rsi": 41.4,
      "subs": {
        "rsi": 0.0,
        "macd": -0.5,
        "trend": -0.5,
        "bb": -0.5,
        "vol": 0.0,
        "range": -0.5
      }
    },
    {
      "ticker": "ZTS",
      "label": "LEAN BULL",
      "composite": 0.5,
      "rsi": 32.5,
      "subs": {
        "rsi": 0.0,
        "macd": 0.5,
        "trend": -0.5,
        "bb": 0.5,
        "vol": 0.0,
        "range": 0.0
      }
    }
  ],
  "volatility": [
    {
      "ticker": "AVAV",
      "hv20": 0.8879684993215613,
      "garch": 0.7731430734331611,
      "expansion": -0.1293124992340728,
      "regime": "HIGH",
      "signal": "WEAK"
    },
    {
      "ticker": "BABA",
      "hv20": 0.4711466106865847,
      "garch": 0.4334747416978369,
      "expansion": -0.07995784779996606,
      "regime": "HIGH",
      "signal": "WEAK"
    },
    {
      "ticker": "CEG",
      "hv20": 0.5525311143311176,
      "garch": 0.571222384972278,
      "expansion": 0.033828449034562766,
      "regime": "HIGH",
      "signal": "WEAK"
    },
    {
      "ticker": "CMI",
      "hv20": 0.43273593583512576,
      "garch": 0.36916259540320995,
      "expansion": -0.14691024055866145,
      "regime": "HIGH",
      "signal": "WEAK"
    },
    {
      "ticker": "CRWV",
      "hv20": 0.7991896111239162,
      "garch": 0.9924041445286279,
      "expansion": 0.241763069383485,
      "regime": "LOW",
      "signal": "SIGNAL"
    },
    {
      "ticker": "GENC",
      "hv20": 0.4155923196304386,
      "garch": 0.44527877296708995,
      "expansion": 0.07143166977447939,
      "regime": "NORMAL",
      "signal": "WEAK"
    },
    {
      "ticker": "GRPN",
      "hv20": 0.8792874391308394,
      "garch": 0.8149303875569548,
      "expansion": -0.0731922790088989,
      "regime": "HIGH",
      "signal": "WEAK"
    },
    {
      "ticker": "JAKK",
      "hv20": 0.2603764026094843,
      "garch": 0.4598453919408286,
      "expansion": 0.7660793656117536,
      "regime": "LOW",
      "signal": "SIGNAL"
    },
    {
      "ticker": "KSPI",
      "hv20": 0.2665184890534583,
      "garch": 0.35093009992805013,
      "expansion": 0.31671953107035855,
      "regime": "LOW",
      "signal": "SIGNAL"
    },
    {
      "ticker": "OPEN",
      "hv20": 0.736102259756758,
      "garch": 0.9324185973023558,
      "expansion": 0.26669709940908165,
      "regime": "LOW",
      "signal": "SIGNAL"
    },
    {
      "ticker": "PYPL",
      "hv20": 0.23405545843726822,
      "garch": 0.3907198875066514,
      "expansion": 0.6693474705328119,
      "regime": "LOW",
      "signal": "SIGNAL"
    },
    {
      "ticker": "VIA",
      "hv20": 1.008175658547803,
      "garch": null,
      "expansion": null,
      "regime": "NORMAL",
      "signal": "WEAK"
    },
    {
      "ticker": "VST",
      "hv20": 0.4979898239430335,
      "garch": 0.5662888719215845,
      "expansion": 0.13714948517976935,
      "regime": "NORMAL",
      "signal": "BASE"
    },
    {
      "ticker": "XNET",
      "hv20": 0.766444165048805,
      "garch": 0.8737977012748964,
      "expansion": 0.1400670017746896,
      "regime": "HIGH",
      "signal": "BASE"
    },
    {
      "ticker": "ZS",
      "hv20": 1.5794360500508882,
      "garch": 0.576013759835081,
      "expansion": -0.6353041582047452,
      "regime": "EXTREME",
      "signal": "WEAK"
    },
    {
      "ticker": "ZTS",
      "hv20": 0.39860583231357377,
      "garch": 0.31286920364053245,
      "expansion": -0.21509125487555422,
      "regime": "HIGH",
      "signal": "WEAK"
    }
  ],
  "correlation": {
    "tickers": [
      "AVAV",
      "BABA",
      "CEG",
      "CMI",
      "CRWV",
      "GENC",
      "GRPN",
      "JAKK",
      "KSPI",
      "OPEN",
      "PYPL",
      "VIA",
      "VST",
      "XNET",
      "ZS",
      "ZTS"
    ],
    "matrix": [
      [
        1.0,
        0.131,
        0.264,
        0.247,
        0.307,
        0.098,
        0.233,
        0.084,
        0.093,
        0.337,
        0.2,
        0.033,
        0.301,
        0.331,
        0.174,
        0.069
      ],
      [
        0.131,
        1.0,
        0.181,
        0.334,
        0.353,
        0.131,
        0.192,
        0.117,
        0.214,
        0.196,
        0.244,
        -0.037,
        0.226,
        0.478,
        0.038,
        0.077
      ],
      [
        0.264,
        0.181,
        1.0,
        0.312,
        0.218,
        0.149,
        0.08,
        0.09,
        0.053,
        0.19,
        0.124,
        0.006,
        0.796,
        0.247,
        0.041,
        0.122
      ],
      [
        0.247,
        0.334,
        0.312,
        1.0,
        0.367,
        0.362,
        0.186,
        0.152,
        0.232,
        0.201,
        0.065,
        0.007,
        0.321,
        0.314,
        -0.056,
        0.202
      ],
      [
        0.307,
        0.353,
        0.218,
        0.367,
        1.0,
        0.12,
        0.167,
        0.062,
        0.132,
        0.241,
        0.132,
        0.224,
        0.309,
        0.372,
        0.182,
        0.088
      ],
      [
        0.098,
        0.131,
        0.149,
        0.362,
        0.12,
        1.0,
        0.16,
        0.315,
        0.159,
        0.131,
        0.098,
        0.066,
        0.173,
        0.167,
        0.053,
        0.152
      ],
      [
        0.233,
        0.192,
        0.08,
        0.186,
        0.167,
        0.16,
        1.0,
        0.15,
        0.336,
        0.306,
        0.262,
        0.179,
        0.115,
        0.221,
        0.149,
        0.16
      ],
      [
        0.084,
        0.117,
        0.09,
        0.152,
        0.062,
        0.315,
        0.15,
        1.0,
        0.108,
        0.138,
        0.214,
        0.143,
        0.061,
        0.196,
        -0.051,
        0.134
      ],
      [
        0.093,
        0.214,
        0.053,
        0.232,
        0.132,
        0.159,
        0.336,
        0.108,
        1.0,
        0.249,
        0.255,
        0.149,
        0.083,
        0.191,
        0.155,
        0.204
      ],
      [
        0.337,
        0.196,
        0.19,
        0.201,
        0.241,
        0.131,
        0.306,
        0.138,
        0.249,
        1.0,
        0.239,
        0.163,
        0.263,
        0.342,
        0.064,
        0.164
      ],
      [
        0.2,
        0.244,
        0.124,
        0.065,
        0.132,
        0.098,
        0.262,
        0.214,
        0.255,
        0.239,
        1.0,
        0.159,
        0.063,
        0.326,
        0.206,
        0.17
      ],
      [
        0.033,
        -0.037,
        0.006,
        0.007,
        0.224,
        0.066,
        0.179,
        0.143,
        0.149,
        0.163,
        0.159,
        1.0,
        0.061,
        0.19,
        0.369,
        0.025
      ],
      [
        0.301,
        0.226,
        0.796,
        0.321,
        0.309,
        0.173,
        0.115,
        0.061,
        0.083,
        0.263,
        0.063,
        0.061,
        1.0,
        0.269,
        0.069,
        0.091
      ],
      [
        0.331,
        0.478,
        0.247,
        0.314,
        0.372,
        0.167,
        0.221,
        0.196,
        0.191,
        0.342,
        0.326,
        0.19,
        0.269,
        1.0,
        0.221,
        0.039
      ],
      [
        0.174,
        0.038,
        0.041,
        -0.056,
        0.182,
        0.053,
        0.149,
        -0.051,
        0.155,
        0.064,
        0.206,
        0.369,
        0.069,
        0.221,
        1.0,
        -0.032
      ],
      [
        0.069,
        0.077,
        0.122,
        0.202,
        0.088,
        0.152,
        0.16,
        0.134,
        0.204,
        0.164,
        0.17,
        0.025,
        0.091,
        0.039,
        -0.032,
        1.0
      ]
    ]
  },
  "residual_correlation": {
    "tickers": [
      "AVAV",
      "BABA",
      "CEG",
      "CMI",
      "CRWV",
      "GENC",
      "GRPN",
      "JAKK",
      "KSPI",
      "OPEN",
      "PYPL",
      "VIA",
      "VST",
      "XNET",
      "ZS",
      "ZTS"
    ],
    "matrix": [
      [
        1.0,
        -0.012,
        0.117,
        0.064,
        0.116,
        -0.032,
        0.086,
        -0.057,
        -0.123,
        0.15,
        0.009,
        -0.142,
        0.148,
        0.163,
        0.099,
        -0.051
      ],
      [
        -0.012,
        1.0,
        0.009,
        0.102,
        0.188,
        -0.081,
        0.024,
        -0.046,
        0.037,
        0.04,
        0.122,
        -0.161,
        0.056,
        0.344,
        -0.048,
        -0.024
      ],
      [
        0.117,
        0.009,
        1.0,
        0.032,
        -0.04,
        0.03,
        -0.059,
        -0.014,
        -0.12,
        0.029,
        0.039,
        -0.093,
        0.732,
        0.082,
        0.017,
        0.081
      ],
      [
        0.064,
        0.102,
        0.032,
        1.0,
        0.097,
        0.069,
        -0.063,
        -0.145,
        -0.013,
        -0.067,
        -0.104,
        -0.116,
        -0.005,
        0.017,
        -0.121,
        0.071
      ],
      [
        0.116,
        0.188,
        -0.04,
        0.097,
        1.0,
        0.014,
        -0.04,
        -0.033,
        -0.095,
        0.017,
        -0.043,
        0.107,
        0.056,
        0.106,
        0.128,
        0.044
      ],
      [
        -0.032,
        -0.081,
        0.03,
        0.069,
        0.014,
        1.0,
        -0.028,
        0.063,
        -0.072,
        -0.077,
        0.005,
        -0.01,
        0.033,
        -0.04,
        0.012,
        -0.05
      ],
      [
        0.086,
        0.024,
        -0.059,
        -0.063,
        -0.04,
        -0.028,
        1.0,
        0.007,
        0.17,
        0.108,
        0.09,
        0.056,
        -0.038,
        -0.014,
        0.048,
        0.031
      ],
      [
        -0.057,
        -0.046,
        -0.014,
        -0.145,
        -0.033,
        0.063,
        0.007,
        1.0,
        -0.093,
        -0.028,
        0.103,
        0.082,
        -0.051,
        0.028,
        -0.118,
        -0.052
      ],
      [
        -0.123,
        0.037,
        -0.12,
        -0.013,
        -0.095,
        -0.072,
        0.17,
        -0.093,
        1.0,
        0.067,
        0.074,
        0.017,
        -0.11,
        -0.027,
        0.055,
        0.072
      ],
      [
        0.15,
        0.04,
        0.029,
        -0.067,
        0.017,
        -0.077,
        0.108,
        -0.028,
        0.067,
        1.0,
        0.064,
        0.033,
        0.106,
        0.156,
        -0.043,
        0.021
      ],
      [
        0.009,
        0.122,
        0.039,
        -0.104,
        -0.043,
        0.005,
        0.09,
        0.103,
        0.074,
        0.064,
        1.0,
        0.002,
        -0.043,
        0.181,
        0.066,
        0.024
      ],
      [
        -0.142,
        -0.161,
        -0.093,
        -0.116,
        0.107,
        -0.01,
        0.056,
        0.082,
        0.017,
        0.033,
        0.002,
        1.0,
        -0.038,
        0.056,
        0.302,
        -0.062
      ],
      [
        0.148,
        0.056,
        0.732,
        -0.005,
        0.056,
        0.033,
        -0.038,
        -0.051,
        -0.11,
        0.106,
        -0.043,
        -0.038,
        1.0,
        0.088,
        0.049,
        0.04
      ],
      [
        0.163,
        0.344,
        0.082,
        0.017,
        0.106,
        -0.04,
        -0.014,
        0.028,
        -0.027,
        0.156,
        0.181,
        0.056,
        0.088,
        1.0,
        0.142,
        -0.108
      ],
      [
        0.099,
        -0.048,
        0.017,
        -0.121,
        0.128,
        0.012,
        0.048,
        -0.118,
        0.055,
        -0.043,
        0.066,
        0.302,
        0.049,
        0.142,
        1.0,
        -0.11
      ],
      [
        -0.051,
        -0.024,
        0.081,
        0.071,
        0.044,
        -0.05,
        0.031,
        -0.052,
        0.072,
        0.021,
        0.024,
        -0.062,
        0.04,
        -0.108,
        -0.11,
        1.0
      ]
    ]
  },
  "factor_correlation": {
    "factors": [
      "Market",
      "Size",
      "Value (SMID)",
      "Momentum",
      "Quality",
      "Profitability",
      "Liquidity",
      "Credit"
    ],
    "matrix": [
      [
        1.0,
        0.357,
        -0.473,
        0.372,
        -0.19,
        -0.522,
        0.322,
        0.191
      ],
      [
        0.357,
        1.0,
        -0.158,
        0.231,
        0.128,
        0.158,
        0.342,
        0.058
      ],
      [
        -0.473,
        -0.158,
        1.0,
        -0.525,
        0.268,
        0.563,
        -0.371,
        -0.136
      ],
      [
        0.372,
        0.231,
        -0.525,
        1.0,
        -0.192,
        -0.509,
        0.264,
        0.025
      ],
      [
        -0.19,
        0.128,
        0.268,
        -0.192,
        1.0,
        0.397,
        -0.22,
        -0.135
      ],
      [
        -0.522,
        0.158,
        0.563,
        -0.509,
        0.397,
        1.0,
        -0.267,
        -0.086
      ],
      [
        0.322,
        0.342,
        -0.371,
        0.264,
        -0.22,
        -0.267,
        1.0,
        0.171
      ],
      [
        0.191,
        0.058,
        -0.136,
        0.025,
        -0.135,
        -0.086,
        0.171,
        1.0
      ]
    ]
  },
  "factor_exposures": [
    {
      "ticker": "AVAV",
      "r_squared": 0.1792549182379768,
      "alpha_annual": -0.2015220380196071,
      "idio_vol_annual": 0.6624345004576824,
      "Market": 1.008837245729254,
      "Size": 0.8091672431230104,
      "Value (SMID)": -2.1635925530383022,
      "Momentum": -0.6242342069415181,
      "Quality": -1.3407394519063283,
      "Profitability": 0.004646462548479711,
      "Liquidity": 0.0503385099000374,
      "Credit": -1.6810763166564087
    },
    {
      "ticker": "BABA",
      "r_squared": 0.15008639630525333,
      "alpha_annual": -0.32176098054625546,
      "idio_vol_annual": 0.39737017767621047,
      "Market": 1.1819652585226366,
      "Size": 0.17334900920624324,
      "Value (SMID)": 0.226731134397928,
      "Momentum": -0.1176539450496604,
      "Quality": -0.17390854622295904,
      "Profitability": -0.24951193105822592,
      "Liquidity": 0.19535282950109376,
      "Credit": 0.8931883113967175
    },
    {
      "ticker": "CEG",
      "r_squared": 0.24915341420677284,
      "alpha_annual": -0.3934075307464784,
      "idio_vol_annual": 0.40456717908509804,
      "Market": 0.7232368537173818,
      "Size": 0.3664288216359811,
      "Value (SMID)": -0.4621736134596469,
      "Momentum": 0.6846837660103737,
      "Quality": -0.7544692226674984,
      "Profitability": -0.6312883608938986,
      "Liquidity": -0.34145768508338314,
      "Credit": -0.805989901117392
    },
    {
      "ticker": "CMI",
      "r_squared": 0.49903696741525905,
      "alpha_annual": 0.35364604712731557,
      "idio_vol_annual": 0.2328787936846419,
      "Market": 1.1343729229190822,
      "Size": 0.8480644336865997,
      "Value (SMID)": 0.42191316675415835,
      "Momentum": 0.7861698001309587,
      "Quality": 0.38385607972138497,
      "Profitability": -0.20541721083199782,
      "Liquidity": -0.3215764348308804,
      "Credit": 0.9096441388860003
    },
    {
      "ticker": "CRWV",
      "r_squared": 0.287118608522419,
      "alpha_annual": -0.8053955799951557,
      "idio_vol_annual": 0.8045970331343094,
      "Market": 0.9166061078460995,
      "Size": 0.7569051356475848,
      "Value (SMID)": -2.1633008734547334,
      "Momentum": 1.0218477020578505,
      "Quality": -4.6149100139170685,
      "Profitability": -0.009576733523077358,
      "Liquidity": 0.418134892395135,
      "Credit": 1.5396925024762438
    },
    {
      "ticker": "GENC",
      "r_squared": 0.33458432091390855,
      "alpha_annual": -0.44824597544523836,
      "idio_vol_annual": 0.3269663631245623,
      "Market": 1.4149848199370263,
      "Size": 1.1714494664928559,
      "Value (SMID)": 1.1703899520396366,
      "Momentum": 0.004995828350534434,
      "Quality": -0.5207801970341709,
      "Profitability": 0.13778022569235868,
      "Liquidity": -0.16649661031348295,
      "Credit": 0.5767364669816679
    },
    {
      "ticker": "GRPN",
      "r_squared": 0.15929575330835466,
      "alpha_annual": -1.1438097475353945,
      "idio_vol_annual": 0.6293405814628177,
      "Market": 1.8699235209954876,
      "Size": 0.21494227567190818,
      "Value (SMID)": -0.8860525521058903,
      "Momentum": -0.0935672785298963,
      "Quality": -1.9353755309925855,
      "Profitability": 1.4677940952526531,
      "Liquidity": 0.2036630686017575,
      "Credit": 1.6144604233745983
    },
    {
      "ticker": "JAKK",
      "r_squared": 0.28766529889835335,
      "alpha_annual": -0.32170222016094685,
      "idio_vol_annual": 0.36097657058273525,
      "Market": 1.4045273769961921,
      "Size": 0.9864928962484624,
      "Value (SMID)": 0.8321651101218124,
      "Momentum": -0.39907488248941786,
      "Quality": 1.5471854064501442,
      "Profitability": -0.2764306790484916,
      "Liquidity": 0.41649862397946086,
      "Credit": -0.32084508415434093
    },
    {
      "ticker": "KSPI",
      "r_squared": 0.22972857536186697,
      "alpha_annual": -0.2908800659562343,
      "idio_vol_annual": 0.31553273380519453,
      "Market": 1.297240774475907,
      "Size": 0.37630710479852303,
      "Value (SMID)": -0.30801043278053397,
      "Momentum": -0.6053693284422724,
      "Quality": 0.11972121712876187,
      "Profitability": 0.13801084744926817,
      "Liquidity": -0.038642356099593864,
      "Credit": 0.3863181065944229
    },
    {
      "ticker": "OPEN",
      "r_squared": 0.11898777723084664,
      "alpha_annual": 1.2800397826852499,
      "idio_vol_annual": 1.3594641980923554,
      "Market": 2.9784809717544576,
      "Size": 1.1753169322561403,
      "Value (SMID)": -1.7295741345205593,
      "Momentum": -1.6376753286291061,
      "Quality": 1.62064161900578,
      "Profitability": 1.0334939710427473,
      "Liquidity": 1.7992651556446035,
      "Credit": -3.0221764835322755
    },
    {
      "ticker": "PYPL",
      "r_squared": 0.30974514432480993,
      "alpha_annual": -0.7716074202479257,
      "idio_vol_annual": 0.3363427630375628,
      "Market": 1.890313588977527,
      "Size": -0.4278498318473675,
      "Value (SMID)": -0.922350847192453,
      "Momentum": -0.938374445975096,
      "Quality": 1.5788425649138482,
      "Profitability": 0.7612474418709384,
      "Liquidity": 0.47214140492056395,
      "Credit": -0.09977510573303447
    },
    {
      "ticker": "VIA",
      "r_squared": 0.12601225154251938,
      "alpha_annual": -1.6738803442444232,
      "idio_vol_annual": 0.6851526809213733,
      "Market": 1.2757809637447943,
      "Size": 0.30799324247896837,
      "Value (SMID)": -1.5182585791840628,
      "Momentum": -1.2712437887612182,
      "Quality": -1.7391263863548325,
      "Profitability": 0.6478533903299168,
      "Liquidity": 0.5620445086434136,
      "Credit": -0.9590994571195731
    },
    {
      "ticker": "VST",
      "r_squared": 0.2726228630258639,
      "alpha_annual": -0.39312485307519346,
      "idio_vol_annual": 0.41303103037583516,
      "Market": 0.569257467633957,
      "Size": 0.7403154493495764,
      "Value (SMID)": -0.6804595916361752,
      "Momentum": 0.725409131651703,
      "Quality": -1.7030363288668973,
      "Profitability": -0.521955364439146,
      "Liquidity": -0.6987640305812294,
      "Credit": -0.6576576038188892
    },
    {
      "ticker": "XNET",
      "r_squared": 0.1695107627859529,
      "alpha_annual": -0.7173540493679378,
      "idio_vol_annual": 0.7256102486709402,
      "Market": 1.998898807648712,
      "Size": 0.1606328033789802,
      "Value (SMID)": -0.6859500443025955,
      "Momentum": -0.5541338400428762,
      "Quality": 0.2899423472796366,
      "Profitability": 0.5115849699501189,
      "Liquidity": 1.3043845333008763,
      "Credit": 2.3575526680850083
    },
    {
      "ticker": "ZS",
      "r_squared": 0.09348609044818401,
      "alpha_annual": -0.9949424645862447,
      "idio_vol_annual": 0.5955041656079215,
      "Market": 1.3582888771920931,
      "Size": -0.4370537852580893,
      "Value (SMID)": -1.1832109592764115,
      "Momentum": -1.0588953666537562,
      "Quality": -1.000609035115426,
      "Profitability": 0.8436902041731767,
      "Liquidity": 0.1394541587197544,
      "Credit": 0.0027089020220351875
    },
    {
      "ticker": "ZTS",
      "r_squared": 0.1767042001136253,
      "alpha_annual": -0.9769469191525053,
      "idio_vol_annual": 0.34135212587739805,
      "Market": 1.4217721023370795,
      "Size": -0.006556184551984467,
      "Value (SMID)": 0.09233494490533178,
      "Momentum": -0.11090673065746606,
      "Quality": 1.3249450942501666,
      "Profitability": 0.939446696577598,
      "Liquidity": 0.1644793877020912,
      "Credit": -0.6272087858291202
    }
  ],
  "portfolio_factor_exposure": {
    "loadings": {
      "Market": 1.4650468606564138,
      "Size": 0.34450805551049324,
      "Value (SMID)": -0.6392586000032932,
      "Momentum": -0.3339867093684497,
      "Quality": -0.690297767216951,
      "Profitability": 0.5084415514551626,
      "Liquidity": 0.25827568170306997,
      "Credit": 0.5052309063694733
    },
    "alpha_annual": -0.6997988890003254,
    "r_squared_weighted": 0.21342679051282917
  },
  "stress_tests": [
    {
      "scenario": "COVID Crash (Feb-Mar 2020)",
      "market_move": -0.339,
      "portfolio_impact": -0.5383207058817056,
      "stressed_nav": 444634.03804862755,
      "pnl": -518445.8395052932,
      "description": "Rapid 33.9% selloff in SPY over 23 trading days as COVID-19 spread."
    },
    {
      "scenario": "2022 Rate Shock (Jan-Oct)",
      "market_move": -0.252,
      "portfolio_impact": -0.4001676043722413,
      "stressed_nav": 577686.5101340568,
      "pnl": -385393.36741986393,
      "description": "Grinding 9-month decline as the Fed hiked rates aggressively."
    },
    {
      "scenario": "GFC 2008-09",
      "market_move": -0.565,
      "portfolio_impact": -0.8972011764695091,
      "stressed_nav": 99003.47837843224,
      "pnl": -864076.3991754885,
      "description": "Credit crisis bear market; SPY drew down 56.5% from Oct 2007 peak."
    },
    {
      "scenario": "Dot-Com Bust (2000-02)",
      "market_move": -0.491,
      "portfolio_impact": -0.7796916418522638,
      "stressed_nav": 212174.5465890271,
      "pnl": -750905.3309648936,
      "description": "Tech bubble burst; SPY -49.1% peak-to-trough over 30 months."
    },
    {
      "scenario": "Black Monday (Oct 1987)",
      "market_move": -0.204,
      "portfolio_impact": -0.3239452035394334,
      "stressed_nav": 651094.7705949832,
      "pnl": -311985.1069589375,
      "description": "Flash crash; -20.4% on a single trading day."
    },
    {
      "scenario": "Aug 2024 Yen Carry Unwind",
      "market_move": -0.084,
      "portfolio_impact": -0.13338920145741376,
      "stressed_nav": 834615.4217472995,
      "pnl": -128464.45580662123,
      "description": "Yen carry unwind shock; SPY -8.4% in one week."
    }
  ],
  "monte_carlo": {
    "horizon_days": 21,
    "n_paths": 10000,
    "current_nav": 963079.8775539207,
    "terminal_return": {
      "p5": -0.16164131167076481,
      "p25": -0.08635485227845269,
      "p50": -0.03223102390134752,
      "p75": 0.02408796288942172,
      "p95": 0.1082334183388577,
      "prob_negative": 0.65
    },
    "terminal_nav": {
      "p5": 807406.3829023854,
      "p50": 932038.8270015735,
      "p95": 1067317.3048349502
    },
    "max_drawdown": {
      "p5": -0.17780665329199985,
      "p50": -0.0847673120126198,
      "p95": -0.03169816462478308
    },
    "method": "Bootstrap of synthetic portfolio daily returns (current weights \u00d7 each holding's 252-day history). 10,000 paths, 21-trading-day horizon (~1 month)."
  },
  "factor_stress": [
    {
      "scenario": "Tech Selloff -15%",
      "description": "Concentrated drawdown in Tech and Communication Services.",
      "shocks": {
        "sector:Technology": -0.15,
        "sector:Communication Services": -0.1
      },
      "pnl": -72964.4387802601,
      "stressed_nav": 890115.4387736607,
      "portfolio_impact": -0.07576156503817616,
      "equity_at_risk_pct": 0.8704365204712589
    },
    {
      "scenario": "Rate Shock (+100bp)",
      "description": "Long-duration growth and rate-sensitive sectors hit; banks benefit.",
      "shocks": {
        "sector:Technology": -0.08,
        "sector:Consumer Cyclical": -0.1,
        "sector:Financial Services": 0.05,
        "sector:Real Estate": -0.12,
        "sector:Utilities": -0.06
      },
      "pnl": -41111.30579099655,
      "stressed_nav": 921968.5717629242,
      "portfolio_impact": -0.042687327135744066,
      "equity_at_risk_pct": 0.8704365204712589
    },
    {
      "scenario": "Energy Spike (+30%)",
      "description": "Oil shock \u2014 producers rally, downstream consumers pinched.",
      "shocks": {
        "sector:Energy": 0.3,
        "sector:Industrials": -0.05,
        "sector:Consumer Cyclical": -0.07,
        "sector:Consumer Defensive": -0.03
      },
      "pnl": -12096.442098579408,
      "stressed_nav": 950983.4354553414,
      "portfolio_impact": -0.01256016492557457,
      "equity_at_risk_pct": 0.8704365204712589
    },
    {
