{
  "generated_at": "2026-06-22T21:36:54.548431Z",
  "market_session": "AFTER",
  "fund_name": "Convex Capital",
  "tagline": "Lose small. Win big. \u2014 Paper-traded portfolio. Hypothetical performance for educational purposes only.",
  "summary": {
    "nav": 1013145.2799999999,
    "cash": 4722.310000000056,
    "equity": 1008422.9699999999,
    "deposits": 1000000.0,
    "total_return": 0.013145279999999815,
    "realized_pnl": 0.0,
    "open_positions": 16
  },
  "metrics": {
    "annualized_return": -0.15611955537164657,
    "annualized_vol": 0.2814295831294496,
    "sharpe": -0.7149552345544824,
    "sortino": -0.9340150060464636,
    "calmar": -0.433381797618353,
    "max_drawdown": -0.3602356080241501,
    "var_95_1d": -0.031956657852861566,
    "risk_free_rate": 0.04508999824523926,
    "method": "Synthetic: current weights \u00d7 each holding's 252-day return history. Sortino uses Frank Sortino downside deviation (RMS of shortfalls vs MAR=RF).",
    "beta_spy": 1.56363495025646,
    "benchmark_annualized_return": 0.21272716500316102,
    "treynor": -0.1286806447910904,
    "jensens_alpha": -0.4633328865215427,
    "information_ratio": -1.4221306483302372,
    "tracking_error": 0.21400270585456685,
    "annualized_active_return": -0.3043398068213802,
    "up_capture": 1.4118916306694314,
    "down_capture": 1.5035503903277838,
    "data_basis": "synthetic_252d",
    "days_of_live_nav": 15
  },
  "nav_curve": [
    {
      "date": "2026-06-01",
      "value": 999917.891065216
    },
    {
      "date": "2026-06-02",
      "value": 1005115.2851749802
    },
    {
      "date": "2026-06-03",
      "value": 995803.6211034394
    },
    {
      "date": "2026-06-04",
      "value": 1004963.9990083313
    },
    {
      "date": "2026-06-05",
      "value": 974307.7037928009
    },
    {
      "date": "2026-06-08",
      "value": 974300.2676141167
    },
    {
      "date": "2026-06-09",
      "value": 979673.6351214601
    },
    {
      "date": "2026-06-10",
      "value": 966916.124456997
    },
    {
      "date": "2026-06-11",
      "value": 990786.2495456887
    },
    {
      "date": "2026-06-12",
      "value": 996255.9623314096
    },
    {
      "date": "2026-06-15",
      "value": 1017053.0484934426
    },
    {
      "date": "2026-06-16",
      "value": 1019259.638037262
    },
    {
      "date": "2026-06-17",
      "value": 1004292.749573288
    },
    {
      "date": "2026-06-18",
      "value": 1005993.3106403924
    },
    {
      "date": "2026-06-22",
      "value": 1013145.2704611397
    }
  ],
  "drawdown_curve": [
    {
      "date": "2026-06-01",
      "value": 0.0
    },
    {
      "date": "2026-06-02",
      "value": 0.0
    },
    {
      "date": "2026-06-03",
      "value": -0.009264274664691572
    },
    {
      "date": "2026-06-04",
      "value": -0.00015051623319260214
    },
    {
      "date": "2026-06-05",
      "value": -0.030650793830894734
    },
    {
      "date": "2026-06-08",
      "value": -0.03065819216499025
    },
    {
      "date": "2026-06-09",
      "value": -0.025312171080047775
    },
    {
      "date": "2026-06-10",
      "value": -0.03800475555531231
    },
    {
      "date": "2026-06-11",
      "value": -0.014256111553210436
    },
    {
      "date": "2026-06-12",
      "value": -0.00881423551531036
    },
    {
      "date": "2026-06-15",
      "value": 0.0
    },
    {
      "date": "2026-06-16",
      "value": 0.0
    },
    {
      "date": "2026-06-17",
      "value": -0.01468407842852975
    },
    {
      "date": "2026-06-18",
      "value": -0.01301565067602988
    },
    {
      "date": "2026-06-22",
      "value": -0.005998832238561335
    }
  ],
  "benchmarks": {
    "SPY": [
      {
        "date": "2026-06-01",
        "value": 0.0
      },
      {
        "date": "2026-06-02",
        "value": 0.0013579397972762752
      },
      {
        "date": "2026-06-03",
        "value": -0.005668771434361286
      },
      {
        "date": "2026-06-04",
        "value": -0.0019115061781299625
      },
      {
        "date": "2026-06-05",
        "value": -0.027671542654459702
      },
      {
        "date": "2026-06-08",
        "value": -0.025470023194608782
      },
      {
        "date": "2026-06-09",
        "value": -0.02833070775180091
      },
      {
        "date": "2026-06-10",
        "value": -0.04364962071587053
      },
      {
        "date": "2026-06-11",
        "value": -0.027394678792744487
      },
      {
        "date": "2026-06-12",
        "value": -0.022134588105308994
      },
      {
        "date": "2026-06-15",
        "value": -0.0048909388718152425
      },
      {
        "date": "2026-06-16",
        "value": -0.010823344076597685
      },
      {
        "date": "2026-06-17",
        "value": -0.023176054438276084
      },
      {
        "date": "2026-06-18",
        "value": -0.013020023259145863
      },
      {
        "date": "2026-06-22",
        "value": -0.016126029204297176
      }
    ],
    "IWM": [
      {
        "date": "2026-06-01",
        "value": 0.0
      },
      {
        "date": "2026-06-02",
        "value": 0.009273902616242058
      },
      {
        "date": "2026-06-03",
        "value": -0.004533265755123028
      },
      {
        "date": "2026-06-04",
        "value": 0.010485102307313143
      },
      {
        "date": "2026-06-05",
        "value": -0.025365222965751943
      },
      {
        "date": "2026-06-08",
        "value": -0.016852527916236926
      },
      {
        "date": "2026-06-09",
        "value": -0.013703535746163342
      },
      {
        "date": "2026-06-10",
        "value": -0.023981055236295123
      },
      {
        "date": "2026-06-11",
        "value": 0.00494832553389335
      },
      {
        "date": "2026-06-12",
        "value": 0.01373793881377372
      },
      {
        "date": "2026-06-15",
        "value": 0.022010765090349826
      },
      {
        "date": "2026-06-16",
        "value": 0.013130856989941098
      },
      {
        "date": "2026-06-17",
        "value": 0.005499833171586088
      },
      {
        "date": "2026-06-18",
        "value": 0.025305943833869415
      },
      {
        "date": "2026-06-22",
        "value": 0.03428980212625787
      }
    ]
  },
  "holdings": [
    {
      "ticker": "GRPN",
      "company": "Groupon, Inc.",
      "sector": "Communication Services",
      "country": "United States",
      "shares": 11310.0,
      "price": 16.9,
      "cost_basis": 17.3017824933687,
      "market_value": 191138.99999999997,
      "unrealized_pnl": -4544.160000000032,
      "short_percent_of_float": 0.56310004,
      "short_ratio": 5.75
    },
    {
      "ticker": "KSPI",
      "company": "Joint Stock Company Kaspi.kz",
      "sector": "Technology",
      "country": "Kazakhstan",
      "shares": 1515.0,
      "price": 84.81,
      "cost_basis": 82.53049504950495,
      "market_value": 128487.15000000001,
      "unrealized_pnl": 3453.450000000005,
      "short_percent_of_float": 0.0159,
      "short_ratio": 3.24
    },
    {
      "ticker": "TENB",
      "company": "Tenable Holdings, Inc.",
      "sector": "Technology",
      "country": "United States",
      "shares": 4766.0,
      "price": 26.34,
      "cost_basis": 26.224616030214015,
      "market_value": 125536.44,
      "unrealized_pnl": 549.9200000000018,
      "short_percent_of_float": 0.129,
      "short_ratio": 3.05
    },
    {
      "ticker": "CMI",
      "company": "Cummins Inc.",
      "sector": "Industrials",
      "country": "United States",
      "shares": 153.0,
      "price": 724.93,
      "cost_basis": 651.1282352941176,
      "market_value": 110914.29,
      "unrealized_pnl": 11291.669999999993,
      "short_percent_of_float": 0.0171,
      "short_ratio": 2.07
    },
    {
      "ticker": "JAKK",
      "company": "JAKKS Pacific, Inc.",
      "sector": "Consumer Cyclical",
      "country": "United States",
      "shares": 3436.0,
      "price": 22.01,
      "cost_basis": 21.83,
      "market_value": 75626.36,
      "unrealized_pnl": 618.4800000000113,
      "short_percent_of_float": 0.039100002,
      "short_ratio": 7.32
    },
    {
      "ticker": "XNET",
      "company": "Xunlei Limited",
      "sector": "Technology",
      "country": "China",
      "shares": 10526.0,
      "price": 5.08,
      "cost_basis": 4.75,
      "market_value": 53472.08,
      "unrealized_pnl": 3473.580000000001,
      "short_percent_of_float": 0.0377,
      "short_ratio": 6.03
    },
    {
      "ticker": "CRWV",
      "company": "CoreWeave, Inc.",
      "sector": "Technology",
      "country": "United States",
      "shares": 468.0,
      "price": 111.29,
      "cost_basis": 106.78134615384614,
      "market_value": 52083.72,
      "unrealized_pnl": 2110.0500000000075,
      "short_percent_of_float": 0.18190001,
      "short_ratio": 1.91
    },
    {
      "ticker": "VIA",
      "company": "Via Transportation, Inc.",
      "sector": "Technology",
      "country": "United States",
      "shares": 3280.0,
      "price": 14.94,
      "cost_basis": 15.241405487804878,
      "market_value": 49003.2,
      "unrealized_pnl": -988.6100000000005,
      "short_percent_of_float": 0.13520001,
      "short_ratio": 6.88
    },
    {
      "ticker": "ZS",
      "company": "Zscaler, Inc.",
      "sector": "Technology",
      "country": "United States",
      "shares": 365.0,
      "price": 124.06,
      "cost_basis": 136.79813698630136,
      "market_value": 45281.9,
      "unrealized_pnl": -4649.419999999995,
      "short_percent_of_float": 0.114700004,
      "short_ratio": 2.09
    },
    {
      "ticker": "ESI",
      "company": "Element Solutions Inc",
      "sector": "Basic Materials",
      "country": "United States",
      "shares": 557.0,
      "price": 49.09,
      "cost_basis": 44.92,
      "market_value": 27343.13,
      "unrealized_pnl": 2322.690000000001,
      "short_percent_of_float": 0.0838,
      "short_ratio": 4.45
    },
    {
      "ticker": "VST",
      "company": "Vistra Corp.",
      "sector": "Utilities",
      "country": "United States",
      "shares": 162.0,
      "price": 167.26,
      "cost_basis": 154.76,
      "market_value": 27096.12,
      "unrealized_pnl": 2025.0,
      "short_percent_of_float": 0.0539,
      "short_ratio": 2.73
    },
    {
      "ticker": "GENC",
      "company": "Gencor Industries, Inc.",
      "sector": "Industrials",
      "country": "United States",
      "shares": 1746.0,
      "price": 14.89,
      "cost_basis": 14.32,
      "market_value": 25997.940000000002,
      "unrealized_pnl": 995.2200000000005,
      "short_percent_of_float": 0.0064,
      "short_ratio": 2.39
    },
    {
      "ticker": "CEG",
      "company": "Constellation Energy Corporation",
      "sector": "Utilities",
      "country": "United States",
      "shares": 94.0,
      "price": 275.53,
      "cost_basis": 265.7,
      "market_value": 25899.819999999996,
      "unrealized_pnl": 924.0199999999985,
      "short_percent_of_float": 0.036,
      "short_ratio": 3.46
    },
    {
      "ticker": "ZTS",
      "company": "Zoetis Inc.",
      "sector": "Healthcare",
      "country": "United States",
      "shares": 312.0,
      "price": 75.89,
      "cost_basis": 80.09,
      "market_value": 23677.68,
      "unrealized_pnl": -1310.400000000001,
      "short_percent_of_float": 0.0363,
      "short_ratio": 1.45
    },
    {
      "ticker": "OPEN",
      "company": "Opendoor Technologies Inc.",
      "sector": "Real Estate",
      "country": "United States",
      "shares": 5479.0,
      "price": 4.28,
      "cost_basis": 4.562927541522176,
      "market_value": 23450.120000000003,
      "unrealized_pnl": -1550.1599999999994,
      "short_percent_of_float": 0.16149999,
      "short_ratio": 3.77
    },
    {
      "ticker": "PYPL",
      "company": "PayPal Holdings, Inc.",
      "sector": "Financial Services",
      "country": "United States",
      "shares": 553.0,
      "price": 42.34,
      "cost_basis": 45.19,
      "market_value": 23414.02,
      "unrealized_pnl": -1576.0499999999968,
      "short_percent_of_float": 0.0626,
      "short_ratio": 3.16
    }
  ],
  "sector_exposure": [
    {
      "name": "Technology",
      "value": 453864.49000000005,
      "pct": 0.44797572367903654
    },
    {
      "name": "Communication Services",
      "value": 191138.99999999997,
      "pct": 0.18865902430103607
    },
    {
      "name": "Industrials",
      "value": 136912.22999999998,
      "pct": 0.13513583165486395
    },
    {
      "name": "Consumer Cyclical",
      "value": 75626.36,
      "pct": 0.07464512888023325
    },
    {
      "name": "Utilities",
      "value": 52995.939999999995,
      "pct": 0.05230833232525152
    },
    {
      "name": "Basic Materials",
      "value": 27343.13,
      "pct": 0.026988360445206836
    },
    {
      "name": "Healthcare",
      "value": 23677.68,
      "pct": 0.023370468645918185
    },
    {
      "name": "Real Estate",
      "value": 23450.120000000003,
      "pct": 0.0231458611740263
    },
    {
      "name": "Financial Services",
      "value": 23414.02,
      "pct": 0.02311022956154916
    },
    {
      "name": "Cash",
      "value": 4722.310000000056,
      "pct": 0.004661039332878357
    }
  ],
  "geographic_exposure": [
    {
      "name": "United States",
      "value": 826463.7399999999,
      "pct": 0.8157406013873942
    },
    {
      "name": "Kazakhstan",
      "value": 128487.15000000001,
      "pct": 0.1268200647393827
    },
    {
      "name": "China",
      "value": 53472.08,
      "pct": 0.0527782945403447
    },
    {
      "name": "Cash",
      "value": 4722.310000000056,
      "pct": 0.004661039332878357
    }
  ],
  "signals": [
    {
      "ticker": "CEG",
      "label": "BUY",
      "composite": 1.0,
      "rsi": 52.5,
      "subs": {
        "rsi": 0.5,
        "macd": 0.5,
        "trend": -0.5,
        "bb": 0.5,
        "vol": 0.0,
        "range": 0.0
      }
    },
    {
      "ticker": "CMI",
      "label": "STRONG BUY",
      "composite": 2.5,
      "rsi": 63.3,
      "subs": {
        "rsi": 0.5,
        "macd": 0.5,
        "trend": 0.5,
        "bb": 0.0,
        "vol": 0.5,
        "range": 0.5
      }
    },
    {
      "ticker": "CRWV",
      "label": "STRONG BUY",
      "composite": 2.0,
      "rsi": 52.3,
      "subs": {
        "rsi": 0.5,
        "macd": 0.5,
        "trend": 0.0,
        "bb": 0.5,
        "vol": 0.5,
        "range": 0.0
      }
    },
    {
      "ticker": "ESI",
      "label": "STRONG BUY",
      "composite": 2.0,
      "rsi": 70.2,
      "subs": {
        "rsi": 0.0,
        "macd": 0.5,
        "trend": 0.5,
        "bb": 0.0,
        "vol": 0.5,
        "range": 0.5
      }
    },
    {
      "ticker": "GENC",
      "label": "STRONG BUY",
      "composite": 2.0,
      "rsi": 52.5,
      "subs": {
        "rsi": 0.5,
        "macd": 0.5,
        "trend": 0.5,
        "bb": 0.5,
        "vol": 0.0,
        "range": 0.0
      }
    },
    {
      "ticker": "GRPN",
      "label": "SELL",
      "composite": -1.5,
      "rsi": 48.8,
      "subs": {
        "rsi": 0.5,
        "macd": -0.5,
        "trend": 0.0,
        "bb": -0.5,
        "vol": -0.5,
        "range": -0.5
      }
    },
    {
      "ticker": "JAKK",
      "label": "BUY",
      "composite": 1.0,
      "rsi": 51.1,
      "subs": {
        "rsi": 0.5,
        "macd": -0.5,
        "trend": 0.5,
        "bb": 0.5,
        "vol": 0.0,
        "range": 0.0
      }
    },
    {
      "ticker": "KSPI",
      "label": "LEAN BEAR",
      "composite": -0.5,
      "rsi": 50.9,
      "subs": {
        "rsi": 0.5,
        "macd": -0.5,
        "trend": 0.0,
        "bb": -0.5,
        "vol": 0.0,
        "range": 0.0
      }
    },
    {
      "ticker": "OPEN",
      "label": "STRONG SELL",
      "composite": -2.0,
      "rsi": 40.8,
      "subs": {
        "rsi": 0.0,
        "macd": -0.5,
        "trend": -0.5,
        "bb": -0.5,
        "vol": 0.0,
        "range": -0.5
      }
    },
    {
      "ticker": "PYPL",
      "label": "NEUTRAL",
      "composite": 0.0,
      "rsi": 44.0,
      "subs": {
        "rsi": 0.0,
        "macd": 0.5,
        "trend": -0.5,
        "bb": -0.5,
        "vol": 0.5,
        "range": 0.0
      }
    },
    {
      "ticker": "TENB",
      "label": "SELL",
      "composite": -1.0,
      "rsi": 52.3,
      "subs": {
        "rsi": 0.5,
        "macd": -0.5,
        "trend": 0.0,
        "bb": -0.5,
        "vol": 0.0,
        "range": -0.5
      }
    },
    {
      "ticker": "VIA",
      "label": "NEUTRAL",
      "composite": 0.0,
      "rsi": 48.9,
      "subs": {
        "rsi": 0.5,
        "macd": 0.5,
        "trend": -0.5,
        "bb": -0.5,
        "vol": 0.5,
        "range": -0.5
      }
    },
    {
      "ticker": "VST",
      "label": "STRONG BUY",
      "composite": 2.0,
      "rsi": 63.3,
      "subs": {
        "rsi": 0.5,
        "macd": 0.5,
        "trend": 0.0,
        "bb": 0.5,
        "vol": 0.0,
        "range": 0.5
      }
    },
    {
      "ticker": "XNET",
      "label": "NEUTRAL",
      "composite": 0.0,
      "rsi": 43.3,
      "subs": {
        "rsi": 0.0,
        "macd": 0.5,
        "trend": -0.5,
        "bb": -0.5,
        "vol": 0.5,
        "range": 0.0
      }
    },
    {
      "ticker": "ZS",
      "label": "STRONG SELL",
      "composite": -2.0,
      "rsi": 40.0,
      "subs": {
        "rsi": 0.0,
        "macd": -0.5,
        "trend": -0.5,
        "bb": -0.5,
        "vol": 0.0,
        "range": -0.5
      }
    },
    {
      "ticker": "ZTS",
      "label": "SELL",
      "composite": -1.0,
      "rsi": 33.3,
      "subs": {
        "rsi": 0.0,
        "macd": 0.5,
        "trend": -0.5,
        "bb": -0.5,
        "vol": 0.0,
        "range": -0.5
      }
    }
  ],
  "volatility": [
    {
      "ticker": "CEG",
      "hv20": 0.4803942623996393,
      "garch": 0.5374285256016825,
      "expansion": 0.118723864263384,
      "regime": "NORMAL",
      "signal": "BASE"
    },
    {
      "ticker": "CMI",
      "hv20": 0.44433486450212645,
      "garch": 0.3288262002671459,
      "expansion": -0.2599585885847762,
      "regime": "HIGH",
      "signal": "WEAK"
    },
    {
      "ticker": "CRWV",
      "hv20": 0.8437222159805764,
      "garch": 0.9659016786180826,
      "expansion": 0.144810057532394,
      "regime": "NORMAL",
      "signal": "BASE"
    },
    {
      "ticker": "ESI",
      "hv20": 0.5394837121962466,
      "garch": 0.545610316805248,
      "expansion": 0.011356421835350473,
      "regime": "HIGH",
      "signal": "WEAK"
    },
    {
      "ticker": "GENC",
      "hv20": 0.35091565135844266,
      "garch": 0.3633896152549214,
      "expansion": 0.03554690093813237,
      "regime": "NORMAL",
      "signal": "WEAK"
    },
    {
      "ticker": "GRPN",
      "hv20": 0.8248053671417794,
      "garch": 0.790623643845731,
      "expansion": -0.041442168853118966,
      "regime": "HIGH",
      "signal": "WEAK"
    },
    {
      "ticker": "JAKK",
      "hv20": 0.21604548838666246,
      "garch": 0.46064328699936224,
      "expansion": 1.1321587895181429,
      "regime": "LOW",
      "signal": "SIGNAL"
    },
    {
      "ticker": "KSPI",
      "hv20": 0.35453611052362094,
      "garch": 0.4386423333049869,
      "expansion": 0.23722893179244264,
      "regime": "HIGH",
      "signal": "SIGNAL"
    },
    {
      "ticker": "OPEN",
      "hv20": 0.7736460080393263,
      "garch": 0.776384033570439,
      "expansion": 0.003539119316406408,
      "regime": "NORMAL",
      "signal": "WEAK"
    },
    {
      "ticker": "PYPL",
      "hv20": 0.306809180200128,
      "garch": 0.4012893807210163,
      "expansion": 0.3079445030271258,
      "regime": "NORMAL",
      "signal": "SIGNAL"
    },
    {
      "ticker": "TENB",
      "hv20": 0.5862512134068718,
      "garch": 0.3992741710441237,
      "expansion": -0.31893672556543046,
      "regime": "HIGH",
      "signal": "WEAK"
    },
    {
      "ticker": "VIA",
      "hv20": 0.6955060699692869,
      "garch": null,
      "expansion": null,
      "regime": "NORMAL",
      "signal": "WEAK"
    },
    {
      "ticker": "VST",
      "hv20": 0.4940170651557277,
      "garch": 0.5654632338863875,
      "expansion": 0.14462287594890685,
      "regime": "NORMAL",
      "signal": "BASE"
    },
    {
      "ticker": "XNET",
      "hv20": 0.7760675780946079,
      "garch": 0.7642490240761025,
      "expansion": -0.01522876918466582,
      "regime": "HIGH",
      "signal": "WEAK"
    },
    {
      "ticker": "ZS",
      "hv20": 1.524667326963838,
      "garch": 0.35138333377993713,
      "expansion": -0.7695344239587872,
      "regime": "EXTREME",
      "signal": "WEAK"
    },
    {
      "ticker": "ZTS",
      "hv20": 0.29732378860594255,
      "garch": 0.35093040082256693,
      "expansion": 0.18029708442761636,
      "regime": "HIGH",
      "signal": "BASE"
    }
  ],
  "correlation": {
    "tickers": [
      "CEG",
      "CMI",
      "CRWV",
      "ESI",
      "GENC",
      "GRPN",
      "JAKK",
      "KSPI",
      "OPEN",
      "PYPL",
      "TENB",
      "VIA",
      "VST",
      "XNET",
      "ZS",
      "ZTS"
    ],
    "matrix": [
      [
        1.0,
        0.328,
        0.231,
        0.299,
        0.151,
        0.09,
        0.089,
        0.058,
        0.189,
        0.14,
        0.062,
        0.007,
        0.798,
        0.25,
        0.045,
        0.122
      ],
      [
        0.328,
        1.0,
        0.369,
        0.613,
        0.348,
        0.195,
        0.136,
        0.244,
        0.184,
        0.081,
        -0.052,
        0.003,
        0.353,
        0.299,
        -0.052,
        0.186
      ],
      [
        0.231,
        0.369,
        1.0,
        0.339,
        0.118,
        0.159,
        0.056,
        0.128,
        0.247,
        0.148,
        0.119,
        0.215,
        0.316,
        0.366,
        0.182,
        0.086
      ],
      [
        0.299,
        0.613,
        0.339,
        1.0,
        0.277,
        0.309,
        0.246,
        0.302,
        0.264,
        0.287,
        0.111,
        0.053,
        0.363,
        0.338,
        0.046,
        0.179
      ],
      [
        0.151,
        0.348,
        0.118,
        0.277,
        1.0,
        0.157,
        0.319,
        0.142,
        0.129,
        0.099,
        0.161,
        0.069,
        0.172,
        0.162,
        0.053,
        0.158
      ],
      [
        0.09,
        0.195,
        0.159,
        0.309,
        0.157,
        1.0,
        0.149,
        0.343,
        0.301,
        0.269,
        0.247,
        0.167,
        0.13,
        0.237,
        0.15,
        0.158
      ],
      [
        0.089,
        0.136,
        0.056,
        0.246,
        0.319,
        0.149,
        1.0,
        0.097,
        0.139,
        0.214,
        -0.034,
        0.145,
        0.06,
        0.198,
        -0.047,
        0.144
      ],
      [
        0.058,
        0.244,
        0.128,
        0.302,
        0.142,
        0.343,
        0.097,
        1.0,
        0.243,
        0.256,
        0.262,
        0.134,
        0.107,
        0.205,
        0.153,
        0.181
      ],
      [
        0.189,
        0.184,
        0.247,
        0.264,
        0.129,
        0.301,
        0.139,
        0.243,
        1.0,
        0.248,
        0.121,
        0.153,
        0.254,
        0.348,
        0.064,
        0.171
      ],
      [
        0.14,
        0.081,
        0.148,
        0.287,
        0.099,
        0.269,
        0.214,
        0.256,
        0.248,
        1.0,
        0.354,
        0.145,
        0.085,
        0.342,
        0.206,
        0.176
      ],
      [
        0.062,
        -0.052,
        0.119,
        0.111,
        0.161,
        0.247,
        -0.034,
        0.262,
        0.121,
        0.354,
        1.0,
        0.336,
        0.073,
        0.153,
        0.559,
        0.098
      ],
      [
        0.007,
        0.003,
        0.215,
        0.053,
        0.069,
        0.167,
        0.145,
        0.134,
        0.153,
        0.145,
        0.336,
        1.0,
        0.057,
        0.165,
        0.368,
        0.021
      ],
      [
        0.798,
        0.353,
        0.316,
        0.363,
        0.172,
        0.13,
        0.06,
        0.107,
        0.254,
        0.085,
        0.073,
        0.057,
        1.0,
        0.274,
        0.073,
        0.09
      ],
      [
        0.25,
        0.299,
        0.366,
        0.338,
        0.162,
        0.237,
        0.198,
        0.205,
        0.348,
        0.342,
        0.153,
        0.165,
        0.274,
        1.0,
        0.22,
        0.048
      ],
      [
        0.045,
        -0.052,
        0.182,
        0.046,
        0.053,
        0.15,
        -0.047,
        0.153,
        0.064,
        0.206,
        0.559,
        0.368,
        0.073,
        0.22,
        1.0,
        -0.035
      ],
      [
        0.122,
        0.186,
        0.086,
        0.179,
        0.158,
        0.158,
        0.144,
        0.181,
        0.171,
        0.176,
        0.098,
        0.021,
        0.09,
        0.048,
        -0.035,
        1.0
      ]
    ]
  },
  "residual_correlation": {
    "tickers": [
      "CEG",
      "CMI",
      "CRWV",
      "ESI",
      "GENC",
      "GRPN",
      "JAKK",
      "KSPI",
      "OPEN",
      "PYPL",
      "TENB",
      "VIA",
      "VST",
      "XNET",
      "ZS",
      "ZTS"
    ],
    "matrix": [
      [
        1.0,
        0.055,
        0.0,
        -0.029,
        0.028,
        -0.059,
        -0.019,
        -0.131,
        0.035,
        0.044,
        -0.026,
        -0.102,
        0.731,
        0.096,
        0.01,
        0.075
      ],
      [
        0.055,
        1.0,
        0.124,
        0.248,
        0.076,
        -0.059,
        -0.149,
        -0.005,
        -0.065,
        -0.096,
        -0.259,
        -0.143,
        0.036,
        0.003,
        -0.142,
        0.064
      ],
      [
        0.0,
        0.124,
        1.0,
        0.04,
        0.013,
        -0.05,
        -0.039,
        -0.108,
        0.04,
        -0.033,
        -0.02,
        0.083,
        0.08,
        0.138,
        0.108,
        0.039
      ],
      [
        -0.029,
        0.248,
        0.04,
        1.0,
        -0.073,
        0.056,
        0.003,
        0.015,
        -0.011,
        0.135,
        -0.096,
        -0.125,
        0.007,
        0.028,
        -0.051,
        -0.017
      ],
      [
        0.028,
        0.076,
        0.013,
        -0.073,
        1.0,
        -0.03,
        0.066,
        -0.079,
        -0.072,
        0.003,
        0.094,
        -0.004,
        0.026,
        -0.054,
        0.007,
        -0.035
      ],
      [
        -0.059,
        -0.059,
        -0.05,
        0.056,
        -0.03,
        1.0,
        0.006,
        0.182,
        0.11,
        0.096,
        0.109,
        0.05,
        -0.035,
        0.012,
        0.049,
        0.026
      ],
      [
        -0.019,
        -0.149,
        -0.039,
        0.003,
        0.066,
        0.006,
        1.0,
        -0.101,
        -0.033,
        0.102,
        -0.129,
        0.09,
        -0.058,
        0.019,
        -0.113,
        -0.039
      ],
      [
        -0.131,
        -0.005,
        -0.108,
        0.015,
        -0.079,
        0.182,
        -0.101,
        1.0,
        0.061,
        0.079,
        0.156,
        0.012,
        -0.1,
        -0.023,
        0.061,
        0.045
      ],
      [
        0.035,
        -0.065,
        0.04,
        -0.011,
        -0.072,
        0.11,
        -0.033,
        0.061,
        1.0,
        0.064,
        -0.017,
        0.03,
        0.104,
        0.164,
        -0.047,
        0.025
      ],
      [
        0.044,
        -0.096,
        -0.033,
        0.135,
        0.003,
        0.096,
        0.102,
        0.079,
        0.064,
        1.0,
        0.24,
        0.007,
        -0.031,
        0.185,
        0.073,
        0.023
      ],
      [
        -0.026,
        -0.259,
        -0.02,
        -0.096,
        0.094,
        0.109,
        -0.129,
        0.156,
        -0.017,
        0.24,
        1.0,
        0.274,
        -0.031,
        0.004,
        0.518,
        -0.009
      ],
      [
        -0.102,
        -0.143,
        0.083,
        -0.125,
        -0.004,
        0.05,
        0.09,
        0.012,
        0.03,
        0.007,
        0.274,
        1.0,
        -0.057,
        0.029,
        0.314,
        -0.059
      ],
      [
        0.731,
        0.036,
        0.08,
        0.007,
        0.026,
        -0.035,
        -0.058,
        -0.1,
        0.104,
        -0.031,
        -0.031,
        -0.057,
        1.0,
        0.106,
        0.039,
        0.03
      ],
      [
        0.096,
        0.003,
        0.138,
        0.028,
        -0.054,
        0.012,
        0.019,
        -0.023,
        0.164,
        0.185,
        0.004,
        0.029,
        0.106,
        1.0,
        0.135,
        -0.108
      ],
      [
        0.01,
        -0.142,
        0.108,
        -0.051,
        0.007,
        0.049,
        -0.113,
        0.061,
        -0.047,
        0.073,
        0.518,
        0.314,
        0.039,
        0.135,
        1.0,
        -0.118
      ],
      [
        0.075,
        0.064,
        0.039,
        -0.017,
        -0.035,
        0.026,
        -0.039,
        0.045,
        0.025,
        0.023,
        -0.009,
        -0.059,
        0.03,
        -0.108,
        -0.118,
        1.0
      ]
    ]
  },
  "factor_correlation": {
    "factors": [
      "Market",
      "Size",
      "Value (SMID)",
      "Momentum",
      "Quality",
      "Profitability",
      "Liquidity",
      "Credit"
    ],
    "matrix": [
      [
        1.0,
        0.329,
        -0.49,
        0.394,
        -0.244,
        -0.534,
        0.31,
        0.173
      ],
      [
        0.329,
        1.0,
        -0.158,
        0.262,
        0.155,
        0.145,
        0.328,
        0.039
      ],
      [
        -0.49,
        -0.158,
        1.0,
        -0.547,
        0.305,
        0.588,
        -0.381,
        -0.133
      ],
      [
        0.394,
        0.262,
        -0.547,
        1.0,
        -0.218,
        -0.526,
        0.297,
        0.034
      ],
      [
        -0.244,
        0.155,
        0.305,
        -0.218,
        1.0,
        0.434,
        -0.235,
        -0.131
      ],
      [
        -0.534,
        0.145,
        0.588,
        -0.526,
        0.434,
        1.0,
        -0.28,
        -0.09
      ],
      [
        0.31,
        0.328,
        -0.381,
        0.297,
        -0.235,
        -0.28,
        1.0,
        0.156
      ],
      [
        0.173,
        0.039,
        -0.133,
        0.034,
        -0.131,
        -0.09,
        0.156,
        1.0
      ]
    ]
  },
  "factor_exposures": [
    {
      "ticker": "CEG",
      "r_squared": 0.25190283717527484,
      "alpha_annual": -0.4416224225666076,
      "idio_vol_annual": 0.4045107548637444,
      "Market": 0.7194942792949129,
      "Size": 0.3817836003807377,
      "Value (SMID)": -0.4389763519522306,
      "Momentum": 0.5999755689253174,
      "Quality": -0.7911791419155887,
      "Profitability": -0.6437352014779384,
      "Liquidity": -0.4743324458598757,
      "Credit": -0.9093661602057623
    },
    {
      "ticker": "CMI",
      "r_squared": 0.4683010595044449,
      "alpha_annual": 0.3583632277426481,
      "idio_vol_annual": 0.24634628367398037,
      "Market": 1.1456590306234675,
      "Size": 0.8080344446949399,
      "Value (SMID)": 0.35769499601995397,
      "Momentum": 0.6879465245138338,
      "Quality": -0.02408566406840282,
      "Profitability": -0.15827101835193635,
      "Liquidity": -0.31489073674448276,
      "Credit": 0.7771961761515735
    },
    {
      "ticker": "CRWV",
      "r_squared": 0.27061249299939283,
      "alpha_annual": -1.0046844996939261,
      "idio_vol_annual": 0.805961295366931,
      "Market": 1.0251939571497188,
      "Size": 0.6179274221556149,
      "Value (SMID)": -2.039730690391759,
      "Momentum": 0.6874520274349495,
      "Quality": -4.251965126897525,
      "Profitability": -0.008898760733590902,
      "Liquidity": 0.34194132768256336,
      "Credit": 2.0350486009726874
    },
    {
      "ticker": "ESI",
      "r_squared": 0.5053066697442519,
      "alpha_annual": 0.3151068677392032,
      "idio_vol_annual": 0.28683079281986834,
      "Market": 1.63303243849384,
      "Size": 1.018044438825653,
      "Value (SMID)": -0.1776656474696047,
      "Momentum": 0.6222129704667548,
      "Quality": 0.18823957705374644,
      "Profitability": 0.24856742636448315,
      "Liquidity": -0.6986788307309266,
      "Credit": 0.1886256300047314
    },
    {
      "ticker": "GENC",
      "r_squared": 0.3266127643363438,
      "alpha_annual": -0.4508986033767798,
      "idio_vol_annual": 0.3254844869961355,
      "Market": 1.3020775306618642,
      "Size": 1.234713747074313,
      "Value (SMID)": 1.160474414707722,
      "Momentum": -0.038361412068423965,
      "Quality": -0.6503590651946368,
      "Profitability": 0.06341949499874841,
      "Liquidity": -0.16755451822094558,
      "Credit": 0.5780377983474123
    },
    {
      "ticker": "GRPN",
      "r_squared": 0.16665519376915272,
      "alpha_annual": -1.177627077423392,
      "idio_vol_annual": 0.6252161766058035,
      "Market": 1.9000709002040934,
      "Size": 0.310041159884964,
      "Value (SMID)": -0.9216068198967449,
      "Momentum": -0.1231301529893998,
      "Quality": -1.4377172921320034,
      "Profitability": 1.431788311306059,
      "Liquidity": 0.22082751777537887,
      "Credit": 1.4607520464469514
    },
    {
      "ticker": "JAKK",
      "r_squared": 0.2711165049346491,
      "alpha_annual": -0.29445260816761637,
      "idio_vol_annual": 0.35146560352255635,
      "Market": 1.2390611217896028,
      "Size": 1.0354590263205328,
      "Value (SMID)": 0.8359678883024002,
      "Momentum": -0.34666381325156004,
      "Quality": 1.388853171937189,
      "Profitability": -0.35778456386720453,
      "Liquidity": 0.33165432543283524,
      "Credit": -0.44900694572641503
    },
    {
      "ticker": "KSPI",
      "r_squared": 0.21507367032047708,
      "alpha_annual": -0.18768980860286574,
      "idio_vol_annual": 0.3227374672083213,
      "Market": 1.1693162561688526,
      "Size": 0.4503630277854958,
      "Value (SMID)": -0.3469387730180952,
      "Momentum": -0.5163752323781551,
      "Quality": 0.08171525300683632,
      "Profitability": 0.08387255910949329,
      "Liquidity": -0.010640011850141604,
      "Credit": 0.5412333821353158
    },
    {
      "ticker": "OPEN",
      "r_squared": 0.12705324545321317,
      "alpha_annual": 1.4635433342459776,
      "idio_vol_annual": 1.3418707906470015,
      "Market": 3.033211440664031,
      "Size": 1.3274639845883203,
      "Value (SMID)": -1.66248664594976,
      "Momentum": -2.035636278053334,
      "Quality": 1.0503677264877451,
      "Profitability": 0.9683541103475481,
      "Liquidity": 1.8672273440815228,
      "Credit": -3.1722892410709767
    },
    {
      "ticker": "PYPL",
      "r_squared": 0.29185533416916276,
      "alpha_annual": -0.6251809563470405,
      "idio_vol_annual": 0.3389876326033554,
      "Market": 1.7907897773905204,
      "Size": -0.32515650262137613,
      "Value (SMID)": -0.8986015663440975,
      "Momentum": -0.8932527551378805,
      "Quality": 1.4103861442484875,
      "Profitability": 0.6546434370970365,
      "Liquidity": 0.3704855502257898,
      "Credit": 0.01841818771582718
    },
    {
      "ticker": "TENB",
      "r_squared": 0.14817495325797891,
      "alpha_annual": -0.37200686616051426,
      "idio_vol_annual": 0.4099046858169084,
      "Market": 1.4898503169446338,
      "Size": -0.13930666549664542,
      "Value (SMID)": -0.7790897660644521,
      "Momentum": -0.23529892666722604,
      "Quality": -0.39978804711745886,
      "Profitability": 1.298757713707273,
      "Liquidity": -0.12996251425210026,
      "Credit": -0.19805341862039325
    },
    {
      "ticker": "VIA",
      "r_squared": 0.11105418823055713,
      "alpha_annual": -1.5561174219651768,
      "idio_vol_annual": 0.6812397780423242,
      "Market": 0.9664022345683231,
      "Size": 0.44796347509540557,
      "Value (SMID)": -1.4135886370071131,
      "Momentum": -1.0196911463491156,
      "Quality": -1.5967577257424626,
      "Profitability": 0.49232259266845957,
      "Liquidity": 0.6501439786314698,
      "Credit": -0.7510145445532168
    },
    {
      "ticker": "VST",
      "r_squared": 0.2913011806024517,
      "alpha_annual": -0.4308537330760324,
      "idio_vol_annual": 0.41249945621195083,
      "Market": 0.6119589394647219,
      "Size": 0.7853873528224574,
      "Value (SMID)": -0.6772570900704241,
      "Momentum": 0.6495756686418855,
      "Quality": -1.8543707898900383,
      "Profitability": -0.5023906247178455,
      "Liquidity": -0.8056218148505193,
      "Credit": -0.724086590409687
    },
    {
      "ticker": "XNET",
      "r_squared": 0.17069934788370988,
      "alpha_annual": -0.37655014127643066,
      "idio_vol_annual": 0.6763006122262588,
      "Market": 1.8013511890756573,
      "Size": 0.22160893027719034,
      "Value (SMID)": -0.7620311741643763,
      "Momentum": -0.4256050750297192,
      "Quality": 0.48462413629057727,
      "Profitability": 0.5752873970199124,
      "Liquidity": 1.2084950785432875,
      "Credit": 2.3095954803156125
    },
    {
      "ticker": "ZS",
      "r_squared": 0.09041022817687694,
      "alpha_annual": -0.9592110240289089,
      "idio_vol_annual": 0.5980370076376619,
      "Market": 1.348456173591753,
      "Size": -0.38008298586132766,
      "Value (SMID)": -1.0814852856630328,
      "Momentum": -0.9008009735185768,
      "Quality": -0.8505084470290238,
      "Profitability": 0.8502853701918304,
      "Liquidity": 0.19614958164829982,
      "Credit": 0.21261619169060766
    },
    {
      "ticker": "ZTS",
      "r_squared": 0.16506914001817474,
      "alpha_annual": -0.8906117611395454,
      "idio_vol_annual": 0.3446428865380994,
      "Market": 1.3319980499406545,
      "Size": 0.1505382495726277,
      "Value (SMID)": 0.0610642548214451,
      "Momentum": -0.24369758262598473,
      "Quality": 1.016698017253081,
      "Profitability": 0.7546469820771132,
      "Liquidity": 0.06262829308869278,
      "Credit": -0.7281147907359165
    }
  ],
  "portfolio_factor_exposure": {
    "loadings": {
      "Market": 1.4256703219593143,
      "Size": 0.4309004490802946,
      "Value (SMID)": -0.5393132161560833,
      "Momentum": -0.17087133650329436,
      "Quality": -0.5208178110614159,
      "Profitability": 0.5254406415847297,
      "Liquidity": 0.13310257105021583,
      "Credit": 0.46038388708197003
    },
    "alpha_annual": -0.49404252057890696,
    "r_squared_weighted": 0.23178714556625107
  },
  "stress_tests": [
    {
      "scenario": "COVID Crash (Feb-Mar 2020)",
      "market_move": -0.339,
      "portfolio_impact": -0.53007224813694,
      "stressed_nav": 476105.0837410704,
      "pnl": -537040.1962589296,
      "description": "Rapid 33.9% selloff in SPY over 23 trading days as COVID-19 spread."
    },
    {
      "scenario": "2022 Rate Shock (Jan-Oct)",
      "market_move": -0.252,
      "portfolio_impact": -0.3940360074646279,
      "stressed_nav": 613929.5588871675,
      "pnl": -399215.7211128324,
      "description": "Grinding 9-month decline as the Fed hiked rates aggressively."
    },
    {
      "scenario": "GFC 2008-09",
      "market_move": -0.565,
      "portfolio_impact": -0.8834537468948997,
      "stressed_nav": 118078.28623511766,
      "pnl": -895066.9937648822,
      "description": "Credit crisis bear market; SPY drew down 56.5% from Oct 2007 peak."
    },
    {
      "scenario": "Dot-Com Bust (2000-02)",
