{
  "generated_at": "2026-06-25T06:46:12.473295Z",
  "market_session": "CLOSED",
  "fund_name": "Convex Capital",
  "tagline": "Lose small. Win big. \u2014 Paper-traded portfolio. Hypothetical performance for educational purposes only.",
  "summary": {
    "nav": 1028642.23,
    "cash": 4722.310000000056,
    "equity": 1023919.9199999999,
    "deposits": 1000000.0,
    "total_return": 0.02864222999999999,
    "realized_pnl": 0.0,
    "open_positions": 16
  },
  "metrics": {
    "annualized_return": -0.16315793862472294,
    "annualized_vol": 0.2849301898320114,
    "sharpe": -0.7288379686385281,
    "sortino": -0.9543047537358899,
    "calmar": -0.4377152031418484,
    "max_drawdown": -0.37274907851863914,
    "var_95_1d": -0.032602581353397185,
    "risk_free_rate": 0.04451000213623047,
    "method": "Synthetic: current weights \u00d7 each holding's 252-day return history. Sortino uses Frank Sortino downside deviation (RMS of shortfalls vs MAR=RF).",
    "beta_benchmark": 0.9900379003414089,
    "benchmark_annualized_return": 0.36995758240650556,
    "treynor": -0.2097575665429983,
    "jensens_alpha": -0.5298733798029287,
    "information_ratio": -1.8795550833896908,
    "tracking_error": 0.207242689888755,
    "annualized_active_return": -0.38952405127576273,
    "up_capture": 0.6477032799724975,
    "down_capture": 1.0949808123850864,
    "data_basis": "synthetic_252d",
    "days_of_live_nav": 18,
    "benchmark_ticker": "IWM",
    "benchmark_name": "Russell 2000",
    "beta_spy": 0.9900379003414089,
    "beta_spy_stress": 1.536322494297085
  },
  "nav_curve": [
    {
      "date": "2026-06-01",
      "value": 999882.8292976379
    },
    {
      "date": "2026-06-02",
      "value": 1005079.4966617966
    },
    {
      "date": "2026-06-03",
      "value": 995768.7768651581
    },
    {
      "date": "2026-06-04",
      "value": 1004929.1794892884
    },
    {
      "date": "2026-06-05",
      "value": 974274.0015833282
    },
    {
      "date": "2026-06-08",
      "value": 974266.9881036186
    },
    {
      "date": "2026-06-09",
      "value": 979640.5088702394
    },
    {
      "date": "2026-06-10",
      "value": 966884.7384401513
    },
    {
      "date": "2026-06-11",
      "value": 990753.0886875344
    },
    {
      "date": "2026-06-12",
      "value": 996222.4282127572
    },
    {
      "date": "2026-06-15",
      "value": 1017018.2685251809
    },
    {
      "date": "2026-06-16",
      "value": 1019223.7061524964
    },
    {
      "date": "2026-06-17",
      "value": 1004256.765778122
    },
    {
      "date": "2026-06-18",
      "value": 1005956.2144795037
    },
    {
      "date": "2026-06-22",
      "value": 1013145.2704611397
    },
    {
      "date": "2026-06-23",
      "value": 1003670.4086042023
    },
    {
      "date": "2026-06-24",
      "value": 1028642.2278996087
    },
    {
      "date": "2026-06-25",
      "value": 1028642.23
    }
  ],
  "drawdown_curve": [
    {
      "date": "2026-06-01",
      "value": 0.0
    },
    {
      "date": "2026-06-02",
      "value": 0.0
    },
    {
      "date": "2026-06-03",
      "value": -0.009263665040986776
    },
    {
      "date": "2026-06-04",
      "value": -0.00014955749570802555
    },
    {
      "date": "2026-06-05",
      "value": -0.030649809473562682
    },
    {
      "date": "2026-06-08",
      "value": -0.03065678750836781
    },
    {
      "date": "2026-06-09",
      "value": -0.025310423579476604
    },
    {
      "date": "2026-06-10",
      "value": -0.038001728568240384
    },
    {
      "date": "2026-06-11",
      "value": -0.01425400480444075
    },
    {
      "date": "2026-06-12",
      "value": -0.008812306368259061
    },
    {
      "date": "2026-06-15",
      "value": 0.0
    },
    {
      "date": "2026-06-16",
      "value": 0.0
    },
    {
      "date": "2026-06-17",
      "value": -0.014684647034823809
    },
    {
      "date": "2026-06-18",
      "value": -0.01301725184854327
    },
    {
      "date": "2026-06-22",
      "value": -0.005963789553426265
    },
    {
      "date": "2026-06-23",
      "value": -0.015259944852545435
    },
    {
      "date": "2026-06-24",
      "value": 0.0
    },
    {
      "date": "2026-06-25",
      "value": 0.0
    }
  ],
  "benchmarks": {
    "SPY": [
      {
        "date": "2026-06-01",
        "value": 0.0
      },
      {
        "date": "2026-06-02",
        "value": 0.0013579397972762752
      },
      {
        "date": "2026-06-03",
        "value": -0.005668771434361286
      },
      {
        "date": "2026-06-04",
        "value": -0.0019115061781299625
      },
      {
        "date": "2026-06-05",
        "value": -0.027671542654459702
      },
      {
        "date": "2026-06-08",
        "value": -0.025470023194608782
      },
      {
        "date": "2026-06-09",
        "value": -0.02833070775180091
      },
      {
        "date": "2026-06-10",
        "value": -0.04364962071587053
      },
      {
        "date": "2026-06-11",
        "value": -0.027394678792744487
      },
      {
        "date": "2026-06-12",
        "value": -0.022134588105308994
      },
      {
        "date": "2026-06-15",
        "value": -0.0048909388718152425
      },
      {
        "date": "2026-06-16",
        "value": -0.010823344076597685
      },
      {
        "date": "2026-06-17",
        "value": -0.023176054438276084
      },
      {
        "date": "2026-06-18",
        "value": -0.013020023259145863
      },
      {
        "date": "2026-06-22",
        "value": -0.016126029204297176
      },
      {
        "date": "2026-06-23",
        "value": -0.030413801760312054
      },
      {
        "date": "2026-06-24",
        "value": -0.03086322150786902
      },
      {
        "date": "2026-06-25",
        "value": -0.030863208600462877
      }
    ],
    "IWM": [
      {
        "date": "2026-06-01",
        "value": 0.0
      },
      {
        "date": "2026-06-02",
        "value": 0.009273902616242058
      },
      {
        "date": "2026-06-03",
        "value": -0.004533265755123028
      },
      {
        "date": "2026-06-04",
        "value": 0.010485102307313143
      },
      {
        "date": "2026-06-05",
        "value": -0.025365222965751943
      },
      {
        "date": "2026-06-08",
        "value": -0.016852527916236926
      },
      {
        "date": "2026-06-09",
        "value": -0.013703535746163342
      },
      {
        "date": "2026-06-10",
        "value": -0.023981055236295123
      },
      {
        "date": "2026-06-11",
        "value": 0.00494832553389335
      },
      {
        "date": "2026-06-12",
        "value": 0.01373793881377372
      },
      {
        "date": "2026-06-15",
        "value": 0.022010765090349826
      },
      {
        "date": "2026-06-16",
        "value": 0.013130856989941098
      },
      {
        "date": "2026-06-17",
        "value": 0.005499833171586088
      },
      {
        "date": "2026-06-18",
        "value": 0.025305943833869415
      },
      {
        "date": "2026-06-22",
        "value": 0.03428980212625787
      },
      {
        "date": "2026-06-23",
        "value": 0.02436943940571834
      },
      {
        "date": "2026-06-24",
        "value": 0.0291215086708434
      },
      {
        "date": "2026-06-25",
        "value": 0.0291215002023959
      }
    ]
  },
  "holdings": [
    {
      "ticker": "GRPN",
      "company": "Groupon, Inc.",
      "sector": "Communication Services",
      "country": "United States",
      "shares": 11310.0,
      "price": 18.32,
      "cost_basis": 17.3017824933687,
      "market_value": 207199.2,
      "unrealized_pnl": 11516.039999999988,
      "short_percent_of_float": 0.56310004,
      "short_ratio": 5.75
    },
    {
      "ticker": "TENB",
      "company": "Tenable Holdings, Inc.",
      "sector": "Technology",
      "country": "United States",
      "shares": 4766.0,
      "price": 27.92,
      "cost_basis": 26.224616030214015,
      "market_value": 133066.72,
      "unrealized_pnl": 8080.200000000011,
      "short_percent_of_float": 0.129,
      "short_ratio": 3.05
    },
    {
      "ticker": "KSPI",
      "company": "Joint Stock Company Kaspi.kz",
      "sector": "Technology",
      "country": "Kazakhstan",
      "shares": 1515.0,
      "price": 85.8,
      "cost_basis": 82.53049504950495,
      "market_value": 129987.0,
      "unrealized_pnl": 4953.299999999997,
      "short_percent_of_float": 0.0159,
      "short_ratio": 3.24
    },
    {
      "ticker": "CMI",
      "company": "Cummins Inc.",
      "sector": "Industrials",
      "country": "United States",
      "shares": 153.0,
      "price": 694.87,
      "cost_basis": 651.1282352941176,
      "market_value": 106315.11,
      "unrealized_pnl": 6692.490000000002,
      "short_percent_of_float": 0.0171,
      "short_ratio": 2.07
    },
    {
      "ticker": "JAKK",
      "company": "JAKKS Pacific, Inc.",
      "sector": "Consumer Cyclical",
      "country": "United States",
      "shares": 3436.0,
      "price": 22.8,
      "cost_basis": 21.83,
      "market_value": 78340.8,
      "unrealized_pnl": 3332.9200000000083,
      "short_percent_of_float": 0.039100002,
      "short_ratio": 7.32
    },
    {
      "ticker": "XNET",
      "company": "Xunlei Limited",
      "sector": "Technology",
      "country": "China",
      "shares": 10526.0,
      "price": 4.86,
      "cost_basis": 4.75,
      "market_value": 51156.36,
      "unrealized_pnl": 1157.8600000000033,
      "short_percent_of_float": 0.0377,
      "short_ratio": 6.03
    },
    {
      "ticker": "VIA",
      "company": "Via Transportation, Inc.",
      "sector": "Technology",
      "country": "United States",
      "shares": 3280.0,
      "price": 15.1,
      "cost_basis": 15.241405487804878,
      "market_value": 49528.0,
      "unrealized_pnl": -463.81,
      "short_percent_of_float": 0.13520001,
      "short_ratio": 6.88
    },
    {
      "ticker": "CRWV",
      "company": "CoreWeave, Inc.",
      "sector": "Technology",
      "country": "United States",
      "shares": 468.0,
      "price": 100.88,
      "cost_basis": 106.78134615384614,
      "market_value": 47211.84,
      "unrealized_pnl": -2761.8299999999977,
      "short_percent_of_float": 0.18190001,
      "short_ratio": 1.91
    },
    {
      "ticker": "ZS",
      "company": "Zscaler, Inc.",
      "sector": "Technology",
      "country": "United States",
      "shares": 365.0,
      "price": 127.27,
      "cost_basis": 136.79813698630136,
      "market_value": 46453.549999999996,
      "unrealized_pnl": -3477.7699999999973,
      "short_percent_of_float": 0.114700004,
      "short_ratio": 2.09
    },
    {
      "ticker": "VST",
      "company": "Vistra Corp.",
      "sector": "Utilities",
      "country": "United States",
      "shares": 162.0,
      "price": 162.87,
      "cost_basis": 154.76,
      "market_value": 26384.940000000002,
      "unrealized_pnl": 1313.8200000000022,
      "short_percent_of_float": 0.0539,
      "short_ratio": 2.73
    },
    {
      "ticker": "GENC",
      "company": "Gencor Industries, Inc.",
      "sector": "Industrials",
      "country": "United States",
      "shares": 1746.0,
      "price": 14.93,
      "cost_basis": 14.32,
      "market_value": 26067.78,
      "unrealized_pnl": 1065.059999999999,
      "short_percent_of_float": 0.0064,
      "short_ratio": 2.39
    },
    {
      "ticker": "ESI",
      "company": "Element Solutions Inc",
      "sector": "Basic Materials",
      "country": "United States",
      "shares": 557.0,
      "price": 46.12,
      "cost_basis": 44.92,
      "market_value": 25688.84,
      "unrealized_pnl": 668.3999999999976,
      "short_percent_of_float": 0.0838,
      "short_ratio": 4.45
    },
    {
      "ticker": "CEG",
      "company": "Constellation Energy Corporation",
      "sector": "Utilities",
      "country": "United States",
      "shares": 94.0,
      "price": 267.97,
      "cost_basis": 265.7,
      "market_value": 25189.180000000004,
      "unrealized_pnl": 213.38000000000363,
      "short_percent_of_float": 0.036,
      "short_ratio": 3.46
    },
    {
      "ticker": "ZTS",
      "company": "Zoetis Inc.",
      "sector": "Healthcare",
      "country": "United States",
      "shares": 312.0,
      "price": 78.17,
      "cost_basis": 80.09,
      "market_value": 24389.04,
      "unrealized_pnl": -599.0400000000005,
      "short_percent_of_float": 0.0363,
      "short_ratio": 1.45
    },
    {
      "ticker": "PYPL",
      "company": "PayPal Holdings, Inc.",
      "sector": "Financial Services",
      "country": "United States",
      "shares": 553.0,
      "price": 42.48,
      "cost_basis": 45.19,
      "market_value": 23491.44,
      "unrealized_pnl": -1498.6300000000006,
      "short_percent_of_float": 0.0626,
      "short_ratio": 3.16
    },
    {
      "ticker": "OPEN",
      "company": "Opendoor Technologies Inc.",
      "sector": "Real Estate",
      "country": "United States",
      "shares": 5479.0,
      "price": 4.28,
      "cost_basis": 4.562927541522176,
      "market_value": 23450.120000000003,
      "unrealized_pnl": -1550.1599999999994,
      "short_percent_of_float": 0.16149999,
      "short_ratio": 3.77
    }
  ],
  "sector_exposure": [
    {
      "name": "Technology",
      "value": 457403.47,
      "pct": 0.44466720951170746
    },
    {
      "name": "Communication Services",
      "value": 207199.2,
      "pct": 0.20142980130224677
    },
    {
      "name": "Industrials",
      "value": 132382.89,
      "pct": 0.12869672869642929
    },
    {
      "name": "Consumer Cyclical",
      "value": 78340.8,
      "pct": 0.07615942425385355
    },
    {
      "name": "Utilities",
      "value": 51574.12000000001,
      "pct": 0.05013805431651393
    },
    {
      "name": "Basic Materials",
      "value": 25688.84,
      "pct": 0.02497354206428021
    },
    {
      "name": "Healthcare",
      "value": 24389.04,
      "pct": 0.023709934599904576
    },
    {
      "name": "Financial Services",
      "value": 23491.44,
      "pct": 0.0228373279988709
    },
    {
      "name": "Real Estate",
      "value": 23450.120000000003,
      "pct": 0.022797158541702108
    },
    {
      "name": "Cash",
      "value": 4722.310000000056,
      "pct": 0.004590818714491292
    }
  ],
  "geographic_exposure": [
    {
      "name": "United States",
      "value": 842776.5599999999,
      "pct": 0.8193097030441769
    },
    {
      "name": "Kazakhstan",
      "value": 129987.0,
      "pct": 0.1263675515246929
    },
    {
      "name": "China",
      "value": 51156.36,
      "pct": 0.04973192671663888
    },
    {
      "name": "Cash",
      "value": 4722.310000000056,
      "pct": 0.004590818714491292
    }
  ],
  "signals": [
    {
      "ticker": "CEG",
      "label": "BUY",
      "composite": 1.0,
      "rsi": 48.0,
      "subs": {
        "rsi": 0.5,
        "macd": 0.5,
        "trend": -0.5,
        "bb": 0.5,
        "vol": 0.0,
        "range": 0.0
      }
    },
    {
      "ticker": "CMI",
      "label": "STRONG BUY",
      "composite": 2.0,
      "rsi": 54.5,
      "subs": {
        "rsi": 0.5,
        "macd": 0.5,
        "trend": 0.5,
        "bb": 0.5,
        "vol": 0.0,
        "range": 0.0
      }
    },
    {
      "ticker": "CRWV",
      "label": "SELL",
      "composite": -1.5,
      "rsi": 44.5,
      "subs": {
        "rsi": 0.0,
        "macd": -0.5,
        "trend": 0.0,
        "bb": -0.5,
        "vol": 0.0,
        "range": -0.5
      }
    },
    {
      "ticker": "ESI",
      "label": "STRONG BUY",
      "composite": 3.0,
      "rsi": 58.7,
      "subs": {
        "rsi": 0.5,
        "macd": 0.5,
        "trend": 0.5,
        "bb": 0.5,
        "vol": 0.5,
        "range": 0.5
      }
    },
    {
      "ticker": "GENC",
      "label": "STRONG BUY",
      "composite": 2.0,
      "rsi": 53.2,
      "subs": {
        "rsi": 0.5,
        "macd": 0.5,
        "trend": 0.5,
        "bb": 0.5,
        "vol": 0.0,
        "range": 0.0
      }
    },
    {
      "ticker": "GRPN",
      "label": "BUY",
      "composite": 1.5,
      "rsi": 56.3,
      "subs": {
        "rsi": 0.5,
        "macd": 0.5,
        "trend": 0.5,
        "bb": 0.5,
        "vol": -0.5,
        "range": 0.0
      }
    },
    {
      "ticker": "JAKK",
      "label": "STRONG BUY",
      "composite": 2.5,
      "rsi": 60.2,
      "subs": {
        "rsi": 0.5,
        "macd": 0.5,
        "trend": 0.5,
        "bb": 0.5,
        "vol": 0.0,
        "range": 0.5
      }
    },
    {
      "ticker": "KSPI",
      "label": "BUY",
      "composite": 1.5,
      "rsi": 53.2,
      "subs": {
        "rsi": 0.5,
        "macd": 0.5,
        "trend": 0.0,
        "bb": 0.5,
        "vol": 0.0,
        "range": 0.0
      }
    },
    {
      "ticker": "OPEN",
      "label": "STRONG SELL",
      "composite": -2.0,
      "rsi": 41.6,
      "subs": {
        "rsi": 0.0,
        "macd": -0.5,
        "trend": -0.5,
        "bb": -0.5,
        "vol": 0.0,
        "range": -0.5
      }
    },
    {
      "ticker": "PYPL",
      "label": "NEUTRAL",
      "composite": 0.0,
      "rsi": 45.9,
      "subs": {
        "rsi": 0.5,
        "macd": 0.5,
        "trend": -0.5,
        "bb": -0.5,
        "vol": 0.0,
        "range": 0.0
      }
    },
    {
      "ticker": "TENB",
      "label": "NEUTRAL",
      "composite": 0.0,
      "rsi": 60.3,
      "subs": {
        "rsi": 0.5,
        "macd": -0.5,
        "trend": 0.0,
        "bb": 0.5,
        "vol": -0.5,
        "range": 0.0
      }
    },
    {
      "ticker": "VIA",
      "label": "BUY",
      "composite": 1.0,
      "rsi": 50.2,
      "subs": {
        "rsi": 0.5,
        "macd": 0.5,
        "trend": -0.5,
        "bb": 0.5,
        "vol": 0.0,
        "range": 0.0
      }
    },
    {
      "ticker": "VST",
      "label": "STRONG BUY",
      "composite": 2.0,
      "rsi": 58.2,
      "subs": {
        "rsi": 0.5,
        "macd": 0.5,
        "trend": 0.0,
        "bb": 0.5,
        "vol": 0.0,
        "range": 0.5
      }
    },
    {
      "ticker": "XNET",
      "label": "LEAN BEAR",
      "composite": -0.5,
      "rsi": 39.6,
      "subs": {
        "rsi": 0.0,
        "macd": 0.5,
        "trend": -0.5,
        "bb": -0.5,
        "vol": 0.5,
        "range": -0.5
      }
    },
    {
      "ticker": "ZS",
      "label": "STRONG SELL",
      "composite": -2.0,
      "rsi": 43.0,
      "subs": {
        "rsi": 0.0,
        "macd": -0.5,
        "trend": -0.5,
        "bb": -0.5,
        "vol": 0.0,
        "range": -0.5
      }
    },
    {
      "ticker": "ZTS",
      "label": "LEAN BEAR",
      "composite": -0.5,
      "rsi": 40.3,
      "subs": {
        "rsi": 0.0,
        "macd": 0.5,
        "trend": -0.5,
        "bb": -0.5,
        "vol": 0.0,
        "range": 0.0
      }
    }
  ],
  "volatility": [
    {
      "ticker": "CEG",
      "hv20": 0.4352805144474405,
      "garch": 0.5223285113390194,
      "expansion": 0.19998137753094805,
      "regime": "NORMAL",
      "signal": "BASE"
    },
    {
      "ticker": "CMI",
      "hv20": 0.445905735483836,
      "garch": 0.3192000821674373,
      "expansion": -0.2841534504572251,
      "regime": "HIGH",
      "signal": "WEAK"
    },
    {
      "ticker": "CRWV",
      "hv20": 0.8760998591640963,
      "garch": 0.939180819306827,
      "expansion": 0.07200202064056652,
      "regime": "NORMAL",
      "signal": "WEAK"
    },
    {
      "ticker": "ESI",
      "hv20": 0.5735403884187859,
      "garch": 0.5467704903903597,
      "expansion": -0.046674826340005464,
      "regime": "EXTREME",
      "signal": "WEAK"
    },
    {
      "ticker": "GENC",
      "hv20": 0.32367643654739386,
      "garch": 0.3415326032408651,
      "expansion": 0.05516671798522061,
      "regime": "NORMAL",
      "signal": "WEAK"
    },
    {
      "ticker": "GRPN",
      "hv20": 0.7946762983616815,
      "garch": 0.7966561652550959,
      "expansion": 0.0024914130413805813,
      "regime": "HIGH",
      "signal": "WEAK"
    },
    {
      "ticker": "JAKK",
      "hv20": 0.21354208804867417,
      "garch": 0.4590487483993357,
      "expansion": 1.1496874578406362,
      "regime": "LOW",
      "signal": "SIGNAL"
    },
    {
      "ticker": "KSPI",
      "hv20": 0.3663500876334787,
      "garch": 0.3371232322896084,
      "expansion": -0.07977848601775368,
      "regime": "HIGH",
      "signal": "WEAK"
    },
    {
      "ticker": "OPEN",
      "hv20": 0.7453462885132036,
      "garch": 0.7048155135512176,
      "expansion": -0.054378448764849506,
      "regime": "NORMAL",
      "signal": "WEAK"
    },
    {
      "ticker": "PYPL",
      "hv20": 0.3182843546782449,
      "garch": 0.39722436684567036,
      "expansion": 0.24801725566192623,
      "regime": "NORMAL",
      "signal": "SIGNAL"
    },
    {
      "ticker": "TENB",
      "hv20": 0.5592798682846261,
      "garch": 0.39038935248731593,
      "expansion": -0.30197853592570073,
      "regime": "HIGH",
      "signal": "WEAK"
    },
    {
      "ticker": "VIA",
      "hv20": 0.6722970161479972,
      "garch": null,
      "expansion": null,
      "regime": "NORMAL",
      "signal": "WEAK"
    },
    {
      "ticker": "VST",
      "hv20": 0.4364309656155887,
      "garch": 0.551495937991912,
      "expansion": 0.26364988152026153,
      "regime": "NORMAL",
      "signal": "SIGNAL"
    },
    {
      "ticker": "XNET",
      "hv20": 0.7534288303359808,
      "garch": 0.6275463544726958,
      "expansion": -0.167079451694395,
      "regime": "HIGH",
      "signal": "WEAK"
    },
    {
      "ticker": "ZS",
      "hv20": 0.6626610660601796,
      "garch": 0.32746250111880987,
      "expansion": -0.5058371196217655,
      "regime": "HIGH",
      "signal": "WEAK"
    },
    {
      "ticker": "ZTS",
      "hv20": 0.2988566256645696,
      "garch": 0.31506384125629033,
      "expansion": 0.054230738755350075,
      "regime": "HIGH",
      "signal": "WEAK"
    }
  ],
  "correlation": {
    "tickers": [
      "CEG",
      "CMI",
      "CRWV",
      "ESI",
      "GENC",
      "GRPN",
      "JAKK",
      "KSPI",
      "OPEN",
      "PYPL",
      "TENB",
      "VIA",
      "VST",
      "XNET",
      "ZS",
      "ZTS"
    ],
    "matrix": [
      [
        1.0,
        0.331,
        0.233,
        0.302,
        0.151,
        0.087,
        0.086,
        0.059,
        0.189,
        0.14,
        0.057,
        0.006,
        0.798,
        0.252,
        0.043,
        0.119
      ],
      [
        0.331,
        1.0,
        0.374,
        0.62,
        0.345,
        0.189,
        0.13,
        0.245,
        0.184,
        0.082,
        -0.063,
        -0.0,
        0.357,
        0.304,
        -0.056,
        0.177
      ],
      [
        0.233,
        0.374,
        1.0,
        0.343,
        0.117,
        0.149,
        0.051,
        0.125,
        0.246,
        0.146,
        0.109,
        0.212,
        0.317,
        0.369,
        0.178,
        0.08
      ],
      [
        0.302,
        0.62,
        0.343,
        1.0,
        0.273,
        0.304,
        0.237,
        0.305,
        0.264,
        0.288,
        0.094,
        0.048,
        0.368,
        0.344,
        0.04,
        0.168
      ],
      [
        0.151,
        0.345,
        0.117,
        0.273,
        1.0,
        0.156,
        0.319,
        0.142,
        0.129,
        0.099,
        0.161,
        0.069,
        0.172,
        0.162,
        0.053,
        0.159
      ],
      [
        0.087,
        0.189,
        0.149,
        0.304,
        0.156,
        1.0,
        0.157,
        0.351,
        0.302,
        0.274,
        0.251,
        0.167,
        0.131,
        0.233,
        0.151,
        0.164
      ],
      [
        0.086,
        0.13,
        0.051,
        0.237,
        0.319,
        0.157,
        1.0,
        0.101,
        0.14,
        0.215,
        -0.028,
        0.146,
        0.058,
        0.195,
        -0.045,
        0.148
      ],
      [
        0.059,
        0.245,
        0.125,
        0.305,
        0.142,
        0.351,
        0.101,
        1.0,
        0.245,
        0.261,
        0.26,
        0.134,
        0.111,
        0.206,
        0.152,
        0.182
      ],
      [
        0.189,
        0.184,
        0.246,
        0.264,
        0.129,
        0.302,
        0.14,
        0.245,
        1.0,
        0.249,
        0.12,
        0.153,
        0.255,
        0.348,
        0.064,
        0.172
      ],
      [
        0.14,
        0.082,
        0.146,
        0.288,
        0.099,
        0.274,
        0.215,
        0.261,
        0.249,
        1.0,
        0.352,
        0.145,
        0.087,
        0.343,
        0.206,
        0.177
      ],
      [
        0.057,
        -0.063,
        0.109,
        0.094,
        0.161,
        0.251,
        -0.028,
        0.26,
        0.12,
        0.352,
        1.0,
        0.337,
        0.067,
        0.146,
        0.56,
        0.104
      ],
      [
        0.006,
        -0.0,
        0.212,
        0.048,
        0.069,
        0.167,
        0.146,
        0.134,
        0.153,
        0.145,
        0.337,
        1.0,
        0.055,
        0.163,
        0.369,
        0.023
      ],
      [
        0.798,
        0.357,
        0.317,
        0.368,
        0.172,
        0.131,
        0.058,
        0.111,
        0.255,
        0.087,
        0.067,
        0.055,
        1.0,
        0.277,
        0.07,
        0.087
      ],
      [
        0.252,
        0.304,
        0.369,
        0.344,
        0.162,
        0.233,
        0.195,
        0.206,
        0.348,
        0.343,
        0.146,
        0.163,
        0.277,
        1.0,
        0.217,
        0.045
      ],
      [
        0.043,
        -0.056,
        0.178,
        0.04,
        0.053,
        0.151,
        -0.045,
        0.152,
        0.064,
        0.206,
        0.56,
        0.369,
        0.07,
        0.217,
        1.0,
        -0.032
      ],
      [
        0.119,
        0.177,
        0.08,
        0.168,
        0.159,
        0.164,
        0.148,
        0.182,
        0.172,
        0.177,
        0.104,
        0.023,
        0.087,
        0.045,
        -0.032,
        1.0
      ]
    ]
  },
  "residual_correlation": {
    "tickers": [
      "CEG",
      "CMI",
      "CRWV",
      "ESI",
      "GENC",
      "GRPN",
      "JAKK",
      "KSPI",
      "OPEN",
      "PYPL",
      "TENB",
      "VIA",
      "VST",
      "XNET",
      "ZS",
      "ZTS"
    ],
    "matrix": [
      [
        1.0,
        0.056,
        0.002,
        -0.034,
        0.028,
        -0.062,
        -0.02,
        -0.135,
        0.035,
        0.039,
        -0.022,
        -0.102,
        0.731,
        0.095,
        0.011,
        0.075
      ],
      [
        0.056,
        1.0,
        0.125,
        0.246,
        0.076,
        -0.062,
        -0.15,
        -0.007,
        -0.067,
        -0.097,
        -0.259,
        -0.143,
        0.036,
        0.002,
        -0.142,
        0.063
      ],
      [
        0.002,
        0.125,
        1.0,
        0.038,
        0.013,
        -0.056,
        -0.042,
        -0.111,
        0.043,
        -0.037,
        -0.019,
        0.083,
        0.079,
        0.138,
        0.108,
        0.037
      ],
      [
        -0.034,
        0.246,
        0.038,
        1.0,
        -0.071,
        0.053,
        0.002,
        0.018,
        -0.01,
        0.138,
        -0.104,
        -0.125,
        0.003,
        0.03,
        -0.052,
        -0.019
      ],
      [
        0.028,
        0.076,
        0.013,
        -0.071,
        1.0,
        -0.029,
        0.067,
        -0.079,
        -0.075,
        0.004,
        0.092,
        -0.004,
        0.026,
        -0.053,
        0.006,
        -0.035
      ],
      [
        -0.062,
        -0.062,
        -0.056,
        0.053,
        -0.029,
        1.0,
        0.016,
        0.192,
        0.111,
        0.102,
        0.115,
        0.051,
        -0.034,
        0.016,
        0.051,
        0.03
      ],
      [
        -0.02,
        -0.15,
        -0.042,
        0.002,
        0.067,
        0.016,
        1.0,
        -0.095,
        -0.032,
        0.105,
        -0.124,
        0.091,
        -0.058,
        0.02,
        -0.111,
        -0.038
      ],
      [
        -0.135,
        -0.007,
        -0.111,
        0.018,
        -0.079,
        0.192,
        -0.095,
        1.0,
        0.061,
        0.085,
        0.156,
        0.012,
        -0.1,
        -0.022,
        0.062,
        0.046
      ],
      [
        0.035,
        -0.067,
        0.043,
        -0.01,
        -0.075,
        0.111,
        -0.032,
        0.061,
        1.0,
        0.069,
        -0.019,
        0.03,
        0.106,
        0.16,
        -0.047,
        0.027
      ],
      [
        0.039,
        -0.097,
        -0.037,
        0.138,
        0.004,
        0.102,
        0.105,
        0.085,
        0.069,
        1.0,
        0.237,
        0.007,
        -0.033,
        0.187,
        0.073,
        0.024
      ],
      [
        -0.022,
        -0.259,
        -0.019,
        -0.104,
        0.092,
        0.115,
        -0.124,
        0.156,
        -0.019,
        0.237,
        1.0,
        0.273,
        -0.026,
        0.003,
        0.517,
        -0.006
      ],
      [
        -0.102,
        -0.143,
        0.083,
        -0.125,
        -0.004,
        0.051,
        0.091,
        0.012,
        0.03,
        0.007,
        0.273,
        1.0,
        -0.057,
        0.029,
        0.314,
        -0.059
      ],
      [
        0.731,
        0.036,
        0.079,
        0.003,
        0.026,
        -0.034,
        -0.058,
        -0.1,
        0.106,
        -0.033,
        -0.026,
        -0.057,
        1.0,
        0.105,
        0.04,
        0.031
      ],
      [
        0.095,
        0.002,
        0.138,
        0.03,
        -0.053,
        0.016,
        0.02,
        -0.022,
        0.16,
        0.187,
        0.003,
        0.029,
        0.105,
        1.0,
        0.135,
        -0.108
      ],
      [
        0.011,
        -0.142,
        0.108,
        -0.052,
        0.006,
        0.051,
        -0.111,
        0.062,
        -0.047,
        0.073,
        0.517,
        0.314,
        0.04,
        0.135,
        1.0,
        -0.117
      ],
      [
        0.075,
        0.063,
        0.037,
        -0.019,
        -0.035,
        0.03,
        -0.038,
        0.046,
        0.027,
        0.024,
        -0.006,
        -0.059,
        0.031,
        -0.108,
        -0.117,
        1.0
      ]
    ]
  },
  "factor_correlation": {
    "factors": [
      "Market",
      "Size",
      "Value (SMID)",
      "Momentum",
      "Quality",
      "Profitability",
      "Liquidity",
      "Credit"
    ],
    "matrix": [
      [
        1.0,
        0.32,
        -0.503,
        0.408,
        -0.254,
        -0.54,
        0.307,
        0.182
      ],
      [
        0.32,
        1.0,
        -0.152,
        0.244,
        0.157,
        0.154,
        0.325,
        0.032
      ],
      [
        -0.503,
        -0.152,
        1.0,
        -0.561,
        0.307,
        0.603,
        -0.375,
        -0.139
      ],
      [
        0.408,
        0.244,
        -0.561,
        1.0,
        -0.223,
        -0.546,
        0.288,
        0.05
      ],
      [
        -0.254,
        0.157,
        0.307,
        -0.223,
        1.0,
        0.442,
        -0.238,
        -0.131
      ],
      [
        -0.54,
        0.154,
        0.603,
        -0.546,
        0.442,
        1.0,
        -0.277,
        -0.111
      ],
      [
        0.307,
        0.325,
        -0.375,
        0.288,
        -0.238,
        -0.277,
        1.0,
        0.163
      ],
      [
        0.182,
        0.032,
        -0.139,
        0.05,
        -0.131,
        -0.111,
        0.163,
        1.0
      ]
    ]
  },
  "factor_exposures": [
    {
      "ticker": "CEG",
      "r_squared": 0.24731048500746355,
      "alpha_annual": -0.4260188329821735,
      "idio_vol_annual": 0.405065291916451,
      "Market": 0.6936413286143075,
      "Size": 0.39529776671765876,
      "Value (SMID)": -0.47240848795541224,
      "Momentum": 0.5458397920806856,
      "Quality": -0.8678883239581118,
      "Profitability": -0.5996690401877623,
      "Liquidity": -0.4386695531612162,
      "Credit": -0.9167380452425231
    },
    {
      "ticker": "CMI",
      "r_squared": 0.4778958076145585,
      "alpha_annual": 0.366203922578634,
      "idio_vol_annual": 0.2458337036529001,
      "Market": 1.1517048880982517,
      "Size": 0.8103476771007387,
      "Value (SMID)": 0.3881180536063416,
      "Momentum": 0.7004641299853954,
      "Quality": -0.0032007183205986778,
      "Profitability": -0.1875270782926717,
      "Liquidity": -0.3219458249174613,
      "Credit": 0.8052573001596889
    },
    {
      "ticker": "CRWV",
      "r_squared": 0.27364320622014204,
      "alpha_annual": -1.0306022844916811,
      "idio_vol_annual": 0.8022025615895275,
      "Market": 1.0517349577330903,
      "Size": 0.637149871269094,
      "Value (SMID)": -1.9384354690011762,
      "Momentum": 0.637645902642672,
      "Quality": -3.989508818468323,
      "Profitability": -0.14680719648407442,
      "Liquidity": 0.4072383736093014,
      "Credit": 1.9417367616071948
    },
    {
      "ticker": "ESI",
      "r_squared": 0.5133982232134698,
      "alpha_annual": 0.2709169594097694,
      "idio_vol_annual": 0.28848120972956914,
      "Market": 1.6489713658157534,
      "Size": 0.992744254027632,
      "Value (SMID)": -0.17028217464887635,
      "Momentum": 0.6783374125686411,
      "Quality": 0.2426011171131109,
      "Profitability": 0.2270511926569459,
      "Liquidity": -0.7250848809194621,
      "Credit": 0.2350231188014002
    },
    {
      "ticker": "GENC",
      "r_squared": 0.3279431643669263,
      "alpha_annual": -0.41596431191761274,
      "idio_vol_annual": 0.3230062591129886,
      "Market": 1.2880249270489796,
      "Size": 1.2375096735459272,
      "Value (SMID)": 1.1492319078549165,
      "Momentum": -0.02243898003700473,
      "Quality": -0.7717714364019195,
      "Profitability": 0.09876575030674134,
      "Liquidity": -0.19205203976933882,
      "Credit": 0.6574671072996545
    },
    {
      "ticker": "GRPN",
      "r_squared": 0.16457490796104435,
      "alpha_annual": -1.0695700061272428,
      "idio_vol_annual": 0.6313414868690288,
      "Market": 1.9112031397896871,
      "Size": 0.33850484206931003,
      "Value (SMID)": -1.0146054152888366,
      "Momentum": -0.15152359750281663,
      "Quality": -1.5694179823827072,
      "Profitability": 1.552808917377573,
      "Liquidity": 0.15858241779735144,
      "Credit": 1.1539040921011607
    },
    {
      "ticker": "JAKK",
      "r_squared": 0.27230616980858857,
      "alpha_annual": -0.23826947647506783,
      "idio_vol_annual": 0.3511942659864046,
      "Market": 1.2477652733120494,
      "Size": 1.0541655967160637,
      "Value (SMID)": 0.8544972419254442,
      "Momentum": -0.3497229816235702,
      "Quality": 1.3680707806369101,
      "Profitability": -0.36237243004880265,
      "Liquidity": 0.30862346063916624,
      "Credit": -0.5075346027113882
    },
    {
      "ticker": "KSPI",
      "r_squared": 0.21666199559581023,
      "alpha_annual": -0.13753764917461558,
      "idio_vol_annual": 0.3226042622524526,
      "Market": 1.1900994720149527,
      "Size": 0.460369504044233,
      "Value (SMID)": -0.3210615030781522,
      "Momentum": -0.48730153184180924,
      "Quality": 0.08106778686799548,
      "Profitability": 0.06893478410505924,
      "Liquidity": -0.058367694729543784,
      "Credit": 0.48667588795462763
    },
    {
      "ticker": "OPEN",
      "r_squared": 0.12445024125592685,
      "alpha_annual": 1.461012059899647,
      "idio_vol_annual": 1.3414699673300237,
      "Market": 3.046912700098715,
      "Size": 1.295676048793934,
      "Value (SMID)": -1.6182229670321313,
      "Momentum": -1.9014120445984843,
      "Quality": 0.983015035538536,
      "Profitability": 0.9409777950730212,
      "Liquidity": 1.775385919149294,
      "Credit": -2.931419364744534
    },
    {
      "ticker": "PYPL",
      "r_squared": 0.29734473632143854,
      "alpha_annual": -0.6834781704567113,
      "idio_vol_annual": 0.33681498701291557,
      "Market": 1.8000376018732536,
      "Size": -0.34725648341042203,
      "Value (SMID)": -0.9511688526446881,
      "Momentum": -0.887229226293185,
      "Quality": 1.470023634421277,
      "Profitability": 0.683147274122559,
      "Liquidity": 0.3735700245608661,
      "Credit": -0.07049147698932523
    },
    {
      "ticker": "TENB",
      "r_squared": 0.1526205858466082,
      "alpha_annual": -0.331197230949779,
      "idio_vol_annual": 0.40916563086440716,
      "Market": 1.453758168269331,
      "Size": -0.12058069599801602,
      "Value (SMID)": -0.8671876969896295,
      "Momentum": -0.3070718282098451,
      "Quality": -0.5662625000436499,
      "Profitability": 1.4100182583892575,
      "Liquidity": -0.10393488870339607,
      "Credit": -0.2699224165832081
    },
    {
      "ticker": "VIA",
      "r_squared": 0.11159273728460628,
      "alpha_annual": -1.5466761054085885,
      "idio_vol_annual": 0.6777580619480325,
      "Market": 0.968073445858832,
      "Size": 0.453500809542449,
      "Value (SMID)": -1.4164430518013944,
      "Momentum": -1.0251331593908612,
      "Quality": -1.6025542972044777,
      "Profitability": 0.4978570098673814,
      "Liquidity": 0.6478985127698458,
      "Credit": -0.7785479323463853
    },
    {
      "ticker": "VST",
      "r_squared": 0.29247675351656566,
      "alpha_annual": -0.4207062572532218,
      "idio_vol_annual": 0.4124724958334029,
      "Market": 0.6095078528353677,
      "Size": 0.8005670836437688,
      "Value (SMID)": -0.6757882307205361,
      "Momentum": 0.6099140201563937,
      "Quality": -1.815352924392841,
      "Profitability": -0.5096485699980223,
      "Liquidity": -0.7791409390561145,
      "Credit": -0.7981101919581952
    },
    {
      "ticker": "XNET",
      "r_squared": 0.17346274655165217,
      "alpha_annual": -0.3030824802921203,
      "idio_vol_annual": 0.6711211693879839,
      "Market": 1.7922549380245747,
      "Size": 0.22083022947123354,
      "Value (SMID)": -0.7559374444194022,
      "Momentum": -0.35049536497969225,
      "Quality": 0.2785776877176883,
      "Profitability": 0.6155269401980457,
      "Liquidity": 1.124781047581617,
      "Credit": 2.4786197461343416
    },
    {
      "ticker": "ZS",
      "r_squared": 0.09293748614679709,
      "alpha_annual": -0.9577587903596743,
      "idio_vol_annual": 0.5970215459742011,
      "Market": 1.3259819144841392,
      "Size": -0.37980374983979037,
      "Value (SMID)": -1.1533550490209468,
      "Momentum": -0.9340711358647094,
      "Quality": -0.95028281714325,
      "Profitability": 0.9306174471757628,
      "Liquidity": 0.21022619433980408,
      "Credit": 0.1773536436057251
    },
    {
      "ticker": "ZTS",
      "r_squared": 0.17009899297254938,
      "alpha_annual": -0.894908730718369,
      "idio_vol_annual": 0.3440229533834429,
      "Market": 1.339380601572909,
      "Size": 0.15624808002622825,
      "Value (SMID)": 0.05852215758480435,
      "Momentum": -0.26750783295538605,
      "Quality": 1.0743204979491057,
      "Profitability": 0.7466212938342032,
      "Liquidity": 0.07785849764106323,
      "Credit": -0.8184872546653057
    }
  ],
  "portfolio_factor_exposure": {
    "loadings": {
      "Market": 1.4367469790033778,
      "Size": 0.43337900110559463,
      "Value (SMID)": -0.5626207520263629,
      "Momentum": -0.19121495371487077,
      "Quality": -0.5670708347627791,
      "Profitability": 0.5846418274907389,
      "Liquidity": 0.11434421175371853,
      "Credit": 0.3800073814344875
    },
