{
  "generated_at": "2026-06-11T21:30:46.834950Z",
  "market_session": "AFTER",
  "fund_name": "Convex Capital",
  "tagline": "Lose small. Win big. \u2014 Paper-traded portfolio. Hypothetical performance for educational purposes only.",
  "summary": {
    "nav": 975672.41,
    "cash": 49780.460000000036,
    "equity": 925891.95,
    "deposits": 1000000.0,
    "total_return": -0.024327589999999955,
    "realized_pnl": 0.0,
    "open_positions": 17
  },
  "metrics": {
    "annualized_return": -0.28574288526238856,
    "annualized_vol": 0.28927402739353625,
    "sharpe": -0.9877930896079244,
    "sortino": -1.3392007223683255,
    "max_drawdown": -0.42417203879364196,
    "var_95_1d": -0.03699960062034746,
    "method": "Synthetic: current weights \u00d7 each holding's 252-day return history.",
    "beta_spy": 1.5398878382944186,
    "data_basis": "synthetic_252d",
    "days_of_live_nav": 9
  },
  "nav_curve": [
    {
      "date": "2026-06-01",
      "value": 999876.7628759766
    },
    {
      "date": "2026-06-02",
      "value": 1004058.1192620469
    },
    {
      "date": "2026-06-03",
      "value": 988718.7906235124
    },
    {
      "date": "2026-06-04",
      "value": 1000919.7487734223
    },
    {
      "date": "2026-06-05",
      "value": 963668.4124958802
    },
    {
      "date": "2026-06-08",
      "value": 962233.467066555
    },
    {
      "date": "2026-06-09",
      "value": 964786.7426919556
    },
    {
      "date": "2026-06-10",
      "value": 952696.133128605
    },
    {
      "date": "2026-06-11",
      "value": 975672.4306797601
    }
  ],
  "drawdown_curve": [
    {
      "date": "2026-06-01",
      "value": 0.0
    },
    {
      "date": "2026-06-02",
      "value": 0.0
    },
    {
      "date": "2026-06-03",
      "value": -0.015277331405684446
    },
    {
      "date": "2026-06-04",
      "value": -0.003125686081729177
    },
    {
      "date": "2026-06-05",
      "value": -0.040226462981895875
    },
    {
      "date": "2026-06-08",
      "value": -0.04165560876718144
    },
    {
      "date": "2026-06-09",
      "value": -0.03911265276053396
    },
    {
      "date": "2026-06-10",
      "value": -0.05115439549574227
    },
    {
      "date": "2026-06-11",
      "value": -0.028270961648265407
    }
  ],
  "benchmarks": {
    "SPY": [
      {
        "date": "2026-06-01",
        "value": 0.0
      },
      {
        "date": "2026-06-02",
        "value": 0.0013579103629497435
      },
      {
        "date": "2026-06-03",
        "value": -0.005668768842152949
      },
      {
        "date": "2026-06-04",
        "value": -0.0019115026417536596
      },
      {
        "date": "2026-06-05",
        "value": -0.027671567540792585
      },
      {
        "date": "2026-06-08",
        "value": -0.02546999220062507
      },
      {
        "date": "2026-06-09",
        "value": -0.028330728579740505
      },
      {
        "date": "2026-06-10",
        "value": -0.04364962468776956
      },
      {
        "date": "2026-06-11",
        "value": -0.02739469093739666
      }
    ],
    "IWM": [
      {
        "date": "2026-06-01",
        "value": 0.0
      },
      {
        "date": "2026-06-02",
        "value": 0.009273972502921835
      },
      {
        "date": "2026-06-03",
        "value": -0.004533177066893157
      },
      {
        "date": "2026-06-04",
        "value": 0.010485150059186044
      },
      {
        "date": "2026-06-05",
        "value": -0.02536513534214846
      },
      {
        "date": "2026-06-08",
        "value": -0.01685246539421037
      },
      {
        "date": "2026-06-09",
        "value": -0.01370344598970763
      },
      {
        "date": "2026-06-10",
        "value": -0.023980977679758042
      },
      {
        "date": "2026-06-11",
        "value": 0.004948413805164309
      }
    ]
  },
  "holdings": [
    {
      "ticker": "GRPN",
      "company": "Groupon, Inc.",
      "sector": "Communication Services",
      "country": "United States",
      "shares": 11310.0,
      "price": 16.87,
      "cost_basis": 17.682836427939876,
      "market_value": 190799.7,
      "unrealized_pnl": -9193.17999999998,
      "short_percent_of_float": 0.56310004,
      "short_ratio": 5.75
    },
    {
      "ticker": "KSPI",
      "company": "Joint Stock Company Kaspi.kz",
      "sector": "Technology",
      "country": "Kazakhstan",
      "shares": 1515.0,
      "price": 82.33,
      "cost_basis": 82.53049504950495,
      "market_value": 124729.95,
      "unrealized_pnl": -303.75000000000125,
      "short_percent_of_float": 0.0159,
      "short_ratio": 3.24
    },
    {
      "ticker": "TENB",
      "company": "Tenable Holdings, Inc.",
      "sector": "Technology",
      "country": "United States",
      "shares": 2916.0,
      "price": 26.87,
      "cost_basis": 25.719999999999995,
      "market_value": 78352.92,
      "unrealized_pnl": 3353.4000000000165,
      "short_percent_of_float": 0.129,
      "short_ratio": 3.05
    },
    {
      "ticker": "JAKK",
      "company": "JAKKS Pacific, Inc.",
      "sector": "Consumer Cyclical",
      "country": "United States",
      "shares": 3436.0,
      "price": 22.35,
      "cost_basis": 21.83,
      "market_value": 76794.6,
      "unrealized_pnl": 1786.7200000000107,
      "short_percent_of_float": 0.039100002,
      "short_ratio": 7.32
    },
    {
      "ticker": "VIA",
      "company": "Via Transportation, Inc.",
      "sector": "Technology",
      "country": "United States",
      "shares": 4921.0,
      "price": 14.76,
      "cost_basis": 15.241408250355619,
      "market_value": 72633.95999999999,
      "unrealized_pnl": -2369.010000000001,
      "short_percent_of_float": 0.13520001,
      "short_ratio": 6.88
    },
    {
      "ticker": "ZS",
      "company": "Zscaler, Inc.",
      "sector": "Technology",
      "country": "United States",
      "shares": 549.0,
      "price": 126.11,
      "cost_basis": 136.8013843351548,
      "market_value": 69234.39,
      "unrealized_pnl": -5869.56999999999,
      "short_percent_of_float": 0.114700004,
      "short_ratio": 2.09
    },
    {
      "ticker": "XNET",
      "company": "Xunlei Limited",
      "sector": "Technology",
      "country": "China",
      "shares": 10526.0,
      "price": 5.17,
      "cost_basis": 4.75,
      "market_value": 54419.42,
      "unrealized_pnl": 4420.919999999999,
      "short_percent_of_float": 0.0377,
      "short_ratio": 6.03
    },
    {
      "ticker": "CMI",
      "company": "Cummins Inc.",
      "sector": "Industrials",
      "country": "United States",
      "shares": 78.0,
      "price": 655.69,
      "cost_basis": 643.5,
      "market_value": 51143.82000000001,
      "unrealized_pnl": 950.8200000000043,
      "short_percent_of_float": 0.0171,
      "short_ratio": 2.07
    },
    {
      "ticker": "CRWV",
      "company": "CoreWeave, Inc.",
      "sector": "Technology",
      "country": "United States",
      "shares": 468.0,
      "price": 95.74,
      "cost_basis": 106.78134615384614,
      "market_value": 44806.32,
      "unrealized_pnl": -5167.349999999998,
      "short_percent_of_float": 0.18190001,
      "short_ratio": 1.91
    },
    {
      "ticker": "PYPL",
      "company": "PayPal Holdings, Inc.",
      "sector": "Financial Services",
      "country": "United States",
      "shares": 830.0,
      "price": 41.24,
      "cost_basis": 45.19,
      "market_value": 34229.200000000004,
      "unrealized_pnl": -3278.4999999999964,
      "short_percent_of_float": 0.0626,
      "short_ratio": 3.16
    },
    {
      "ticker": "BABA",
      "company": "Alibaba Group Holding Limited",
      "sector": "Consumer Cyclical",
      "country": "China",
      "shares": 299.0,
      "price": 112.69,
      "cost_basis": 125.39999999999999,
      "market_value": 33694.31,
      "unrealized_pnl": -3800.289999999998,
      "short_percent_of_float": 0.0165,
      "short_ratio": 3.21
    },
    {
      "ticker": "ZTS",
      "company": "Zoetis Inc.",
      "sector": "Healthcare",
      "country": "United States",
      "shares": 312.0,
      "price": 81.4,
      "cost_basis": 80.09,
      "market_value": 25396.800000000003,
      "unrealized_pnl": 408.7200000000007,
      "short_percent_of_float": 0.0363,
      "short_ratio": 1.45
    },
    {
      "ticker": "AVAV",
      "company": "AeroVironment, Inc.",
      "sector": "Industrials",
      "country": "United States",
      "shares": 122.0,
      "price": 183.69,
      "cost_basis": 204.09,
      "market_value": 22410.18,
      "unrealized_pnl": -2488.8000000000006,
      "short_percent_of_float": 0.120699994,
      "short_ratio": 3.48
    },
    {
      "ticker": "GENC",
      "company": "Gencor Industries, Inc.",
      "sector": "Industrials",
      "country": "United States",
      "shares": 873.0,
      "price": 14.88,
      "cost_basis": 14.32,
      "market_value": 12990.24,
      "unrealized_pnl": 488.88000000000045,
      "short_percent_of_float": 0.0064,
      "short_ratio": 2.39
    },
    {
      "ticker": "VST",
      "company": "Vistra Corp.",
      "sector": "Utilities",
      "country": "United States",
      "shares": 81.0,
      "price": 146.38,
      "cost_basis": 154.76,
      "market_value": 11856.779999999999,
      "unrealized_pnl": -678.7799999999996,
      "short_percent_of_float": 0.0539,
      "short_ratio": 2.73
    },
    {
      "ticker": "CEG",
      "company": "Constellation Energy Corporation",
      "sector": "Utilities",
      "country": "United States",
      "shares": 47.0,
      "price": 246.71,
      "cost_basis": 265.7,
      "market_value": 11595.37,
      "unrealized_pnl": -892.5299999999991,
      "short_percent_of_float": 0.036,
      "short_ratio": 3.46
    },
    {
      "ticker": "OPEN",
      "company": "Opendoor Technologies Inc.",
      "sector": "Real Estate",
      "country": "United States",
      "shares": 2417.0,
      "price": 4.47,
      "cost_basis": 5.171402565163425,
      "market_value": 10803.99,
      "unrealized_pnl": -1695.2899999999988,
      "short_percent_of_float": 0.16149999,
      "short_ratio": 3.77
    }
  ],
  "sector_exposure": [
    {
      "name": "Technology",
      "value": 444176.95999999996,
      "pct": 0.4552521475932685
    },
    {
      "name": "Communication Services",
      "value": 190799.7,
      "pct": 0.1955571337719799
    },
    {
      "name": "Consumer Cyclical",
      "value": 110488.91,
      "pct": 0.11324386020098692
    },
    {
      "name": "Industrials",
      "value": 86544.24,
      "pct": 0.08870214952578193
    },
    {
      "name": "Cash",
      "value": 49780.460000000036,
      "pct": 0.0510216948739998
    },
    {
      "name": "Financial Services",
      "value": 34229.200000000004,
      "pct": 0.03508267698171357
    },
    {
      "name": "Healthcare",
      "value": 25396.800000000003,
      "pct": 0.026030048343787852
    },
    {
      "name": "Utilities",
      "value": 23452.15,
      "pct": 0.02403691009362456
    },
    {
      "name": "Real Estate",
      "value": 10803.99,
      "pct": 0.011073378614857009
    }
  ],
  "geographic_exposure": [
    {
      "name": "United States",
      "value": 713048.27,
      "pct": 0.7308275428224931
    },
    {
      "name": "Kazakhstan",
      "value": 124729.95,
      "pct": 0.12783998883395709
    },
    {
      "name": "China",
      "value": 88113.73,
      "pct": 0.09031077346955009
    },
    {
      "name": "Cash",
      "value": 49780.460000000036,
      "pct": 0.0510216948739998
    }
  ],
  "signals": [
    {
      "ticker": "AVAV",
      "label": "NEUTRAL",
      "composite": 0.0,
      "rsi": 49.4,
      "subs": {
        "rsi": 0.5,
        "macd": -0.5,
        "trend": -0.5,
        "bb": 0.5,
        "vol": 0.0,
        "range": 0.0
      }
    },
    {
      "ticker": "BABA",
      "label": "STRONG SELL",
      "composite": -2.0,
      "rsi": 29.4,
      "subs": {
        "rsi": -0.5,
        "macd": -0.5,
        "trend": -0.5,
        "bb": 0.0,
        "vol": 0.0,
        "range": -0.5
      }
    },
    {
      "ticker": "CEG",
      "label": "STRONG SELL",
      "composite": -2.0,
      "rsi": 35.3,
      "subs": {
        "rsi": 0.0,
        "macd": -0.5,
        "trend": -0.5,
        "bb": -0.5,
        "vol": 0.0,
        "range": -0.5
      }
    },
    {
      "ticker": "CMI",
      "label": "LEAN BEAR",
      "composite": -0.5,
      "rsi": 49.2,
      "subs": {
        "rsi": 0.5,
        "macd": -0.5,
        "trend": 0.5,
        "bb": -0.5,
        "vol": 0.0,
        "range": -0.5
      }
    },
    {
      "ticker": "CRWV",
      "label": "SELL",
      "composite": -1.5,
      "rsi": 40.6,
      "subs": {
        "rsi": 0.0,
        "macd": -0.5,
        "trend": 0.0,
        "bb": -0.5,
        "vol": 0.0,
        "range": -0.5
      }
    },
    {
      "ticker": "GENC",
      "label": "STRONG BUY",
      "composite": 2.0,
      "rsi": 52.7,
      "subs": {
        "rsi": 0.5,
        "macd": 0.5,
        "trend": 0.5,
        "bb": 0.5,
        "vol": 0.0,
        "range": 0.0
      }
    },
    {
      "ticker": "GRPN",
      "label": "SELL",
      "composite": -1.0,
      "rsi": 48.2,
      "subs": {
        "rsi": 0.5,
        "macd": -0.5,
        "trend": 0.0,
        "bb": -0.5,
        "vol": 0.0,
        "range": -0.5
      }
    },
    {
      "ticker": "JAKK",
      "label": "BUY",
      "composite": 1.5,
      "rsi": 56.8,
      "subs": {
        "rsi": 0.5,
        "macd": 0.5,
        "trend": 0.5,
        "bb": 0.5,
        "vol": -0.5,
        "range": 0.0
      }
    },
    {
      "ticker": "KSPI",
      "label": "SELL",
      "composite": -1.5,
      "rsi": 43.0,
      "subs": {
        "rsi": 0.0,
        "macd": -0.5,
        "trend": 0.0,
        "bb": -0.5,
        "vol": 0.0,
        "range": -0.5
      }
    },
    {
      "ticker": "OPEN",
      "label": "STRONG SELL",
      "composite": -2.0,
      "rsi": 43.5,
      "subs": {
        "rsi": 0.0,
        "macd": -0.5,
        "trend": -0.5,
        "bb": -0.5,
        "vol": 0.0,
        "range": -0.5
      }
    },
    {
      "ticker": "PYPL",
      "label": "STRONG SELL",
      "composite": -2.0,
      "rsi": 32.8,
      "subs": {
        "rsi": 0.0,
        "macd": -0.5,
        "trend": -0.5,
        "bb": -0.5,
        "vol": 0.0,
        "range": -0.5
      }
    },
    {
      "ticker": "TENB",
      "label": "LEAN BULL",
      "composite": 0.5,
      "rsi": 57.2,
      "subs": {
        "rsi": 0.5,
        "macd": -0.5,
        "trend": 0.0,
        "bb": 0.5,
        "vol": 0.0,
        "range": 0.0
      }
    },
    {
      "ticker": "VIA",
      "label": "NEUTRAL",
      "composite": 0.0,
      "rsi": 46.8,
      "subs": {
        "rsi": 0.5,
        "macd": 0.5,
        "trend": -0.5,
        "bb": -0.5,
        "vol": 0.0,
        "range": 0.0
      }
    },
    {
      "ticker": "VST",
      "label": "SELL",
      "composite": -1.0,
      "rsi": 45.4,
      "subs": {
        "rsi": 0.5,
        "macd": -0.5,
        "trend": -0.5,
        "bb": -0.5,
        "vol": 0.0,
        "range": 0.0
      }
    },
    {
      "ticker": "XNET",
      "label": "SELL",
      "composite": -1.0,
      "rsi": 42.8,
      "subs": {
        "rsi": 0.0,
        "macd": -0.5,
        "trend": -0.5,
        "bb": -0.5,
        "vol": 0.5,
        "range": 0.0
      }
    },
    {
      "ticker": "ZS",
      "label": "STRONG SELL",
      "composite": -2.5,
      "rsi": 40.5,
      "subs": {
        "rsi": 0.0,
        "macd": -0.5,
        "trend": -0.5,
        "bb": -0.5,
        "vol": -0.5,
        "range": -0.5
      }
    },
    {
      "ticker": "ZTS",
      "label": "BUY",
      "composite": 1.0,
      "rsi": 40.7,
      "subs": {
        "rsi": 0.0,
        "macd": 0.5,
        "trend": -0.5,
        "bb": 0.5,
        "vol": 0.0,
        "range": 0.5
      }
    }
  ],
  "volatility": [
    {
      "ticker": "AVAV",
      "hv20": 0.9105875371108137,
      "garch": 0.7386212934063845,
      "expansion": -0.1888519628217818,
      "regime": "HIGH",
      "signal": "WEAK"
    },
    {
      "ticker": "BABA",
      "hv20": 0.35670029315989094,
      "garch": 0.4327242164522222,
      "expansion": 0.2131310928254649,
      "regime": "NORMAL",
      "signal": "SIGNAL"
    },
    {
      "ticker": "CEG",
      "hv20": 0.5290508093606094,
      "garch": 0.5606008935041195,
      "expansion": 0.05963526297529011,
      "regime": "HIGH",
      "signal": "WEAK"
    },
    {
      "ticker": "CMI",
      "hv20": 0.48542921379597564,
      "garch": 0.42813744290649874,
      "expansion": -0.11802291510530401,
      "regime": "EXTREME",
      "signal": "WEAK"
    },
    {
      "ticker": "CRWV",
      "hv20": 0.7726465153048029,
      "garch": 0.9407520376842309,
      "expansion": 0.21757106134505985,
      "regime": "LOW",
      "signal": "SIGNAL"
    },
    {
      "ticker": "GENC",
      "hv20": 0.3672688857720435,
      "garch": 0.40583860788267434,
      "expansion": 0.1050176685388218,
      "regime": "NORMAL",
      "signal": "BASE"
    },
    {
      "ticker": "GRPN",
      "hv20": 0.8590738710886252,
      "garch": 0.7947204897531505,
      "expansion": -0.07491018351416699,
      "regime": "HIGH",
      "signal": "WEAK"
    },
    {
      "ticker": "JAKK",
      "hv20": 0.2193620327166289,
      "garch": 0.4638483057659432,
      "expansion": 1.1145332217318609,
      "regime": "LOW",
      "signal": "SIGNAL"
    },
    {
      "ticker": "KSPI",
      "hv20": 0.32343608086861575,
      "garch": 0.5415396523792406,
      "expansion": 0.6743328416696391,
      "regime": "HIGH",
      "signal": "SIGNAL"
    },
    {
      "ticker": "OPEN",
      "hv20": 0.731304763614079,
      "garch": 0.8310942910991013,
      "expansion": 0.13645409198740394,
      "regime": "LOW",
      "signal": "BASE"
    },
    {
      "ticker": "PYPL",
      "hv20": 0.24595410278600144,
      "garch": 0.4177660538687212,
      "expansion": 0.6985528972135466,
      "regime": "LOW",
      "signal": "SIGNAL"
    },
    {
      "ticker": "TENB",
      "hv20": 0.6903856631043858,
      "garch": 0.5136040557462898,
      "expansion": -0.2560621067407171,
      "regime": "EXTREME",
      "signal": "WEAK"
    },
    {
      "ticker": "VIA",
      "hv20": 0.7341718864460732,
      "garch": null,
      "expansion": null,
      "regime": "NORMAL",
      "signal": "WEAK"
    },
    {
      "ticker": "VST",
      "hv20": 0.5367965289451325,
      "garch": 0.5857718967533485,
      "expansion": 0.09123637200944326,
      "regime": "HIGH",
      "signal": "WEAK"
    },
    {
      "ticker": "XNET",
      "hv20": 0.7009698476536673,
      "garch": 0.7274606947856757,
      "expansion": 0.03779170704799964,
      "regime": "HIGH",
      "signal": "WEAK"
    },
    {
      "ticker": "ZS",
      "hv20": 1.5705239644427613,
      "garch": 0.39051466918201827,
      "expansion": -0.7513475260337228,
      "regime": "EXTREME",
      "signal": "WEAK"
    },
    {
      "ticker": "ZTS",
      "hv20": 0.29165828465163657,
      "garch": 0.3142525908744349,
      "expansion": 0.0774684190774334,
      "regime": "HIGH",
      "signal": "WEAK"
    }
  ],
  "correlation": {
    "tickers": [
      "AVAV",
      "BABA",
      "CEG",
      "CMI",
      "CRWV",
      "GENC",
      "GRPN",
      "JAKK",
      "KSPI",
      "OPEN",
      "PYPL",
      "TENB",
      "VIA",
      "VST",
      "XNET",
      "ZS",
      "ZTS"
    ],
    "matrix": [
      [
        1.0,
        0.127,
        0.266,
        0.257,
        0.309,
        0.096,
        0.236,
        0.084,
        0.111,
        0.332,
        0.202,
        0.194,
        0.034,
        0.31,
        0.333,
        0.177,
        0.061
      ],
      [
        0.127,
        1.0,
        0.185,
        0.336,
        0.353,
        0.133,
        0.189,
        0.112,
        0.198,
        0.19,
        0.243,
        0.062,
        -0.039,
        0.225,
        0.465,
        0.037,
        0.076
      ],
      [
        0.266,
        0.185,
        1.0,
        0.323,
        0.219,
        0.151,
        0.088,
        0.09,
        0.056,
        0.186,
        0.129,
        0.061,
        0.005,
        0.796,
        0.248,
        0.042,
        0.124
      ],
      [
        0.257,
        0.336,
        0.323,
        1.0,
        0.365,
        0.358,
        0.198,
        0.149,
        0.238,
        0.186,
        0.077,
        -0.053,
        0.005,
        0.345,
        0.311,
        -0.05,
        0.197
      ],
      [
        0.309,
        0.353,
        0.219,
        0.365,
        1.0,
        0.119,
        0.165,
        0.059,
        0.133,
        0.238,
        0.132,
        0.12,
        0.224,
        0.309,
        0.367,
        0.183,
        0.082
      ],
      [
        0.096,
        0.133,
        0.151,
        0.358,
        0.119,
        1.0,
        0.162,
        0.315,
        0.153,
        0.13,
        0.1,
        0.164,
        0.065,
        0.174,
        0.167,
        0.051,
        0.156
      ],
      [
        0.236,
        0.189,
        0.088,
        0.198,
        0.165,
        0.162,
        1.0,
        0.153,
        0.337,
        0.302,
        0.266,
        0.249,
        0.177,
        0.128,
        0.227,
        0.148,
        0.165
      ],
      [
        0.084,
        0.112,
        0.09,
        0.149,
        0.059,
        0.315,
        0.153,
        1.0,
        0.109,
        0.139,
        0.215,
        -0.035,
        0.143,
        0.063,
        0.199,
        -0.051,
        0.138
      ],
      [
        0.111,
        0.198,
        0.056,
        0.238,
        0.133,
        0.153,
        0.337,
        0.109,
        1.0,
        0.244,
        0.254,
        0.265,
        0.151,
        0.099,
        0.198,
        0.159,
        0.19
      ],
      [
        0.332,
        0.19,
        0.186,
        0.186,
        0.238,
        0.13,
        0.302,
        0.139,
        0.244,
        1.0,
        0.237,
        0.119,
        0.164,
        0.253,
        0.341,
        0.063,
        0.163
      ],
      [
        0.202,
        0.243,
        0.129,
        0.077,
        0.132,
        0.1,
        0.266,
        0.215,
        0.254,
        0.237,
        1.0,
        0.36,
        0.158,
        0.072,
        0.328,
        0.206,
        0.172
      ],
      [
        0.194,
        0.062,
        0.061,
        -0.053,
        0.12,
        0.164,
        0.249,
        -0.035,
        0.265,
        0.119,
        0.36,
        1.0,
        0.336,
        0.075,
        0.161,
        0.561,
        0.092
      ],
      [
        0.034,
        -0.039,
        0.005,
        0.005,
        0.224,
        0.065,
        0.177,
        0.143,
        0.151,
        0.164,
        0.158,
        0.336,
        1.0,
        0.059,
        0.19,
        0.369,
        0.022
      ],
      [
        0.31,
        0.225,
        0.796,
        0.345,
        0.309,
        0.174,
        0.128,
        0.063,
        0.099,
        0.253,
        0.072,
        0.075,
        0.059,
        1.0,
        0.273,
        0.073,
        0.093
      ],
      [
        0.333,
        0.465,
        0.248,
        0.311,
        0.367,
        0.167,
        0.227,
        0.199,
        0.198,
        0.341,
        0.328,
        0.161,
        0.19,
        0.273,
        1.0,
        0.22,
        0.044
      ],
      [
        0.177,
        0.037,
        0.042,
        -0.05,
        0.183,
        0.051,
        0.148,
        -0.051,
        0.159,
        0.063,
        0.206,
        0.561,
        0.369,
        0.073,
        0.22,
        1.0,
        -0.036
      ],
      [
        0.061,
        0.076,
        0.124,
        0.197,
        0.082,
        0.156,
        0.165,
        0.138,
        0.19,
        0.163,
        0.172,
        0.092,
        0.022,
        0.093,
        0.044,
        -0.036,
        1.0
      ]
    ]
  },
  "residual_correlation": {
    "tickers": [
      "AVAV",
      "BABA",
      "CEG",
      "CMI",
      "CRWV",
      "GENC",
      "GRPN",
      "JAKK",
      "KSPI",
      "OPEN",
      "PYPL",
      "TENB",
      "VIA",
      "VST",
      "XNET",
      "ZS",
      "ZTS"
    ],
    "matrix": [
      [
        1.0,
        -0.018,
        0.111,
        0.057,
        0.114,
        -0.037,
        0.08,
        -0.058,
        -0.104,
        0.147,
        0.009,
        0.08,
        -0.138,
        0.146,
        0.158,
        0.104,
        -0.062
      ],
      [
        -0.018,
        1.0,
        0.02,
        0.111,
        0.196,
        -0.07,
        0.02,
        -0.044,
        0.016,
        0.043,
        0.117,
        -0.053,
        -0.163,
        0.055,
        0.335,
        -0.056,
        -0.018
      ],
      [
        0.111,
        0.02,
        1.0,
        0.04,
        -0.034,
        0.035,
        -0.061,
        -0.013,
        -0.131,
        0.029,
        0.036,
        -0.017,
        -0.095,
        0.727,
        0.079,
        0.013,
        0.084
      ],
      [
        0.057,
        0.111,
        0.04,
        1.0,
        0.087,
        0.071,
        -0.068,
        -0.143,
        -0.033,
        -0.084,
        -0.107,
        -0.271,
        -0.129,
        0.009,
        -0.005,
        -0.13,
        0.068
      ],
      [
        0.114,
        0.196,
        -0.034,
        0.087,
        1.0,
        0.023,
        -0.044,
        -0.032,
        -0.099,
        0.029,
        -0.047,
        0.0,
        0.109,
        0.051,
        0.104,
        0.127,
        0.047
      ],
      [
        -0.037,
        -0.07,
        0.035,
        0.071,
        0.023,
        1.0,
        -0.028,
        0.064,
        -0.083,
        -0.072,
        0.004,
        0.086,
        -0.011,
        0.031,
        -0.038,
        0.007,
        -0.045
      ],
      [
        0.08,
        0.02,
        -0.061,
        -0.068,
        -0.044,
        -0.028,
        1.0,
        0.009,
        0.165,
        0.111,
        0.093,
        0.113,
        0.056,
        -0.039,
        -0.005,
        0.048,
        0.038
      ],
      [
        -0.058,
        -0.044,
        -0.013,
        -0.143,
        -0.032,
        0.064,
        0.009,
        1.0,
        -0.095,
        -0.025,
        0.102,
        -0.133,
        0.081,
        -0.052,
        0.028,
        -0.118,
        -0.048
      ],
      [
        -0.104,
        0.016,
        -0.131,
        -0.033,
        -0.099,
        -0.083,
        0.165,
        -0.095,
        1.0,
        0.063,
        0.078,
        0.158,
        0.025,
        -0.11,
        -0.024,
        0.066,
        0.054
      ],
      [
        0.147,
        0.043,
        0.029,
        -0.084,
        0.029,
        -0.072,
        0.111,
        -0.025,
        0.063,
        1.0,
        0.064,
        -0.015,
        0.041,
        0.098,
        0.161,
        -0.041,
        0.024
      ],
      [
        0.009,
        0.117,
        0.036,
        -0.107,
        -0.047,
        0.004,
        0.093,
        0.102,
        0.078,
        0.064,
        1.0,
        0.25,
        0.003,
        -0.043,
        0.183,
        0.068,
        0.025
      ],
      [
        0.08,
        -0.053,
        -0.017,
        -0.271,
        0.0,
        0.086,
        0.113,
        -0.133,
        0.158,
        -0.015,
        0.25,
        1.0,
        0.269,
        -0.021,
        0.031,
        0.522,
        -0.018
      ],
      [
        -0.138,
        -0.163,
        -0.095,
        -0.129,
        0.109,
        -0.011,
        0.056,
        0.081,
        0.025,
        0.041,
        0.003,
        0.269,
        1.0,
        -0.042,
        0.061,
        0.305,
        -0.063
      ],
      [
        0.146,
        0.055,
        0.727,
        0.009,
        0.051,
        0.031,
        -0.039,
        -0.052,
        -0.11,
        0.098,
        -0.043,
        -0.021,
        -0.042,
        1.0,
        0.083,
        0.047,
        0.038
      ],
      [
        0.158,
        0.335,
        0.079,
        -0.005,
        0.104,
        -0.038,
        -0.005,
        0.028,
        -0.024,
        0.161,
        0.183,
        0.031,
        0.061,
        0.083,
        1.0,
        0.144,
        -0.097
      ],
      [
        0.104,
        -0.056,
        0.013,
        -0.13,
        0.127,
        0.007,
        0.048,
        -0.118,
        0.066,
        -0.041,
        0.068,
        0.522,
        0.305,
        0.047,
        0.144,
        1.0,
        -0.114
      ],
      [
        -0.062,
        -0.018,
        0.084,
        0.068,
        0.047,
        -0.045,
        0.038,
        -0.048,
        0.054,
        0.024,
        0.025,
        -0.018,
        -0.063,
        0.038,
        -0.097,
        -0.114,
        1.0
      ]
    ]
  },
  "factor_correlation": {
    "factors": [
      "Market",
      "Size",
      "Value (SMID)",
      "Momentum",
      "Quality",
      "Profitability",
      "Liquidity",
      "Credit"
    ],
    "matrix": [
      [
        1.0,
        0.352,
        -0.491,
        0.4,
        -0.211,
        -0.534,
        0.325,
        0.17
      ],
      [
        0.352,
        1.0,
        -0.164,
        0.246,
        0.149,
        0.15,
        0.337,
        0.044
      ],
      [
        -0.491,
        -0.164,
        1.0,
        -0.534,
        0.28,
        0.568,
        -0.376,
        -0.125
      ],
      [
        0.4,
        0.246,
        -0.534,
        1.0,
        -0.209,
        -0.513,
        0.285,
        0.015
      ],
      [
        -0.211,
        0.149,
        0.28,
        -0.209,
        1.0,
        0.405,
        -0.216,
        -0.134
      ],
      [
        -0.534,
        0.15,
        0.568,
        -0.513,
        0.405,
        1.0,
        -0.275,
        -0.08
      ],
      [
        0.325,
        0.337,
        -0.376,
        0.285,
        -0.216,
        -0.275,
        1.0,
        0.154
      ],
      [
        0.17,
        0.044,
        -0.125,
        0.015,
        -0.134,
        -0.08,
        0.154,
        1.0
      ]
    ]
  },
  "factor_exposures": [
    {
      "ticker": "AVAV",
      "r_squared": 0.18172995413360937,
      "alpha_annual": -0.21811703073159677,
      "idio_vol_annual": 0.663880637755912,
      "Market": 1.038876015901549,
      "Size": 0.7503720088993269,
      "Value (SMID)": -2.127405026525223,
      "Momentum": -0.5324228597918492,
      "Quality": -1.2293934512940645,
      "Profitability": 0.052540635523288304,
      "Liquidity": 0.10194033102903907,
      "Credit": -1.6559859222467597
    },
    {
      "ticker": "BABA",
      "r_squared": 0.1526562567615598,
      "alpha_annual": -0.3616762043276726,
      "idio_vol_annual": 0.3984365019606947,
      "Market": 1.2017128747905919,
      "Size": 0.1420538219966489,
      "Value (SMID)": 0.2196317272494814,
      "Momentum": -0.18808797050555592,
      "Quality": -0.25687579136967154,
      "Profitability": -0.23014536525699789,
      "Liquidity": 0.20857942078565145,
      "Credit": 1.0771281312871945
    },
    {
      "ticker": "CEG",
      "r_squared": 0.2519899989616641,
      "alpha_annual": -0.41671315839480816,
      "idio_vol_annual": 0.403772456496631,
      "Market": 0.7155635754457126,
      "Size": 0.3605836170089782,
      "Value (SMID)": -0.47992095084950503,
      "Momentum": 0.643395879009085,
      "Quality": -0.6904834249048475,
      "Profitability": -0.6552154044957981,
      "Liquidity": -0.4238479450248028,
      "Credit": -0.8717683854984716
    },
    {
      "ticker": "CMI",
      "r_squared": 0.5022853807198526,
      "alpha_annual": 0.28710122002612987,
      "idio_vol_annual": 0.2376212403784045,
      "Market": 1.2279691206060632,
      "Size": 0.7894737600397265,
      "Value (SMID)": 0.4042333665833552,
      "Momentum": 0.7879135193102419,
      "Quality": 0.10231294967306837,
      "Profitability": -0.1075354148701873,
      "Liquidity": -0.32819633805996057,
      "Credit": 0.8638492599419048
    },
    {
      "ticker": "CRWV",
      "r_squared": 0.28480004826536276,
      "alpha_annual": -0.9070776921927103,
      "idio_vol_annual": 0.7957123696879309,
      "Market": 0.7933749936041916,
      "Size": 0.6723890517809055,
      "Value (SMID)": -2.1855591537440318,
      "Momentum": 0.9794367231510904,
      "Quality": -3.7864284169187936,
      "Profitability": -0.14642740702086376,
      "Liquidity": 0.4193821047615509,
      "Credit": 2.0978444531819616
    },
    {
      "ticker": "GENC",
      "r_squared": 0.3346029710098064,
      "alpha_annual": -0.42865250142448613,
      "idio_vol_annual": 0.3264187988661443,
      "Market": 1.3922512634847306,
      "Size": 1.2080234093735984,
      "Value (SMID)": 1.1713987976972073,
      "Momentum": -0.05777273834739405,
      "Quality": -0.6436352506860397,
      "Profitability": 0.11737160881835601,
      "Liquidity": -0.1672014210935694,
      "Credit": 0.596533782359655
    },
    {
      "ticker": "GRPN",
      "r_squared": 0.1612679552569013,
      "alpha_annual": -1.0304831135874029,
      "idio_vol_annual": 0.6279673926586807,
      "Market": 1.799293025969613,
      "Size": 0.3529901616891783,
      "Value (SMID)": -0.8994632168389028,
      "Momentum": -0.13457415703692477,
      "Quality": -2.035935083077662,
      "Profitability": 1.382212143106459,
      "Liquidity": 0.16983021734201087,
      "Credit": 1.4155286362871857
    },
    {
      "ticker": "JAKK",
      "r_squared": 0.2840492383776325,
      "alpha_annual": -0.3380961190895567,
      "idio_vol_annual": 0.3602298779680206,
      "Market": 1.3550365004454552,
      "Size": 1.0089235203077247,
      "Value (SMID)": 0.8160759000977931,
      "Momentum": -0.40573275483853954,
      "Quality": 1.5866088728723466,
      "Profitability": -0.31864772407320185,
      "Liquidity": 0.39714141674918324,
      "Credit": -0.36467536433161235
    },
    {
      "ticker": "KSPI",
      "r_squared": 0.22507529277049831,
      "alpha_annual": -0.26970189336845574,
      "idio_vol_annual": 0.3193463641647835,
      "Market": 1.2918386620161646,
      "Size": 0.3758941136002401,
      "Value (SMID)": -0.2795008759371307,
      "Momentum": -0.5236827099162378,
      "Quality": 0.14634486000262853,
      "Profitability": 0.1548221327508185,
      "Liquidity": 0.03088911076714529,
      "Credit": 0.3697380577839876
    },
    {
      "ticker": "OPEN",
      "r_squared": 0.12187970189493857,
      "alpha_annual": 1.462497750523084,
      "idio_vol_annual": 1.3444042182399096,
      "Market": 2.8065245875443496,
      "Size": 1.432814892049724,
      "Value (SMID)": -1.6483988465704982,
      "Momentum": -1.8939437213153838,
      "Quality": 0.8274001420383232,
      "Profitability": 0.9205041771027046,
      "Liquidity": 1.829029423963528,
      "Credit": -3.2326560805568896
    },
    {
      "ticker": "PYPL",
      "r_squared": 0.3093581050358116,
      "alpha_annual": -0.7599879469892372,
      "idio_vol_annual": 0.33639010556031707,
      "Market": 1.886198188847503,
      "Size": -0.42245320714619816,
      "Value (SMID)": -0.9247446595542093,
      "Momentum": -0.9246565454407112,
      "Quality": 1.6363289938307286,
      "Profitability": 0.7526216267616257,
      "Liquidity": 0.4785500180624603,
      "Credit": -0.08711516936904715
    },
    {
      "ticker": "TENB",
      "r_squared": 0.1464445822883157,
      "alpha_annual": -0.3570579183279876,
      "idio_vol_annual": 0.4095538104378483,
      "Market": 1.519919931126398,
      "Size": -0.1276437668898478,
      "Value (SMID)": -0.7438826537999437,
      "Momentum": -0.28938574862447597,
      "Quality": -0.4490238632066254,
      "Profitability": 1.3332255595442728,
      "Liquidity": -0.19552480747729012,
      "Credit": -0.21318831454348114
    },
    {
      "ticker": "VIA",
      "r_squared": 0.12131566780314795,
      "alpha_annual": -1.6197066596666496,
      "idio_vol_annual": 0.6817570907536811,
      "Market": 1.1903403924684837,
      "Size": 0.3454289984331119,
      "Value (SMID)": -1.4919682178336193,
      "Momentum": -1.274615292878564,
      "Quality": -1.459931966532652,
      "Profitability": 0.5688315191281172,
      "Liquidity": 0.6015426452318433,
      "Credit": -0.8652307226967639
    },
    {
      "ticker": "VST",
      "r_squared": 0.2898729199552965,
      "alpha_annual": -0.38366318954028167,
      "idio_vol_annual": 0.4118533036174801,
      "Market": 0.6235448948848458,
      "Size": 0.7394588824647788,
      "Value (SMID)": -0.6816401313483852,
      "Momentum": 0.7277192395201046,
      "Quality": -1.8772152687532178,
      "Profitability": -0.477194047190192,
      "Liquidity": -0.7440912417910606,
      "Credit": -0.8354929891448979
    },
    {
      "ticker": "XNET",
      "r_squared": 0.17263932979515406,
      "alpha_annual": -0.6512246746044571,
      "idio_vol_annual": 0.7234107232893212,
      "Market": 1.9087288461872056,
      "Size": 0.2193009417661792,
      "Value (SMID)": -0.6989499882934292,
      "Momentum": -0.545752811338485,
      "Quality": 0.6558330249502744,
      "Profitability": 0.40518942537610325,
      "Liquidity": 1.3658452374679624,
      "Credit": 2.5969714212899393
    },
    {
      "ticker": "ZS",
      "r_squared": 0.09246702601206191,
      "alpha_annual": -0.940776898667057,
      "idio_vol_annual": 0.5963059257137924,
      "Market": 1.3577980855416358,
      "Size": -0.4239316878558004,
      "Value (SMID)": -1.1454404144071024,
      "Momentum": -1.0280124827109485,
      "Quality": -0.9719112221500976,
      "Profitability": 0.8494713279078709,
      "Liquidity": 0.18706419647135447,
      "Credit": 0.02012454950295446
    },
    {
      "ticker": "ZTS",
      "r_squared": 0.1758152285516058,
      "alpha_annual": -0.9110108174027443,
      "idio_vol_annual": 0.34240033042093176,
      "Market": 1.3879889426964724,
      "Size": 0.07357624586958711,
      "Value (SMID)": 0.0756468385334407,
      "Momentum": -0.1860680675174109,
      "Quality": 1.2775833661997316,
      "Profitability": 0.8790247343561272,
      "Liquidity": 0.09499426006097839,
      "Credit": -0.74020726012792
    }
  ],
  "portfolio_factor_exposure": {
    "loadings": {
      "Market": 1.4450470499976342,
      "Size": 0.3380781107015099,
      "Value (SMID)": -0.6386296230322649,
      "Momentum": -0.33899050186029067,
      "Quality": -0.6081059256912823,
      "Profitability": 0.5539201570817434,
      "Liquidity": 0.23368784317111888,
      "Credit": 0.4533488894892632
    },
    "alpha_annual": -0.6412715481495367,
    "r_squared_weighted": 0.20680828711984978
  },
  "stress_tests": [
    {
      "scenario": "COVID Crash (Feb-Mar 2020)",
      "market_move": -0.339,
      "portfolio_impact": -0.5220219771818079,
      "stressed_nav": 466349.9694500605,
      "pnl": -509322.4405499395,
      "description": "Rapid 33.9% selloff in SPY over 23 trading days as COVID-19 spread."
    },
    {
      "scenario": "2022 Rate Shock (Jan-Oct)",
      "market_move": -0.252,
      "portfolio_impact": -0.3880517352501935,
      "stressed_nav": 597061.0382637618,
      "pnl": -378611.37173623824,
      "description": "Grinding 9-month decline as the Fed hiked rates aggressively."
    },
    {
      "scenario": "GFC 2008-09",
      "market_move": -0.565,
      "portfolio_impact": -0.8700366286363465,
      "stressed_nav": 126801.67575010084,
      "pnl": -848870.7342498992,
      "description": "Credit crisis bear market; SPY drew down 56.5% from Oct 2007 peak."
    },
    {
      "scenario": "Dot-Com Bust (2000-02)",
      "market_move": -0.491,
      "portfolio_impact": -0.7560849286025595,
      "stressed_nav": 237981.20554566284,
      "pnl": -737691.2044543372,
