{
  "generated_at": "2026-06-25T16:37:25.851954Z",
  "market_session": "OPEN",
  "fund_name": "Convex Capital",
  "tagline": "Lose small. Win big. \u2014 Paper-traded portfolio. Hypothetical performance for educational purposes only.",
  "summary": {
    "nav": 1064914.3520179368,
    "cash": 4722.310000000056,
    "equity": 1060192.0420179367,
    "deposits": 1000000.0,
    "total_return": 0.06491435201793672,
    "realized_pnl": 0.0,
    "open_positions": 16
  },
  "metrics": {
    "annualized_return": -0.13832879288459998,
    "annualized_return_arithmetic": -0.14883754042952627,
    "annualized_vol": 0.29442806093119367,
    "sharpe": -0.6510585985483034,
    "sortino": -0.8622426458986647,
    "calmar": -0.36200107661519254,
    "max_drawdown": -0.3821226007889573,
    "var_95_1d": -0.0334042464368494,
    "risk_free_rate": 0.04377999782562256,
    "method": "Synthetic: current weights \u00d7 each holding's 252-day return history. Sharpe = mean(daily excess) \u00d7 \u221a252 \u00f7 std(daily excess). Sortino uses downside deviation (RMS of shortfalls vs MAR=RF) \u00d7 \u221a252.",
    "beta_benchmark": 1.0051551149310392,
    "benchmark_annualized_return": 0.3794758512485905,
    "benchmark_annualized_return_arithmetic": 0.32190904016757727,
    "treynor": -0.1916296653062983,
    "jensens_alpha": -0.4721803677760361,
    "information_ratio": -2.165790650686547,
    "tracking_error": 0.21735553270020752,
    "annualized_active_return": -0.37573905449267075,
    "annualized_active_return_arithmetic": -0.47074658059710345,
    "up_capture": 0.6846733636272707,
    "down_capture": 1.102226524306937,
    "data_basis": "synthetic_252d",
    "days_of_live_nav": 18,
    "benchmark_ticker": "IWM",
    "benchmark_name": "Russell 2000",
    "beta_spy": 1.0051551149310392,
    "beta_spy_stress": 1.54865153307098
  },
  "nav_curve": [
    {
      "date": "2026-06-01",
      "value": 999882.8292976379
    },
    {
      "date": "2026-06-02",
      "value": 1005079.4966617966
    },
    {
      "date": "2026-06-03",
      "value": 995768.7768651581
    },
    {
      "date": "2026-06-04",
      "value": 1004929.1794892884
    },
    {
      "date": "2026-06-05",
      "value": 974274.0015833282
    },
    {
      "date": "2026-06-08",
      "value": 974266.9881036186
    },
    {
      "date": "2026-06-09",
      "value": 979640.5088702394
    },
    {
      "date": "2026-06-10",
      "value": 966884.7384401513
    },
    {
      "date": "2026-06-11",
      "value": 990753.0886875344
    },
    {
      "date": "2026-06-12",
      "value": 996222.4282127572
    },
    {
      "date": "2026-06-15",
      "value": 1017018.2685251809
    },
    {
      "date": "2026-06-16",
      "value": 1019223.7061524964
    },
    {
      "date": "2026-06-17",
      "value": 1004256.765778122
    },
    {
      "date": "2026-06-18",
      "value": 1005956.2144795037
    },
    {
      "date": "2026-06-22",
      "value": 1013145.2704611397
    },
    {
      "date": "2026-06-23",
      "value": 1003670.4086042023
    },
    {
      "date": "2026-06-24",
      "value": 1028642.2278996087
    },
    {
      "date": "2026-06-25",
      "value": 1065261.7278762436
    }
  ],
  "drawdown_curve": [
    {
      "date": "2026-06-01",
      "value": 0.0
    },
    {
      "date": "2026-06-02",
      "value": 0.0
    },
    {
      "date": "2026-06-03",
      "value": -0.009263665040986776
    },
    {
      "date": "2026-06-04",
      "value": -0.00014955749570802555
    },
    {
      "date": "2026-06-05",
      "value": -0.030649809473562682
    },
    {
      "date": "2026-06-08",
      "value": -0.03065678750836781
    },
    {
      "date": "2026-06-09",
      "value": -0.025310423579476604
    },
    {
      "date": "2026-06-10",
      "value": -0.038001728568240384
    },
    {
      "date": "2026-06-11",
      "value": -0.01425400480444075
    },
    {
      "date": "2026-06-12",
      "value": -0.008812306368259061
    },
    {
      "date": "2026-06-15",
      "value": 0.0
    },
    {
      "date": "2026-06-16",
      "value": 0.0
    },
    {
      "date": "2026-06-17",
      "value": -0.014684647034823809
    },
    {
      "date": "2026-06-18",
      "value": -0.01301725184854327
    },
    {
      "date": "2026-06-22",
      "value": -0.005963789553426265
    },
    {
      "date": "2026-06-23",
      "value": -0.015259944852545435
    },
    {
      "date": "2026-06-24",
      "value": 0.0
    },
    {
      "date": "2026-06-25",
      "value": 0.0
    }
  ],
  "benchmarks": {
    "SPY": [
      {
        "date": "2026-06-01",
        "value": 0.0
      },
      {
        "date": "2026-06-02",
        "value": 0.0013579397972762752
      },
      {
        "date": "2026-06-03",
        "value": -0.005668771434361286
      },
      {
        "date": "2026-06-04",
        "value": -0.0019115061781299625
      },
      {
        "date": "2026-06-05",
        "value": -0.027671542654459702
      },
      {
        "date": "2026-06-08",
        "value": -0.025470023194608782
      },
      {
        "date": "2026-06-09",
        "value": -0.02833070775180091
      },
      {
        "date": "2026-06-10",
        "value": -0.04364962071587053
      },
      {
        "date": "2026-06-11",
        "value": -0.027394678792744487
      },
      {
        "date": "2026-06-12",
        "value": -0.022134588105308994
      },
      {
        "date": "2026-06-15",
        "value": -0.0048909388718152425
      },
      {
        "date": "2026-06-16",
        "value": -0.010823344076597685
      },
      {
        "date": "2026-06-17",
        "value": -0.023176054438276084
      },
      {
        "date": "2026-06-18",
        "value": -0.013020023259145863
      },
      {
        "date": "2026-06-22",
        "value": -0.016126029204297176
      },
      {
        "date": "2026-06-23",
        "value": -0.030413801760312054
      },
      {
        "date": "2026-06-24",
        "value": -0.03086322150786902
      },
      {
        "date": "2026-06-25",
        "value": -0.031035051352115373
      }
    ],
    "IWM": [
      {
        "date": "2026-06-01",
        "value": 0.0
      },
      {
        "date": "2026-06-02",
        "value": 0.009273902616242058
      },
      {
        "date": "2026-06-03",
        "value": -0.004533265755123028
      },
      {
        "date": "2026-06-04",
        "value": 0.010485102307313143
      },
      {
        "date": "2026-06-05",
        "value": -0.025365222965751943
      },
      {
        "date": "2026-06-08",
        "value": -0.016852527916236926
      },
      {
        "date": "2026-06-09",
        "value": -0.013703535746163342
      },
      {
        "date": "2026-06-10",
        "value": -0.023981055236295123
      },
      {
        "date": "2026-06-11",
        "value": 0.00494832553389335
      },
      {
        "date": "2026-06-12",
        "value": 0.01373793881377372
      },
      {
        "date": "2026-06-15",
        "value": 0.022010765090349826
      },
      {
        "date": "2026-06-16",
        "value": 0.013130856989941098
      },
      {
        "date": "2026-06-17",
        "value": 0.005499833171586088
      },
      {
        "date": "2026-06-18",
        "value": 0.025305943833869415
      },
      {
        "date": "2026-06-22",
        "value": 0.03428980212625787
      },
      {
        "date": "2026-06-23",
        "value": 0.02436943940571834
      },
      {
        "date": "2026-06-24",
        "value": 0.0291215086708434
      },
      {
        "date": "2026-06-25",
        "value": 0.03602414015619204
      }
    ]
  },
  "holdings": [
    {
      "ticker": "GRPN",
      "company": "Groupon, Inc.",
      "sector": "Communication Services",
      "country": "United States",
      "shares": 11310.0,
      "price": 20.959999084472656,
      "cost_basis": 17.3017824933687,
      "market_value": 237057.58964538574,
      "unrealized_pnl": 41374.429645385724,
      "short_percent_of_float": 0.56310004,
      "short_ratio": 5.75
    },
    {
      "ticker": "TENB",
      "company": "Tenable Holdings, Inc.",
      "sector": "Technology",
      "country": "United States",
      "shares": 4766.0,
      "price": 27.489999771118164,
      "cost_basis": 26.224616030214015,
      "market_value": 131017.33890914917,
      "unrealized_pnl": 6030.818909149172,
      "short_percent_of_float": 0.129,
      "short_ratio": 3.05
    },
    {
      "ticker": "KSPI",
      "company": "Joint Stock Company Kaspi.kz",
      "sector": "Technology",
      "country": "Kazakhstan",
      "shares": 1515.0,
      "price": 86.19000244140625,
      "cost_basis": 82.53049504950495,
      "market_value": 130577.85369873047,
      "unrealized_pnl": 5544.15369873047,
      "short_percent_of_float": 0.0159,
      "short_ratio": 3.24
    },
    {
      "ticker": "CMI",
      "company": "Cummins Inc.",
      "sector": "Industrials",
      "country": "United States",
      "shares": 153.0,
      "price": 721.6699829101562,
      "cost_basis": 651.1282352941176,
      "market_value": 110415.5073852539,
      "unrealized_pnl": 10792.887385253907,
      "short_percent_of_float": 0.0171,
      "short_ratio": 2.07
    },
    {
      "ticker": "JAKK",
      "company": "JAKKS Pacific, Inc.",
      "sector": "Consumer Cyclical",
      "country": "United States",
      "shares": 3436.0,
      "price": 22.815000534057617,
      "cost_basis": 21.83,
      "market_value": 78392.34183502197,
      "unrealized_pnl": 3384.4618350219785,
      "short_percent_of_float": 0.039100002,
      "short_ratio": 7.32
    },
    {
      "ticker": "XNET",
      "company": "Xunlei Limited",
      "sector": "Technology",
      "country": "China",
      "shares": 10526.0,
      "price": 5.139999866485596,
      "cost_basis": 4.75,
      "market_value": 54103.63859462738,
      "unrealized_pnl": 4105.13859462738,
      "short_percent_of_float": 0.0377,
      "short_ratio": 6.03
    },
    {
      "ticker": "VIA",
      "company": "Via Transportation, Inc.",
      "sector": "Technology",
      "country": "United States",
      "shares": 3280.0,
      "price": 15.079999923706055,
      "cost_basis": 15.241405487804878,
      "market_value": 49462.39974975586,
      "unrealized_pnl": -529.4102502441394,
      "short_percent_of_float": 0.13520001,
      "short_ratio": 6.88
    },
    {
      "ticker": "CRWV",
      "company": "CoreWeave, Inc.",
      "sector": "Technology",
      "country": "United States",
      "shares": 468.0,
      "price": 100.87000274658203,
      "cost_basis": 106.78134615384614,
      "market_value": 47207.16128540039,
      "unrealized_pnl": -2766.508714599605,
      "short_percent_of_float": 0.18190001,
      "short_ratio": 1.91
    },
    {
      "ticker": "ZS",
      "company": "Zscaler, Inc.",
      "sector": "Technology",
      "country": "United States",
      "shares": 365.0,
      "price": 123.06999969482422,
      "cost_basis": 136.79813698630136,
      "market_value": 44920.54988861084,
      "unrealized_pnl": -5010.770111389156,
      "short_percent_of_float": 0.114700004,
      "short_ratio": 2.09
    },
    {
      "ticker": "VST",
      "company": "Vistra Corp.",
      "sector": "Utilities",
      "country": "United States",
      "shares": 162.0,
      "price": 168.27000427246094,
      "cost_basis": 154.76,
      "market_value": 27259.740692138672,
      "unrealized_pnl": 2188.6206921386733,
      "short_percent_of_float": 0.0539,
      "short_ratio": 2.73
    },
    {
      "ticker": "ESI",
      "company": "Element Solutions Inc",
      "sector": "Basic Materials",
      "country": "United States",
      "shares": 557.0,
      "price": 47.75,
      "cost_basis": 44.92,
      "market_value": 26596.75,
      "unrealized_pnl": 1576.309999999999,
      "short_percent_of_float": 0.0838,
      "short_ratio": 4.45
    },
    {
      "ticker": "GENC",
      "company": "Gencor Industries, Inc.",
      "sector": "Industrials",
      "country": "United States",
      "shares": 1746.0,
      "price": 14.830900192260742,
      "cost_basis": 14.32,
      "market_value": 25894.751735687256,
      "unrealized_pnl": 892.0317356872554,
      "short_percent_of_float": 0.0064,
      "short_ratio": 2.39
    },
    {
      "ticker": "CEG",
      "company": "Constellation Energy Corporation",
      "sector": "Utilities",
      "country": "United States",
      "shares": 94.0,
      "price": 271.739990234375,
      "cost_basis": 265.7,
      "market_value": 25543.55908203125,
      "unrealized_pnl": 567.7590820312511,
      "short_percent_of_float": 0.036,
      "short_ratio": 3.46
    },
    {
      "ticker": "ZTS",
      "company": "Zoetis Inc.",
      "sector": "Healthcare",
      "country": "United States",
      "shares": 312.0,
      "price": 78.2249984741211,
      "cost_basis": 80.09,
      "market_value": 24406.19952392578,
      "unrealized_pnl": -581.8804760742198,
      "short_percent_of_float": 0.0363,
      "short_ratio": 1.45
    },
    {
      "ticker": "OPEN",
      "company": "Opendoor Technologies Inc.",
      "sector": "Real Estate",
      "country": "United States",
      "shares": 5479.0,
      "price": 4.340000152587891,
      "cost_basis": 4.562927541522176,
      "market_value": 23778.860836029053,
      "unrealized_pnl": -1221.4191639709481,
      "short_percent_of_float": 0.16149999,
      "short_ratio": 3.77
    },
    {
      "ticker": "PYPL",
      "company": "PayPal Holdings, Inc.",
      "sector": "Financial Services",
      "country": "United States",
      "shares": 553.0,
      "price": 42.599998474121094,
      "cost_basis": 45.19,
      "market_value": 23557.799156188965,
      "unrealized_pnl": -1432.270843811034,
      "short_percent_of_float": 0.0626,
      "short_ratio": 3.16
    }
  ],
  "sector_exposure": [
    {
      "name": "Technology",
      "value": 457288.9421262741,
      "pct": 0.4294138221160642
    },
    {
      "name": "Communication Services",
      "value": 237057.58964538574,
      "pct": 0.22260718826465106
    },
    {
      "name": "Industrials",
      "value": 136310.25912094116,
      "pct": 0.12800114756895045
    },
    {
      "name": "Consumer Cyclical",
      "value": 78392.34183502197,
      "pct": 0.07361375277408373
    },
    {
      "name": "Utilities",
      "value": 52803.29977416992,
      "pct": 0.04958455078956484
    },
    {
      "name": "Basic Materials",
      "value": 26596.75,
      "pct": 0.02497548272271949
    },
    {
      "name": "Healthcare",
      "value": 24406.19952392578,
      "pct": 0.022918462388714898
    },
    {
      "name": "Real Estate",
      "value": 23778.860836029053,
      "pct": 0.022329364601922967
    },
    {
      "name": "Financial Services",
      "value": 23557.799156188965,
      "pct": 0.022121778255264016
    },
    {
      "name": "Cash",
      "value": 4722.310000000056,
      "pct": 0.004434450518064307
    }
  ],
  "geographic_exposure": [
    {
      "name": "United States",
      "value": 875510.5497245789,
      "pct": 0.8221417507103259
    },
    {
      "name": "Kazakhstan",
      "value": 130577.85369873047,
      "pct": 0.12261817436425262
    },
    {
      "name": "China",
      "value": 54103.63859462738,
      "pct": 0.05080562440735712
    },
    {
      "name": "Cash",
      "value": 4722.310000000056,
      "pct": 0.004434450518064307
    }
  ],
  "signals": [
    {
      "ticker": "CEG",
      "label": "BUY",
      "composite": 1.0,
      "rsi": 50.5,
      "subs": {
        "rsi": 0.5,
        "macd": 0.5,
        "trend": -0.5,
        "bb": 0.5,
        "vol": 0.0,
        "range": 0.0
      }
    },
    {
      "ticker": "CMI",
      "label": "STRONG BUY",
      "composite": 2.5,
      "rsi": 60.2,
      "subs": {
        "rsi": 0.5,
        "macd": 0.5,
        "trend": 0.5,
        "bb": 0.5,
        "vol": 0.0,
        "range": 0.5
      }
    },
    {
      "ticker": "CRWV",
      "label": "SELL",
      "composite": -1.5,
      "rsi": 44.7,
      "subs": {
        "rsi": 0.0,
        "macd": -0.5,
        "trend": 0.0,
        "bb": -0.5,
        "vol": 0.0,
        "range": -0.5
      }
    },
    {
      "ticker": "ESI",
      "label": "STRONG BUY",
      "composite": 3.0,
      "rsi": 62.4,
      "subs": {
        "rsi": 0.5,
        "macd": 0.5,
        "trend": 0.5,
        "bb": 0.5,
        "vol": 0.5,
        "range": 0.5
      }
    },
    {
      "ticker": "GENC",
      "label": "STRONG BUY",
      "composite": 2.0,
      "rsi": 51.1,
      "subs": {
        "rsi": 0.5,
        "macd": 0.5,
        "trend": 0.5,
        "bb": 0.5,
        "vol": 0.0,
        "range": 0.0
      }
    },
    {
      "ticker": "GRPN",
      "label": "STRONG BUY",
      "composite": 2.0,
      "rsi": 66.2,
      "subs": {
        "rsi": 0.5,
        "macd": 0.5,
        "trend": 0.5,
        "bb": 0.0,
        "vol": 0.0,
        "range": 0.5
      }
    },
    {
      "ticker": "JAKK",
      "label": "STRONG BUY",
      "composite": 2.5,
      "rsi": 60.3,
      "subs": {
        "rsi": 0.5,
        "macd": 0.5,
        "trend": 0.5,
        "bb": 0.5,
        "vol": 0.0,
        "range": 0.5
      }
    },
    {
      "ticker": "KSPI",
      "label": "STRONG BUY",
      "composite": 2.0,
      "rsi": 54.0,
      "subs": {
        "rsi": 0.5,
        "macd": 0.5,
        "trend": 0.5,
        "bb": 0.5,
        "vol": 0.0,
        "range": 0.0
      }
    },
    {
      "ticker": "OPEN",
      "label": "STRONG SELL",
      "composite": -2.0,
      "rsi": 43.4,
      "subs": {
        "rsi": 0.0,
        "macd": -0.5,
        "trend": -0.5,
        "bb": -0.5,
        "vol": 0.0,
        "range": -0.5
      }
    },
    {
      "ticker": "PYPL",
      "label": "BUY",
      "composite": 1.0,
      "rsi": 46.6,
      "subs": {
        "rsi": 0.5,
        "macd": 0.5,
        "trend": -0.5,
        "bb": 0.5,
        "vol": 0.0,
        "range": 0.0
      }
    },
    {
      "ticker": "TENB",
      "label": "SELL",
      "composite": -1.0,
      "rsi": 57.4,
      "subs": {
        "rsi": 0.5,
        "macd": -0.5,
        "trend": 0.0,
        "bb": -0.5,
        "vol": -0.5,
        "range": 0.0
      }
    },
    {
      "ticker": "VIA",
      "label": "BUY",
      "composite": 1.5,
      "rsi": 50.0,
      "subs": {
        "rsi": 0.5,
        "macd": 0.5,
        "trend": -0.5,
        "bb": 0.5,
        "vol": 0.5,
        "range": 0.0
      }
    },
    {
      "ticker": "VST",
      "label": "STRONG BUY",
      "composite": 2.0,
      "rsi": 62.4,
      "subs": {
        "rsi": 0.5,
        "macd": 0.5,
        "trend": 0.0,
        "bb": 0.5,
        "vol": 0.0,
        "range": 0.5
      }
    },
    {
      "ticker": "XNET",
      "label": "LEAN BULL",
      "composite": 0.5,
      "rsi": 46.3,
      "subs": {
        "rsi": 0.5,
        "macd": 0.5,
        "trend": -0.5,
        "bb": -0.5,
        "vol": 0.5,
        "range": 0.0
      }
    },
    {
      "ticker": "ZS",
      "label": "STRONG SELL",
      "composite": -2.0,
      "rsi": 40.1,
      "subs": {
        "rsi": 0.0,
        "macd": -0.5,
        "trend": -0.5,
        "bb": -0.5,
        "vol": 0.0,
        "range": -0.5
      }
    },
    {
      "ticker": "ZTS",
      "label": "LEAN BEAR",
      "composite": -0.5,
      "rsi": 40.5,
      "subs": {
        "rsi": 0.0,
        "macd": 0.5,
        "trend": -0.5,
        "bb": -0.5,
        "vol": 0.0,
        "range": 0.0
      }
    }
  ],
  "volatility": [
    {
      "ticker": "CEG",
      "hv20": 0.4400820283762217,
      "garch": 0.5237376099091408,
      "expansion": 0.19009088337822957,
      "regime": "NORMAL",
      "signal": "BASE"
    },
    {
      "ticker": "CMI",
      "hv20": 0.4635577475451381,
      "garch": 0.3644315979428958,
      "expansion": -0.21383775835305197,
      "regime": "HIGH",
      "signal": "WEAK"
    },
    {
      "ticker": "CRWV",
      "hv20": 0.8761552207372338,
      "garch": 0.9392027092511233,
      "expansion": 0.07195926820003265,
      "regime": "NORMAL",
      "signal": "WEAK"
    },
    {
      "ticker": "ESI",
      "hv20": 0.5838676805470305,
      "garch": 0.5694609660166065,
      "expansion": -0.02467462236807886,
      "regime": "EXTREME",
      "signal": "WEAK"
    },
    {
      "ticker": "GENC",
      "hv20": 0.3252391877121181,
      "garch": 0.3431492430886564,
      "expansion": 0.05506733522035225,
      "regime": "NORMAL",
      "signal": "WEAK"
    },
    {
      "ticker": "GRPN",
      "hv20": 0.9442227075513301,
      "garch": 0.9046847348832224,
      "expansion": -0.041873566852297164,
      "regime": "EXTREME",
      "signal": "WEAK"
    },
    {
      "ticker": "JAKK",
      "hv20": 0.213542241382795,
      "garch": 0.4590573696131026,
      "expansion": 1.149726286660999,
      "regime": "LOW",
      "signal": "SIGNAL"
    },
    {
      "ticker": "KSPI",
      "hv20": 0.36737797461036903,
      "garch": 0.33955062463623714,
      "expansion": -0.0757458309895818,
      "regime": "HIGH",
      "signal": "WEAK"
    },
    {
      "ticker": "OPEN",
      "hv20": 0.7482692152115479,
      "garch": 0.7080134690669776,
      "expansion": -0.05379847964637878,
      "regime": "NORMAL",
      "signal": "WEAK"
    },
    {
      "ticker": "PYPL",
      "hv20": 0.3185775784746906,
      "garch": 0.3964864751889806,
      "expansion": 0.24455235389542487,
      "regime": "NORMAL",
      "signal": "SIGNAL"
    },
    {
      "ticker": "TENB",
      "hv20": 0.5644123654067599,
      "garch": 0.39929793227709837,
      "expansion": -0.2925421965386373,
      "regime": "HIGH",
      "signal": "WEAK"
    },
    {
      "ticker": "VIA",
      "hv20": 0.6723809878967025,
      "garch": null,
      "expansion": null,
      "regime": "NORMAL",
      "signal": "WEAK"
    },
    {
      "ticker": "VST",
      "hv20": 0.4502354543316309,
      "garch": 0.5579052568588253,
      "expansion": 0.2391411015976716,
      "regime": "NORMAL",
      "signal": "SIGNAL"
    },
    {
      "ticker": "XNET",
      "hv20": 0.785356031498439,
      "garch": 0.7431869690334143,
      "expansion": -0.053694198266443866,
      "regime": "HIGH",
      "signal": "WEAK"
    },
    {
      "ticker": "ZS",
      "hv20": 0.6730975599176424,
      "garch": 0.514060606096812,
      "expansion": -0.23627622991277747,
      "regime": "HIGH",
      "signal": "WEAK"
    },
    {
      "ticker": "ZTS",
      "hv20": 0.2989065187026353,
      "garch": 0.31508582878601116,
      "expansion": 0.05412832799231026,
      "regime": "HIGH",
      "signal": "WEAK"
    }
  ],
  "correlation": {
    "tickers": [
      "CEG",
      "CMI",
      "CRWV",
      "ESI",
      "GENC",
      "GRPN",
      "JAKK",
      "KSPI",
      "OPEN",
      "PYPL",
      "TENB",
      "VIA",
      "VST",
      "XNET",
      "ZS",
      "ZTS"
    ],
    "matrix": [
      [
        1.0,
        0.333,
        0.233,
        0.303,
        0.15,
        0.092,
        0.086,
        0.059,
        0.19,
        0.14,
        0.056,
        0.006,
        0.798,
        0.254,
        0.041,
        0.119
      ],
      [
        0.333,
        1.0,
        0.372,
        0.623,
        0.341,
        0.207,
        0.129,
        0.245,
        0.186,
        0.083,
        -0.067,
        0.001,
        0.362,
        0.312,
        -0.061,
        0.178
      ],
      [
        0.233,
        0.372,
        1.0,
        0.342,
        0.117,
        0.146,
        0.051,
        0.125,
        0.246,
        0.146,
        0.109,
        0.212,
        0.317,
        0.367,
        0.177,
        0.08
      ],
      [
        0.303,
        0.623,
        0.342,
        1.0,
        0.27,
        0.313,
        0.236,
        0.305,
        0.264,
        0.288,
        0.09,
        0.049,
        0.372,
        0.349,
        0.036,
        0.168
      ],
      [
        0.15,
        0.341,
        0.117,
        0.27,
        1.0,
        0.148,
        0.319,
        0.141,
        0.129,
        0.099,
        0.161,
        0.069,
        0.17,
        0.159,
        0.054,
        0.158
      ],
      [
        0.092,
        0.207,
        0.146,
        0.313,
        0.148,
        1.0,
        0.152,
        0.346,
        0.3,
        0.27,
        0.237,
        0.165,
        0.143,
        0.249,
        0.137,
        0.163
      ],
      [
        0.086,
        0.129,
        0.051,
        0.236,
        0.319,
        0.152,
        1.0,
        0.101,
        0.14,
        0.215,
        -0.028,
        0.146,
        0.058,
        0.194,
        -0.045,
        0.148
      ],
      [
        0.059,
        0.245,
        0.125,
        0.305,
        0.141,
        0.346,
        0.101,
        1.0,
        0.245,
        0.261,
        0.259,
        0.134,
        0.112,
        0.206,
        0.152,
        0.182
      ],
      [
        0.19,
        0.186,
        0.246,
        0.264,
        0.129,
        0.3,
        0.14,
        0.245,
        1.0,
        0.249,
        0.119,
        0.153,
        0.256,
        0.349,
        0.063,
        0.172
      ],
      [
        0.14,
        0.083,
        0.146,
        0.288,
        0.099,
        0.27,
        0.215,
        0.261,
        0.249,
        1.0,
        0.351,
        0.145,
        0.088,
        0.342,
        0.205,
        0.177
      ],
      [
        0.056,
        -0.067,
        0.109,
        0.09,
        0.161,
        0.237,
        -0.028,
        0.259,
        0.119,
        0.351,
        1.0,
        0.337,
        0.064,
        0.141,
        0.561,
        0.103
      ],
      [
        0.006,
        0.001,
        0.212,
        0.049,
        0.069,
        0.165,
        0.146,
        0.134,
        0.153,
        0.145,
        0.337,
        1.0,
        0.056,
        0.163,
        0.368,
        0.023
      ],
      [
        0.798,
        0.362,
        0.317,
        0.372,
        0.17,
        0.143,
        0.058,
        0.112,
        0.256,
        0.088,
        0.064,
        0.056,
        1.0,
        0.283,
        0.067,
        0.087
      ],
      [
        0.254,
        0.312,
        0.367,
        0.349,
        0.159,
        0.249,
        0.194,
        0.206,
        0.349,
        0.342,
        0.141,
        0.163,
        0.283,
        1.0,
        0.211,
        0.046
      ],
      [
        0.041,
        -0.061,
        0.177,
        0.036,
        0.054,
        0.137,
        -0.045,
        0.152,
        0.063,
        0.205,
        0.561,
        0.368,
        0.067,
        0.211,
        1.0,
        -0.032
      ],
      [
        0.119,
        0.178,
        0.08,
        0.168,
        0.158,
        0.163,
        0.148,
        0.182,
        0.172,
        0.177,
        0.103,
        0.023,
        0.087,
        0.046,
        -0.032,
        1.0
      ]
    ]
  },
  "residual_correlation": {
    "tickers": [
      "CEG",
      "CMI",
      "CRWV",
      "ESI",
      "GENC",
      "GRPN",
      "JAKK",
      "KSPI",
      "OPEN",
      "PYPL",
      "TENB",
      "VIA",
      "VST",
      "XNET",
      "ZS",
      "ZTS"
    ],
    "matrix": [
      [
        1.0,
        0.056,
        0.002,
        -0.034,
        0.028,
        -0.06,
        -0.02,
        -0.134,
        0.035,
        0.04,
        -0.023,
        -0.101,
        0.73,
        0.095,
        0.01,
        0.075
      ],
      [
        0.056,
        1.0,
        0.126,
        0.246,
        0.075,
        -0.051,
        -0.149,
        -0.006,
        -0.067,
        -0.093,
        -0.26,
        -0.141,
        0.037,
        0.007,
        -0.142,
        0.064
      ],
      [
        0.002,
        0.126,
        1.0,
        0.038,
        0.013,
        -0.055,
        -0.042,
        -0.11,
        0.044,
        -0.037,
        -0.019,
        0.083,
        0.078,
        0.137,
        0.108,
        0.037
      ],
      [
        -0.034,
        0.246,
        0.038,
        1.0,
        -0.071,
        0.053,
        0.002,
        0.018,
        -0.01,
        0.138,
        -0.104,
        -0.124,
        0.003,
        0.03,
        -0.052,
        -0.019
      ],
      [
        0.028,
        0.075,
        0.013,
        -0.071,
        1.0,
        -0.037,
        0.065,
        -0.081,
        -0.077,
        0.0,
        0.093,
        -0.006,
        0.025,
        -0.058,
        0.006,
        -0.036
      ],
      [
        -0.06,
        -0.051,
        -0.055,
        0.053,
        -0.037,
        1.0,
        0.022,
        0.198,
        0.12,
        0.121,
        0.105,
        0.061,
        -0.026,
        0.045,
        0.05,
        0.035
      ],
      [
        -0.02,
        -0.149,
        -0.042,
        0.002,
        0.065,
        0.022,
        1.0,
        -0.093,
        -0.031,
        0.107,
        -0.125,
        0.092,
        -0.057,
        0.024,
        -0.111,
        -0.037
      ],
      [
        -0.134,
        -0.006,
        -0.11,
        0.018,
        -0.081,
        0.198,
        -0.093,
        1.0,
        0.062,
        0.089,
        0.154,
        0.015,
        -0.098,
        -0.016,
        0.062,
        0.048
      ],
      [
        0.035,
        -0.067,
        0.044,
        -0.01,
        -0.077,
        0.12,
        -0.031,
        0.062,
        1.0,
        0.073,
        -0.019,
        0.032,
        0.108,
        0.164,
        -0.045,
        0.029
      ],
      [
        0.04,
        -0.093,
        -0.037,
        0.138,
        0.0,
        0.121,
        0.107,
        0.089,
        0.073,
        1.0,
        0.233,
        0.012,
        -0.03,
        0.197,
        0.073,
        0.026
      ],
      [
        -0.023,
        -0.26,
        -0.019,
        -0.104,
        0.093,
        0.105,
        -0.125,
        0.154,
        -0.019,
        0.233,
        1.0,
        0.271,
        -0.027,
        -0.001,
        0.517,
        -0.007
      ],
      [
        -0.101,
        -0.141,
        0.083,
        -0.124,
        -0.006,
        0.061,
        0.092,
        0.015,
        0.032,
        0.012,
        0.271,
        1.0,
        -0.055,
        0.035,
        0.314,
        -0.057
      ],
      [
        0.73,
        0.037,
        0.078,
        0.003,
        0.025,
        -0.026,
        -0.057,
        -0.098,
        0.108,
        -0.03,
        -0.027,
        -0.055,
        1.0,
        0.109,
        0.04,
        0.031
      ],
      [
        0.095,
        0.007,
        0.137,
        0.03,
        -0.058,
        0.045,
        0.024,
        -0.016,
        0.164,
        0.197,
        -0.001,
        0.035,
        0.109,
        1.0,
        0.134,
        -0.103
      ],
      [
        0.01,
        -0.142,
        0.108,
        -0.052,
        0.006,
        0.05,
        -0.111,
        0.062,
        -0.045,
        0.073,
        0.517,
        0.314,
        0.04,
        0.134,
        1.0,
        -0.117
      ],
      [
        0.075,
        0.064,
        0.037,
        -0.019,
        -0.036,
        0.035,
        -0.037,
        0.048,
        0.029,
        0.026,
        -0.007,
        -0.057,
        0.031,
        -0.103,
        -0.117,
        1.0
      ]
    ]
  },
  "factor_correlation": {
    "factors": [
      "Market",
      "Size",
      "Value (SMID)",
      "Momentum",
      "Quality",
      "Profitability",
      "Liquidity",
      "Credit"
    ],
    "matrix": [
      [
        1.0,
        0.32,
        -0.5,
        0.398,
        -0.255,
        -0.537,
        0.303,
        0.188
      ],
      [
        0.32,
        1.0,
        -0.152,
        0.25,
        0.159,
        0.157,
        0.322,
        0.032
      ],
      [
        -0.5,
        -0.152,
        1.0,
        -0.553,
        0.308,
        0.6,
        -0.371,
        -0.144
      ],
      [
        0.398,
        0.25,
        -0.553,
        1.0,
        -0.212,
        -0.526,
        0.273,
        0.047
      ],
      [
        -0.255,
        0.159,
        0.308,
        -0.212,
        1.0,
        0.445,
        -0.24,
        -0.131
      ],
      [
        -0.537,
        0.157,
        0.6,
        -0.526,
        0.445,
        1.0,
        -0.275,
        -0.115
      ],
      [
        0.303,
        0.322,
        -0.371,
        0.273,
        -0.24,
        -0.275,
        1.0,
        0.168
      ],
      [
        0.188,
        0.032,
        -0.144,
        0.047,
        -0.131,
        -0.115,
        0.168,
        1.0
      ]
    ]
  },
  "factor_exposures": [
    {
      "ticker": "CEG",
      "r_squared": 0.24707852013641773,
      "alpha_annual": -0.43050761262324877,
      "idio_vol_annual": 0.4050543820387484,
      "Market": 0.6914054742076597,
      "Size": 0.3967294706781338,
      "Value (SMID)": -0.4707799517645852,
      "Momentum": 0.5436952741162541,
      "Quality": -0.8730574523910923,
      "Profitability": -0.6014845645482484,
      "Liquidity": -0.4401946932584126,
      "Credit": -0.9098214356976254
    },
    {
      "ticker": "CMI",
      "r_squared": 0.48217172802242847,
      "alpha_annual": 0.36098454292422216,
      "idio_vol_annual": 0.24565811712949406,
      "Market": 1.1438278754946916,
      "Size": 0.8094626405621481,
      "Value (SMID)": 0.4017300018489651,
      "Momentum": 0.7360847650569369,
      "Quality": -0.023059413089729867,
      "Profitability": -0.16466488525981438,
      "Liquidity": -0.33980789161511027,
      "Credit": 0.838871921213592
    },
    {
      "ticker": "CRWV",
      "r_squared": 0.27446814441776557,
      "alpha_annual": -1.0119502171426022,
      "idio_vol_annual": 0.8017458361499182,
      "Market": 1.0698450670910087,
      "Size": 0.6354745647475334,
      "Value (SMID)": -1.9647652305134438,
      "Momentum": 0.5829018838717838,
      "Quality": -3.944995960034113,
      "Profitability": -0.18096617146228322,
      "Liquidity": 0.44042583114751427,
      "Credit": 1.8702355575588432
    },
    {
      "ticker": "ESI",
      "r_squared": 0.515803752005581,
      "alpha_annual": 0.27367498247692734,
      "idio_vol_annual": 0.2884953143852496,
      "Market": 1.6494718042701513,
      "Size": 0.9914432207174766,
      "Value (SMID)": -0.16932570717668155,
      "Momentum": 0.6859981143988715,
      "Quality": 0.24346336798836316,
      "Profitability": 0.23232213289842202,
      "Liquidity": -0.7268257831869069,
      "Credit": 0.23500077921714274
    },
    {
      "ticker": "GENC",
      "r_squared": 0.3273735847876269,
      "alpha_annual": -0.42920825553635317,
      "idio_vol_annual": 0.3231427256784825,
      "Market": 1.2841580291673564,
      "Size": 1.243068789725172,
      "Value (SMID)": 1.1479152485043562,
      "Momentum": -0.048652473002421044,
      "Quality": -0.7798055764332076,
      "Profitability": 0.08037588020609272,
      "Liquidity": -0.18817075778188544,
      "Credit": 0.6646479047988693
    },
    {
      "ticker": "GRPN",
      "r_squared": 0.16357915493767694,
      "alpha_annual": -0.9326396669140045,
      "idio_vol_annual": 0.6439430651136969,
      "Market": 1.9413780454139689,
      "Size": 0.2763510027008762,
      "Value (SMID)": -0.979321254239806,
      "Momentum": 0.18998814839635153,
      "Quality": -1.5116919201715788,
      "Profitability": 1.78909036689686,
      "Liquidity": 0.08860801036814606,
      "Credit": 1.1276533874762829
    },
    {
      "ticker": "JAKK",
      "r_squared": 0.27157402578277257,
      "alpha_annual": -0.23074342353354482,
      "idio_vol_annual": 0.3512544545624356,
      "Market": 1.2495871802814258,
      "Size": 1.0508240402634603,
      "Value (SMID)": 0.8560674923927373,
      "Momentum": -0.3321383816600919,
      "Quality": 1.3716928006882139,
      "Profitability": -0.35015784286127116,
      "Liquidity": 0.30528585478780434,
      "Credit": -0.509770688606445
    },
    {
      "ticker": "KSPI",
      "r_squared": 0.21268052308490792,
      "alpha_annual": -0.13399018537225402,
      "idio_vol_annual": 0.32284238734639975,
      "Market": 1.185430842835126,
      "Size": 0.4561318579501888,
      "Value (SMID)": -0.3080571153495179,
      "Momentum": -0.43911335570904486,
      "Quality": 0.06832440117705098,
      "Profitability": 0.100827256282659,
      "Liquidity": -0.07679449360980874,
      "Credit": 0.5124847977410717
    },
    {
      "ticker": "OPEN",
      "r_squared": 0.12308827571981051,
      "alpha_annual": 1.5288772572520237,
      "idio_vol_annual": 1.3422525756497767,
      "Market": 3.0673670117242136,
      "Size": 1.2675044168840381,
      "Value (SMID)": -1.6129229372482576,
      "Momentum": -1.771836666114225,
      "Quality": 1.0261478444950745,
      "Profitability": 1.0320758185573047,
      "Liquidity": 1.757512050082797,
      "Credit": -2.971005928446388
    },
    {
      "ticker": "PYPL",
      "r_squared": 0.2897007990817174,
      "alpha_annual": -0.6604632323261729,
      "idio_vol_annual": 0.3380784677029753,
      "Market": 1.8018394707609802,
      "Size": -0.3592868094693137,
      "Value (SMID)": -0.9379696041982494,
      "Momentum": -0.8061827403041593,
      "Quality": 1.4711659858601136,
      "Profitability": 0.7383510120330034,
      "Liquidity": 0.3518301745028977,
      "Credit": -0.05903508601938527
    },
    {
      "ticker": "TENB",
      "r_squared": 0.15352469943114233,
      "alpha_annual": -0.3296592237755503,
      "idio_vol_annual": 0.40916903504946234,
      "Market": 1.459348014610509,
      "Size": -0.1187379505053908,
      "Value (SMID)": -0.8784580132347779,
      "Momentum": -0.3411848884062365,
      "Quality": -0.5518613201537408,
      "Profitability": 1.3878075710878708,
      "Liquidity": -0.0887018296092453,
      "Credit": -0.29572022742734067
    },
    {
      "ticker": "VIA",
      "r_squared": 0.10923972186994169,
      "alpha_annual": -1.5220207802151298,
      "idio_vol_annual": 0.6769406417806125,
      "Market": 0.9700262539266926,
      "Size": 0.43470443729624464,
      "Value (SMID)": -1.3982027776740087,
      "Momentum": -0.9237399649839939,
      "Quality": -1.6107569404937176,
      "Profitability": 0.5733532488364421,
      "Liquidity": 0.6248583050075537,
      "Credit": -0.7785528639895462
    },
    {
      "ticker": "VST",
      "r_squared": 0.29599747105388874,
      "alpha_annual": -0.39927632636445926,
      "idio_vol_annual": 0.41235056770788464,
      "Market": 0.6191023398964053,
      "Size": 0.7931974125637906,
      "Value (SMID)": -0.68108408987159,
      "Momentum": 0.628171502331843,
      "Quality": -1.7935646004547614,
      "Profitability": -0.49572657356480304,
      "Liquidity": -0.7752435024398169,
      "Credit": -0.8259020549372389
    },
    {
      "ticker": "XNET",
      "r_squared": 0.16967566548575985,
      "alpha_annual": -0.25545186544886483,
      "idio_vol_annual": 0.6741771665251756,
      "Market": 1.7942428198112406,
      "Size": 0.19509154967838666,
      "Value (SMID)": -0.7247474533259969,
      "Momentum": -0.17021431143301288,
      "Quality": 0.2763878650652291,
      "Profitability": 0.737996251669998,
      "Liquidity": 1.074499672083957,
      "Credit": 2.510878164154332
    },
    {
      "ticker": "ZS",
      "r_squared": 0.09589160606572056,
      "alpha_annual": -0.9397076419578798,
      "idio_vol_annual": 0.5966937884889764,
      "Market": 1.3384709964817256,
      "Size": -0.38387792980222185,
      "Value (SMID)": -1.1676176431826437,
      "Momentum": -0.9505707660383367,
      "Quality": -0.9203650316498462,
      "Profitability": 0.921457188946314,
      "Liquidity": 0.22697070501673577,
      "Credit": 0.13256305906103794
    },
    {
      "ticker": "ZTS",
      "r_squared": 0.1698099251141083,
      "alpha_annual": -0.8843187516057637,
      "idio_vol_annual": 0.3440627622000153,
      "Market": 1.34304235083697,
      "Size": 0.15208273934988353,
