{
  "generated_at": "2026-06-25T15:24:56.063103Z",
  "market_session": "OPEN",
  "fund_name": "Convex Capital",
  "tagline": "Lose small. Win big. \u2014 Paper-traded portfolio. Hypothetical performance for educational purposes only.",
  "summary": {
    "nav": 1059967.4502511597,
    "cash": 4722.310000000056,
    "equity": 1055245.1402511597,
    "deposits": 1000000.0,
    "total_return": 0.05996745025115979,
    "realized_pnl": 0.0,
    "open_positions": 16
  },
  "metrics": {
    "annualized_return": -0.14245303619707395,
    "annualized_vol": 0.292801943033298,
    "sharpe": -0.6363107970902773,
    "sortino": -0.8404180632754713,
    "calmar": -0.3739605034779696,
    "max_drawdown": -0.3809306995583987,
    "var_95_1d": -0.033292324513970545,
    "risk_free_rate": 0.04386000156402588,
    "method": "Synthetic: current weights \u00d7 each holding's 252-day return history. Sortino uses Frank Sortino downside deviation (RMS of shortfalls vs MAR=RF).",
    "beta_benchmark": 1.0039885482310817,
    "benchmark_annualized_return": 0.38184363374611685,
    "treynor": -0.18557287141308837,
    "jensens_alpha": -0.5256447339614653,
    "information_ratio": -1.7639707568786032,
    "tracking_error": 0.21530896044606265,
    "annualized_active_return": -0.37979870992078635,
    "up_capture": 0.6768065512153776,
    "down_capture": 1.1013678346490876,
    "data_basis": "synthetic_252d",
    "days_of_live_nav": 18,
    "benchmark_ticker": "IWM",
    "benchmark_name": "Russell 2000",
    "beta_spy": 1.0039885482310817,
    "beta_spy_stress": 1.5508831178364417
  },
  "nav_curve": [
    {
      "date": "2026-06-01",
      "value": 999882.8292976379
    },
    {
      "date": "2026-06-02",
      "value": 1005079.4966617966
    },
    {
      "date": "2026-06-03",
      "value": 995768.7768651581
    },
    {
      "date": "2026-06-04",
      "value": 1004929.1794892884
    },
    {
      "date": "2026-06-05",
      "value": 974274.0015833282
    },
    {
      "date": "2026-06-08",
      "value": 974266.9881036186
    },
    {
      "date": "2026-06-09",
      "value": 979640.5088702394
    },
    {
      "date": "2026-06-10",
      "value": 966884.7384401513
    },
    {
      "date": "2026-06-11",
      "value": 990753.0886875344
    },
    {
      "date": "2026-06-12",
      "value": 996222.4282127572
    },
    {
      "date": "2026-06-15",
      "value": 1017018.2685251809
    },
    {
      "date": "2026-06-16",
      "value": 1019223.7061524964
    },
    {
      "date": "2026-06-17",
      "value": 1004256.765778122
    },
    {
      "date": "2026-06-18",
      "value": 1005956.2144795037
    },
    {
      "date": "2026-06-22",
      "value": 1013145.2704611397
    },
    {
      "date": "2026-06-23",
      "value": 1003670.4086042023
    },
    {
      "date": "2026-06-24",
      "value": 1028642.2278996087
    },
    {
      "date": "2026-06-25",
      "value": 1059688.6547532654
    }
  ],
  "drawdown_curve": [
    {
      "date": "2026-06-01",
      "value": 0.0
    },
    {
      "date": "2026-06-02",
      "value": 0.0
    },
    {
      "date": "2026-06-03",
      "value": -0.009263665040986776
    },
    {
      "date": "2026-06-04",
      "value": -0.00014955749570802555
    },
    {
      "date": "2026-06-05",
      "value": -0.030649809473562682
    },
    {
      "date": "2026-06-08",
      "value": -0.03065678750836781
    },
    {
      "date": "2026-06-09",
      "value": -0.025310423579476604
    },
    {
      "date": "2026-06-10",
      "value": -0.038001728568240384
    },
    {
      "date": "2026-06-11",
      "value": -0.01425400480444075
    },
    {
      "date": "2026-06-12",
      "value": -0.008812306368259061
    },
    {
      "date": "2026-06-15",
      "value": 0.0
    },
    {
      "date": "2026-06-16",
      "value": 0.0
    },
    {
      "date": "2026-06-17",
      "value": -0.014684647034823809
    },
    {
      "date": "2026-06-18",
      "value": -0.01301725184854327
    },
    {
      "date": "2026-06-22",
      "value": -0.005963789553426265
    },
    {
      "date": "2026-06-23",
      "value": -0.015259944852545435
    },
    {
      "date": "2026-06-24",
      "value": 0.0
    },
    {
      "date": "2026-06-25",
      "value": 0.0
    }
  ],
  "benchmarks": {
    "SPY": [
      {
        "date": "2026-06-01",
        "value": 0.0
      },
      {
        "date": "2026-06-02",
        "value": 0.0013579397972762752
      },
      {
        "date": "2026-06-03",
        "value": -0.005668771434361286
      },
      {
        "date": "2026-06-04",
        "value": -0.0019115061781299625
      },
      {
        "date": "2026-06-05",
        "value": -0.027671542654459702
      },
      {
        "date": "2026-06-08",
        "value": -0.025470023194608782
      },
      {
        "date": "2026-06-09",
        "value": -0.02833070775180091
      },
      {
        "date": "2026-06-10",
        "value": -0.04364962071587053
      },
      {
        "date": "2026-06-11",
        "value": -0.027394678792744487
      },
      {
        "date": "2026-06-12",
        "value": -0.022134588105308994
      },
      {
        "date": "2026-06-15",
        "value": -0.0048909388718152425
      },
      {
        "date": "2026-06-16",
        "value": -0.010823344076597685
      },
      {
        "date": "2026-06-17",
        "value": -0.023176054438276084
      },
      {
        "date": "2026-06-18",
        "value": -0.013020023259145863
      },
      {
        "date": "2026-06-22",
        "value": -0.016126029204297176
      },
      {
        "date": "2026-06-23",
        "value": -0.030413801760312054
      },
      {
        "date": "2026-06-24",
        "value": -0.03086322150786902
      },
      {
        "date": "2026-06-25",
        "value": -0.02877488386561322
      }
    ],
    "IWM": [
      {
        "date": "2026-06-01",
        "value": 0.0
      },
      {
        "date": "2026-06-02",
        "value": 0.009273902616242058
      },
      {
        "date": "2026-06-03",
        "value": -0.004533265755123028
      },
      {
        "date": "2026-06-04",
        "value": 0.010485102307313143
      },
      {
        "date": "2026-06-05",
        "value": -0.025365222965751943
      },
      {
        "date": "2026-06-08",
        "value": -0.016852527916236926
      },
      {
        "date": "2026-06-09",
        "value": -0.013703535746163342
      },
      {
        "date": "2026-06-10",
        "value": -0.023981055236295123
      },
      {
        "date": "2026-06-11",
        "value": 0.00494832553389335
      },
      {
        "date": "2026-06-12",
        "value": 0.01373793881377372
      },
      {
        "date": "2026-06-15",
        "value": 0.022010765090349826
      },
      {
        "date": "2026-06-16",
        "value": 0.013130856989941098
      },
      {
        "date": "2026-06-17",
        "value": 0.005499833171586088
      },
      {
        "date": "2026-06-18",
        "value": 0.025305943833869415
      },
      {
        "date": "2026-06-22",
        "value": 0.03428980212625787
      },
      {
        "date": "2026-06-23",
        "value": 0.02436943940571834
      },
      {
        "date": "2026-06-24",
        "value": 0.0291215086708434
      },
      {
        "date": "2026-06-25",
        "value": 0.037741117868932195
      }
    ]
  },
  "holdings": [
    {
      "ticker": "GRPN",
      "company": "Groupon, Inc.",
      "sector": "Communication Services",
      "country": "United States",
      "shares": 11310.0,
      "price": 20.610000610351562,
      "cost_basis": 17.3017824933687,
      "market_value": 233099.10690307617,
      "unrealized_pnl": 37415.946903076154,
      "short_percent_of_float": 0.56310004,
      "short_ratio": 5.75
    },
    {
      "ticker": "TENB",
      "company": "Tenable Holdings, Inc.",
      "sector": "Technology",
      "country": "United States",
      "shares": 4766.0,
      "price": 27.440000534057617,
      "cost_basis": 26.224616030214015,
      "market_value": 130779.0425453186,
      "unrealized_pnl": 5792.522545318606,
      "short_percent_of_float": 0.129,
      "short_ratio": 3.05
    },
    {
      "ticker": "KSPI",
      "company": "Joint Stock Company Kaspi.kz",
      "sector": "Technology",
      "country": "Kazakhstan",
      "shares": 1515.0,
      "price": 85.80000305175781,
      "cost_basis": 82.53049504950495,
      "market_value": 129987.00462341309,
      "unrealized_pnl": 4953.304623413087,
      "short_percent_of_float": 0.0159,
      "short_ratio": 3.24
    },
    {
      "ticker": "CMI",
      "company": "Cummins Inc.",
      "sector": "Industrials",
      "country": "United States",
      "shares": 153.0,
      "price": 721.2750244140625,
      "cost_basis": 651.1282352941176,
      "market_value": 110355.07873535156,
      "unrealized_pnl": 10732.458735351564,
      "short_percent_of_float": 0.0171,
      "short_ratio": 2.07
    },
    {
      "ticker": "JAKK",
      "company": "JAKKS Pacific, Inc.",
      "sector": "Consumer Cyclical",
      "country": "United States",
      "shares": 3436.0,
      "price": 22.809999465942383,
      "cost_basis": 21.83,
      "market_value": 78375.15816497803,
      "unrealized_pnl": 3367.278164978033,
      "short_percent_of_float": 0.039100002,
      "short_ratio": 7.32
    },
    {
      "ticker": "XNET",
      "company": "Xunlei Limited",
      "sector": "Technology",
      "country": "China",
      "shares": 10526.0,
      "price": 5.074999809265137,
      "cost_basis": 4.75,
      "market_value": 53419.44799232483,
      "unrealized_pnl": 3420.947992324829,
      "short_percent_of_float": 0.0377,
      "short_ratio": 6.03
    },
    {
      "ticker": "VIA",
      "company": "Via Transportation, Inc.",
      "sector": "Technology",
      "country": "United States",
      "shares": 3280.0,
      "price": 15.1899995803833,
      "cost_basis": 15.241405487804878,
      "market_value": 49823.19862365723,
      "unrealized_pnl": -168.61137634277227,
      "short_percent_of_float": 0.13520001,
      "short_ratio": 6.88
    },
    {
      "ticker": "CRWV",
      "company": "CoreWeave, Inc.",
      "sector": "Technology",
      "country": "United States",
      "shares": 468.0,
      "price": 100.9800033569336,
      "cost_basis": 106.78134615384614,
      "market_value": 47258.64157104492,
      "unrealized_pnl": -2715.0284289550737,
      "short_percent_of_float": 0.18190001,
      "short_ratio": 1.91
    },
    {
      "ticker": "ZS",
      "company": "Zscaler, Inc.",
      "sector": "Technology",
      "country": "United States",
      "shares": 365.0,
      "price": 123.79000091552734,
      "cost_basis": 136.79813698630136,
      "market_value": 45183.35033416748,
      "unrealized_pnl": -4747.969665832516,
      "short_percent_of_float": 0.114700004,
      "short_ratio": 2.09
    },
    {
      "ticker": "VST",
      "company": "Vistra Corp.",
      "sector": "Utilities",
      "country": "United States",
      "shares": 162.0,
      "price": 167.4550018310547,
      "cost_basis": 154.76,
      "market_value": 27127.71029663086,
      "unrealized_pnl": 2056.590296630861,
      "short_percent_of_float": 0.0539,
      "short_ratio": 2.73
    },
    {
      "ticker": "ESI",
      "company": "Element Solutions Inc",
      "sector": "Basic Materials",
      "country": "United States",
      "shares": 557.0,
      "price": 47.07500076293945,
      "cost_basis": 44.92,
      "market_value": 26220.775424957275,
      "unrealized_pnl": 1200.3354249572744,
      "short_percent_of_float": 0.0838,
      "short_ratio": 4.45
    },
    {
      "ticker": "GENC",
      "company": "Gencor Industries, Inc.",
      "sector": "Industrials",
      "country": "United States",
      "shares": 1746.0,
      "price": 14.864999771118164,
      "cost_basis": 14.32,
      "market_value": 25954.289600372314,
      "unrealized_pnl": 951.569600372314,
      "short_percent_of_float": 0.0064,
      "short_ratio": 2.39
    },
    {
      "ticker": "CEG",
      "company": "Constellation Energy Corporation",
      "sector": "Utilities",
      "country": "United States",
      "shares": 94.0,
      "price": 271.5,
      "cost_basis": 265.7,
      "market_value": 25521.0,
      "unrealized_pnl": 545.2000000000011,
      "short_percent_of_float": 0.036,
      "short_ratio": 3.46
    },
    {
      "ticker": "ZTS",
      "company": "Zoetis Inc.",
      "sector": "Healthcare",
      "country": "United States",
      "shares": 312.0,
      "price": 78.81500244140625,
      "cost_basis": 80.09,
      "market_value": 24590.28076171875,
      "unrealized_pnl": -397.79923828125106,
      "short_percent_of_float": 0.0363,
      "short_ratio": 1.45
    },
    {
      "ticker": "OPEN",
      "company": "Opendoor Technologies Inc.",
      "sector": "Real Estate",
      "country": "United States",
      "shares": 5479.0,
      "price": 4.364999771118164,
      "cost_basis": 4.562927541522176,
      "market_value": 23915.83374595642,
      "unrealized_pnl": -1084.44625404358,
      "short_percent_of_float": 0.16149999,
      "short_ratio": 3.77
    },
    {
      "ticker": "PYPL",
      "company": "PayPal Holdings, Inc.",
      "sector": "Financial Services",
      "country": "United States",
      "shares": 553.0,
      "price": 42.7400016784668,
      "cost_basis": 45.19,
      "market_value": 23635.22092819214,
      "unrealized_pnl": -1354.8490718078601,
      "short_percent_of_float": 0.0626,
      "short_ratio": 3.16
    }
  ],
  "sector_exposure": [
    {
      "name": "Technology",
      "value": 456450.68568992615,
      "pct": 0.4306270778237294
    },
    {
      "name": "Communication Services",
      "value": 233099.10690307617,
      "pct": 0.21991157072591544
    },
    {
      "name": "Industrials",
      "value": 136309.36833572388,
      "pct": 0.12859769260218823
    },
    {
      "name": "Consumer Cyclical",
      "value": 78375.15816497803,
      "pct": 0.07394109898979162
    },
    {
      "name": "Utilities",
      "value": 52648.71029663086,
      "pct": 0.049670119855242466
    },
    {
      "name": "Basic Materials",
      "value": 26220.775424957275,
      "pct": 0.024737340206762246
    },
    {
      "name": "Healthcare",
      "value": 24590.28076171875,
      "pct": 0.023199090458760854
    },
    {
      "name": "Real Estate",
      "value": 23915.83374595642,
      "pct": 0.02256280015040986
    },
    {
      "name": "Financial Services",
      "value": 23635.22092819214,
      "pct": 0.022298062947679914
    },
    {
      "name": "Cash",
      "value": 4722.310000000056,
      "pct": 0.004455146239519999
    }
  ],
  "geographic_exposure": [
    {
      "name": "United States",
      "value": 871838.6876354218,
      "pct": 0.8225145851684778
    },
    {
      "name": "Kazakhstan",
      "value": 129987.00462341309,
      "pct": 0.12263301537477647
    },
    {
      "name": "China",
      "value": 53419.44799232483,
      "pct": 0.05039725321722575
    },
    {
      "name": "Cash",
      "value": 4722.310000000056,
      "pct": 0.004455146239519999
    }
  ],
  "signals": [
    {
      "ticker": "CEG",
      "label": "BUY",
      "composite": 1.0,
      "rsi": 50.2,
      "subs": {
        "rsi": 0.5,
        "macd": 0.5,
        "trend": -0.5,
        "bb": 0.5,
        "vol": 0.0,
        "range": 0.0
      }
    },
    {
      "ticker": "CMI",
      "label": "STRONG BUY",
      "composite": 2.5,
      "rsi": 59.8,
      "subs": {
        "rsi": 0.5,
        "macd": 0.5,
        "trend": 0.5,
        "bb": 0.5,
        "vol": 0.0,
        "range": 0.5
      }
    },
    {
      "ticker": "CRWV",
      "label": "SELL",
      "composite": -1.5,
      "rsi": 44.4,
      "subs": {
        "rsi": 0.0,
        "macd": -0.5,
        "trend": 0.0,
        "bb": -0.5,
        "vol": 0.0,
        "range": -0.5
      }
    },
    {
      "ticker": "ESI",
      "label": "STRONG BUY",
      "composite": 3.0,
      "rsi": 60.8,
      "subs": {
        "rsi": 0.5,
        "macd": 0.5,
        "trend": 0.5,
        "bb": 0.5,
        "vol": 0.5,
        "range": 0.5
      }
    },
    {
      "ticker": "GENC",
      "label": "STRONG BUY",
      "composite": 2.0,
      "rsi": 51.8,
      "subs": {
        "rsi": 0.5,
        "macd": 0.5,
        "trend": 0.5,
        "bb": 0.5,
        "vol": 0.0,
        "range": 0.0
      }
    },
    {
      "ticker": "GRPN",
      "label": "STRONG BUY",
      "composite": 2.5,
      "rsi": 65.1,
      "subs": {
        "rsi": 0.5,
        "macd": 0.5,
        "trend": 0.5,
        "bb": 0.5,
        "vol": 0.0,
        "range": 0.5
      }
    },
    {
      "ticker": "JAKK",
      "label": "STRONG BUY",
      "composite": 2.5,
      "rsi": 60.3,
      "subs": {
        "rsi": 0.5,
        "macd": 0.5,
        "trend": 0.5,
        "bb": 0.5,
        "vol": 0.0,
        "range": 0.5
      }
    },
    {
      "ticker": "KSPI",
      "label": "BUY",
      "composite": 1.5,
      "rsi": 53.2,
      "subs": {
        "rsi": 0.5,
        "macd": 0.5,
        "trend": 0.0,
        "bb": 0.5,
        "vol": 0.0,
        "range": 0.0
      }
    },
    {
      "ticker": "OPEN",
      "label": "STRONG SELL",
      "composite": -2.0,
      "rsi": 44.1,
      "subs": {
        "rsi": 0.0,
        "macd": -0.5,
        "trend": -0.5,
        "bb": -0.5,
        "vol": 0.0,
        "range": -0.5
      }
    },
    {
      "ticker": "PYPL",
      "label": "BUY",
      "composite": 1.0,
      "rsi": 47.5,
      "subs": {
        "rsi": 0.5,
        "macd": 0.5,
        "trend": -0.5,
        "bb": 0.5,
        "vol": 0.0,
        "range": 0.0
      }
    },
    {
      "ticker": "TENB",
      "label": "SELL",
      "composite": -1.0,
      "rsi": 57.0,
      "subs": {
        "rsi": 0.5,
        "macd": -0.5,
        "trend": 0.0,
        "bb": -0.5,
        "vol": -0.5,
        "range": 0.0
      }
    },
    {
      "ticker": "VIA",
      "label": "BUY",
      "composite": 1.5,
      "rsi": 51.0,
      "subs": {
        "rsi": 0.5,
        "macd": 0.5,
        "trend": -0.5,
        "bb": 0.5,
        "vol": 0.5,
        "range": 0.0
      }
    },
    {
      "ticker": "VST",
      "label": "STRONG BUY",
      "composite": 2.0,
      "rsi": 62.0,
      "subs": {
        "rsi": 0.5,
        "macd": 0.5,
        "trend": 0.0,
        "bb": 0.5,
        "vol": 0.0,
        "range": 0.5
      }
    },
    {
      "ticker": "XNET",
      "label": "NEUTRAL",
      "composite": 0.0,
      "rsi": 44.9,
      "subs": {
        "rsi": 0.0,
        "macd": 0.5,
        "trend": -0.5,
        "bb": -0.5,
        "vol": 0.5,
        "range": 0.0
      }
    },
    {
      "ticker": "ZS",
      "label": "STRONG SELL",
      "composite": -2.0,
      "rsi": 40.5,
      "subs": {
        "rsi": 0.0,
        "macd": -0.5,
        "trend": -0.5,
        "bb": -0.5,
        "vol": 0.0,
        "range": -0.5
      }
    },
    {
      "ticker": "ZTS",
      "label": "LEAN BULL",
      "composite": 0.5,
      "rsi": 42.1,
      "subs": {
        "rsi": 0.0,
        "macd": 0.5,
        "trend": -0.5,
        "bb": 0.5,
        "vol": 0.0,
        "range": 0.0
      }
    }
  ],
  "volatility": [
    {
      "ticker": "CEG",
      "hv20": 0.4389866633943629,
      "garch": 0.523358855051841,
      "expansion": 0.1921976194107804,
      "regime": "NORMAL",
      "signal": "BASE"
    },
    {
      "ticker": "CMI",
      "hv20": 0.46077065263686273,
      "garch": 0.35796674406102696,
      "expansion": -0.22311296951643403,
      "regime": "HIGH",
      "signal": "WEAK"
    },
    {
      "ticker": "CRWV",
      "hv20": 0.8760781128310803,
      "garch": 0.9392094022704973,
      "expansion": 0.07206125631355614,
      "regime": "NORMAL",
      "signal": "WEAK"
    },
    {
      "ticker": "ESI",
      "hv20": 0.5759836933395462,
      "garch": 0.5537560384717064,
      "expansion": -0.038590771101459795,
      "regime": "EXTREME",
      "signal": "WEAK"
    },
    {
      "ticker": "GENC",
      "hv20": 0.3245066513387204,
      "garch": 0.34222816431413483,
      "expansion": 0.054610630944869835,
      "regime": "NORMAL",
      "signal": "WEAK"
    },
    {
      "ticker": "GRPN",
      "hv20": 0.9128747119902343,
      "garch": 0.8733316988543893,
      "expansion": -0.04331702107251272,
      "regime": "HIGH",
      "signal": "WEAK"
    },
    {
      "ticker": "JAKK",
      "hv20": 0.2135393543378973,
      "garch": 0.459052698272201,
      "expansion": 1.1497334751036656,
      "regime": "LOW",
      "signal": "SIGNAL"
    },
    {
      "ticker": "KSPI",
      "hv20": 0.36635009293229076,
      "garch": 0.33713623293327794,
      "expansion": -0.07974301238791323,
      "regime": "HIGH",
      "signal": "WEAK"
    },
    {
      "ticker": "OPEN",
      "hv20": 0.7503724746612565,
      "garch": 0.711128294780384,
      "expansion": -0.05229959947369955,
      "regime": "NORMAL",
      "signal": "WEAK"
    },
    {
      "ticker": "PYPL",
      "hv20": 0.31935512340736577,
      "garch": 0.41245696485635847,
      "expansion": 0.29153075878551993,
      "regime": "NORMAL",
      "signal": "SIGNAL"
    },
    {
      "ticker": "TENB",
      "hv20": 0.5653632048086675,
      "garch": 0.4014728419075996,
      "expansion": -0.2898850889253261,
      "regime": "HIGH",
      "signal": "WEAK"
    },
    {
      "ticker": "VIA",
      "hv20": 0.6723252210453075,
      "garch": null,
      "expansion": null,
      "regime": "NORMAL",
      "signal": "WEAK"
    },
    {
      "ticker": "VST",
      "hv20": 0.44710053731149757,
      "garch": 0.5564846506062389,
      "expansion": 0.24465216246996532,
      "regime": "NORMAL",
      "signal": "SIGNAL"
    },
    {
      "ticker": "XNET",
      "hv20": 0.7737444555980733,
      "garch": 0.699285074821627,
      "expansion": -0.09623252255667811,
      "regime": "HIGH",
      "signal": "WEAK"
    },
    {
      "ticker": "ZS",
      "hv20": 0.6702647902990471,
      "garch": 0.4700508310109481,
      "expansion": -0.29870875240033273,
      "regime": "HIGH",
      "signal": "WEAK"
    },
    {
      "ticker": "ZTS",
      "hv20": 0.3004950383508308,
      "garch": 0.3168191175767563,
      "expansion": 0.054323955947874834,
      "regime": "HIGH",
      "signal": "WEAK"
    }
  ],
  "correlation": {
    "tickers": [
      "CEG",
      "CMI",
      "CRWV",
      "ESI",
      "GENC",
      "GRPN",
      "JAKK",
      "KSPI",
      "OPEN",
      "PYPL",
      "TENB",
      "VIA",
      "VST",
      "XNET",
      "ZS",
      "ZTS"
    ],
    "matrix": [
      [
        1.0,
        0.332,
        0.233,
        0.302,
        0.15,
        0.091,
        0.086,
        0.059,
        0.19,
        0.141,
        0.056,
        0.006,
        0.798,
        0.253,
        0.042,
        0.12
      ],
      [
        0.332,
        1.0,
        0.372,
        0.62,
        0.342,
        0.203,
        0.129,
        0.244,
        0.186,
        0.084,
        -0.067,
        0.002,
        0.361,
        0.31,
        -0.06,
        0.18
      ],
      [
        0.233,
        0.372,
        1.0,
        0.343,
        0.117,
        0.146,
        0.051,
        0.125,
        0.246,
        0.146,
        0.109,
        0.212,
        0.317,
        0.367,
        0.177,
        0.08
      ],
      [
        0.302,
        0.62,
        0.343,
        1.0,
        0.272,
        0.306,
        0.237,
        0.305,
        0.264,
        0.289,
        0.092,
        0.049,
        0.37,
        0.346,
        0.038,
        0.169
      ],
      [
        0.15,
        0.342,
        0.117,
        0.272,
        1.0,
        0.151,
        0.319,
        0.142,
        0.129,
        0.099,
        0.161,
        0.069,
        0.17,
        0.16,
        0.053,
        0.158
      ],
      [
        0.091,
        0.203,
        0.146,
        0.306,
        0.151,
        1.0,
        0.153,
        0.345,
        0.302,
        0.273,
        0.238,
        0.168,
        0.14,
        0.244,
        0.141,
        0.167
      ],
      [
        0.086,
        0.129,
        0.051,
        0.237,
        0.319,
        0.153,
        1.0,
        0.101,
        0.14,
        0.215,
        -0.028,
        0.146,
        0.058,
        0.194,
        -0.045,
        0.147
      ],
      [
        0.059,
        0.244,
        0.125,
        0.305,
        0.142,
        0.345,
        0.101,
        1.0,
        0.245,
        0.261,
        0.26,
        0.133,
        0.111,
        0.205,
        0.152,
        0.182
      ],
      [
        0.19,
        0.186,
        0.246,
        0.264,
        0.129,
        0.302,
        0.14,
        0.245,
        1.0,
        0.25,
        0.119,
        0.154,
        0.256,
        0.35,
        0.063,
        0.172
      ],
      [
        0.141,
        0.084,
        0.146,
        0.289,
        0.099,
        0.273,
        0.215,
        0.261,
        0.25,
        1.0,
        0.35,
        0.145,
        0.089,
        0.343,
        0.204,
        0.177
      ],
      [
        0.056,
        -0.067,
        0.109,
        0.092,
        0.161,
        0.238,
        -0.028,
        0.26,
        0.119,
        0.35,
        1.0,
        0.336,
        0.064,
        0.142,
        0.561,
        0.102
      ],
      [
        0.006,
        0.002,
        0.212,
        0.049,
        0.069,
        0.168,
        0.146,
        0.133,
        0.154,
        0.145,
        0.336,
        1.0,
        0.056,
        0.164,
        0.368,
        0.023
      ],
      [
        0.798,
        0.361,
        0.317,
        0.37,
        0.17,
        0.14,
        0.058,
        0.111,
        0.256,
        0.089,
        0.064,
        0.056,
        1.0,
        0.281,
        0.068,
        0.088
      ],
      [
        0.253,
        0.31,
        0.367,
        0.346,
        0.16,
        0.244,
        0.194,
        0.205,
        0.35,
        0.343,
        0.142,
        0.164,
        0.281,
        1.0,
        0.213,
        0.047
      ],
      [
        0.042,
        -0.06,
        0.177,
        0.038,
        0.053,
        0.141,
        -0.045,
        0.152,
        0.063,
        0.204,
        0.561,
        0.368,
        0.068,
        0.213,
        1.0,
        -0.033
      ],
      [
        0.12,
        0.18,
        0.08,
        0.169,
        0.158,
        0.167,
        0.147,
        0.182,
        0.172,
        0.177,
        0.102,
        0.023,
        0.088,
        0.047,
        -0.033,
        1.0
      ]
    ]
  },
  "residual_correlation": {
    "tickers": [
      "CEG",
      "CMI",
      "CRWV",
      "ESI",
      "GENC",
      "GRPN",
      "JAKK",
      "KSPI",
      "OPEN",
      "PYPL",
      "TENB",
      "VIA",
      "VST",
      "XNET",
      "ZS",
      "ZTS"
    ],
    "matrix": [
      [
        1.0,
        0.056,
        0.002,
        -0.034,
        0.028,
        -0.061,
        -0.02,
        -0.135,
        0.035,
        0.039,
        -0.022,
        -0.102,
        0.73,
        0.095,
        0.01,
        0.075
      ],
      [
        0.056,
        1.0,
        0.125,
        0.244,
        0.074,
        -0.052,
        -0.149,
        -0.007,
        -0.067,
        -0.094,
        -0.261,
        -0.141,
        0.037,
        0.006,
        -0.143,
        0.064
      ],
      [
        0.002,
        0.125,
        1.0,
        0.038,
        0.014,
        -0.059,
        -0.043,
        -0.111,
        0.043,
        -0.038,
        -0.018,
        0.082,
        0.078,
        0.136,
        0.108,
        0.036
      ],
      [
        -0.034,
        0.244,
        0.038,
        1.0,
        -0.069,
        0.043,
        0.001,
        0.018,
        -0.012,
        0.134,
        -0.102,
        -0.126,
        0.002,
        0.026,
        -0.051,
        -0.021
      ],
      [
        0.028,
        0.074,
        0.014,
        -0.069,
        1.0,
        -0.036,
        0.066,
        -0.079,
        -0.077,
        0.001,
        0.094,
        -0.005,
        0.025,
        -0.057,
        0.007,
        -0.037
      ],
      [
        -0.061,
        -0.052,
        -0.059,
        0.043,
        -0.036,
        1.0,
        0.02,
        0.191,
        0.117,
        0.114,
        0.103,
        0.058,
        -0.03,
        0.034,
        0.047,
        0.036
      ],
      [
        -0.02,
        -0.149,
        -0.043,
        0.001,
        0.066,
        0.02,
        1.0,
        -0.094,
        -0.031,
        0.106,
        -0.125,
        0.092,
        -0.058,
        0.023,
        -0.112,
        -0.037
      ],
      [
        -0.135,
        -0.007,
        -0.111,
        0.018,
        -0.079,
        0.191,
        -0.094,
        1.0,
        0.061,
        0.085,
        0.155,
        0.013,
        -0.1,
        -0.021,
        0.062,
        0.047
      ],
      [
        0.035,
        -0.067,
        0.043,
        -0.012,
        -0.077,
        0.117,
        -0.031,
        0.061,
        1.0,
        0.071,
        -0.02,
        0.031,
        0.108,
        0.162,
        -0.046,
        0.029
      ],
      [
        0.039,
        -0.094,
        -0.038,
        0.134,
        0.001,
        0.114,
        0.106,
        0.085,
        0.071,
        1.0,
        0.232,
        0.01,
        -0.031,
        0.193,
        0.072,
        0.027
      ],
      [
        -0.022,
        -0.261,
        -0.018,
        -0.102,
        0.094,
        0.103,
        -0.125,
        0.155,
        -0.02,
        0.232,
        1.0,
        0.27,
        -0.027,
        -0.002,
        0.517,
        -0.008
      ],
      [
        -0.102,
        -0.141,
        0.082,
        -0.126,
        -0.005,
        0.058,
        0.092,
        0.013,
        0.031,
        0.01,
        0.27,
        1.0,
        -0.056,
        0.033,
        0.313,
        -0.057
      ],
      [
        0.73,
        0.037,
        0.078,
        0.002,
        0.025,
        -0.03,
        -0.058,
        -0.1,
        0.108,
        -0.031,
        -0.027,
        -0.056,
        1.0,
        0.107,
        0.04,
        0.031
      ],
      [
        0.095,
        0.006,
        0.136,
        0.026,
        -0.057,
        0.034,
        0.023,
        -0.021,
        0.162,
        0.193,
        -0.002,
        0.033,
        0.107,
        1.0,
        0.133,
        -0.104
      ],
      [
        0.01,
        -0.143,
        0.108,
        -0.051,
        0.007,
        0.047,
        -0.112,
        0.062,
        -0.046,
        0.072,
        0.517,
        0.313,
        0.04,
        0.133,
        1.0,
        -0.117
      ],
      [
        0.075,
        0.064,
        0.036,
        -0.021,
        -0.037,
        0.036,
        -0.037,
        0.047,
        0.029,
        0.027,
        -0.008,
        -0.057,
        0.031,
        -0.104,
        -0.117,
        1.0
      ]
    ]
  },
  "factor_correlation": {
    "factors": [
      "Market",
      "Size",
      "Value (SMID)",
      "Momentum",
      "Quality",
      "Profitability",
      "Liquidity",
      "Credit"
    ],
    "matrix": [
      [
        1.0,
        0.321,
        -0.5,
        0.406,
        -0.255,
        -0.537,
        0.302,
        0.188
      ],
      [
        0.321,
        1.0,
        -0.153,
        0.248,
        0.157,
        0.156,
        0.322,
        0.032
      ],
      [
        -0.5,
        -0.153,
        1.0,
        -0.56,
        0.309,
        0.599,
        -0.37,
        -0.144
      ],
      [
        0.406,
        0.248,
        -0.56,
        1.0,
        -0.222,
        -0.535,
        0.277,
        0.051
      ],
      [
        -0.255,
        0.157,
        0.309,
        -0.222,
        1.0,
        0.443,
        -0.238,
        -0.131
      ],
      [
        -0.537,
        0.156,
        0.599,
        -0.535,
        0.443,
        1.0,
        -0.276,
        -0.114
      ],
      [
        0.302,
        0.322,
        -0.37,
        0.277,
        -0.238,
        -0.276,
        1.0,
        0.167
      ],
      [
        0.188,
        0.032,
        -0.144,
        0.051,
        -0.131,
        -0.114,
        0.167,
        1.0
      ]
    ]
  },
  "factor_exposures": [
    {
      "ticker": "CEG",
      "r_squared": 0.24684433939763561,
      "alpha_annual": -0.43144318241797147,
      "idio_vol_annual": 0.40505956081474337,
      "Market": 0.6909760009134751,
      "Size": 0.39653413250730163,
      "Value (SMID)": -0.47014362571490637,
      "Momentum": 0.543000132774851,
      "Quality": -0.8697639574241449,
      "Profitability": -0.6030328097214881,
      "Liquidity": -0.43863838987707066,
      "Credit": -0.9107355545363249
    },
    {
      "ticker": "CMI",
      "r_squared": 0.4812017779335649,
      "alpha_annual": 0.3621116018344972,
      "idio_vol_annual": 0.24567953265602116,
      "Market": 1.1453021050422387,
      "Size": 0.8115466001509646,
      "Value (SMID)": 0.3978215001689608,
      "Momentum": 0.7298588397911554,
      "Quality": -0.03606701894681026,
      "Profitability": -0.16473037348624872,
      "Liquidity": -0.3434524758387285,
      "Credit": 0.8414208087058933
    },
    {
      "ticker": "CRWV",
      "r_squared": 0.2740670022984746,
      "alpha_annual": -1.0213159934194183,
      "idio_vol_annual": 0.8019614124303129,
      "Market": 1.0660656506393877,
      "Size": 0.6344387157793536,
      "Value (SMID)": -1.9601217402195188,
      "Momentum": 0.5722975648648964,
      "Quality": -3.9163390261483424,
      "Profitability": -0.19743740763396597,
      "Liquidity": 0.4550887087390514,
      "Credit": 1.861164686274895
    },
    {
      "ticker": "ESI",
      "r_squared": 0.513100326768698,
      "alpha_annual": 0.2626248173640542,
      "idio_vol_annual": 0.2886654371513566,
      "Market": 1.647233380820919,
      "Size": 0.9944936359462485,
      "Value (SMID)": -0.1710918478262985,
      "Momentum": 0.6572177558358696,
      "Quality": 0.2564186675468525,
      "Profitability": 0.20844955317663577,
      "Liquidity": -0.7136047772798031,
      "Credit": 0.22723794727209679
    },
    {
      "ticker": "GENC",
      "r_squared": 0.32717654712798916,
      "alpha_annual": -0.4304655385721595,
      "idio_vol_annual": 0.3231632376385833,
      "Market": 1.2825110314437485,
      "Size": 1.2407143430340297,
      "Value (SMID)": 1.1523072471926723,
      "Momentum": -0.04162897030738366,
      "Quality": -0.765195727723567,
      "Profitability": 0.08047443358198558,
      "Liquidity": -0.18408668686265267,
      "Credit": 0.6617142667867049
    },
    {
      "ticker": "GRPN",
      "r_squared": 0.16754651542425159,
      "alpha_annual": -0.9434579759671163,
      "idio_vol_annual": 0.6395498546525188,
      "Market": 1.9555472432038183,
      "Size": 0.31082751598732594,
      "Value (SMID)": -1.0347479582554022,
      "Momentum": 0.04146403225389739,
      "Quality": -1.652490180011516,
      "Profitability": 1.732838281095408,
      "Liquidity": 0.07147746957695006,
      "Credit": 1.1427615501799553
    },
    {
      "ticker": "JAKK",
      "r_squared": 0.2716755955616129,
      "alpha_annual": -0.23144584159317788,
      "idio_vol_annual": 0.35123007877795304,
      "Market": 1.2502988578192755,
      "Size": 1.052656956269014,
      "Value (SMID)": 0.8531677464865571,
      "Momentum": -0.3402202200403318,
      "Quality": 1.3645194390486237,
      "Profitability": -0.35337849094233986,
      "Liquidity": 0.30456168149837337,
      "Credit": -0.5091029951334851
    },
    {
      "ticker": "KSPI",
      "r_squared": 0.21418287752235599,
      "alpha_annual": -0.14231972386640465,
      "idio_vol_annual": 0.3225124443970082,
      "Market": 1.185396108792866,
      "Size": 0.4616031006021251,
      "Value (SMID)": -0.3147964294105985,
      "Momentum": -0.4729425473029808,
      "Quality": 0.06260502826354866,
      "Profitability": 0.07951423288821283,
      "Liquidity": -0.06985919277623576,
      "Credit": 0.5089380966244689
    },
    {
      "ticker": "OPEN",
      "r_squared": 0.12367803829656565,
      "alpha_annual": 1.5224838989807283,
      "idio_vol_annual": 1.3418324876337437,
      "Market": 3.0726226479834935,
      "Size": 1.2819382765787783,
      "Value (SMID)": -1.6354907546420063,
      "Momentum": -1.8368394157417636,
      "Quality": 0.972062297794195,
      "Profitability": 1.0049919558642428,
      "Liquidity": 1.7530536887199932,
      "Credit": -2.96606276223013
    },
    {
      "ticker": "PYPL",
      "r_squared": 0.291819550186987,
      "alpha_annual": -0.6634407405103874,
      "idio_vol_annual": 0.33762038988504345,
      "Market": 1.8048443504436245,
      "Size": -0.351517665065628,
      "Value (SMID)": -0.9502961407654981,
      "Momentum": -0.8404881729211506,
      "Quality": 1.4407891422924666,
      "Profitability": 0.7246640957185388,
      "Liquidity": 0.34875896960111186,
      "Credit": -0.05613681171102955
    },
    {
      "ticker": "TENB",
      "r_squared": 0.1524151295100944,
      "alpha_annual": -0.33822173353601664,
      "idio_vol_annual": 0.409496062514148,
      "Market": 1.4560705088729349,
      "Size": -0.11932933466469875,
      "Value (SMID)": -0.8747957951872327,
      "Momentum": -0.3521912742280301,
      "Quality": -0.527371165168959,
      "Profitability": 1.3723895292989663,
      "Liquidity": -0.07563431645046437,
      "Credit": -0.30381417381219505
    },
    {
      "ticker": "VIA",
      "r_squared": 0.1102904412199951,
      "alpha_annual": -1.5226659295776754,
      "idio_vol_annual": 0.676643941883395,
      "Market": 0.9732672948808753,
      "Size": 0.4487606099876589,
      "Value (SMID)": -1.4134755121491553,
      "Momentum": -0.9655715106350861,
      "Quality": -1.6500049204875504,
      "Profitability": 0.5539760396546523,
      "Liquidity": 0.6169703081866761,
      "Credit": -0.7688567942777524
    },
    {
      "ticker": "VST",
      "r_squared": 0.2955573583067278,
      "alpha_annual": -0.4015726166340577,
      "idio_vol_annual": 0.4122799366266686,
      "Market": 0.6198396165595184,
      "Size": 0.7961485012910541,
      "Value (SMID)": -0.6853926869972373,
      "Momentum": 0.6133346540888314,
      "Quality": -1.8021630539533342,
      "Profitability": -0.5031095062508126,
      "Liquidity": -0.7747100048140005,
      "Credit": -0.8257127995351291
    },
    {
      "ticker": "XNET",
      "r_squared": 0.17155589532003301,
      "alpha_annual": -0.26701509383285227,
      "idio_vol_annual": 0.6726447335275921,
      "Market": 1.799657429704651,
      "Size": 0.213238314799709,
      "Value (SMID)": -0.7520845262173534,
      "Momentum": -0.2574592461530565,
      "Quality": 0.2170446501357407,
      "Profitability": 0.6974000476698872,
      "Liquidity": 1.0740430195434931,
      "Credit": 2.5135979333644327
    },
    {
      "ticker": "ZS",
      "r_squared": 0.09505138855307027,
      "alpha_annual": -0.9471691823435734,
      "idio_vol_annual": 0.5967716859213282,
      "Market": 1.336577084462826,
      "Size": -0.3825493842297862,
      "Value (SMID)": -1.1675773915089334,
      "Momentum": -0.9672281600214466,
      "Quality": -0.9080346601071533,
      "Profitability": 0.9060933585920181,
      "Liquidity": 0.23659679506593995,
      "Credit": 0.12688583208869988
    },
    {
      "ticker": "ZTS",
      "r_squared": 0.16979522367922517,
      "alpha_annual": -0.8799619395131895,
      "idio_vol_annual": 0.34418842076489725,
      "Market": 1.3450018129546095,
      "Size": 0.15294638665922733,
      "Value (SMID)": 0.055482912139264956,
      "Momentum": -0.24722203472016335,
      "Quality": 1.0670548037078789,
      "Profitability": 0.7658810286198059,
      "Liquidity": 0.06930138606572783,
      "Credit": -0.8224466335631938
    }
  ],
