{
  "generated_at": "2026-06-17T21:21:25.367192Z",
  "market_session": "AFTER",
  "fund_name": "Convex Capital",
  "tagline": "Lose small. Win big. \u2014 Paper-traded portfolio. Hypothetical performance for educational purposes only.",
  "summary": {
    "nav": 985672.05,
    "cash": 359.3200000000179,
    "equity": 985312.73,
    "deposits": 1000000.0,
    "total_return": -0.014327949999999978,
    "realized_pnl": 0.0,
    "open_positions": 16
  },
  "metrics": {
    "annualized_return": -0.2447038075664928,
    "annualized_vol": 0.28509710492328566,
    "sharpe": -1.0148605704705806,
    "sortino": -1.2907208496562248,
    "calmar": -0.5875525856964392,
    "max_drawdown": -0.4164798411642422,
    "var_95_1d": -0.03545235959771313,
    "risk_free_rate": 0.044630002975463864,
    "method": "Synthetic: current weights \u00d7 each holding's 252-day return history. Sortino uses Frank Sortino downside deviation (RMS of shortfalls vs MAR=RF).",
    "beta_spy": 1.5151128054235312,
    "benchmark_annualized_return": 0.21788144647446228,
    "treynor": -0.19096519381675806,
    "jensens_alpha": -0.5518292911454006,
    "information_ratio": -1.7061987847900442,
    "tracking_error": 0.22275238270375883,
    "annualized_active_return": -0.38005984467824017,
    "up_capture": 1.2437039515828503,
    "down_capture": 1.5285427314253937,
    "data_basis": "synthetic_252d",
    "days_of_live_nav": 13
  },
  "nav_curve": [
    {
      "date": "2026-06-01",
      "value": 999535.5476397705
    },
    {
      "date": "2026-06-02",
      "value": 1003670.4372289658
    },
    {
      "date": "2026-06-03",
      "value": 989912.289704628
    },
    {
      "date": "2026-06-04",
      "value": 1000539.2173751069
    },
    {
      "date": "2026-06-05",
      "value": 965555.7467515564
    },
    {
      "date": "2026-06-08",
      "value": 964274.7760765648
    },
    {
      "date": "2026-06-09",
      "value": 967825.7974829102
    },
    {
      "date": "2026-06-10",
      "value": 956183.703109684
    },
    {
      "date": "2026-06-11",
      "value": 978161.2303819085
    },
    {
      "date": "2026-06-12",
      "value": 984267.0327100182
    },
    {
      "date": "2026-06-15",
      "value": 1003568.5058687401
    },
    {
      "date": "2026-06-16",
      "value": 1002557.4686825944
    },
    {
      "date": "2026-06-17",
      "value": 985672.0383361054
    }
  ],
  "drawdown_curve": [
    {
      "date": "2026-06-01",
      "value": 0.0
    },
    {
      "date": "2026-06-02",
      "value": 0.0
    },
    {
      "date": "2026-06-03",
      "value": -0.01370783378089986
    },
    {
      "date": "2026-06-04",
      "value": -0.0031197689378038426
    },
    {
      "date": "2026-06-05",
      "value": -0.03797530450596938
    },
    {
      "date": "2026-06-08",
      "value": -0.03925159065277294
    },
    {
      "date": "2026-06-09",
      "value": -0.03571355538279983
    },
    {
      "date": "2026-06-10",
      "value": -0.04731307444940582
    },
    {
      "date": "2026-06-11",
      "value": -0.02541591931061127
    },
    {
      "date": "2026-06-12",
      "value": -0.0193324459894609
    },
    {
      "date": "2026-06-15",
      "value": -0.00010155859577480553
    },
    {
      "date": "2026-06-16",
      "value": -0.0011088984043848464
    },
    {
      "date": "2026-06-17",
      "value": -0.01793257848916242
    }
  ],
  "benchmarks": {
    "SPY": [
      {
        "date": "2026-06-01",
        "value": 0.0
      },
      {
        "date": "2026-06-02",
        "value": 0.0013579103629497435
      },
      {
        "date": "2026-06-03",
        "value": -0.005668768842152949
      },
      {
        "date": "2026-06-04",
        "value": -0.0019115026417536596
      },
      {
        "date": "2026-06-05",
        "value": -0.027671567540792585
      },
      {
        "date": "2026-06-08",
        "value": -0.02546999220062507
      },
      {
        "date": "2026-06-09",
        "value": -0.028330728579740505
      },
      {
        "date": "2026-06-10",
        "value": -0.04364962468776956
      },
      {
        "date": "2026-06-11",
        "value": -0.02739469093739666
      },
      {
        "date": "2026-06-12",
        "value": -0.022134598720831677
      },
      {
        "date": "2026-06-15",
        "value": -0.004890923412037007
      },
      {
        "date": "2026-06-16",
        "value": -0.01082337276256784
      },
      {
        "date": "2026-06-17",
        "value": -0.02317604419533148
      }
    ],
    "IWM": [
      {
        "date": "2026-06-01",
        "value": 0.0
      },
      {
        "date": "2026-06-02",
        "value": 0.009273902616242058
      },
      {
        "date": "2026-06-03",
        "value": -0.004533265755123028
      },
      {
        "date": "2026-06-04",
        "value": 0.010485102307313143
      },
      {
        "date": "2026-06-05",
        "value": -0.025365222965751943
      },
      {
        "date": "2026-06-08",
        "value": -0.016852527916236926
      },
      {
        "date": "2026-06-09",
        "value": -0.013703535746163342
      },
      {
        "date": "2026-06-10",
        "value": -0.023981055236295123
      },
      {
        "date": "2026-06-11",
        "value": 0.00494832553389335
      },
      {
        "date": "2026-06-12",
        "value": 0.01373793881377372
      },
      {
        "date": "2026-06-15",
        "value": 0.022010765090349826
      },
      {
        "date": "2026-06-16",
        "value": 0.013130856989941098
      },
      {
        "date": "2026-06-17",
        "value": 0.005499833171586088
      }
    ]
  },
  "holdings": [
    {
      "ticker": "GRPN",
      "company": "Groupon, Inc.",
      "sector": "Communication Services",
      "country": "United States",
      "shares": 11310.0,
      "price": 16.56,
      "cost_basis": 17.682836427939876,
      "market_value": 187293.59999999998,
      "unrealized_pnl": -12699.280000000006,
      "short_percent_of_float": 0.56310004,
      "short_ratio": 5.75
    },
    {
      "ticker": "TENB",
      "company": "Tenable Holdings, Inc.",
      "sector": "Technology",
      "country": "United States",
      "shares": 4766.0,
      "price": 26.88,
      "cost_basis": 26.224616030214015,
      "market_value": 128110.08,
      "unrealized_pnl": 3123.5599999999977,
      "short_percent_of_float": 0.129,
      "short_ratio": 3.05
    },
    {
      "ticker": "KSPI",
      "company": "Joint Stock Company Kaspi.kz",
      "sector": "Technology",
      "country": "Kazakhstan",
      "shares": 1515.0,
      "price": 83.27,
      "cost_basis": 82.53049504950495,
      "market_value": 126154.04999999999,
      "unrealized_pnl": 1120.3499999999954,
      "short_percent_of_float": 0.0159,
      "short_ratio": 3.24
    },
    {
      "ticker": "CMI",
      "company": "Cummins Inc.",
      "sector": "Industrials",
      "country": "United States",
      "shares": 114.0,
      "price": 717.78,
      "cost_basis": 653.737894736842,
      "market_value": 81826.92,
      "unrealized_pnl": 7300.800000000008,
      "short_percent_of_float": 0.0171,
      "short_ratio": 2.07
    },
    {
      "ticker": "JAKK",
      "company": "JAKKS Pacific, Inc.",
      "sector": "Consumer Cyclical",
      "country": "United States",
      "shares": 3436.0,
      "price": 21.59,
      "cost_basis": 21.83,
      "market_value": 74183.24,
      "unrealized_pnl": -824.6399999999946,
      "short_percent_of_float": 0.039100002,
      "short_ratio": 7.32
    },
    {
      "ticker": "VIA",
      "company": "Via Transportation, Inc.",
      "sector": "Technology",
      "country": "United States",
      "shares": 4921.0,
      "price": 14.82,
      "cost_basis": 15.241408250355619,
      "market_value": 72929.22,
      "unrealized_pnl": -2073.7499999999986,
      "short_percent_of_float": 0.13520001,
      "short_ratio": 6.88
    },
    {
      "ticker": "ZS",
      "company": "Zscaler, Inc.",
      "sector": "Technology",
      "country": "United States",
      "shares": 549.0,
      "price": 124.38,
      "cost_basis": 136.8013843351548,
      "market_value": 68284.62,
      "unrealized_pnl": -6819.339999999992,
      "short_percent_of_float": 0.114700004,
      "short_ratio": 2.09
    },
    {
      "ticker": "CRWV",
      "company": "CoreWeave, Inc.",
      "sector": "Technology",
      "country": "United States",
      "shares": 468.0,
      "price": 115.21,
      "cost_basis": 106.78134615384614,
      "market_value": 53918.28,
      "unrealized_pnl": 3944.6100000000015,
      "short_percent_of_float": 0.18190001,
      "short_ratio": 1.91
    },
    {
      "ticker": "XNET",
      "company": "Xunlei Limited",
      "sector": "Technology",
      "country": "China",
      "shares": 10526.0,
      "price": 4.98,
      "cost_basis": 4.75,
      "market_value": 52419.48,
      "unrealized_pnl": 2420.9800000000046,
      "short_percent_of_float": 0.0377,
      "short_ratio": 6.03
    },
    {
      "ticker": "PYPL",
      "company": "PayPal Holdings, Inc.",
      "sector": "Financial Services",
      "country": "United States",
      "shares": 830.0,
      "price": 42.08,
      "cost_basis": 45.19,
      "market_value": 34926.4,
      "unrealized_pnl": -2581.2999999999997,
      "short_percent_of_float": 0.0626,
      "short_ratio": 3.16
    },
    {
      "ticker": "BABA",
      "company": "Alibaba Group Holding Limited",
      "sector": "Consumer Cyclical",
      "country": "China",
      "shares": 299.0,
      "price": 107.44,
      "cost_basis": 125.39999999999999,
      "market_value": 32124.559999999998,
      "unrealized_pnl": -5370.039999999998,
      "short_percent_of_float": 0.0165,
      "short_ratio": 3.21
    },
    {
      "ticker": "ZTS",
      "company": "Zoetis Inc.",
      "sector": "Healthcare",
      "country": "United States",
      "shares": 312.0,
      "price": 77.26,
      "cost_basis": 80.09,
      "market_value": 24105.120000000003,
      "unrealized_pnl": -882.9599999999995,
      "short_percent_of_float": 0.0363,
      "short_ratio": 1.45
    },
    {
      "ticker": "VST",
      "company": "Vistra Corp.",
      "sector": "Utilities",
      "country": "United States",
      "shares": 81.0,
      "price": 158.83,
      "cost_basis": 154.76,
      "market_value": 12865.230000000001,
      "unrealized_pnl": 329.6700000000018,
      "short_percent_of_float": 0.0539,
      "short_ratio": 2.73
    },
    {
      "ticker": "GENC",
      "company": "Gencor Industries, Inc.",
      "sector": "Industrials",
      "country": "United States",
      "shares": 873.0,
      "price": 14.73,
      "cost_basis": 14.32,
      "market_value": 12859.29,
      "unrealized_pnl": 357.9300000000001,
      "short_percent_of_float": 0.0064,
      "short_ratio": 2.39
    },
    {
      "ticker": "CEG",
      "company": "Constellation Energy Corporation",
      "sector": "Utilities",
      "country": "United States",
      "shares": 47.0,
      "price": 267.17,
      "cost_basis": 265.7,
      "market_value": 12556.990000000002,
      "unrealized_pnl": 69.09000000000128,
      "short_percent_of_float": 0.036,
      "short_ratio": 3.46
    },
    {
      "ticker": "OPEN",
      "company": "Opendoor Technologies Inc.",
      "sector": "Real Estate",
      "country": "United States",
      "shares": 2417.0,
      "price": 4.45,
      "cost_basis": 5.171402565163425,
      "market_value": 10755.65,
      "unrealized_pnl": -1743.6299999999978,
      "short_percent_of_float": 0.16149999,
      "short_ratio": 3.77
    }
  ],
  "sector_exposure": [
    {
      "name": "Technology",
      "value": 501815.73,
      "pct": 0.5091102360059818
    },
    {
      "name": "Communication Services",
      "value": 187293.59999999998,
      "pct": 0.1900161417785966
    },
    {
      "name": "Consumer Cyclical",
      "value": 106307.8,
      "pct": 0.10785311402509587
    },
    {
      "name": "Industrials",
      "value": 94686.20999999999,
      "pct": 0.09606258998619266
    },
    {
      "name": "Financial Services",
      "value": 34926.4,
      "pct": 0.0354340979842129
    },
    {
      "name": "Utilities",
      "value": 25422.22,
      "pct": 0.025791763091993936
    },
    {
      "name": "Healthcare",
      "value": 24105.120000000003,
      "pct": 0.02445551743097514
    },
    {
      "name": "Real Estate",
      "value": 10755.65,
      "pct": 0.010911996540837288
    },
    {
      "name": "Cash",
      "value": 359.3200000000179,
      "pct": 0.00036454315611365656
    }
  ],
  "geographic_exposure": [
    {
      "name": "United States",
      "value": 774614.64,
      "pct": 0.7858746121491422
    },
    {
      "name": "Kazakhstan",
      "value": 126154.04999999999,
      "pct": 0.12798785356650824
    },
    {
      "name": "China",
      "value": 84544.04000000001,
      "pct": 0.0857729911282358
    },
    {
      "name": "Cash",
      "value": 359.3200000000179,
      "pct": 0.00036454315611365656
    }
  ],
  "signals": [
    {
      "ticker": "BABA",
      "label": "STRONG SELL",
      "composite": -2.5,
      "rsi": 25.5,
      "subs": {
        "rsi": -0.5,
        "macd": -0.5,
        "trend": -0.5,
        "bb": -0.5,
        "vol": 0.0,
        "range": -0.5
      }
    },
    {
      "ticker": "CEG",
      "label": "NEUTRAL",
      "composite": 0.0,
      "rsi": 47.8,
      "subs": {
        "rsi": 0.5,
        "macd": 0.5,
        "trend": -0.5,
        "bb": -0.5,
        "vol": 0.0,
        "range": 0.0
      }
    },
    {
      "ticker": "CMI",
      "label": "STRONG BUY",
      "composite": 2.0,
      "rsi": 62.0,
      "subs": {
        "rsi": 0.5,
        "macd": 0.5,
        "trend": 0.5,
        "bb": 0.0,
        "vol": 0.0,
        "range": 0.5
      }
    },
    {
      "ticker": "CRWV",
      "label": "STRONG BUY",
      "composite": 2.0,
      "rsi": 56.3,
      "subs": {
        "rsi": 0.5,
        "macd": 0.5,
        "trend": 0.5,
        "bb": 0.5,
        "vol": 0.0,
        "range": 0.0
      }
    },
    {
      "ticker": "GENC",
      "label": "BUY",
      "composite": 1.5,
      "rsi": 50.2,
      "subs": {
        "rsi": 0.5,
        "macd": 0.5,
        "trend": 0.0,
        "bb": 0.5,
        "vol": 0.0,
        "range": 0.0
      }
    },
    {
      "ticker": "GRPN",
      "label": "SELL",
      "composite": -1.5,
      "rsi": 46.5,
      "subs": {
        "rsi": 0.5,
        "macd": -0.5,
        "trend": 0.0,
        "bb": -0.5,
        "vol": -0.5,
        "range": -0.5
      }
    },
    {
      "ticker": "JAKK",
      "label": "SELL",
      "composite": -1.0,
      "rsi": 45.5,
      "subs": {
        "rsi": 0.5,
        "macd": -0.5,
        "trend": 0.0,
        "bb": -0.5,
        "vol": 0.0,
        "range": -0.5
      }
    },
    {
      "ticker": "KSPI",
      "label": "LEAN BEAR",
      "composite": -0.5,
      "rsi": 46.7,
      "subs": {
        "rsi": 0.5,
        "macd": -0.5,
        "trend": 0.0,
        "bb": -0.5,
        "vol": 0.0,
        "range": 0.0
      }
    },
    {
      "ticker": "OPEN",
      "label": "STRONG SELL",
      "composite": -2.0,
      "rsi": 44.1,
      "subs": {
        "rsi": 0.0,
        "macd": -0.5,
        "trend": -0.5,
        "bb": -0.5,
        "vol": 0.0,
        "range": -0.5
      }
    },
    {
      "ticker": "PYPL",
      "label": "LEAN BEAR",
      "composite": -0.5,
      "rsi": 42.2,
      "subs": {
        "rsi": 0.0,
        "macd": 0.5,
        "trend": -0.5,
        "bb": -0.5,
        "vol": 0.0,
        "range": 0.0
      }
    },
    {
      "ticker": "TENB",
      "label": "SELL",
      "composite": -1.0,
      "rsi": 55.8,
      "subs": {
        "rsi": 0.5,
        "macd": -0.5,
        "trend": 0.0,
        "bb": -0.5,
        "vol": -0.5,
        "range": 0.0
      }
    },
    {
      "ticker": "VIA",
      "label": "LEAN BULL",
      "composite": 0.5,
      "rsi": 48.0,
      "subs": {
        "rsi": 0.5,
        "macd": 0.5,
        "trend": -0.5,
        "bb": -0.5,
        "vol": 0.5,
        "range": 0.0
      }
    },
    {
      "ticker": "VST",
      "label": "STRONG BUY",
      "composite": 2.0,
      "rsi": 56.8,
      "subs": {
        "rsi": 0.5,
        "macd": 0.5,
        "trend": 0.0,
        "bb": 0.5,
        "vol": 0.0,
        "range": 0.5
      }
    },
    {
      "ticker": "XNET",
      "label": "LEAN BEAR",
      "composite": -0.5,
      "rsi": 40.8,
      "subs": {
        "rsi": 0.0,
        "macd": 0.5,
        "trend": -0.5,
        "bb": -0.5,
        "vol": 0.5,
        "range": -0.5
      }
    },
    {
      "ticker": "ZS",
      "label": "STRONG SELL",
      "composite": -2.5,
      "rsi": 40.1,
      "subs": {
        "rsi": 0.0,
        "macd": -0.5,
        "trend": -0.5,
        "bb": -0.5,
        "vol": -0.5,
        "range": -0.5
      }
    },
    {
      "ticker": "ZTS",
      "label": "SELL",
      "composite": -1.5,
      "rsi": 33.5,
      "subs": {
        "rsi": 0.0,
        "macd": 0.5,
        "trend": -0.5,
        "bb": -0.5,
        "vol": -0.5,
        "range": -0.5
      }
    }
  ],
  "volatility": [
    {
      "ticker": "BABA",
      "hv20": 0.2824411810230896,
      "garch": 0.4140618418780044,
      "expansion": 0.4660108712835142,
      "regime": "LOW",
      "signal": "SIGNAL"
    },
    {
      "ticker": "CEG",
      "hv20": 0.5499034852077075,
      "garch": 0.5480078659106528,
      "expansion": -0.003447185457169312,
      "regime": "HIGH",
      "signal": "WEAK"
    },
    {
      "ticker": "CMI",
      "hv20": 0.48475118856354005,
      "garch": 0.3710298472778937,
      "expansion": -0.23459734389230907,
      "regime": "EXTREME",
      "signal": "WEAK"
    },
    {
      "ticker": "CRWV",
      "hv20": 0.8354513441810755,
      "garch": 0.9786419637553787,
      "expansion": 0.171393128482738,
      "regime": "NORMAL",
      "signal": "BASE"
    },
    {
      "ticker": "GENC",
      "hv20": 0.35562987622097425,
      "garch": 0.36810332889480746,
      "expansion": 0.03507425418353406,
      "regime": "NORMAL",
      "signal": "WEAK"
    },
    {
      "ticker": "GRPN",
      "hv20": 0.8279984918218605,
      "garch": 0.7870312862601033,
      "expansion": -0.04947739152473121,
      "regime": "HIGH",
      "signal": "WEAK"
    },
    {
      "ticker": "JAKK",
      "hv20": 0.2208301991583936,
      "garch": 0.46201480139544837,
      "expansion": 1.0921721900185475,
      "regime": "LOW",
      "signal": "SIGNAL"
    },
    {
      "ticker": "KSPI",
      "hv20": 0.34504777218907867,
      "garch": 0.34335892067723894,
      "expansion": -0.004894544025382881,
      "regime": "HIGH",
      "signal": "WEAK"
    },
    {
      "ticker": "OPEN",
      "hv20": 0.7754865139979347,
      "garch": 0.8084812294045989,
      "expansion": 0.0425471169531545,
      "regime": "NORMAL",
      "signal": "WEAK"
    },
    {
      "ticker": "PYPL",
      "hv20": 0.3079752673220177,
      "garch": 0.39759872772853927,
      "expansion": 0.29100862931571597,
      "regime": "NORMAL",
      "signal": "SIGNAL"
    },
    {
      "ticker": "TENB",
      "hv20": 0.5837263668706097,
      "garch": 0.4431546050270181,
      "expansion": -0.24081790685112422,
      "regime": "HIGH",
      "signal": "WEAK"
    },
    {
      "ticker": "VIA",
      "hv20": 0.6908734788841518,
      "garch": null,
      "expansion": null,
      "regime": "NORMAL",
      "signal": "WEAK"
    },
    {
      "ticker": "VST",
      "hv20": 0.5398722863873705,
      "garch": 0.5746615262894317,
      "expansion": 0.06443975877120522,
      "regime": "HIGH",
      "signal": "WEAK"
    },
    {
      "ticker": "XNET",
      "hv20": 0.7739974119524341,
      "garch": 0.9172058502325784,
      "expansion": 0.18502444073927363,
      "regime": "HIGH",
      "signal": "BASE"
    },
    {
      "ticker": "ZS",
      "hv20": 1.523081809846045,
      "garch": 0.466237373348763,
      "expansion": -0.6938855350154232,
      "regime": "EXTREME",
      "signal": "WEAK"
    },
    {
      "ticker": "ZTS",
      "hv20": 0.2633480786208675,
      "garch": 0.33093281166722704,
      "expansion": 0.2566365146854129,
      "regime": "NORMAL",
      "signal": "SIGNAL"
    }
  ],
  "correlation": {
    "tickers": [
      "BABA",
      "CEG",
      "CMI",
      "CRWV",
      "GENC",
      "GRPN",
      "JAKK",
      "KSPI",
      "OPEN",
      "PYPL",
      "TENB",
      "VIA",
      "VST",
      "XNET",
      "ZS",
      "ZTS"
    ],
    "matrix": [
      [
        1.0,
        0.183,
        0.326,
        0.346,
        0.134,
        0.196,
        0.118,
        0.2,
        0.193,
        0.246,
        0.064,
        -0.042,
        0.223,
        0.47,
        0.042,
        0.081
      ],
      [
        0.183,
        1.0,
        0.329,
        0.231,
        0.149,
        0.091,
        0.086,
        0.06,
        0.19,
        0.138,
        0.063,
        0.004,
        0.797,
        0.25,
        0.044,
        0.121
      ],
      [
        0.326,
        0.329,
        1.0,
        0.373,
        0.351,
        0.194,
        0.138,
        0.243,
        0.186,
        0.081,
        -0.051,
        0.004,
        0.354,
        0.298,
        -0.052,
        0.191
      ],
      [
        0.346,
        0.231,
        0.373,
        1.0,
        0.116,
        0.167,
        0.053,
        0.138,
        0.244,
        0.147,
        0.116,
        0.212,
        0.32,
        0.371,
        0.182,
        0.079
      ],
      [
        0.134,
        0.149,
        0.351,
        0.116,
        1.0,
        0.161,
        0.316,
        0.148,
        0.128,
        0.097,
        0.161,
        0.065,
        0.17,
        0.164,
        0.052,
        0.154
      ],
      [
        0.196,
        0.091,
        0.194,
        0.167,
        0.161,
        1.0,
        0.154,
        0.337,
        0.306,
        0.271,
        0.252,
        0.172,
        0.13,
        0.234,
        0.152,
        0.169
      ],
      [
        0.118,
        0.086,
        0.138,
        0.053,
        0.316,
        0.154,
        1.0,
        0.103,
        0.138,
        0.212,
        -0.035,
        0.141,
        0.056,
        0.2,
        -0.048,
        0.139
      ],
      [
        0.2,
        0.06,
        0.243,
        0.138,
        0.148,
        0.337,
        0.103,
        1.0,
        0.25,
        0.26,
        0.269,
        0.14,
        0.106,
        0.201,
        0.155,
        0.195
      ],
      [
        0.193,
        0.19,
        0.186,
        0.244,
        0.128,
        0.306,
        0.138,
        0.25,
        1.0,
        0.247,
        0.119,
        0.152,
        0.257,
        0.352,
        0.064,
        0.167
      ],
      [
        0.246,
        0.138,
        0.081,
        0.147,
        0.097,
        0.271,
        0.212,
        0.26,
        0.247,
        1.0,
        0.354,
        0.143,
        0.083,
        0.343,
        0.206,
        0.174
      ],
      [
        0.064,
        0.063,
        -0.051,
        0.116,
        0.161,
        0.252,
        -0.035,
        0.269,
        0.119,
        0.354,
        1.0,
        0.336,
        0.075,
        0.156,
        0.56,
        0.094
      ],
      [
        -0.042,
        0.004,
        0.004,
        0.212,
        0.065,
        0.172,
        0.141,
        0.14,
        0.152,
        0.143,
        0.336,
        1.0,
        0.054,
        0.167,
        0.368,
        0.015
      ],
      [
        0.223,
        0.797,
        0.354,
        0.32,
        0.17,
        0.13,
        0.056,
        0.106,
        0.257,
        0.083,
        0.075,
        0.054,
        1.0,
        0.273,
        0.072,
        0.091
      ],
      [
        0.47,
        0.25,
        0.298,
        0.371,
        0.164,
        0.234,
        0.2,
        0.201,
        0.352,
        0.343,
        0.156,
        0.167,
        0.273,
        1.0,
        0.221,
        0.053
      ],
      [
        0.042,
        0.044,
        -0.052,
        0.182,
        0.052,
        0.152,
        -0.048,
        0.155,
        0.064,
        0.206,
        0.56,
        0.368,
        0.072,
        0.221,
        1.0,
        -0.036
      ],
      [
        0.081,
        0.121,
        0.191,
        0.079,
        0.154,
        0.169,
        0.139,
        0.195,
        0.167,
        0.174,
        0.094,
        0.015,
        0.091,
        0.053,
        -0.036,
        1.0
      ]
    ]
  },
  "residual_correlation": {
    "tickers": [
      "BABA",
      "CEG",
      "CMI",
      "CRWV",
      "GENC",
      "GRPN",
      "JAKK",
      "KSPI",
      "OPEN",
      "PYPL",
      "TENB",
      "VIA",
      "VST",
      "XNET",
      "ZS",
      "ZTS"
    ],
    "matrix": [
      [
        1.0,
        0.018,
        0.096,
        0.191,
        -0.075,
        0.023,
        -0.044,
        0.012,
        0.038,
        0.112,
        -0.059,
        -0.161,
        0.055,
        0.336,
        -0.054,
        -0.022
      ],
      [
        0.018,
        1.0,
        0.05,
        -0.005,
        0.028,
        -0.06,
        -0.016,
        -0.132,
        0.034,
        0.048,
        -0.026,
        -0.1,
        0.73,
        0.097,
        0.012,
        0.077
      ],
      [
        0.096,
        0.05,
        1.0,
        0.109,
        0.079,
        -0.063,
        -0.141,
        -0.01,
        -0.068,
        -0.081,
        -0.262,
        -0.135,
        0.031,
        0.001,
        -0.136,
        0.075
      ],
      [
        0.191,
        -0.005,
        0.109,
        1.0,
        0.012,
        -0.04,
        -0.036,
        -0.1,
        0.04,
        -0.022,
        -0.021,
        0.088,
        0.078,
        0.145,
        0.118,
        0.034
      ],
      [
        -0.075,
        0.028,
        0.079,
        0.012,
        1.0,
        -0.028,
        0.066,
        -0.076,
        -0.074,
        0.003,
        0.092,
        -0.004,
        0.027,
        -0.053,
        0.007,
        -0.038
      ],
      [
        0.023,
        -0.06,
        -0.063,
        -0.04,
        -0.028,
        1.0,
        0.01,
        0.166,
        0.114,
        0.094,
        0.112,
        0.053,
        -0.038,
        0.003,
        0.047,
        0.037
      ],
      [
        -0.044,
        -0.016,
        -0.141,
        -0.036,
        0.066,
        0.01,
        1.0,
        -0.097,
        -0.034,
        0.098,
        -0.13,
        0.087,
        -0.055,
        0.021,
        -0.116,
        -0.046
      ],
      [
        0.012,
        -0.132,
        -0.01,
        -0.1,
        -0.076,
        0.166,
        -0.097,
        1.0,
        0.067,
        0.078,
        0.162,
        0.017,
        -0.105,
        -0.033,
        0.058,
        0.064
      ],
      [
        0.038,
        0.034,
        -0.068,
        0.04,
        -0.074,
        0.114,
        -0.034,
        0.067,
        1.0,
        0.067,
        -0.017,
        0.03,
        0.105,
        0.164,
        -0.045,
        0.024
      ],
      [
        0.112,
        0.048,
        -0.081,
        -0.022,
        0.003,
        0.094,
        0.098,
        0.078,
        0.067,
        1.0,
        0.242,
        0.002,
        -0.029,
        0.186,
        0.068,
        0.021
      ],
      [
        -0.059,
        -0.026,
        -0.262,
        -0.021,
        0.092,
        0.112,
        -0.13,
        0.162,
        -0.017,
        0.242,
        1.0,
        0.273,
        -0.03,
        0.005,
        0.519,
        -0.012
      ],
      [
        -0.161,
        -0.1,
        -0.135,
        0.088,
        -0.004,
        0.053,
        0.087,
        0.017,
        0.03,
        0.002,
        0.273,
        1.0,
        -0.055,
        0.031,
        0.313,
        -0.065
      ],
      [
        0.055,
        0.73,
        0.031,
        0.078,
        0.027,
        -0.038,
        -0.055,
        -0.105,
        0.105,
        -0.029,
        -0.03,
        -0.055,
        1.0,
        0.105,
        0.04,
        0.034
      ],
      [
        0.336,
        0.097,
        0.001,
        0.145,
        -0.053,
        0.003,
        0.021,
        -0.033,
        0.164,
        0.186,
        0.005,
        0.031,
        0.105,
        1.0,
        0.133,
        -0.101
      ],
      [
        -0.054,
        0.012,
        -0.136,
        0.118,
        0.007,
        0.047,
        -0.116,
        0.058,
        -0.045,
        0.068,
        0.519,
        0.313,
        0.04,
        0.133,
        1.0,
        -0.118
      ],
      [
        -0.022,
        0.077,
        0.075,
        0.034,
        -0.038,
        0.037,
        -0.046,
        0.064,
        0.024,
        0.021,
        -0.012,
        -0.065,
        0.034,
        -0.101,
        -0.118,
        1.0
      ]
    ]
  },
  "factor_correlation": {
    "factors": [
      "Market",
      "Size",
      "Value (SMID)",
      "Momentum",
      "Quality",
      "Profitability",
      "Liquidity",
      "Credit"
    ],
    "matrix": [
      [
        1.0,
        0.33,
        -0.489,
        0.398,
        -0.23,
        -0.528,
        0.311,
        0.182
      ],
      [
        0.33,
        1.0,
        -0.148,
        0.243,
        0.148,
        0.16,
        0.332,
        0.036
      ],
      [
        -0.489,
        -0.148,
        1.0,
        -0.54,
        0.302,
        0.584,
        -0.383,
        -0.129
      ],
      [
        0.398,
        0.243,
        -0.54,
        1.0,
        -0.222,
        -0.52,
        0.306,
        0.023
      ],
      [
        -0.23,
        0.148,
        0.302,
        -0.222,
        1.0,
        0.427,
        -0.233,
        -0.131
      ],
      [
        -0.528,
        0.16,
        0.584,
        -0.52,
        0.427,
        1.0,
        -0.283,
        -0.087
      ],
      [
        0.311,
        0.332,
        -0.383,
        0.306,
        -0.233,
        -0.283,
        1.0,
        0.159
      ],
      [
        0.182,
        0.036,
        -0.129,
        0.023,
        -0.131,
        -0.087,
        0.159,
        1.0
      ]
    ]
  },
  "factor_exposures": [
    {
      "ticker": "BABA",
      "r_squared": 0.14976866390094645,
      "alpha_annual": -0.3779214295169174,
      "idio_vol_annual": 0.3977576665835783,
      "Market": 1.218619618109158,
      "Size": 0.12900833083427837,
      "Value (SMID)": 0.24660507059206604,
      "Momentum": -0.1651852735191065,
      "Quality": -0.2853201404919823,
      "Profitability": -0.1715118436903022,
      "Liquidity": 0.19480797840249392,
      "Credit": 1.0201496404411148
    },
    {
      "ticker": "CEG",
      "r_squared": 0.250693053963826,
      "alpha_annual": -0.43124207554790944,
      "idio_vol_annual": 0.4042370809576375,
      "Market": 0.7060330717423295,
      "Size": 0.4019397248520448,
      "Value (SMID)": -0.43808243785128165,
      "Momentum": 0.6246816860309619,
      "Quality": -0.755831460218376,
      "Profitability": -0.6674973900700958,
      "Liquidity": -0.4958388125183768,
      "Credit": -0.8624867306369343
    },
    {
      "ticker": "CMI",
      "r_squared": 0.48291145839909255,
      "alpha_annual": 0.3804288401832433,
      "idio_vol_annual": 0.24362528169489212,
      "Market": 1.1206594713941622,
      "Size": 0.8596183003935891,
      "Value (SMID)": 0.3690964471219455,
      "Momentum": 0.7301198670829633,
      "Quality": -0.0037610141493461535,
      "Profitability": -0.2256541341462391,
      "Liquidity": -0.3656882644626832,
      "Credit": 0.8633459505694792
    },
    {
      "ticker": "CRWV",
      "r_squared": 0.2694316640904161,
      "alpha_annual": -0.8094324744199378,
      "idio_vol_annual": 0.8080252853886071,
      "Market": 0.8319933085659241,
      "Size": 0.7342919304495295,
      "Value (SMID)": -2.0866367245793906,
      "Momentum": 0.8479645686729791,
      "Quality": -4.014619857573977,
      "Profitability": -0.14796385518944916,
      "Liquidity": 0.22008937959359562,
      "Credit": 1.9037895118768398
    },
    {
      "ticker": "GENC",
      "r_squared": 0.3276921016425881,
      "alpha_annual": -0.43492571342400943,
      "idio_vol_annual": 0.32577851400989516,
      "Market": 1.2863562405883915,
      "Size": 1.2537170387791956,
      "Value (SMID)": 1.1619104912074367,
      "Momentum": -0.03555450991452147,
      "Quality": -0.7148452564350012,
      "Profitability": 0.06137866044989582,
      "Liquidity": -0.1772877589248817,
      "Credit": 0.5990677025660841
    },
    {
      "ticker": "GRPN",
      "r_squared": 0.1664059797064067,
      "alpha_annual": -1.1356035821602415,
      "idio_vol_annual": 0.6245488293707403,
      "Market": 1.8878076667017996,
      "Size": 0.3492409933970476,
      "Value (SMID)": -0.8855681793827562,
      "Momentum": -0.19582741924381608,
      "Quality": -1.7893941941352447,
      "Profitability": 1.3550746959678162,
      "Liquidity": 0.20754686725100885,
      "Credit": 1.21775203371946
    },
    {
      "ticker": "JAKK",
      "r_squared": 0.27203942623580113,
      "alpha_annual": -0.3361238766762098,
      "idio_vol_annual": 0.353912905480768,
      "Market": 1.271069378778608,
      "Size": 1.020783983081197,
      "Value (SMID)": 0.8394359335822996,
      "Momentum": -0.35581780022218057,
      "Quality": 1.3743756473619597,
      "Profitability": -0.31084769226807435,
      "Liquidity": 0.34934365013578417,
      "Credit": -0.31073200140004675
    },
    {
      "ticker": "KSPI",
      "r_squared": 0.22358452606445378,
      "alpha_annual": -0.23773416857349197,
      "idio_vol_annual": 0.32064940063038033,
      "Market": 1.2264188087020456,
      "Size": 0.4106372297244439,
      "Value (SMID)": -0.33037554745032927,
      "Momentum": -0.5599497297941605,
      "Quality": 0.09542599999117247,
      "Profitability": 0.07446314177373575,
      "Liquidity": 0.016387911980907666,
      "Credit": 0.4610153316300556
    },
    {
      "ticker": "OPEN",
      "r_squared": 0.1253122416930117,
      "alpha_annual": 1.5398339266041852,
      "idio_vol_annual": 1.342451521659372,
      "Market": 2.9650810793122533,
      "Size": 1.3791648341011764,
      "Value (SMID)": -1.6677194729400666,
      "Momentum": -2.020312389035944,
      "Quality": 0.922165013560403,
      "Profitability": 0.9360167824533177,
      "Liquidity": 1.8346189981624312,
      "Credit": -3.2491910993407833
    },
    {
      "ticker": "PYPL",
      "r_squared": 0.3017393925581213,
      "alpha_annual": -0.6780193517188132,
      "idio_vol_annual": 0.33770288778835017,
      "Market": 1.8437841664433194,
      "Size": -0.3958671522225051,
      "Value (SMID)": -0.9062774974350396,
      "Momentum": -0.9352341441871093,
      "Quality": 1.4756116850972227,
      "Profitability": 0.7183516371050634,
      "Liquidity": 0.4281577484698455,
      "Credit": -0.04606890022683889
    },
    {
      "ticker": "TENB",
      "r_squared": 0.1439369592724823,
      "alpha_annual": -0.33292782096557433,
      "idio_vol_annual": 0.4107959872308915,
      "Market": 1.455419238025653,
      "Size": -0.12725544435426234,
      "Value (SMID)": -0.7890214786538221,
      "Momentum": -0.22713426784884383,
      "Quality": -0.4175747146456228,
      "Profitability": 1.2906937739260647,
      "Liquidity": -0.13775598650366327,
      "Credit": -0.27657852892047563
    },
    {
      "ticker": "VIA",
      "r_squared": 0.1104902465990184,
      "alpha_annual": -1.5987620156282398,
      "idio_vol_annual": 0.6835647906931782,
      "Market": 1.0001708791036772,
      "Size": 0.38164915929069343,
      "Value (SMID)": -1.428054294498387,
      "Momentum": -1.0396912973681554,
      "Quality": -1.5049136072037577,
      "Profitability": 0.5798643615281003,
      "Liquidity": 0.7135069494134032,
      "Credit": -0.7768345471728565
    },
    {
      "ticker": "VST",
      "r_squared": 0.28919368278713387,
      "alpha_annual": -0.4113083554817195,
      "idio_vol_annual": 0.4122623146544043,
      "Market": 0.5958228008769193,
      "Size": 0.8129115848569789,
      "Value (SMID)": -0.6691517406213092,
      "Momentum": 0.6555176663051441,
      "Quality": -1.9081889227854179,
      "Profitability": -0.5366818607545587,
      "Liquidity": -0.8272773488312954,
      "Credit": -0.729740497740224
    },
    {
      "ticker": "XNET",
      "r_squared": 0.17835701176789132,
      "alpha_annual": -0.46287446606645855,
      "idio_vol_annual": 0.6789040507238658,
      "Market": 1.8819652324591145,
      "Size": 0.2039212591084808,
      "Value (SMID)": -0.7292361795268854,
      "Momentum": -0.46646095441383095,
      "Quality": 0.40781225413847677,
      "Profitability": 0.5907658897177552,
      "Liquidity": 1.2271980787686296,
      "Credit": 2.4714799292249126
    },
    {
      "ticker": "ZS",
      "r_squared": 0.09125291683140635,
      "alpha_annual": -0.9719070889274458,
      "idio_vol_annual": 0.5978111380537668,
      "Market": 1.3705344040307592,
      "Size": -0.4219477932341225,
      "Value (SMID)": -1.0845781168002253,
      "Momentum": -0.948402786657198,
      "Quality": -0.8944866787661002,
      "Profitability": 0.8820705463399915,
      "Liquidity": 0.2364482246885451,
      "Credit": 0.06518759608917114
    },
    {
      "ticker": "ZTS",
      "r_squared": 0.17125918935340922,
      "alpha_annual": -0.9163685374144639,
      "idio_vol_annual": 0.3434968902046341,
      "Market": 1.3438796337784344,
      "Size": 0.09358996265318431,
      "Value (SMID)": 0.026807213427120294,
      "Momentum": -0.2141968376309381,
      "Quality": 1.2808195542870486,
      "Profitability": 0.8235482462242769,
      "Liquidity": 0.09607219997886357,
      "Credit": -0.6921172029779359
    }
  ],
  "portfolio_factor_exposure": {
    "loadings": {
      "Market": 1.412424874032819,
      "Size": 0.3403120093751137,
      "Value (SMID)": -0.5940027723830176,
      "Momentum": -0.27547317078396083,
      "Quality": -0.6098928046846119,
      "Profitability": 0.5556913208528189,
      "Liquidity": 0.19057148369587662,
      "Credit": 0.45205418840186135
    },
    "alpha_annual": -0.5964167194078933,
    "r_squared_weighted": 0.21067699124307507
  },
  "stress_tests": [
    {
      "scenario": "COVID Crash (Feb-Mar 2020)",
      "market_move": -0.339,
      "portfolio_impact": -0.5136232410385771,
      "stressed_nav": 479407.97707786155,
      "pnl": -506264.0729221385,
      "description": "Rapid 33.9% selloff in SPY over 23 trading days as COVID-19 spread."
    },
    {
      "scenario": "2022 Rate Shock (Jan-Oct)",
      "market_move": -0.252,
      "portfolio_impact": -0.3818084269667299,
      "stressed_nav": 609334.1550844281,
      "pnl": -376337.8949155719,
      "description": "Grinding 9-month decline as the Fed hiked rates aggressively."
    },
    {
      "scenario": "GFC 2008-09",
      "market_move": -0.565,
      "portfolio_impact": -0.8560387350642951,
      "stressed_nav": 141898.5951297694,
      "pnl": -843773.4548702306,
      "description": "Credit crisis bear market; SPY drew down 56.5% from Oct 2007 peak."
    },
    {
      "scenario": "Dot-Com Bust (2000-02)",
      "market_move": -0.491,
      "portfolio_impact": -0.7439203874629539,
      "stressed_nav": 252410.51665259598,
      "pnl": -733261.5333474041,
      "description": "Tech bubble burst; SPY -49.1% peak-to-trough over 30 months."
    },
    {
      "scenario": "Black Monday (Oct 1987)",
      "market_move": -0.204,
      "portfolio_impact": -0.30908301230640034,
      "stressed_nav": 681017.5636397752,
      "pnl": -304654.4863602249,
      "description": "Flash crash; -20.4% on a single trading day."
    },
    {
      "scenario": "Aug 2024 Yen Carry Unwind",
      "market_move": -0.084,
      "portfolio_impact": -0.12726947565557664,
      "stressed_nav": 860226.0850281427,
