{
  "generated_at": "2026-06-08T21:27:55.903839Z",
  "market_session": "AFTER",
  "fund_name": "Convex Capital",
  "tagline": "Lose small. Win big. \u2014 Paper-traded portfolio. Hypothetical performance for educational purposes only.",
  "summary": {
    "nav": 962233.47,
    "cash": 149773.03000000003,
    "equity": 812460.44,
    "deposits": 1000000.0,
    "total_return": -0.037766530000000076,
    "realized_pnl": 0.0,
    "open_positions": 16
  },
  "metrics": {
    "annualized_return": -0.29429204352775473,
    "annualized_vol": 0.28582049140037513,
    "sharpe": -1.0296394148854524,
    "sortino": -1.4174477512496513,
    "max_drawdown": -0.4006947788492153,
    "var_95_1d": -0.03413530821393932,
    "method": "Synthetic: current weights \u00d7 each holding's 252-day return history.",
    "beta_spy": 1.5777682797815276,
    "data_basis": "synthetic_252d",
    "days_of_live_nav": 6
  },
  "nav_curve": [
    {
      "date": "2026-06-01",
      "value": 999876.7628759766
    },
    {
      "date": "2026-06-02",
      "value": 1004058.1192620469
    },
    {
      "date": "2026-06-03",
      "value": 988718.7906235124
    },
    {
      "date": "2026-06-04",
      "value": 1000919.7487734223
    },
    {
      "date": "2026-06-05",
      "value": 963668.4124958802
    },
    {
      "date": "2026-06-08",
      "value": 962233.467066555
    }
  ],
  "drawdown_curve": [
    {
      "date": "2026-06-01",
      "value": 0.0
    },
    {
      "date": "2026-06-02",
      "value": 0.0
    },
    {
      "date": "2026-06-03",
      "value": -0.015277331405684446
    },
    {
      "date": "2026-06-04",
      "value": -0.003125686081729177
    },
    {
      "date": "2026-06-05",
      "value": -0.040226462981895875
    },
    {
      "date": "2026-06-08",
      "value": -0.04165560876718144
    }
  ],
  "benchmarks": {
    "SPY": [
      {
        "date": "2026-06-01",
        "value": 0.0
      },
      {
        "date": "2026-06-02",
        "value": 0.0013579103629497435
      },
      {
        "date": "2026-06-03",
        "value": -0.005668768842152949
      },
      {
        "date": "2026-06-04",
        "value": -0.0019115026417536596
      },
      {
        "date": "2026-06-05",
        "value": -0.027671567540792585
      },
      {
        "date": "2026-06-08",
        "value": -0.02546999220062507
      }
    ],
    "IWM": [
      {
        "date": "2026-06-01",
        "value": 0.0
      },
      {
        "date": "2026-06-02",
        "value": 0.009273972502921835
      },
      {
        "date": "2026-06-03",
        "value": -0.004533177066893157
      },
      {
        "date": "2026-06-04",
        "value": 0.010485150059186044
      },
      {
        "date": "2026-06-05",
        "value": -0.02536513534214846
      },
      {
        "date": "2026-06-08",
        "value": -0.01685246539421037
      }
    ]
  },
  "holdings": [
    {
      "ticker": "GRPN",
      "company": "Groupon, Inc.",
      "sector": "Communication Services",
      "country": "United States",
      "shares": 9713.0,
      "price": 16.18,
      "cost_basis": 18.017072994955218,
      "market_value": 157156.34,
      "unrealized_pnl": -17843.49000000003,
      "short_percent_of_float": 0.5812,
      "short_ratio": 4.89
    },
    {
      "ticker": "KSPI",
      "company": "Joint Stock Company Kaspi.kz",
      "sector": "Technology",
      "country": "Kazakhstan",
      "shares": 1515.0,
      "price": 80.17,
      "cost_basis": 82.53049504950495,
      "market_value": 121457.55,
      "unrealized_pnl": -3576.149999999996,
      "short_percent_of_float": 0.015700001,
      "short_ratio": 2.81
    },
    {
      "ticker": "JAKK",
      "company": "JAKKS Pacific, Inc.",
      "sector": "Consumer Cyclical",
      "country": "United States",
      "shares": 3436.0,
      "price": 21.56,
      "cost_basis": 21.83,
      "market_value": 74080.15999999999,
      "unrealized_pnl": -927.7199999999985,
      "short_percent_of_float": 0.0339,
      "short_ratio": 6.7
    },
    {
      "ticker": "VIA",
      "company": "Via Transportation, Inc.",
      "sector": "Technology",
      "country": "United States",
      "shares": 4921.0,
      "price": 14.91,
      "cost_basis": 15.241408250355619,
      "market_value": 73372.11,
      "unrealized_pnl": -1630.8599999999992,
      "short_percent_of_float": 0.1248,
      "short_ratio": 7.65
    },
    {
      "ticker": "ZS",
      "company": "Zscaler, Inc.",
      "sector": "Technology",
      "country": "United States",
      "shares": 549.0,
      "price": 129.25,
      "cost_basis": 136.8013843351548,
      "market_value": 70958.25,
      "unrealized_pnl": -4145.709999999989,
      "short_percent_of_float": 0.1058,
      "short_ratio": 4.01
    },
    {
      "ticker": "CMI",
      "company": "Cummins Inc.",
      "sector": "Industrials",
      "country": "United States",
      "shares": 78.0,
      "price": 672.68,
      "cost_basis": 643.5,
      "market_value": 52469.03999999999,
      "unrealized_pnl": 2276.0399999999963,
      "short_percent_of_float": 0.014400001,
      "short_ratio": 1.92
    },
    {
      "ticker": "XNET",
      "company": "Xunlei Limited",
      "sector": "Technology",
      "country": "China",
      "shares": 10526.0,
      "price": 4.82,
      "cost_basis": 4.75,
      "market_value": 50735.32,
      "unrealized_pnl": 736.820000000003,
      "short_percent_of_float": 0.0322,
      "short_ratio": 6.99
    },
    {
      "ticker": "CRWV",
      "company": "CoreWeave, Inc.",
      "sector": "Technology",
      "country": "United States",
      "shares": 468.0,
      "price": 102.37,
      "cost_basis": 106.78134615384614,
      "market_value": 47909.16,
      "unrealized_pnl": -2064.5099999999934,
      "short_percent_of_float": 0.1714,
      "short_ratio": 1.75
    },
    {
      "ticker": "BABA",
      "company": "Alibaba Group Holding Limited",
      "sector": "Consumer Cyclical",
      "country": "Hong Kong",
      "shares": 299.0,
      "price": 120.07,
      "cost_basis": 125.39999999999999,
      "market_value": 35900.93,
      "unrealized_pnl": -1593.6699999999994,
      "short_percent_of_float": 0.0197,
      "short_ratio": 3.3
    },
    {
      "ticker": "PYPL",
      "company": "PayPal Holdings, Inc.",
      "sector": "Financial Services",
      "country": "United States",
      "shares": 830.0,
      "price": 41.26,
      "cost_basis": 45.19,
      "market_value": 34245.799999999996,
      "unrealized_pnl": -3261.8999999999996,
      "short_percent_of_float": 0.0545,
      "short_ratio": 2.87
    },
    {
      "ticker": "ZTS",
      "company": "Zoetis Inc.",
      "sector": "Healthcare",
      "country": "United States",
      "shares": 312.0,
      "price": 78.82,
      "cost_basis": 80.09,
      "market_value": 24591.839999999997,
      "unrealized_pnl": -396.2400000000032,
      "short_percent_of_float": 0.036,
      "short_ratio": 1.79
    },
    {
      "ticker": "AVAV",
      "company": "AeroVironment, Inc.",
      "sector": "Industrials",
      "country": "United States",
      "shares": 122.0,
      "price": 184.68,
      "cost_basis": 204.09,
      "market_value": 22530.96,
      "unrealized_pnl": -2368.0199999999995,
      "short_percent_of_float": 0.12109999,
      "short_ratio": 3.92
    },
    {
      "ticker": "GENC",
      "company": "Gencor Industries, Inc.",
      "sector": "Industrials",
      "country": "United States",
      "shares": 873.0,
      "price": 14.84,
      "cost_basis": 14.32,
      "market_value": 12955.32,
      "unrealized_pnl": 453.95999999999964,
      "short_percent_of_float": 0.0061000003,
      "short_ratio": 2.96
    },
    {
      "ticker": "VST",
      "company": "Vistra Corp.",
      "sector": "Utilities",
      "country": "United States",
      "shares": 81.0,
      "price": 146.9,
      "cost_basis": 154.76,
      "market_value": 11898.9,
      "unrealized_pnl": -636.6599999999988,
      "short_percent_of_float": 0.0461,
      "short_ratio": 2.83
    },
    {
      "ticker": "CEG",
      "company": "Constellation Energy Corporation",
      "sector": "Utilities",
      "country": "United States",
      "shares": 47.0,
      "price": 250.67,
      "cost_basis": 265.7,
      "market_value": 11781.49,
      "unrealized_pnl": -706.4100000000001,
      "short_percent_of_float": 0.0325,
      "short_ratio": 3.35
    },
    {
      "ticker": "OPEN",
      "company": "Opendoor Technologies Inc.",
      "sector": "Real Estate",
      "country": "United States",
      "shares": 2417.0,
      "price": 4.31,
      "cost_basis": 5.171402565163425,
      "market_value": 10417.269999999999,
      "unrealized_pnl": -2082.0099999999993,
      "short_percent_of_float": 0.14819999,
      "short_ratio": 3.26
    }
  ],
  "sector_exposure": [
    {
      "name": "Technology",
      "value": 364432.39,
      "pct": 0.37873593193552085
    },
    {
      "name": "Communication Services",
      "value": 157156.34,
      "pct": 0.16332454118437598
    },
    {
      "name": "Cash",
      "value": 149773.03000000003,
      "pct": 0.15565144496584601
    },
    {
      "name": "Consumer Cyclical",
      "value": 109981.09,
      "pct": 0.11429771820346261
    },
    {
      "name": "Industrials",
      "value": 87955.32,
      "pct": 0.09140746268158809
    },
    {
      "name": "Financial Services",
      "value": 34245.799999999996,
      "pct": 0.035589907301811066
    },
    {
      "name": "Healthcare",
      "value": 24591.839999999997,
      "pct": 0.025557040746046797
    },
    {
      "name": "Utilities",
      "value": 23680.39,
      "pct": 0.02460981740741153
    },
    {
      "name": "Real Estate",
      "value": 10417.269999999999,
      "pct": 0.010826135573937164
    }
  ],
  "geographic_exposure": [
    {
      "name": "United States",
      "value": 604366.64,
      "pct": 0.6280873185589771
    },
    {
      "name": "Cash",
      "value": 149773.03000000003,
      "pct": 0.15565144496584601
    },
    {
      "name": "Kazakhstan",
      "value": 121457.55,
      "pct": 0.12622461573696872
    },
    {
      "name": "China",
      "value": 50735.32,
      "pct": 0.05272662153396099
    },
    {
      "name": "Hong Kong",
      "value": 35900.93,
      "pct": 0.03730999920424718
    }
  ],
  "signals": [
    {
      "ticker": "AVAV",
      "label": "BUY",
      "composite": 1.0,
      "rsi": 49.1,
      "subs": {
        "rsi": 0.5,
        "macd": 0.5,
        "trend": -0.5,
        "bb": 0.5,
        "vol": 0.0,
        "range": 0.0
      }
    },
    {
      "ticker": "BABA",
      "label": "STRONG SELL",
      "composite": -2.0,
      "rsi": 36.2,
      "subs": {
        "rsi": 0.0,
        "macd": -0.5,
        "trend": -0.5,
        "bb": -0.5,
        "vol": 0.0,
        "range": -0.5
      }
    },
    {
      "ticker": "CEG",
      "label": "SELL",
      "composite": -1.5,
      "rsi": 34.9,
      "subs": {
        "rsi": 0.0,
        "macd": -0.5,
        "trend": -0.5,
        "bb": -0.5,
        "vol": 0.5,
        "range": -0.5
      }
    },
    {
      "ticker": "CMI",
      "label": "BUY",
      "composite": 1.0,
      "rsi": 53.1,
      "subs": {
        "rsi": 0.5,
        "macd": -0.5,
        "trend": 0.5,
        "bb": 0.5,
        "vol": 0.0,
        "range": 0.0
      }
    },
    {
      "ticker": "CRWV",
      "label": "SELL",
      "composite": -1.5,
      "rsi": 44.9,
      "subs": {
        "rsi": 0.0,
        "macd": -0.5,
        "trend": 0.0,
        "bb": -0.5,
        "vol": 0.0,
        "range": -0.5
      }
    },
    {
      "ticker": "GENC",
      "label": "STRONG BUY",
      "composite": 2.0,
      "rsi": 52.6,
      "subs": {
        "rsi": 0.5,
        "macd": 0.5,
        "trend": 0.5,
        "bb": 0.5,
        "vol": 0.0,
        "range": 0.0
      }
    },
    {
      "ticker": "GRPN",
      "label": "SELL",
      "composite": -1.5,
      "rsi": 44.4,
      "subs": {
        "rsi": 0.0,
        "macd": -0.5,
        "trend": 0.0,
        "bb": -0.5,
        "vol": 0.0,
        "range": -0.5
      }
    },
    {
      "ticker": "JAKK",
      "label": "SELL",
      "composite": -1.0,
      "rsi": 46.5,
      "subs": {
        "rsi": 0.5,
        "macd": -0.5,
        "trend": 0.0,
        "bb": -0.5,
        "vol": 0.0,
        "range": -0.5
      }
    },
    {
      "ticker": "KSPI",
      "label": "SELL",
      "composite": -1.0,
      "rsi": 32.8,
      "subs": {
        "rsi": 0.0,
        "macd": -0.5,
        "trend": 0.0,
        "bb": 0.0,
        "vol": 0.0,
        "range": -0.5
      }
    },
    {
      "ticker": "OPEN",
      "label": "STRONG SELL",
      "composite": -2.0,
      "rsi": 39.5,
      "subs": {
        "rsi": 0.0,
        "macd": -0.5,
        "trend": -0.5,
        "bb": -0.5,
        "vol": 0.0,
        "range": -0.5
      }
    },
    {
      "ticker": "PYPL",
      "label": "STRONG SELL",
      "composite": -2.0,
      "rsi": 29.2,
      "subs": {
        "rsi": -0.5,
        "macd": -0.5,
        "trend": -0.5,
        "bb": 0.0,
        "vol": 0.0,
        "range": -0.5
      }
    },
    {
      "ticker": "VIA",
      "label": "BUY",
      "composite": 1.0,
      "rsi": 47.5,
      "subs": {
        "rsi": 0.5,
        "macd": 0.5,
        "trend": -0.5,
        "bb": 0.5,
        "vol": 0.0,
        "range": 0.0
      }
    },
    {
      "ticker": "VST",
      "label": "STRONG SELL",
      "composite": -2.0,
      "rsi": 43.5,
      "subs": {
        "rsi": 0.0,
        "macd": -0.5,
        "trend": -0.5,
        "bb": -0.5,
        "vol": -0.5,
        "range": 0.0
      }
    },
    {
      "ticker": "XNET",
      "label": "SELL",
      "composite": -1.5,
      "rsi": 34.4,
      "subs": {
        "rsi": 0.0,
        "macd": -0.5,
        "trend": -0.5,
        "bb": -0.5,
        "vol": 0.5,
        "range": -0.5
      }
    },
    {
      "ticker": "ZS",
      "label": "STRONG SELL",
      "composite": -2.0,
      "rsi": 41.4,
      "subs": {
        "rsi": 0.0,
        "macd": -0.5,
        "trend": -0.5,
        "bb": -0.5,
        "vol": 0.0,
        "range": -0.5
      }
    },
    {
      "ticker": "ZTS",
      "label": "LEAN BULL",
      "composite": 0.5,
      "rsi": 32.5,
      "subs": {
        "rsi": 0.0,
        "macd": 0.5,
        "trend": -0.5,
        "bb": 0.5,
        "vol": 0.0,
        "range": 0.0
      }
    }
  ],
  "volatility": [
    {
      "ticker": "AVAV",
      "hv20": 0.8879684993215613,
      "garch": 0.7731430415710778,
      "expansion": -0.1293125351160701,
      "regime": "HIGH",
      "signal": "WEAK"
    },
    {
      "ticker": "BABA",
      "hv20": 0.4711466106865847,
      "garch": 0.43347475851187023,
      "expansion": -0.07995781211249012,
      "regime": "HIGH",
      "signal": "WEAK"
    },
    {
      "ticker": "CEG",
      "hv20": 0.5525311143311176,
      "garch": 0.5712228563644891,
      "expansion": 0.033829302185089366,
      "regime": "HIGH",
      "signal": "WEAK"
    },
    {
      "ticker": "CMI",
      "hv20": 0.43273593583512576,
      "garch": 0.3691624552894502,
      "expansion": -0.1469105643444813,
      "regime": "HIGH",
      "signal": "WEAK"
    },
    {
      "ticker": "CRWV",
      "hv20": 0.7991896111239162,
      "garch": 0.9924052663843331,
      "expansion": 0.24176447312508723,
      "regime": "LOW",
      "signal": "SIGNAL"
    },
    {
      "ticker": "GENC",
      "hv20": 0.4155923196304386,
      "garch": 0.44527876130784433,
      "expansion": 0.07143164171995317,
      "regime": "NORMAL",
      "signal": "WEAK"
    },
    {
      "ticker": "GRPN",
      "hv20": 0.8792874391308394,
      "garch": 0.8149319748885266,
      "expansion": -0.07319047376126177,
      "regime": "HIGH",
      "signal": "WEAK"
    },
    {
      "ticker": "JAKK",
      "hv20": 0.2603764026094843,
      "garch": 0.4598455348672165,
      "expansion": 0.7660799145339543,
      "regime": "LOW",
      "signal": "SIGNAL"
    },
    {
      "ticker": "KSPI",
      "hv20": 0.2665184890534583,
      "garch": 0.3509301617355862,
      "expansion": 0.31671976297748183,
      "regime": "LOW",
      "signal": "SIGNAL"
    },
    {
      "ticker": "OPEN",
      "hv20": 0.736102259756758,
      "garch": 0.932418862966764,
      "expansion": 0.2666974603160137,
      "regime": "LOW",
      "signal": "SIGNAL"
    },
    {
      "ticker": "PYPL",
      "hv20": 0.23405545843726822,
      "garch": 0.3907197727701631,
      "expansion": 0.6693469803221198,
      "regime": "LOW",
      "signal": "SIGNAL"
    },
    {
      "ticker": "VIA",
      "hv20": 1.008175658547803,
      "garch": null,
      "expansion": null,
      "regime": "NORMAL",
      "signal": "WEAK"
    },
    {
      "ticker": "VST",
      "hv20": 0.4979898239430335,
      "garch": 0.566288918932412,
      "expansion": 0.13714957958095025,
      "regime": "NORMAL",
      "signal": "BASE"
    },
    {
      "ticker": "XNET",
      "hv20": 0.766444165048805,
      "garch": 0.8737981294796362,
      "expansion": 0.1400675604647538,
      "regime": "HIGH",
      "signal": "BASE"
    },
    {
      "ticker": "ZS",
      "hv20": 1.5794360500508882,
      "garch": 0.5760139143585419,
      "expansion": -0.6353040603701662,
      "regime": "EXTREME",
      "signal": "WEAK"
    },
    {
      "ticker": "ZTS",
      "hv20": 0.39860583231357377,
      "garch": 0.31286924318264725,
      "expansion": -0.21509115567450998,
      "regime": "HIGH",
      "signal": "WEAK"
    }
  ],
  "correlation": {
    "tickers": [
      "AVAV",
      "BABA",
      "CEG",
      "CMI",
      "CRWV",
      "GENC",
      "GRPN",
      "JAKK",
      "KSPI",
      "OPEN",
      "PYPL",
      "VIA",
      "VST",
      "XNET",
      "ZS",
      "ZTS"
    ],
    "matrix": [
      [
        1.0,
        0.131,
        0.264,
        0.247,
        0.307,
        0.098,
        0.233,
        0.084,
        0.093,
        0.337,
        0.2,
        0.033,
        0.301,
        0.331,
        0.174,
        0.069
      ],
      [
        0.131,
        1.0,
        0.181,
        0.334,
        0.353,
        0.131,
        0.192,
        0.117,
        0.214,
        0.196,
        0.244,
        -0.037,
        0.226,
        0.478,
        0.038,
        0.077
      ],
      [
        0.264,
        0.181,
        1.0,
        0.312,
        0.218,
        0.149,
        0.08,
        0.09,
        0.053,
        0.19,
        0.124,
        0.006,
        0.796,
        0.247,
        0.041,
        0.122
      ],
      [
        0.247,
        0.334,
        0.312,
        1.0,
        0.367,
        0.362,
        0.186,
        0.152,
        0.232,
        0.201,
        0.065,
        0.007,
        0.321,
        0.314,
        -0.056,
        0.202
      ],
      [
        0.307,
        0.353,
        0.218,
        0.367,
        1.0,
        0.12,
        0.167,
        0.062,
        0.132,
        0.241,
        0.132,
        0.224,
        0.309,
        0.372,
        0.182,
        0.088
      ],
      [
        0.098,
        0.131,
        0.149,
        0.362,
        0.12,
        1.0,
        0.16,
        0.315,
        0.159,
        0.131,
        0.098,
        0.066,
        0.173,
        0.167,
        0.053,
        0.152
      ],
      [
        0.233,
        0.192,
        0.08,
        0.186,
        0.167,
        0.16,
        1.0,
        0.15,
        0.336,
        0.306,
        0.262,
        0.179,
        0.115,
        0.221,
        0.149,
        0.16
      ],
      [
        0.084,
        0.117,
        0.09,
        0.152,
        0.062,
        0.315,
        0.15,
        1.0,
        0.108,
        0.138,
        0.214,
        0.143,
        0.061,
        0.196,
        -0.051,
        0.134
      ],
      [
        0.093,
        0.214,
        0.053,
        0.232,
        0.132,
        0.159,
        0.336,
        0.108,
        1.0,
        0.249,
        0.255,
        0.149,
        0.083,
        0.191,
        0.155,
        0.204
      ],
      [
        0.337,
        0.196,
        0.19,
        0.201,
        0.241,
        0.131,
        0.306,
        0.138,
        0.249,
        1.0,
        0.239,
        0.163,
        0.263,
        0.342,
        0.064,
        0.164
      ],
      [
        0.2,
        0.244,
        0.124,
        0.065,
        0.132,
        0.098,
        0.262,
        0.214,
        0.255,
        0.239,
        1.0,
        0.159,
        0.063,
        0.326,
        0.206,
        0.17
      ],
      [
        0.033,
        -0.037,
        0.006,
        0.007,
        0.224,
        0.066,
        0.179,
        0.143,
        0.149,
        0.163,
        0.159,
        1.0,
        0.061,
        0.19,
        0.369,
        0.025
      ],
      [
        0.301,
        0.226,
        0.796,
        0.321,
        0.309,
        0.173,
        0.115,
        0.061,
        0.083,
        0.263,
        0.063,
        0.061,
        1.0,
        0.269,
        0.069,
        0.091
      ],
      [
        0.331,
        0.478,
        0.247,
        0.314,
        0.372,
        0.167,
        0.221,
        0.196,
        0.191,
        0.342,
        0.326,
        0.19,
        0.269,
        1.0,
        0.221,
        0.039
      ],
      [
        0.174,
        0.038,
        0.041,
        -0.056,
        0.182,
        0.053,
        0.149,
        -0.051,
        0.155,
        0.064,
        0.206,
        0.369,
        0.069,
        0.221,
        1.0,
        -0.032
      ],
      [
        0.069,
        0.077,
        0.122,
        0.202,
        0.088,
        0.152,
        0.16,
        0.134,
        0.204,
        0.164,
        0.17,
        0.025,
        0.091,
        0.039,
        -0.032,
        1.0
      ]
    ]
  },
  "residual_correlation": {
    "tickers": [
      "AVAV",
      "BABA",
      "CEG",
      "CMI",
      "CRWV",
      "GENC",
      "GRPN",
      "JAKK",
      "KSPI",
      "OPEN",
      "PYPL",
      "VIA",
      "VST",
      "XNET",
      "ZS",
      "ZTS"
    ],
    "matrix": [
      [
        1.0,
        -0.012,
        0.117,
        0.064,
        0.116,
        -0.032,
        0.086,
        -0.057,
        -0.123,
        0.15,
        0.009,
        -0.142,
        0.148,
        0.163,
        0.099,
        -0.051
      ],
      [
        -0.012,
        1.0,
        0.009,
        0.102,
        0.188,
        -0.081,
        0.024,
        -0.046,
        0.037,
        0.04,
        0.122,
        -0.161,
        0.056,
        0.344,
        -0.048,
        -0.024
      ],
      [
        0.117,
        0.009,
        1.0,
        0.032,
        -0.04,
        0.03,
        -0.059,
        -0.014,
        -0.12,
        0.029,
        0.039,
        -0.093,
        0.732,
        0.082,
        0.017,
        0.081
      ],
      [
        0.064,
        0.102,
        0.032,
        1.0,
        0.097,
        0.069,
        -0.063,
        -0.145,
        -0.013,
        -0.067,
        -0.104,
        -0.116,
        -0.005,
        0.017,
        -0.121,
        0.071
      ],
      [
        0.116,
        0.188,
        -0.04,
        0.097,
        1.0,
        0.014,
        -0.04,
        -0.033,
        -0.095,
        0.017,
        -0.043,
        0.107,
        0.056,
        0.106,
        0.128,
        0.044
      ],
      [
        -0.032,
        -0.081,
        0.03,
        0.069,
        0.014,
        1.0,
        -0.028,
        0.063,
        -0.072,
        -0.077,
        0.005,
        -0.01,
        0.033,
        -0.04,
        0.012,
        -0.05
      ],
      [
        0.086,
        0.024,
        -0.059,
        -0.063,
        -0.04,
        -0.028,
        1.0,
        0.007,
        0.17,
        0.108,
        0.09,
        0.056,
        -0.038,
        -0.014,
        0.048,
        0.031
      ],
      [
        -0.057,
        -0.046,
        -0.014,
        -0.145,
        -0.033,
        0.063,
        0.007,
        1.0,
        -0.093,
        -0.028,
        0.103,
        0.082,
        -0.051,
        0.028,
        -0.118,
        -0.052
      ],
      [
        -0.123,
        0.037,
        -0.12,
        -0.013,
        -0.095,
        -0.072,
        0.17,
        -0.093,
        1.0,
        0.067,
        0.074,
        0.017,
        -0.11,
        -0.027,
        0.055,
        0.072
      ],
      [
        0.15,
        0.04,
        0.029,
        -0.067,
        0.017,
        -0.077,
        0.108,
        -0.028,
        0.067,
        1.0,
        0.064,
        0.033,
        0.106,
        0.156,
        -0.043,
        0.021
      ],
      [
        0.009,
        0.122,
        0.039,
        -0.104,
        -0.043,
        0.005,
        0.09,
        0.103,
        0.074,
        0.064,
        1.0,
        0.002,
        -0.043,
        0.181,
        0.066,
        0.024
      ],
      [
        -0.142,
        -0.161,
        -0.093,
        -0.116,
        0.107,
        -0.01,
        0.056,
        0.082,
        0.017,
        0.033,
        0.002,
        1.0,
        -0.038,
        0.056,
        0.302,
        -0.062
      ],
      [
        0.148,
        0.056,
        0.732,
        -0.005,
        0.056,
        0.033,
        -0.038,
        -0.051,
        -0.11,
        0.106,
        -0.043,
        -0.038,
        1.0,
        0.088,
        0.049,
        0.04
      ],
      [
        0.163,
        0.344,
        0.082,
        0.017,
        0.106,
        -0.04,
        -0.014,
        0.028,
        -0.027,
        0.156,
        0.181,
        0.056,
        0.088,
        1.0,
        0.142,
        -0.108
      ],
      [
        0.099,
        -0.048,
        0.017,
        -0.121,
        0.128,
        0.012,
        0.048,
        -0.118,
        0.055,
        -0.043,
        0.066,
        0.302,
        0.049,
        0.142,
        1.0,
        -0.11
      ],
      [
        -0.051,
        -0.024,
        0.081,
        0.071,
        0.044,
        -0.05,
        0.031,
        -0.052,
        0.072,
        0.021,
        0.024,
        -0.062,
        0.04,
        -0.108,
        -0.11,
        1.0
      ]
    ]
  },
  "factor_correlation": {
    "factors": [
      "Market",
      "Size",
      "Value (SMID)",
      "Momentum",
      "Quality",
      "Profitability",
      "Liquidity",
      "Credit"
    ],
    "matrix": [
      [
        1.0,
        0.357,
        -0.473,
        0.372,
        -0.19,
        -0.522,
        0.322,
        0.191
      ],
      [
        0.357,
        1.0,
        -0.158,
        0.231,
        0.128,
        0.158,
        0.342,
        0.058
      ],
      [
        -0.473,
        -0.158,
        1.0,
        -0.525,
        0.268,
        0.563,
        -0.371,
        -0.136
      ],
      [
        0.372,
        0.231,
        -0.525,
        1.0,
        -0.192,
        -0.509,
        0.264,
        0.025
      ],
      [
        -0.19,
        0.128,
        0.268,
        -0.192,
        1.0,
        0.397,
        -0.22,
        -0.135
      ],
      [
        -0.522,
        0.158,
        0.563,
        -0.509,
        0.397,
        1.0,
        -0.267,
        -0.086
      ],
      [
        0.322,
        0.342,
        -0.371,
        0.264,
        -0.22,
        -0.267,
        1.0,
        0.171
      ],
      [
        0.191,
        0.058,
        -0.136,
        0.025,
        -0.135,
        -0.086,
        0.171,
        1.0
      ]
    ]
  },
  "factor_exposures": [
    {
      "ticker": "AVAV",
      "r_squared": 0.17925485907579775,
      "alpha_annual": -0.20151953227153888,
      "idio_vol_annual": 0.6624345243329809,
      "Market": 1.0088285374311416,
      "Size": 0.8091771025051335,
      "Value (SMID)": -2.163601631665562,
      "Momentum": -0.6242345594287728,
      "Quality": -1.3407376131139754,
      "Profitability": 0.004644918391423336,
      "Liquidity": 0.05032532459622635,
      "Credit": -1.6810568147265015
    },
    {
      "ticker": "BABA",
      "r_squared": 0.15008629059672818,
      "alpha_annual": -0.32176248183204376,
      "idio_vol_annual": 0.39737020238778936,
      "Market": 1.1819653354376571,
      "Size": 0.17335587667448718,
      "Value (SMID)": 0.22673578999464172,
      "Momentum": -0.11765569981909463,
      "Quality": -0.17393827801061196,
      "Profitability": -0.24951676632468656,
      "Liquidity": 0.19534693199882852,
      "Credit": 0.8931628489946671
    },
    {
      "ticker": "CEG",
      "r_squared": 0.24915356467638672,
      "alpha_annual": -0.3934084399293286,
      "idio_vol_annual": 0.40456711155843006,
      "Market": 0.7232347796526676,
      "Size": 0.36643614747991454,
      "Value (SMID)": -0.4621721841753515,
      "Momentum": 0.6846844883272314,
      "Quality": -0.7545082465258164,
      "Profitability": -0.6312852649211085,
      "Liquidity": -0.3414705306035857,
      "Credit": -0.8059713908928505
    },
    {
      "ticker": "CMI",
      "r_squared": 0.4990365278952328,
      "alpha_annual": 0.35364610205901337,
      "idio_vol_annual": 0.23287890295041766,
      "Market": 1.1343754263470245,
      "Size": 0.8480608551011813,
      "Value (SMID)": 0.4219137916454466,
      "Momentum": 0.7861705712349787,
      "Quality": 0.3838687226027254,
      "Profitability": -0.20541470510286222,
      "Liquidity": -0.32157203314577204,
      "Credit": 0.9096363228499904
    },
    {
      "ticker": "CRWV",
      "r_squared": 0.2871179902715014,
      "alpha_annual": -0.8053922978887774,
      "idio_vol_annual": 0.8045973820301792,
      "Market": 0.9166036075140283,
      "Size": 0.7568968426806931,
      "Value (SMID)": -2.1633151398902184,
      "Momentum": 1.0218605242493561,
      "Quality": -4.614838037613511,
      "Profitability": -0.00955497054943294,
      "Liquidity": 0.41814328472657136,
      "Credit": 1.5397432162059965
    },
    {
      "ticker": "GENC",
      "r_squared": 0.3345828346610109,
      "alpha_annual": -0.44824323834432617,
      "idio_vol_annual": 0.3269667282755863,
      "Market": 1.4149863550052448,
      "Size": 1.1714444248249554,
      "Value (SMID)": 1.1703826529734969,
      "Momentum": 0.004995319483821148,
      "Quality": -0.5207250434455304,
      "Profitability": 0.13777736705151306,
      "Liquidity": -0.16649097342216868,
      "Credit": 0.5766916648530654
    },
    {
      "ticker": "GRPN",
      "r_squared": 0.15929647549861525,
      "alpha_annual": -1.1438071996140353,
      "idio_vol_annual": 0.6293403111515055,
      "Market": 1.8699083403788865,
      "Size": 0.21495938257064656,
      "Value (SMID)": -0.8860500100722957,
      "Momentum": -0.09357876551483546,
      "Quality": -1.9353510986719127,
      "Profitability": 1.4677588134427617,
      "Liquidity": 0.20364506499790264,
      "Credit": 1.6145716684537585
    },
    {
      "ticker": "JAKK",
      "r_squared": 0.28766464385457413,
      "alpha_annual": -0.32170468917500133,
      "idio_vol_annual": 0.3609767547675764,
      "Market": 1.4045349069315647,
      "Size": 0.9864892176522614,
      "Value (SMID)": 0.8321658490651809,
      "Momentum": -0.3990806224035629,
      "Quality": 1.547130517282814,
      "Profitability": -0.2764250069580854,
      "Liquidity": 0.4164974705143902,
      "Credit": -0.32088196960416787
    },
    {
      "ticker": "KSPI",
      "r_squared": 0.22972839262207456,
      "alpha_annual": -0.29087988270808285,
      "idio_vol_annual": 0.315532771233808,
      "Market": 1.297241863416016,
      "Size": 0.37630870392312515,
      "Value (SMID)": -0.30801139205988637,
      "Momentum": -0.6053709468099024,
      "Quality": 0.11972597995746903,
      "Profitability": 0.13801000092601814,
      "Liquidity": -0.038641483948098354,
      "Credit": 0.38628072754575155
    },
    {
      "ticker": "OPEN",
      "r_squared": 0.11898790186186847,
      "alpha_annual": 1.2800496616815515,
      "idio_vol_annual": 1.3594641019351092,
      "Market": 2.978467920462368,
      "Size": 1.175325603728072,
      "Value (SMID)": -1.7295904289912514,
      "Momentum": -1.6376568537340146,
      "Quality": 1.620809162432651,
      "Profitability": 1.0334986260477472,
      "Liquidity": 1.7992565134255893,
      "Credit": -3.022171092811144
    },
    {
      "ticker": "PYPL",
      "r_squared": 0.309745152784927,
      "alpha_annual": -0.7716062481005385,
      "idio_vol_annual": 0.3363427609763682,
      "Market": 1.8903071356440815,
      "Size": -0.42784385664651037,
      "Value (SMID)": -0.9223531887504077,
      "Momentum": -0.938379883207482,
      "Quality": 1.57884981621127,
      "Profitability": 0.7612363504842643,
      "Liquidity": 0.47214031374149895,
      "Credit": -0.09976100956337311
    },
    {
      "ticker": "VIA",
      "r_squared": 0.12601193588023119,
      "alpha_annual": -1.6738829894106446,
      "idio_vol_annual": 0.6851528046512789,
      "Market": 1.2757745981431892,
      "Size": 0.30799682667011524,
      "Value (SMID)": -1.5182621609283635,
      "Momentum": -1.271243634782822,
      "Quality": -1.7391338422060838,
      "Profitability": 0.647853377420881,
      "Liquidity": 0.5620323916342622,
      "Credit": -0.9589882316534509
    },
    {
      "ticker": "VST",
      "r_squared": 0.27262349802059915,
      "alpha_annual": -0.393125978797397,
      "idio_vol_annual": 0.41303087075452916,
      "Market": 0.5692563980929466,
      "Size": 0.7403196698335812,
      "Value (SMID)": -0.6804586112171549,
      "Momentum": 0.7254123891791693,
      "Quality": -1.7030769835181434,
      "Profitability": -0.5219496969642122,
      "Liquidity": -0.6987760250350517,
      "Credit": -0.6576405065754689
    },
    {
      "ticker": "XNET",
      "r_squared": 0.16951008350781205,
      "alpha_annual": -0.7173555985309721,
      "idio_vol_annual": 0.7256105454183619,
      "Market": 1.9989018507017582,
      "Size": 0.16063710585488766,
      "Value (SMID)": -0.685943598513835,
      "Momentum": -0.5541312392258324,
      "Quality": 0.28994129463997614,
      "Profitability": 0.5115815027585368,
      "Liquidity": 1.3043853416670133,
      "Credit": 2.3575058814717647
    },
    {
      "ticker": "ZS",
      "r_squared": 0.09348618087410232,
      "alpha_annual": -0.994942159414959,
      "idio_vol_annual": 0.595504135906771,
      "Market": 1.358286817600883,
      "Size": -0.43705022418058126,
      "Value (SMID)": -1.1832159222534813,
      "Momentum": -1.058896849276609,
      "Quality": -1.000614025626251,
      "Profitability": 0.843691096335235,
      "Liquidity": 0.13945136110702602,
      "Credit": 0.0027046118639960717
    },
    {
      "ticker": "ZTS",
      "r_squared": 0.17670458570941094,
      "alpha_annual": -0.976947431333572,
      "idio_vol_annual": 0.3413520694180306,
      "Market": 1.4217753100065738,
      "Size": -0.006560520256383262,
      "Value (SMID)": 0.0923330769454736,
      "Momentum": -0.11090871547384135,
      "Quality": 1.3249343263845659,
      "Profitability": 0.9394532717066277,
      "Liquidity": 0.16448416891177015,
      "Credit": -0.6272225004485694
    }
  ],
  "portfolio_factor_exposure": {
    "loadings": {
      "Market": 1.452166936723285,
      "Size": 0.34863305431625324,
      "Value (SMID)": -0.6314108004735886,
      "Momentum": -0.3416352283421703,
      "Quality": -0.6506944402561073,
      "Profitability": 0.47792482169974065,
      "Liquidity": 0.260007699137651,
      "Credit": 0.46997426500444656
    },
    "alpha_annual": -0.6856772189846988,
    "r_squared_weighted": 0.21514829245056735
  },
  "stress_tests": [
    {
      "scenario": "COVID Crash (Feb-Mar 2020)",
      "market_move": -0.339,
      "portfolio_impact": -0.5348634468459379,
      "stressed_nav": 447569.9595652726,
      "pnl": -514663.51043472736,
      "description": "Rapid 33.9% selloff in SPY over 23 trading days as COVID-19 spread."
    },
    {
      "scenario": "2022 Rate Shock (Jan-Oct)",
      "market_move": -0.252,
      "portfolio_impact": -0.39759760650494497,
      "stressed_nav": 579651.7454290523,
      "pnl": -382581.7245709477,
      "description": "Grinding 9-month decline as the Fed hiked rates aggressively."
    },
    {
      "scenario": "GFC 2008-09",
      "market_move": -0.565,
      "portfolio_impact": -0.891439078076563,
      "stressed_nav": 104460.95260878788,
      "pnl": -857772.517391212,
      "description": "Credit crisis bear market; SPY drew down 56.5% from Oct 2007 peak."
    },
    {
      "scenario": "Dot-Com Bust (2000-02)",
      "market_move": -0.491,
      "portfolio_impact": -0.7746842253727301,
      "stressed_nav": 216806.3796653359,
      "pnl": -745427.0903346641,
      "description": "Tech bubble burst; SPY -49.1% peak-to-trough over 30 months."
    },
    {
      "scenario": "Black Monday (Oct 1987)",
      "market_move": -0.204,
      "portfolio_impact": -0.3218647290754316,
      "stressed_nav": 652524.4548711375,
      "pnl": -309709.01512886246,
      "description": "Flash crash; -20.4% on a single trading day."
    },
    {
      "scenario": "Aug 2024 Yen Carry Unwind",
      "market_move": -0.084,
      "portfolio_impact": -0.1325325355016483,
      "stressed_nav": 834706.2284763507,
      "pnl": -127527.24152364931,
      "description": "Yen carry unwind shock; SPY -8.4% in one week."
    }
  ],
  "monte_carlo": {
    "horizon_days": 21,
    "n_paths": 10000,
    "current_nav": 962233.47,
    "terminal_return": {
      "p5": -0.15867368257255787,
      "p25": -0.08355246508153832,
      "p50": -0.03063011757241857,
      "p75": 0.0241076370588722,
      "p95": 0.10647259024906758,
      "prob_negative": 0.6467
    },
    "terminal_nav": {
      "p5": 809552.3418205291,
      "p50": 932760.1456817837,
      "p95": 1064684.9599752484
    },
    "max_drawdown": {
      "p5": -0.17357231296153083,
      "p50": -0.08258025064467261,
      "p95": -0.03096440422406088
    },
    "method": "Bootstrap of synthetic portfolio daily returns (current weights \u00d7 each holding's 252-day history). 10,000 paths, 21-trading-day horizon (~1 month)."
  },
  "factor_stress": [
    {
      "scenario": "Tech Selloff -15%",
      "description": "Concentrated drawdown in Tech and Communication Services.",
      "shocks": {
        "sector:Technology": -0.15,
        "sector:Communication Services": -0.1
      },
      "pnl": -70380.49250000001,
      "stressed_nav": 891852.9774999999,
      "portfolio_impact": -0.07314284390876573,
      "equity_at_risk_pct": 0.844348555034154
    },
    {
      "scenario": "Rate Shock (+100bp)",
      "description": "Long-duration growth and rate-sensitive sectors hit; banks benefit.",
      "shocks": {
        "sector:Technology": -0.08,
        "sector:Consumer Cyclical": -0.1,
        "sector:Financial Services": 0.05,
        "sector:Real Estate": -0.12,
        "sector:Utilities": -0.06
      },
      "pnl": -41111.306,
      "stressed_nav": 921122.164,
      "portfolio_impact": -0.04272487632341452,
      "equity_at_risk_pct": 0.844348555034154
    },
    {
      "scenario": "Energy Spike (+30%)",
      "description": "Oil shock \u2014 producers rally, downstream consumers pinched.",
      "shocks": {
        "sector:Energy": 0.3,
        "sector:Industrials": -0.05,
        "sector:Consumer Cyclical": -0.07,
        "sector:Consumer Defensive": -0.03
      },
      "pnl": -12096.442299999999,
      "stressed_nav": 950137.0277,
      "portfolio_impact": -0.012571213408321786,
      "equity_at_risk_pct": 0.844348555034154
    },
    {
      "scenario": "Recession (broad -20%)",
      "description": "Cyclicals and credit-sensitive names down hard; defensives flat.",
      "shocks": {
        "sector:Technology": -0.15,
        "sector:Consumer Cyclical": -0.22,
        "sector:Financial Services": -0.18,
        "sector:Industrials": -0.18,
        "sector:Energy": -0.2,
        "sector:Materials": -0.2,
