{
  "generated_at": "2026-06-16T05:47:33.721890Z",
  "market_session": "CLOSED",
  "fund_name": "Convex Capital",
  "tagline": "Lose small. Win big. \u2014 Paper-traded portfolio. Hypothetical performance for educational purposes only.",
  "summary": {
    "nav": 1003551.32,
    "cash": 359.3200000000179,
    "equity": 1003191.9999999999,
    "deposits": 1000000.0,
    "total_return": 0.0035513199999999134,
    "realized_pnl": 0.0,
    "open_positions": 16
  },
  "metrics": {
    "annualized_return": -0.23959896153124127,
    "annualized_vol": 0.28674588763437936,
    "sharpe": -0.8355794167020325,
    "sortino": -1.1256012005351335,
    "max_drawdown": -0.4214937272246345,
    "var_95_1d": -0.034932746929799294,
    "method": "Synthetic: current weights \u00d7 each holding's 252-day return history.",
    "beta_spy": 1.516797637825863,
    "data_basis": "synthetic_252d",
    "days_of_live_nav": 12
  },
  "nav_curve": [
    {
      "date": "2026-06-01",
      "value": 999535.5476397705
    },
    {
      "date": "2026-06-02",
      "value": 1003670.4372289658
    },
    {
      "date": "2026-06-03",
      "value": 989912.289704628
    },
    {
      "date": "2026-06-04",
      "value": 1000539.2173751069
    },
    {
      "date": "2026-06-05",
      "value": 965555.7467515564
    },
    {
      "date": "2026-06-08",
      "value": 964274.7760765648
    },
    {
      "date": "2026-06-09",
      "value": 967825.7974829102
    },
    {
      "date": "2026-06-10",
      "value": 956183.703109684
    },
    {
      "date": "2026-06-11",
      "value": 978161.2303819085
    },
    {
      "date": "2026-06-12",
      "value": 984267.0327100182
    },
    {
      "date": "2026-06-15",
      "value": 1003551.3198381996
    },
    {
      "date": "2026-06-16",
      "value": 1003551.32
    }
  ],
  "drawdown_curve": [
    {
      "date": "2026-06-01",
      "value": 0.0
    },
    {
      "date": "2026-06-02",
      "value": 0.0
    },
    {
      "date": "2026-06-03",
      "value": -0.01370783378089986
    },
    {
      "date": "2026-06-04",
      "value": -0.0031197689378038426
    },
    {
      "date": "2026-06-05",
      "value": -0.03797530450596938
    },
    {
      "date": "2026-06-08",
      "value": -0.03925159065277294
    },
    {
      "date": "2026-06-09",
      "value": -0.03571355538279983
    },
    {
      "date": "2026-06-10",
      "value": -0.04731307444940582
    },
    {
      "date": "2026-06-11",
      "value": -0.02541591931061127
    },
    {
      "date": "2026-06-12",
      "value": -0.0193324459894609
    },
    {
      "date": "2026-06-15",
      "value": -0.00011868177675435876
    },
    {
      "date": "2026-06-16",
      "value": -0.00011868161554576408
    }
  ],
  "benchmarks": {
    "SPY": [
      {
        "date": "2026-06-01",
        "value": 0.0
      },
      {
        "date": "2026-06-02",
        "value": 0.0013579103629497435
      },
      {
        "date": "2026-06-03",
        "value": -0.005668768842152949
      },
      {
        "date": "2026-06-04",
        "value": -0.0019115026417536596
      },
      {
        "date": "2026-06-05",
        "value": -0.027671567540792585
      },
      {
        "date": "2026-06-08",
        "value": -0.02546999220062507
      },
      {
        "date": "2026-06-09",
        "value": -0.028330728579740505
      },
      {
        "date": "2026-06-10",
        "value": -0.04364962468776956
      },
      {
        "date": "2026-06-11",
        "value": -0.02739469093739666
      },
      {
        "date": "2026-06-12",
        "value": -0.022134598720831677
      },
      {
        "date": "2026-06-15",
        "value": -0.0048909459419552714
      }
    ],
    "IWM": [
      {
        "date": "2026-06-01",
        "value": 0.0
      },
      {
        "date": "2026-06-02",
        "value": 0.009273902616242058
      },
      {
        "date": "2026-06-03",
        "value": -0.004533265755123028
      },
      {
        "date": "2026-06-04",
        "value": 0.010485102307313143
      },
      {
        "date": "2026-06-05",
        "value": -0.025365222965751943
      },
      {
        "date": "2026-06-08",
        "value": -0.016852527916236926
      },
      {
        "date": "2026-06-09",
        "value": -0.013703535746163342
      },
      {
        "date": "2026-06-10",
        "value": -0.023981055236295123
      },
      {
        "date": "2026-06-11",
        "value": 0.00494832553389335
      },
      {
        "date": "2026-06-12",
        "value": 0.01373793881377372
      },
      {
        "date": "2026-06-15",
        "value": 0.022010765090349826
      },
      {
        "date": "2026-06-16",
        "value": 0.022010714279665278
      }
    ]
  },
  "holdings": [
    {
      "ticker": "GRPN",
      "company": "Groupon, Inc.",
      "sector": "Communication Services",
      "country": "United States",
      "shares": 11310.0,
      "price": 17.45,
      "cost_basis": 17.682836427939876,
      "market_value": 197359.5,
      "unrealized_pnl": -2633.38,
      "short_percent_of_float": 0.56310004,
      "short_ratio": 5.75
    },
    {
      "ticker": "TENB",
      "company": "Tenable Holdings, Inc.",
      "sector": "Technology",
      "country": "United States",
      "shares": 4766.0,
      "price": 27.72,
      "cost_basis": 26.224616030214015,
      "market_value": 132113.52,
      "unrealized_pnl": 7126.999999999997,
      "short_percent_of_float": 0.129,
      "short_ratio": 3.05
    },
    {
      "ticker": "KSPI",
      "company": "Joint Stock Company Kaspi.kz",
      "sector": "Technology",
      "country": "Kazakhstan",
      "shares": 1515.0,
      "price": 83.2,
      "cost_basis": 82.53049504950495,
      "market_value": 126048.0,
      "unrealized_pnl": 1014.3000000000056,
      "short_percent_of_float": 0.0159,
      "short_ratio": 3.24
    },
    {
      "ticker": "CMI",
      "company": "Cummins Inc.",
      "sector": "Industrials",
      "country": "United States",
      "shares": 114.0,
      "price": 679.71,
      "cost_basis": 653.737894736842,
      "market_value": 77486.94,
      "unrealized_pnl": 2960.820000000015,
      "short_percent_of_float": 0.0171,
      "short_ratio": 2.07
    },
    {
      "ticker": "JAKK",
      "company": "JAKKS Pacific, Inc.",
      "sector": "Consumer Cyclical",
      "country": "United States",
      "shares": 3436.0,
      "price": 22.185,
      "cost_basis": 21.83,
      "market_value": 76227.65999999999,
      "unrealized_pnl": 1219.7800000000016,
      "short_percent_of_float": 0.039100002,
      "short_ratio": 7.32
    },
    {
      "ticker": "VIA",
      "company": "Via Transportation, Inc.",
      "sector": "Technology",
      "country": "United States",
      "shares": 4921.0,
      "price": 14.98,
      "cost_basis": 15.241408250355619,
      "market_value": 73716.58,
      "unrealized_pnl": -1286.3899999999978,
      "short_percent_of_float": 0.13520001,
      "short_ratio": 6.88
    },
    {
      "ticker": "ZS",
      "company": "Zscaler, Inc.",
      "sector": "Technology",
      "country": "United States",
      "shares": 549.0,
      "price": 130.42,
      "cost_basis": 136.8013843351548,
      "market_value": 71600.57999999999,
      "unrealized_pnl": -3503.379999999996,
      "short_percent_of_float": 0.114700004,
      "short_ratio": 2.09
    },
    {
      "ticker": "XNET",
      "company": "Xunlei Limited",
      "sector": "Technology",
      "country": "China",
      "shares": 10526.0,
      "price": 5.32,
      "cost_basis": 4.75,
      "market_value": 55998.32,
      "unrealized_pnl": 5999.820000000003,
      "short_percent_of_float": 0.0377,
      "short_ratio": 6.03
    },
    {
      "ticker": "CRWV",
      "company": "CoreWeave, Inc.",
      "sector": "Technology",
      "country": "United States",
      "shares": 468.0,
      "price": 106.71,
      "cost_basis": 106.78134615384614,
      "market_value": 49940.28,
      "unrealized_pnl": -33.38999999999828,
      "short_percent_of_float": 0.18190001,
      "short_ratio": 1.91
    },
    {
      "ticker": "PYPL",
      "company": "PayPal Holdings, Inc.",
      "sector": "Financial Services",
      "country": "United States",
      "shares": 830.0,
      "price": 42.49,
      "cost_basis": 45.19,
      "market_value": 35266.700000000004,
      "unrealized_pnl": -2240.9999999999964,
      "short_percent_of_float": 0.0626,
      "short_ratio": 3.16
    },
    {
      "ticker": "BABA",
      "company": "Alibaba Group Holding Limited",
      "sector": "Consumer Cyclical",
      "country": "China",
      "shares": 299.0,
      "price": 112.55,
      "cost_basis": 125.39999999999999,
      "market_value": 33652.45,
      "unrealized_pnl": -3842.1499999999983,
      "short_percent_of_float": 0.0165,
      "short_ratio": 3.21
    },
    {
      "ticker": "ZTS",
      "company": "Zoetis Inc.",
      "sector": "Healthcare",
      "country": "United States",
      "shares": 312.0,
      "price": 79.95,
      "cost_basis": 80.09,
      "market_value": 24944.4,
      "unrealized_pnl": -43.68000000000018,
      "short_percent_of_float": 0.0363,
      "short_ratio": 1.45
    },
    {
      "ticker": "GENC",
      "company": "Gencor Industries, Inc.",
      "sector": "Industrials",
      "country": "United States",
      "shares": 873.0,
      "price": 14.81,
      "cost_basis": 14.32,
      "market_value": 12929.130000000001,
      "unrealized_pnl": 427.7700000000002,
      "short_percent_of_float": 0.0064,
      "short_ratio": 2.39
    },
    {
      "ticker": "VST",
      "company": "Vistra Corp.",
      "sector": "Utilities",
      "country": "United States",
      "shares": 81.0,
      "price": 153.52,
      "cost_basis": 154.76,
      "market_value": 12435.12,
      "unrealized_pnl": -100.43999999999843,
      "short_percent_of_float": 0.0539,
      "short_ratio": 2.73
    },
    {
      "ticker": "CEG",
      "company": "Constellation Energy Corporation",
      "sector": "Utilities",
      "country": "United States",
      "shares": 47.0,
      "price": 262.35,
      "cost_basis": 265.7,
      "market_value": 12330.45,
      "unrealized_pnl": -157.4499999999984,
      "short_percent_of_float": 0.036,
      "short_ratio": 3.46
    },
    {
      "ticker": "OPEN",
      "company": "Opendoor Technologies Inc.",
      "sector": "Real Estate",
      "country": "United States",
      "shares": 2417.0,
      "price": 4.61,
      "cost_basis": 5.171402565163425,
      "market_value": 11142.37,
      "unrealized_pnl": -1356.9099999999974,
      "short_percent_of_float": 0.16149999,
      "short_ratio": 3.77
    }
  ],
  "sector_exposure": [
    {
      "name": "Technology",
      "value": 509417.2799999999,
      "pct": 0.5076145781961604
    },
    {
      "name": "Communication Services",
      "value": 197359.5,
      "pct": 0.19666109352534158
    },
    {
      "name": "Consumer Cyclical",
      "value": 109880.10999999999,
      "pct": 0.10949127145784632
    },
    {
      "name": "Industrials",
      "value": 90416.07,
      "pct": 0.09009610988305014
    },
    {
      "name": "Financial Services",
      "value": 35266.700000000004,
      "pct": 0.035141899868160215
    },
    {
      "name": "Healthcare",
      "value": 24944.4,
      "pct": 0.024856127935739252
    },
    {
      "name": "Utilities",
      "value": 24765.57,
      "pct": 0.024677930770894706
    },
    {
      "name": "Real Estate",
      "value": 11142.37,
      "pct": 0.011102939907447883
    },
    {
      "name": "Cash",
      "value": 359.3200000000179,
      "pct": 0.0003580484553595305
    }
  ],
  "geographic_exposure": [
    {
      "name": "United States",
      "value": 787493.23,
      "pct": 0.7847064861615647
    },
    {
      "name": "Kazakhstan",
      "value": 126048.0,
      "pct": 0.12560194729254107
    },
    {
      "name": "China",
      "value": 89650.76999999999,
      "pct": 0.08933351809053472
    },
    {
      "name": "Cash",
      "value": 359.3200000000179,
      "pct": 0.0003580484553595305
    }
  ],
  "signals": [
    {
      "ticker": "BABA",
      "label": "STRONG SELL",
      "composite": -2.0,
      "rsi": 30.2,
      "subs": {
        "rsi": 0.0,
        "macd": -0.5,
        "trend": -0.5,
        "bb": -0.5,
        "vol": 0.0,
        "range": -0.5
      }
    },
    {
      "ticker": "CEG",
      "label": "SELL",
      "composite": -1.5,
      "rsi": 45.1,
      "subs": {
        "rsi": 0.5,
        "macd": -0.5,
        "trend": -0.5,
        "bb": -0.5,
        "vol": 0.0,
        "range": -0.5
      }
    },
    {
      "ticker": "CMI",
      "label": "BUY",
      "composite": 1.5,
      "rsi": 54.7,
      "subs": {
        "rsi": 0.5,
        "macd": -0.5,
        "trend": 0.5,
        "bb": 0.5,
        "vol": 0.0,
        "range": 0.5
      }
    },
    {
      "ticker": "CRWV",
      "label": "LEAN BULL",
      "composite": 0.5,
      "rsi": 50.5,
      "subs": {
        "rsi": 0.5,
        "macd": -0.5,
        "trend": 0.0,
        "bb": 0.5,
        "vol": 0.0,
        "range": 0.0
      }
    },
    {
      "ticker": "GENC",
      "label": "STRONG BUY",
      "composite": 2.0,
      "rsi": 51.5,
      "subs": {
        "rsi": 0.5,
        "macd": 0.5,
        "trend": 0.5,
        "bb": 0.5,
        "vol": 0.0,
        "range": 0.0
      }
    },
    {
      "ticker": "GRPN",
      "label": "SELL",
      "composite": -1.5,
      "rsi": 51.1,
      "subs": {
        "rsi": 0.5,
        "macd": -0.5,
        "trend": 0.0,
        "bb": -0.5,
        "vol": -0.5,
        "range": -0.5
      }
    },
    {
      "ticker": "JAKK",
      "label": "BUY",
      "composite": 1.5,
      "rsi": 53.7,
      "subs": {
        "rsi": 0.5,
        "macd": 0.5,
        "trend": 0.5,
        "bb": 0.5,
        "vol": -0.5,
        "range": 0.0
      }
    },
    {
      "ticker": "KSPI",
      "label": "LEAN BEAR",
      "composite": -0.5,
      "rsi": 46.4,
      "subs": {
        "rsi": 0.5,
        "macd": -0.5,
        "trend": 0.0,
        "bb": -0.5,
        "vol": 0.0,
        "range": 0.0
      }
    },
    {
      "ticker": "OPEN",
      "label": "SELL",
      "composite": -1.0,
      "rsi": 47.3,
      "subs": {
        "rsi": 0.5,
        "macd": -0.5,
        "trend": -0.5,
        "bb": -0.5,
        "vol": 0.0,
        "range": 0.0
      }
    },
    {
      "ticker": "PYPL",
      "label": "LEAN BEAR",
      "composite": -0.5,
      "rsi": 42.8,
      "subs": {
        "rsi": 0.0,
        "macd": 0.5,
        "trend": -0.5,
        "bb": -0.5,
        "vol": 0.0,
        "range": 0.0
      }
    },
    {
      "ticker": "TENB",
      "label": "NEUTRAL",
      "composite": 0.0,
      "rsi": 60.7,
      "subs": {
        "rsi": 0.5,
        "macd": -0.5,
        "trend": 0.0,
        "bb": 0.5,
        "vol": -0.5,
        "range": 0.0
      }
    },
    {
      "ticker": "VIA",
      "label": "BUY",
      "composite": 1.0,
      "rsi": 48.5,
      "subs": {
        "rsi": 0.5,
        "macd": 0.5,
        "trend": -0.5,
        "bb": 0.5,
        "vol": 0.0,
        "range": 0.0
      }
    },
    {
      "ticker": "VST",
      "label": "BUY",
      "composite": 1.0,
      "rsi": 52.3,
      "subs": {
        "rsi": 0.5,
        "macd": 0.5,
        "trend": -0.5,
        "bb": 0.5,
        "vol": 0.0,
        "range": 0.0
      }
    },
    {
      "ticker": "XNET",
      "label": "NEUTRAL",
      "composite": 0.0,
      "rsi": 46.2,
      "subs": {
        "rsi": 0.5,
        "macd": 0.5,
        "trend": -0.5,
        "bb": -0.5,
        "vol": 0.0,
        "range": 0.0
      }
    },
    {
      "ticker": "ZS",
      "label": "STRONG SELL",
      "composite": -2.5,
      "rsi": 43.4,
      "subs": {
        "rsi": 0.0,
        "macd": -0.5,
        "trend": -0.5,
        "bb": -0.5,
        "vol": -0.5,
        "range": -0.5
      }
    },
    {
      "ticker": "ZTS",
      "label": "NEUTRAL",
      "composite": 0.0,
      "rsi": 38.4,
      "subs": {
        "rsi": 0.0,
        "macd": 0.5,
        "trend": -0.5,
        "bb": 0.5,
        "vol": -0.5,
        "range": 0.0
      }
    }
  ],
  "volatility": [
    {
      "ticker": "BABA",
      "hv20": 0.2893870618378011,
      "garch": 0.40043156411254865,
      "expansion": 0.38372310624234823,
      "regime": "LOW",
      "signal": "SIGNAL"
    },
    {
      "ticker": "CEG",
      "hv20": 0.5449672330540145,
      "garch": 0.5510991328126235,
      "expansion": 0.011251868711895905,
      "regime": "HIGH",
      "signal": "WEAK"
    },
    {
      "ticker": "CMI",
      "hv20": 0.4897190757531516,
      "garch": 0.38398697567363815,
      "expansion": -0.2159035767943189,
      "regime": "EXTREME",
      "signal": "WEAK"
    },
    {
      "ticker": "CRWV",
      "hv20": 0.7938791989242132,
      "garch": 0.9552698864840244,
      "expansion": 0.2032937602830657,
      "regime": "LOW",
      "signal": "SIGNAL"
    },
    {
      "ticker": "GENC",
      "hv20": 0.3575318999988742,
      "garch": 0.3864657788254934,
      "expansion": 0.08092670563580563,
      "regime": "NORMAL",
      "signal": "WEAK"
    },
    {
      "ticker": "GRPN",
      "hv20": 0.8281836969911277,
      "garch": 0.7842758934624829,
      "expansion": -0.05301698607225197,
      "regime": "HIGH",
      "signal": "WEAK"
    },
    {
      "ticker": "JAKK",
      "hv20": 0.2228894161974254,
      "garch": 0.4625364982831619,
      "expansion": 1.0751837667943278,
      "regime": "LOW",
      "signal": "SIGNAL"
    },
    {
      "ticker": "KSPI",
      "hv20": 0.3512614979939213,
      "garch": 0.44534532644421676,
      "expansion": 0.2678455480820263,
      "regime": "HIGH",
      "signal": "SIGNAL"
    },
    {
      "ticker": "OPEN",
      "hv20": 0.7283308033679815,
      "garch": 0.7596066965892384,
      "expansion": 0.04294187898772021,
      "regime": "LOW",
      "signal": "WEAK"
    },
    {
      "ticker": "PYPL",
      "hv20": 0.2634030767640972,
      "garch": 0.39684469908476905,
      "expansion": 0.5066061640585227,
      "regime": "LOW",
      "signal": "SIGNAL"
    },
    {
      "ticker": "TENB",
      "hv20": 0.6427298472142224,
      "garch": 0.4469869285701753,
      "expansion": -0.3045492900204553,
      "regime": "HIGH",
      "signal": "WEAK"
    },
    {
      "ticker": "VIA",
      "hv20": 0.6824998198829597,
      "garch": null,
      "expansion": null,
      "regime": "NORMAL",
      "signal": "WEAK"
    },
    {
      "ticker": "VST",
      "hv20": 0.5379957833498766,
      "garch": 0.5734901266647077,
      "expansion": 0.06597513291614011,
      "regime": "HIGH",
      "signal": "WEAK"
    },
    {
      "ticker": "XNET",
      "hv20": 0.6838799765814072,
      "garch": 0.579048948212422,
      "expansion": -0.15328863537285678,
      "regime": "HIGH",
      "signal": "WEAK"
    },
    {
      "ticker": "ZS",
      "hv20": 1.525219166334222,
      "garch": 0.3463571211532484,
      "expansion": -0.7729132122134957,
      "regime": "EXTREME",
      "signal": "WEAK"
    },
    {
      "ticker": "ZTS",
      "hv20": 0.24931738859222188,
      "garch": 0.31265450951274054,
      "expansion": 0.25404213191127023,
      "regime": "NORMAL",
      "signal": "SIGNAL"
    }
  ],
  "correlation": {
    "tickers": [
      "BABA",
      "CEG",
      "CMI",
      "CRWV",
      "GENC",
      "GRPN",
      "JAKK",
      "KSPI",
      "OPEN",
      "PYPL",
      "TENB",
      "VIA",
      "VST",
      "XNET",
      "ZS",
      "ZTS"
    ],
    "matrix": [
      [
        1.0,
        0.185,
        0.337,
        0.352,
        0.133,
        0.191,
        0.114,
        0.199,
        0.19,
        0.244,
        0.062,
        -0.038,
        0.228,
        0.468,
        0.038,
        0.076
      ],
      [
        0.185,
        1.0,
        0.328,
        0.227,
        0.149,
        0.092,
        0.087,
        0.059,
        0.188,
        0.135,
        0.067,
        0.008,
        0.797,
        0.251,
        0.046,
        0.121
      ],
      [
        0.337,
        0.328,
        1.0,
        0.369,
        0.354,
        0.201,
        0.145,
        0.244,
        0.19,
        0.082,
        -0.045,
        0.005,
        0.35,
        0.313,
        -0.047,
        0.198
      ],
      [
        0.352,
        0.227,
        0.369,
        1.0,
        0.117,
        0.169,
        0.057,
        0.135,
        0.241,
        0.138,
        0.125,
        0.225,
        0.314,
        0.369,
        0.187,
        0.08
      ],
      [
        0.133,
        0.149,
        0.354,
        0.117,
        1.0,
        0.161,
        0.316,
        0.148,
        0.128,
        0.098,
        0.16,
        0.066,
        0.171,
        0.166,
        0.052,
        0.154
      ],
      [
        0.191,
        0.092,
        0.201,
        0.169,
        0.161,
        1.0,
        0.151,
        0.337,
        0.304,
        0.269,
        0.252,
        0.177,
        0.132,
        0.228,
        0.15,
        0.165
      ],
      [
        0.114,
        0.087,
        0.145,
        0.057,
        0.316,
        0.151,
        1.0,
        0.103,
        0.137,
        0.212,
        -0.038,
        0.143,
        0.059,
        0.198,
        -0.051,
        0.136
      ],
      [
        0.199,
        0.059,
        0.244,
        0.135,
        0.148,
        0.337,
        0.103,
        1.0,
        0.248,
        0.257,
        0.272,
        0.146,
        0.105,
        0.198,
        0.156,
        0.194
      ],
      [
        0.19,
        0.188,
        0.19,
        0.241,
        0.128,
        0.304,
        0.137,
        0.248,
        1.0,
        0.239,
        0.122,
        0.163,
        0.256,
        0.342,
        0.063,
        0.164
      ],
      [
        0.244,
        0.135,
        0.082,
        0.138,
        0.098,
        0.269,
        0.212,
        0.257,
        0.239,
        1.0,
        0.363,
        0.158,
        0.079,
        0.33,
        0.207,
        0.171
      ],
      [
        0.062,
        0.067,
        -0.045,
        0.125,
        0.16,
        0.252,
        -0.038,
        0.272,
        0.122,
        0.363,
        1.0,
        0.334,
        0.081,
        0.163,
        0.559,
        0.093
      ],
      [
        -0.038,
        0.008,
        0.005,
        0.225,
        0.066,
        0.177,
        0.143,
        0.146,
        0.163,
        0.158,
        0.334,
        1.0,
        0.06,
        0.19,
        0.37,
        0.019
      ],
      [
        0.228,
        0.797,
        0.35,
        0.314,
        0.171,
        0.132,
        0.059,
        0.105,
        0.256,
        0.079,
        0.081,
        0.06,
        1.0,
        0.275,
        0.075,
        0.093
      ],
      [
        0.468,
        0.251,
        0.313,
        0.369,
        0.166,
        0.228,
        0.198,
        0.198,
        0.342,
        0.33,
        0.163,
        0.19,
        0.275,
        1.0,
        0.222,
        0.044
      ],
      [
        0.038,
        0.046,
        -0.047,
        0.187,
        0.052,
        0.15,
        -0.051,
        0.156,
        0.063,
        0.207,
        0.559,
        0.37,
        0.075,
        0.222,
        1.0,
        -0.038
      ],
      [
        0.076,
        0.121,
        0.198,
        0.08,
        0.154,
        0.165,
        0.136,
        0.194,
        0.164,
        0.171,
        0.093,
        0.019,
        0.093,
        0.044,
        -0.038,
        1.0
      ]
    ]
  },
  "residual_correlation": {
    "tickers": [
      "BABA",
      "CEG",
      "CMI",
      "CRWV",
      "GENC",
      "GRPN",
      "JAKK",
      "KSPI",
      "OPEN",
      "PYPL",
      "TENB",
      "VIA",
      "VST",
      "XNET",
      "ZS",
      "ZTS"
    ],
    "matrix": [
      [
        1.0,
        0.018,
        0.111,
        0.192,
        -0.071,
        0.021,
        -0.044,
        0.021,
        0.041,
        0.117,
        -0.053,
        -0.164,
        0.056,
        0.337,
        -0.055,
        -0.017
      ],
      [
        0.018,
        1.0,
        0.035,
        -0.029,
        0.032,
        -0.061,
        -0.013,
        -0.135,
        0.028,
        0.04,
        -0.018,
        -0.09,
        0.727,
        0.079,
        0.018,
        0.079
      ],
      [
        0.111,
        0.035,
        1.0,
        0.081,
        0.074,
        -0.067,
        -0.142,
        -0.027,
        -0.083,
        -0.11,
        -0.269,
        -0.133,
        0.008,
        -0.006,
        -0.133,
        0.074
      ],
      [
        0.192,
        -0.029,
        0.081,
        1.0,
        0.019,
        -0.044,
        -0.033,
        -0.105,
        0.028,
        -0.043,
        -0.001,
        0.114,
        0.052,
        0.109,
        0.132,
        0.041
      ],
      [
        -0.071,
        0.032,
        0.074,
        0.019,
        1.0,
        -0.028,
        0.064,
        -0.079,
        -0.071,
        0.001,
        0.087,
        -0.014,
        0.03,
        -0.038,
        0.004,
        -0.041
      ],
      [
        0.021,
        -0.061,
        -0.067,
        -0.044,
        -0.028,
        1.0,
        0.009,
        0.165,
        0.111,
        0.092,
        0.113,
        0.055,
        -0.039,
        -0.003,
        0.047,
        0.038
      ],
      [
        -0.044,
        -0.013,
        -0.142,
        -0.033,
        0.064,
        0.009,
        1.0,
        -0.094,
        -0.026,
        0.102,
        -0.133,
        0.081,
        -0.052,
        0.029,
        -0.119,
        -0.048
      ],
      [
        0.021,
        -0.135,
        -0.027,
        -0.105,
        -0.079,
        0.165,
        -0.094,
        1.0,
        0.064,
        0.072,
        0.159,
        0.019,
        -0.111,
        -0.028,
        0.06,
        0.06
      ],
      [
        0.041,
        0.028,
        -0.083,
        0.028,
        -0.071,
        0.111,
        -0.026,
        0.064,
        1.0,
        0.063,
        -0.015,
        0.04,
        0.097,
        0.164,
        -0.042,
        0.025
      ],
      [
        0.117,
        0.04,
        -0.11,
        -0.043,
        0.001,
        0.092,
        0.102,
        0.072,
        0.063,
        1.0,
        0.248,
        0.007,
        -0.043,
        0.184,
        0.072,
        0.021
      ],
      [
        -0.053,
        -0.018,
        -0.269,
        -0.001,
        0.087,
        0.113,
        -0.133,
        0.159,
        -0.015,
        0.248,
        1.0,
        0.267,
        -0.021,
        0.03,
        0.52,
        -0.017
      ],
      [
        -0.164,
        -0.09,
        -0.133,
        0.114,
        -0.014,
        0.055,
        0.081,
        0.019,
        0.04,
        0.007,
        0.267,
        1.0,
        -0.041,
        0.062,
        0.308,
        -0.068
      ],
      [
        0.056,
        0.727,
        0.008,
        0.052,
        0.03,
        -0.039,
        -0.052,
        -0.111,
        0.097,
        -0.043,
        -0.021,
        -0.041,
        1.0,
        0.084,
        0.048,
        0.036
      ],
      [
        0.337,
        0.079,
        -0.006,
        0.109,
        -0.038,
        -0.003,
        0.029,
        -0.028,
        0.164,
        0.184,
        0.03,
        0.062,
        0.084,
        1.0,
        0.147,
        -0.096
      ],
      [
        -0.055,
        0.018,
        -0.133,
        0.132,
        0.004,
        0.047,
        -0.119,
        0.06,
        -0.042,
        0.072,
        0.52,
        0.308,
        0.048,
        0.147,
        1.0,
        -0.118
      ],
      [
        -0.017,
        0.079,
        0.074,
        0.041,
        -0.041,
        0.038,
        -0.048,
        0.06,
        0.025,
        0.021,
        -0.017,
        -0.068,
        0.036,
        -0.096,
        -0.118,
        1.0
      ]
    ]
  },
  "factor_correlation": {
    "factors": [
      "Market",
      "Size",
      "Value (SMID)",
      "Momentum",
      "Quality",
      "Profitability",
      "Liquidity",
      "Credit"
    ],
    "matrix": [
      [
        1.0,
        0.353,
        -0.489,
        0.404,
        -0.212,
        -0.532,
        0.325,
        0.168
      ],
      [
        0.353,
        1.0,
        -0.163,
        0.248,
        0.148,
        0.151,
        0.337,
        0.044
      ],
      [
        -0.489,
        -0.163,
        1.0,
        -0.527,
        0.279,
        0.568,
        -0.376,
        -0.127
      ],
      [
        0.404,
        0.248,
        -0.527,
        1.0,
        -0.209,
        -0.509,
        0.283,
        0.022
      ],
      [
        -0.212,
        0.148,
        0.279,
        -0.209,
        1.0,
        0.404,
        -0.216,
        -0.135
      ],
      [
        -0.532,
        0.151,
        0.568,
        -0.509,
        0.404,
        1.0,
        -0.275,
        -0.08
      ],
      [
        0.325,
        0.337,
        -0.376,
        0.283,
        -0.216,
        -0.275,
        1.0,
        0.155
      ],
      [
        0.168,
        0.044,
        -0.127,
        0.022,
        -0.135,
        -0.08,
        0.155,
        1.0
      ]
    ]
  },
  "factor_exposures": [
    {
      "ticker": "BABA",
      "r_squared": 0.15356851159181184,
      "alpha_annual": -0.35525990292972176,
      "idio_vol_annual": 0.39768911642125504,
      "Market": 1.204870278441966,
      "Size": 0.14259833758473217,
      "Value (SMID)": 0.2149513031845846,
      "Momentum": -0.17562038058701124,
      "Quality": -0.24717313524599926,
      "Profitability": -0.22778053906912565,
      "Liquidity": 0.21200891684954518,
      "Credit": 1.047752785245647
    },
    {
      "ticker": "CEG",
      "r_squared": 0.25265069054844347,
      "alpha_annual": -0.4019296610621593,
      "idio_vol_annual": 0.40433975629239355,
      "Market": 0.732684028878247,
      "Size": 0.35159550660844724,
      "Value (SMID)": -0.453948632316351,
      "Momentum": 0.6744401682912244,
      "Quality": -0.708355298616587,
      "Profitability": -0.6300228213506424,
      "Liquidity": -0.423995394997417,
      "Credit": -0.8603774260912722
    },
    {
      "ticker": "CMI",
      "r_squared": 0.5001328618192398,
      "alpha_annual": 0.28565243483407216,
      "idio_vol_annual": 0.23795752942302312,
      "Market": 1.2136457991062346,
      "Size": 0.7929751134368908,
      "Value (SMID)": 0.38323124275083226,
      "Momentum": 0.7713049735713277,
      "Quality": 0.11252358070374534,
      "Profitability": -0.12111156691689096,
      "Liquidity": -0.32582613052118137,
      "Credit": 0.8334135944743867
    },
    {
      "ticker": "CRWV",
      "r_squared": 0.28533470453392673,
      "alpha_annual": -0.8444705311638183,
      "idio_vol_annual": 0.7961005915921764,
      "Market": 0.8193040825956655,
      "Size": 0.6439528305021692,
      "Value (SMID)": -2.143584458328599,
      "Momentum": 1.0609227926334486,
      "Quality": -3.830872562985159,
      "Profitability": -0.08063804005673411,
      "Liquidity": 0.4274613617354277,
      "Credit": 2.0381225527955094
    },
    {
      "ticker": "GENC",
      "r_squared": 0.3334280315029208,
      "alpha_annual": -0.43769577715049957,
      "idio_vol_annual": 0.3266146865818506,
      "Market": 1.3833984676108289,
      "Size": 1.2131893958877649,
      "Value (SMID)": 1.1578864791847252,
      "Momentum": -0.07501788293020155,
      "Quality": -0.6338348969007478,
      "Profitability": 0.10338800091959846,
      "Liquidity": -0.16742846478606954,
      "Credit": 0.5934059740331116
    },
    {
      "ticker": "GRPN",
      "r_squared": 0.1618920715782094,
      "alpha_annual": -1.0444405593416908,
      "idio_vol_annual": 0.6278011221159858,
      "Market": 1.8036202181550478,
      "Size": 0.3572299916281632,
      "Value (SMID)": -0.894067276583289,
      "Momentum": -0.14188944214414548,
      "Quality": -2.032802817053828,
      "Profitability": 1.3764400263363785,
      "Liquidity": 0.1661368863728569,
      "Credit": 1.452341844473382
    },
    {
      "ticker": "JAKK",
      "r_squared": 0.28627142999719846,
      "alpha_annual": -0.3600899558985806,
      "idio_vol_annual": 0.3595853195556284,
      "Market": 1.3599619117132546,
      "Size": 1.0159972781550546,
      "Value (SMID)": 0.8218317103287462,
      "Momentum": -0.41928794382643814,
      "Quality": 1.592847181141412,
      "Profitability": -0.3294206912746182,
      "Liquidity": 0.3916975020594179,
      "Credit": -0.3110884123555322
    },
    {
      "ticker": "KSPI",
      "r_squared": 0.22460833286419535,
      "alpha_annual": -0.2920152090394629,
      "idio_vol_annual": 0.3199984222054006,
      "Market": 1.2760801207344141,
      "Size": 0.38737248795266915,
      "Value (SMID)": -0.3039860023453615,
      "Momentum": -0.5597231617451395,
      "Quality": 0.16660516380425397,
      "Profitability": 0.12565199973995017,
      "Liquidity": 0.029233573569554205,
      "Credit": 0.37593864569960467
    },
    {
      "ticker": "OPEN",
      "r_squared": 0.122023774077618,
      "alpha_annual": 1.4498716902002953,
      "idio_vol_annual": 1.3443640073972158,
      "Market": 2.807033284292497,
      "Size": 1.4373601033198227,
      "Value (SMID)": -1.6484429472994506,
      "Momentum": -1.9041919811624306,
      "Quality": 0.8324490498718881,
      "Profitability": 0.9122925538823898,
      "Liquidity": 1.8263549284117813,
      "Credit": -3.2072211462397977
    },
    {
      "ticker": "PYPL",
      "r_squared": 0.308978473719808,
      "alpha_annual": -0.7604878280760018,
      "idio_vol_annual": 0.3365714881454641,
      "Market": 1.900911354616864,
      "Size": -0.4253220776107224,
      "Value (SMID)": -0.9033041741984604,
      "Momentum": -0.9092983229304126,
      "Quality": 1.6267145373937915,
      "Profitability": 0.7652033476984393,
      "Liquidity": 0.47571184985932424,
      "Credit": -0.0520521898193131
    },
    {
      "ticker": "TENB",
      "r_squared": 0.14566381054524657,
      "alpha_annual": -0.33420524531757206,
      "idio_vol_annual": 0.40876343725019526,
      "Market": 1.509493862451612,
      "Size": -0.133888287057032,
      "Value (SMID)": -0.7575628439632548,
      "Momentum": -0.2809598768275548,
      "Quality": -0.45189761418947694,
      "Profitability": 1.3397549997140348,
      "Liquidity": -0.1888767591909289,
      "Credit": -0.2809681891546087
    },
    {
      "ticker": "VIA",
      "r_squared": 0.11899541779640266,
      "alpha_annual": -1.5844601929221975,
      "idio_vol_annual": 0.6815760594229507,
      "Market": 1.2334959217247916,
      "Size": 0.3275391446151705,
      "Value (SMID)": -1.4197327781511215,
      "Momentum": -1.2041215614132912,
      "Quality": -1.5159478732062839,
      "Profitability": 0.6317411726089734,
      "Liquidity": 0.6044652086642452,
      "Credit": -0.8423937578366993
    },
    {
      "ticker": "VST",
      "r_squared": 0.2899817057688072,
      "alpha_annual": -0.3901468110971284,
      "idio_vol_annual": 0.41178363814657537,
      "Market": 0.6273280462406986,
      "Size": 0.7410599495105359,
      "Value (SMID)": -0.6765503195916787,
      "Momentum": 0.7262163769142899,
      "Quality": -1.8769529752723908,
      "Profitability": -0.47832297233609417,
      "Liquidity": -0.7461322052354517,
      "Credit": -0.8143264941643903
    },
    {
      "ticker": "XNET",
      "r_squared": 0.17874245312443104,
      "alpha_annual": -0.3956124386991638,
      "idio_vol_annual": 0.6816272225361034,
      "Market": 1.8625801988276813,
      "Size": 0.13481332358638504,
      "Value (SMID)": -0.7493223924585639,
      "Momentum": -0.3761035320178743,
      "Quality": 0.5761185924541562,
      "Profitability": 0.5401387818118888,
      "Liquidity": 1.4271269261202093,
      "Credit": 2.0006662775144677
    },
    {
      "ticker": "ZS",
      "r_squared": 0.0914416590605116,
      "alpha_annual": -0.9333716162585873,
      "idio_vol_annual": 0.5972584715035,
      "Market": 1.3925856932942855,
      "Size": -0.43387267116971107,
      "Value (SMID)": -1.0941835669682625,
      "Momentum": -0.9843458227733551,
      "Quality": -0.9984272536333613,
      "Profitability": 0.8851267837596993,
      "Liquidity": 0.18209734428244617,
      "Credit": 0.08666063803945553
    },
    {
      "ticker": "ZTS",
      "r_squared": 0.17348997825762036,
      "alpha_annual": -0.9310118671478054,
      "idio_vol_annual": 0.3433565224402384,
      "Market": 1.3679061880572214,
      "Size": 0.08510404340401666,
      "Value (SMID)": 0.04501432989089196,
      "Momentum": -0.22475614559904994,
      "Quality": 1.2996888104068294,
      "Profitability": 0.8476458114430456,
      "Liquidity": 0.09461670299788681,
      "Credit": -0.7484434139930282
    }
  ],
  "portfolio_factor_exposure": {
    "loadings": {
      "Market": 1.4528666952499165,
      "Size": 0.30950773172670254,
      "Value (SMID)": -0.5935390528193879,
      "Momentum": -0.2827133117785319,
      "Quality": -0.5996570200966084,
      "Profitability": 0.6024881296502634,
      "Liquidity": 0.2042912868691387,
      "Credit": 0.46017660556593
    },
    "alpha_annual": -0.5997592528866934,
    "r_squared_weighted": 0.21176834673366787
  },
  "stress_tests": [
    {
      "scenario": "COVID Crash (Feb-Mar 2020)",
      "market_move": -0.339,
      "portfolio_impact": -0.5141943992229676,
      "stressed_nav": 487530.8519231838,
      "pnl": -516020.4680768161,
      "description": "Rapid 33.9% selloff in SPY over 23 trading days as COVID-19 spread."
    },
    {
      "scenario": "2022 Rate Shock (Jan-Oct)",
      "market_move": -0.252,
      "portfolio_impact": -0.38223300473211747,
      "stressed_nav": 619960.8835535173,
      "pnl": -383590.43644648266,
      "description": "Grinding 9-month decline as the Fed hiked rates aggressively."
    },
    {
      "scenario": "GFC 2008-09",
      "market_move": -0.565,
      "portfolio_impact": -0.8569906653716125,
      "stressed_nav": 143517.20653863996,
      "pnl": -860034.11346136,
      "description": "Credit crisis bear market; SPY drew down 56.5% from Oct 2007 peak."
    },
    {
      "scenario": "Dot-Com Bust (2000-02)",
      "market_move": -0.491,
      "portfolio_impact": -0.7447476401724987,
      "stressed_nav": 256158.84263800387,
      "pnl": -747392.4773619961,
      "description": "Tech bubble burst; SPY -49.1% peak-to-trough over 30 months."
    },
    {
      "scenario": "Black Monday (Oct 1987)",
      "market_move": -0.204,
      "portfolio_impact": -0.30942671811647604,
      "stressed_nav": 693025.7285909426,
      "pnl": -310525.5914090574,
      "description": "Flash crash; -20.4% on a single trading day."
    },
    {
      "scenario": "Aug 2024 Yen Carry Unwind",
      "market_move": -0.084,
      "portfolio_impact": -0.1274110015773725,
      "stressed_nav": 875687.8411845057,
      "pnl": -127863.47881549422,
      "description": "Yen carry unwind shock; SPY -8.4% in one week."
    }
  ],
  "monte_carlo": {
    "horizon_days": 21,
    "n_paths": 10000,
    "current_nav": 1003551.32,
    "terminal_return": {
      "p5": -0.15159001890759916,
      "p25": -0.07830541799537419,
      "p50": -0.02457375999399214,
      "p75": 0.02974007599367251,
      "p95": 0.11188798337519203,
      "prob_negative": 0.622
    },
    "terminal_nav": {
      "p5": 851422.9564264539,
      "p50": 978890.290720666,
      "p95": 1115836.653408312
    },
    "max_drawdown": {
      "p5": -0.1676526666031803,
      "p50": -0.07939873244095973,
      "p95": -0.029595149335309594
    },
    "method": "Bootstrap of synthetic portfolio daily returns (current weights \u00d7 each holding's 252-day history). 10,000 paths, 21-trading-day horizon (~1 month)."
  },
  "factor_stress": [
    {
      "scenario": "Tech Selloff -15%",
