{
  "generated_at": "2026-06-14T20:24:39.250268Z",
  "market_session": "CLOSED",
  "fund_name": "Convex Capital",
  "tagline": "Lose small. Win big. \u2014 Paper-traded portfolio. Hypothetical performance for educational purposes only.",
  "summary": {
    "nav": 980178.81,
    "cash": 49780.460000000036,
    "equity": 930398.35,
    "deposits": 1000000.0,
    "total_return": -0.019821189999999933,
    "realized_pnl": 0.0,
    "open_positions": 17
  },
  "metrics": {
    "annualized_return": -0.2795394084092313,
    "annualized_vol": 0.2902831066448211,
    "sharpe": -0.9629888960478318,
    "sortino": -1.2991849808232745,
    "max_drawdown": -0.42603603944709106,
    "var_95_1d": -0.03715128898129889,
    "method": "Synthetic: current weights \u00d7 each holding's 252-day return history.",
    "beta_spy": 1.5428675646966186,
    "data_basis": "synthetic_252d",
    "days_of_live_nav": 10
  },
  "nav_curve": [
    {
      "date": "2026-06-01",
      "value": 999535.5471929932
    },
    {
      "date": "2026-06-02",
      "value": 1003702.1579735947
    },
    {
      "date": "2026-06-03",
      "value": 988372.6498535539
    },
    {
      "date": "2026-06-04",
      "value": 1000577.036630478
    },
    {
      "date": "2026-06-05",
      "value": 963339.0065281678
    },
    {
      "date": "2026-06-08",
      "value": 961906.7551830101
    },
    {
      "date": "2026-06-09",
      "value": 964461.0368127442
    },
    {
      "date": "2026-06-10",
      "value": 952382.1822161294
    },
    {
      "date": "2026-06-11",
      "value": 975672.4306797601
    },
    {
      "date": "2026-06-12",
      "value": 980178.8129334069
    }
  ],
  "drawdown_curve": [
    {
      "date": "2026-06-01",
      "value": 0.0
    },
    {
      "date": "2026-06-02",
      "value": 0.0
    },
    {
      "date": "2026-06-03",
      "value": -0.01527296519018161
    },
    {
      "date": "2026-06-04",
      "value": -0.0031135943250596826
    },
    {
      "date": "2026-06-05",
      "value": -0.04021427185821478
    },
    {
      "date": "2026-06-08",
      "value": -0.041641240340627175
    },
    {
      "date": "2026-06-09",
      "value": -0.03909638018520915
    },
    {
      "date": "2026-06-10",
      "value": -0.051130681895789516
    },
    {
      "date": "2026-06-11",
      "value": -0.027926339573110765
    },
    {
      "date": "2026-06-12",
      "value": -0.02343657912191783
    }
  ],
  "benchmarks": {
    "SPY": [
      {
        "date": "2026-06-01",
        "value": 0.0
      },
      {
        "date": "2026-06-02",
        "value": 0.0013579103629497435
      },
      {
        "date": "2026-06-03",
        "value": -0.005668768842152949
      },
      {
        "date": "2026-06-04",
        "value": -0.0019115026417536596
      },
      {
        "date": "2026-06-05",
        "value": -0.027671567540792585
      },
      {
        "date": "2026-06-08",
        "value": -0.02546999220062507
      },
      {
        "date": "2026-06-09",
        "value": -0.028330728579740505
      },
      {
        "date": "2026-06-10",
        "value": -0.04364962468776956
      },
      {
        "date": "2026-06-11",
        "value": -0.02739469093739666
      },
      {
        "date": "2026-06-12",
        "value": -0.022134598720831677
      }
    ],
    "IWM": [
      {
        "date": "2026-06-01",
        "value": 0.0
      },
      {
        "date": "2026-06-02",
        "value": 0.009273972502921835
      },
      {
        "date": "2026-06-03",
        "value": -0.004533177066893157
      },
      {
        "date": "2026-06-04",
        "value": 0.010485150059186044
      },
      {
        "date": "2026-06-05",
        "value": -0.02536513534214846
      },
      {
        "date": "2026-06-08",
        "value": -0.01685246539421037
      },
      {
        "date": "2026-06-09",
        "value": -0.01370344598970763
      },
      {
        "date": "2026-06-10",
        "value": -0.023980977679758042
      },
      {
        "date": "2026-06-11",
        "value": 0.004948413805164309
      },
      {
        "date": "2026-06-12",
        "value": 0.013737978648256544
      }
    ]
  },
  "holdings": [
    {
      "ticker": "GRPN",
      "company": "Groupon, Inc.",
      "sector": "Communication Services",
      "country": "United States",
      "shares": 11310.0,
      "price": 17.01,
      "cost_basis": 17.682836427939876,
      "market_value": 192383.1,
      "unrealized_pnl": -7609.779999999974,
      "short_percent_of_float": 0.56310004,
      "short_ratio": 5.75
    },
    {
      "ticker": "KSPI",
      "company": "Joint Stock Company Kaspi.kz",
      "sector": "Technology",
      "country": "Kazakhstan",
      "shares": 1515.0,
      "price": 80.56,
      "cost_basis": 82.53049504950495,
      "market_value": 122048.40000000001,
      "unrealized_pnl": -2985.299999999995,
      "short_percent_of_float": 0.0159,
      "short_ratio": 3.24
    },
    {
      "ticker": "TENB",
      "company": "Tenable Holdings, Inc.",
      "sector": "Technology",
      "country": "United States",
      "shares": 2916.0,
      "price": 26.8,
      "cost_basis": 25.719999999999995,
      "market_value": 78148.8,
      "unrealized_pnl": 3149.2800000000157,
      "short_percent_of_float": 0.129,
      "short_ratio": 3.05
    },
    {
      "ticker": "JAKK",
      "company": "JAKKS Pacific, Inc.",
      "sector": "Consumer Cyclical",
      "country": "United States",
      "shares": 3436.0,
      "price": 22.5,
      "cost_basis": 21.83,
      "market_value": 77310.0,
      "unrealized_pnl": 2302.120000000006,
      "short_percent_of_float": 0.039100002,
      "short_ratio": 7.32
    },
    {
      "ticker": "VIA",
      "company": "Via Transportation, Inc.",
      "sector": "Technology",
      "country": "United States",
      "shares": 4921.0,
      "price": 15.1,
      "cost_basis": 15.241408250355619,
      "market_value": 74307.09999999999,
      "unrealized_pnl": -695.8700000000016,
      "short_percent_of_float": 0.13520001,
      "short_ratio": 6.88
    },
    {
      "ticker": "ZS",
      "company": "Zscaler, Inc.",
      "sector": "Technology",
      "country": "United States",
      "shares": 549.0,
      "price": 129.52,
      "cost_basis": 136.8013843351548,
      "market_value": 71106.48000000001,
      "unrealized_pnl": -3997.4799999999836,
      "short_percent_of_float": 0.114700004,
      "short_ratio": 2.09
    },
    {
      "ticker": "XNET",
      "company": "Xunlei Limited",
      "sector": "Technology",
      "country": "China",
      "shares": 10526.0,
      "price": 5.23,
      "cost_basis": 4.75,
      "market_value": 55050.98,
      "unrealized_pnl": 5052.480000000004,
      "short_percent_of_float": 0.0377,
      "short_ratio": 6.03
    },
    {
      "ticker": "CMI",
      "company": "Cummins Inc.",
      "sector": "Industrials",
      "country": "United States",
      "shares": 78.0,
      "price": 659.58,
      "cost_basis": 643.5,
      "market_value": 51447.240000000005,
      "unrealized_pnl": 1254.2400000000032,
      "short_percent_of_float": 0.0171,
      "short_ratio": 2.07
    },
    {
      "ticker": "CRWV",
      "company": "CoreWeave, Inc.",
      "sector": "Technology",
      "country": "United States",
      "shares": 468.0,
      "price": 100.55,
      "cost_basis": 106.78134615384614,
      "market_value": 47057.4,
      "unrealized_pnl": -2916.269999999997,
      "short_percent_of_float": 0.18190001,
      "short_ratio": 1.91
    },
    {
      "ticker": "PYPL",
      "company": "PayPal Holdings, Inc.",
      "sector": "Financial Services",
      "country": "United States",
      "shares": 830.0,
      "price": 41.53,
      "cost_basis": 45.19,
      "market_value": 34469.9,
      "unrealized_pnl": -3037.799999999997,
      "short_percent_of_float": 0.0626,
      "short_ratio": 3.16
    },
    {
      "ticker": "BABA",
      "company": "Alibaba Group Holding Limited",
      "sector": "Consumer Cyclical",
      "country": "China",
      "shares": 299.0,
      "price": 112.82,
      "cost_basis": 125.39999999999999,
      "market_value": 33733.18,
      "unrealized_pnl": -3761.4199999999996,
      "short_percent_of_float": 0.0165,
      "short_ratio": 3.21
    },
    {
      "ticker": "ZTS",
      "company": "Zoetis Inc.",
      "sector": "Healthcare",
      "country": "United States",
      "shares": 312.0,
      "price": 79.57,
      "cost_basis": 80.09,
      "market_value": 24825.839999999997,
      "unrealized_pnl": -162.2400000000032,
      "short_percent_of_float": 0.0363,
      "short_ratio": 1.45
    },
    {
      "ticker": "AVAV",
      "company": "AeroVironment, Inc.",
      "sector": "Industrials",
      "country": "United States",
      "shares": 122.0,
      "price": 170.58,
      "cost_basis": 204.09,
      "market_value": 20810.760000000002,
      "unrealized_pnl": -4088.219999999999,
      "short_percent_of_float": 0.120699994,
      "short_ratio": 3.48
    },
    {
      "ticker": "GENC",
      "company": "Gencor Industries, Inc.",
      "sector": "Industrials",
      "country": "United States",
      "shares": 873.0,
      "price": 14.95,
      "cost_basis": 14.32,
      "market_value": 13051.349999999999,
      "unrealized_pnl": 549.9899999999991,
      "short_percent_of_float": 0.0064,
      "short_ratio": 2.39
    },
    {
      "ticker": "VST",
      "company": "Vistra Corp.",
      "sector": "Utilities",
      "country": "United States",
      "shares": 81.0,
      "price": 148.02,
      "cost_basis": 154.76,
      "market_value": 11989.62,
      "unrealized_pnl": -545.9399999999985,
      "short_percent_of_float": 0.0539,
      "short_ratio": 2.73
    },
    {
      "ticker": "CEG",
      "company": "Constellation Energy Corporation",
      "sector": "Utilities",
      "country": "United States",
      "shares": 47.0,
      "price": 253.76,
      "cost_basis": 265.7,
      "market_value": 11926.72,
      "unrealized_pnl": -561.1799999999998,
      "short_percent_of_float": 0.036,
      "short_ratio": 3.46
    },
    {
      "ticker": "OPEN",
      "company": "Opendoor Technologies Inc.",
      "sector": "Real Estate",
      "country": "United States",
      "shares": 2417.0,
      "price": 4.44,
      "cost_basis": 5.171402565163425,
      "market_value": 10731.480000000001,
      "unrealized_pnl": -1767.7999999999972,
      "short_percent_of_float": 0.16149999,
      "short_ratio": 3.77
    }
  ],
  "sector_exposure": [
    {
      "name": "Technology",
      "value": 447719.16,
      "pct": 0.45677294329592777
    },
    {
      "name": "Communication Services",
      "value": 192383.1,
      "pct": 0.1962734738164764
    },
    {
      "name": "Consumer Cyclical",
      "value": 111043.18,
      "pct": 0.11328869678380415
    },
    {
      "name": "Industrials",
      "value": 85309.35,
      "pct": 0.08703447690324993
    },
    {
      "name": "Cash",
      "value": 49780.460000000036,
      "pct": 0.05078712117843073
    },
    {
      "name": "Financial Services",
      "value": 34469.9,
      "pct": 0.035166950813801
    },
    {
      "name": "Healthcare",
      "value": 24825.839999999997,
      "pct": 0.02532786849370881
    },
    {
      "name": "Utilities",
      "value": 23916.34,
      "pct": 0.02439997657162166
    },
    {
      "name": "Real Estate",
      "value": 10731.480000000001,
      "pct": 0.010948492142979504
    }
  ],
  "geographic_exposure": [
    {
      "name": "United States",
      "value": 719565.79,
      "pct": 0.7341168597594964
    },
    {
      "name": "Kazakhstan",
      "value": 122048.40000000001,
      "pct": 0.12451646450100264
    },
    {
      "name": "China",
      "value": 88784.16,
      "pct": 0.09057955456107034
    },
    {
      "name": "Cash",
      "value": 49780.460000000036,
      "pct": 0.05078712117843073
    }
  ],
  "signals": [
    {
      "ticker": "AVAV",
      "label": "STRONG SELL",
      "composite": -2.0,
      "rsi": 43.7,
      "subs": {
        "rsi": 0.0,
        "macd": -0.5,
        "trend": -0.5,
        "bb": -0.5,
        "vol": 0.0,
        "range": -0.5
      }
    },
    {
      "ticker": "BABA",
      "label": "STRONG SELL",
      "composite": -2.0,
      "rsi": 30.5,
      "subs": {
        "rsi": 0.0,
        "macd": -0.5,
        "trend": -0.5,
        "bb": -0.5,
        "vol": 0.0,
        "range": -0.5
      }
    },
    {
      "ticker": "CEG",
      "label": "STRONG SELL",
      "composite": -2.0,
      "rsi": 39.9,
      "subs": {
        "rsi": 0.0,
        "macd": -0.5,
        "trend": -0.5,
        "bb": -0.5,
        "vol": 0.0,
        "range": -0.5
      }
    },
    {
      "ticker": "CMI",
      "label": "NEUTRAL",
      "composite": 0.0,
      "rsi": 50.1,
      "subs": {
        "rsi": 0.5,
        "macd": -0.5,
        "trend": 0.5,
        "bb": -0.5,
        "vol": 0.0,
        "range": 0.0
      }
    },
    {
      "ticker": "CRWV",
      "label": "SELL",
      "composite": -1.0,
      "rsi": 45.2,
      "subs": {
        "rsi": 0.5,
        "macd": -0.5,
        "trend": 0.0,
        "bb": -0.5,
        "vol": 0.0,
        "range": -0.5
      }
    },
    {
      "ticker": "GENC",
      "label": "STRONG BUY",
      "composite": 2.0,
      "rsi": 53.6,
      "subs": {
        "rsi": 0.5,
        "macd": 0.5,
        "trend": 0.5,
        "bb": 0.5,
        "vol": 0.0,
        "range": 0.0
      }
    },
    {
      "ticker": "GRPN",
      "label": "SELL",
      "composite": -1.5,
      "rsi": 48.9,
      "subs": {
        "rsi": 0.5,
        "macd": -0.5,
        "trend": 0.0,
        "bb": -0.5,
        "vol": -0.5,
        "range": -0.5
      }
    },
    {
      "ticker": "JAKK",
      "label": "STRONG BUY",
      "composite": 2.0,
      "rsi": 58.6,
      "subs": {
        "rsi": 0.5,
        "macd": 0.5,
        "trend": 0.5,
        "bb": 0.5,
        "vol": -0.5,
        "range": 0.5
      }
    },
    {
      "ticker": "KSPI",
      "label": "SELL",
      "composite": -1.5,
      "rsi": 39.6,
      "subs": {
        "rsi": 0.0,
        "macd": -0.5,
        "trend": 0.0,
        "bb": -0.5,
        "vol": 0.0,
        "range": -0.5
      }
    },
    {
      "ticker": "OPEN",
      "label": "STRONG SELL",
      "composite": -2.0,
      "rsi": 42.9,
      "subs": {
        "rsi": 0.0,
        "macd": -0.5,
        "trend": -0.5,
        "bb": -0.5,
        "vol": 0.0,
        "range": -0.5
      }
    },
    {
      "ticker": "PYPL",
      "label": "STRONG SELL",
      "composite": -2.0,
      "rsi": 35.3,
      "subs": {
        "rsi": 0.0,
        "macd": -0.5,
        "trend": -0.5,
        "bb": -0.5,
        "vol": 0.0,
        "range": -0.5
      }
    },
    {
      "ticker": "TENB",
      "label": "NEUTRAL",
      "composite": 0.0,
      "rsi": 56.8,
      "subs": {
        "rsi": 0.5,
        "macd": -0.5,
        "trend": 0.0,
        "bb": 0.5,
        "vol": -0.5,
        "range": 0.0
      }
    },
    {
      "ticker": "VIA",
      "label": "BUY",
      "composite": 1.0,
      "rsi": 49.4,
      "subs": {
        "rsi": 0.5,
        "macd": 0.5,
        "trend": -0.5,
        "bb": 0.5,
        "vol": 0.0,
        "range": 0.0
      }
    },
    {
      "ticker": "VST",
      "label": "SELL",
      "composite": -1.0,
      "rsi": 47.1,
      "subs": {
        "rsi": 0.5,
        "macd": -0.5,
        "trend": -0.5,
        "bb": -0.5,
        "vol": 0.0,
        "range": 0.0
      }
    },
    {
      "ticker": "XNET",
      "label": "SELL",
      "composite": -1.0,
      "rsi": 44.1,
      "subs": {
        "rsi": 0.0,
        "macd": -0.5,
        "trend": -0.5,
        "bb": -0.5,
        "vol": 0.5,
        "range": 0.0
      }
    },
    {
      "ticker": "ZS",
      "label": "STRONG SELL",
      "composite": -2.5,
      "rsi": 42.8,
      "subs": {
        "rsi": 0.0,
        "macd": -0.5,
        "trend": -0.5,
        "bb": -0.5,
        "vol": -0.5,
        "range": -0.5
      }
    },
    {
      "ticker": "ZTS",
      "label": "BUY",
      "composite": 1.0,
      "rsi": 37.3,
      "subs": {
        "rsi": 0.0,
        "macd": 0.5,
        "trend": -0.5,
        "bb": 0.5,
        "vol": 0.0,
        "range": 0.5
      }
    }
  ],
  "volatility": [
    {
      "ticker": "AVAV",
      "hv20": 0.9505955326025821,
      "garch": 0.7616927181539807,
      "expansion": -0.19872049464761848,
      "regime": "HIGH",
      "signal": "WEAK"
    },
    {
      "ticker": "BABA",
      "hv20": 0.3491839099629962,
      "garch": 0.41641979497747644,
      "expansion": 0.19255149821080067,
      "regime": "NORMAL",
      "signal": "BASE"
    },
    {
      "ticker": "CEG",
      "hv20": 0.5419556392692689,
      "garch": 0.5583095234218727,
      "expansion": 0.03017568776413889,
      "regime": "HIGH",
      "signal": "WEAK"
    },
    {
      "ticker": "CMI",
      "hv20": 0.48423737694546937,
      "garch": 0.38789792342390206,
      "expansion": -0.1989508825800868,
      "regime": "EXTREME",
      "signal": "WEAK"
    },
    {
      "ticker": "CRWV",
      "hv20": 0.7901503951784549,
      "garch": 0.9433977671259189,
      "expansion": 0.193947092708665,
      "regime": "LOW",
      "signal": "BASE"
    },
    {
      "ticker": "GENC",
      "hv20": 0.3672569303727272,
      "garch": 0.39463404886511,
      "expansion": 0.07454486553758939,
      "regime": "NORMAL",
      "signal": "WEAK"
    },
    {
      "ticker": "GRPN",
      "hv20": 0.8253308719873076,
      "garch": 0.785409079493862,
      "expansion": -0.048370652120789163,
      "regime": "HIGH",
      "signal": "WEAK"
    },
    {
      "ticker": "JAKK",
      "hv20": 0.21985450697950096,
      "garch": 0.4610759979556317,
      "expansion": 1.0971869273465567,
      "regime": "LOW",
      "signal": "SIGNAL"
    },
    {
      "ticker": "KSPI",
      "hv20": 0.3275239127751839,
      "garch": 0.3885035811646506,
      "expansion": 0.18618386631001155,
      "regime": "HIGH",
      "signal": "BASE"
    },
    {
      "ticker": "OPEN",
      "hv20": 0.7265888405212931,
      "garch": 0.7997975671082151,
      "expansion": 0.10075674508625568,
      "regime": "LOW",
      "signal": "BASE"
    },
    {
      "ticker": "PYPL",
      "hv20": 0.2493013873675657,
      "garch": 0.3958530937689301,
      "expansion": 0.5878495420696999,
      "regime": "LOW",
      "signal": "SIGNAL"
    },
    {
      "ticker": "TENB",
      "hv20": 0.6891023773487023,
      "garch": 0.4764672676701962,
      "expansion": -0.3085682427865252,
      "regime": "EXTREME",
      "signal": "WEAK"
    },
    {
      "ticker": "VIA",
      "hv20": 0.6870935460857867,
      "garch": null,
      "expansion": null,
      "regime": "NORMAL",
      "signal": "WEAK"
    },
    {
      "ticker": "VST",
      "hv20": 0.5373412322281244,
      "garch": 0.5791063881764086,
      "expansion": 0.07772557444568692,
      "regime": "HIGH",
      "signal": "WEAK"
    },
    {
      "ticker": "XNET",
      "hv20": 0.7047229821937546,
      "garch": 0.6648570345871493,
      "expansion": -0.056569671507668666,
      "regime": "HIGH",
      "signal": "WEAK"
    },
    {
      "ticker": "ZS",
      "hv20": 1.5746338022130175,
      "garch": 0.4712751813665218,
      "expansion": -0.7007080752971366,
      "regime": "EXTREME",
      "signal": "WEAK"
    },
    {
      "ticker": "ZTS",
      "hv20": 0.3040757426982245,
      "garch": 0.32595840550738253,
      "expansion": 0.07196451323272814,
      "regime": "HIGH",
      "signal": "WEAK"
    }
  ],
  "correlation": {
    "tickers": [
      "AVAV",
      "BABA",
      "CEG",
      "CMI",
      "CRWV",
      "GENC",
      "GRPN",
      "JAKK",
      "KSPI",
      "OPEN",
      "PYPL",
      "TENB",
      "VIA",
      "VST",
      "XNET",
      "ZS",
      "ZTS"
    ],
    "matrix": [
      [
        1.0,
        0.128,
        0.257,
        0.254,
        0.299,
        0.094,
        0.233,
        0.082,
        0.118,
        0.33,
        0.198,
        0.193,
        0.029,
        0.305,
        0.328,
        0.17,
        0.067
      ],
      [
        0.128,
        1.0,
        0.186,
        0.339,
        0.354,
        0.133,
        0.191,
        0.114,
        0.201,
        0.19,
        0.245,
        0.062,
        -0.038,
        0.229,
        0.468,
        0.038,
        0.076
      ],
      [
        0.257,
        0.186,
        1.0,
        0.323,
        0.222,
        0.152,
        0.089,
        0.091,
        0.051,
        0.185,
        0.13,
        0.061,
        0.008,
        0.795,
        0.249,
        0.045,
        0.12
      ],
      [
        0.254,
        0.339,
        0.323,
        1.0,
        0.365,
        0.358,
        0.198,
        0.149,
        0.237,
        0.186,
        0.077,
        -0.053,
        0.005,
        0.345,
        0.311,
        -0.049,
        0.196
      ],
      [
        0.299,
        0.354,
        0.222,
        0.365,
        1.0,
        0.12,
        0.166,
        0.06,
        0.128,
        0.238,
        0.134,
        0.119,
        0.226,
        0.31,
        0.368,
        0.186,
        0.078
      ],
      [
        0.094,
        0.133,
        0.152,
        0.358,
        0.12,
        1.0,
        0.162,
        0.315,
        0.152,
        0.13,
        0.1,
        0.163,
        0.066,
        0.174,
        0.168,
        0.052,
        0.155
      ],
      [
        0.233,
        0.191,
        0.089,
        0.198,
        0.166,
        0.162,
        1.0,
        0.153,
        0.334,
        0.302,
        0.267,
        0.249,
        0.178,
        0.129,
        0.227,
        0.149,
        0.164
      ],
      [
        0.082,
        0.114,
        0.091,
        0.149,
        0.06,
        0.315,
        0.153,
        1.0,
        0.108,
        0.139,
        0.216,
        -0.035,
        0.143,
        0.063,
        0.2,
        -0.05,
        0.137
      ],
      [
        0.118,
        0.201,
        0.051,
        0.237,
        0.128,
        0.152,
        0.334,
        0.108,
        1.0,
        0.244,
        0.252,
        0.265,
        0.147,
        0.096,
        0.196,
        0.155,
        0.193
      ],
      [
        0.33,
        0.19,
        0.185,
        0.186,
        0.238,
        0.13,
        0.302,
        0.139,
        0.244,
        1.0,
        0.237,
        0.119,
        0.163,
        0.253,
        0.341,
        0.062,
        0.163
      ],
      [
        0.198,
        0.245,
        0.13,
        0.077,
        0.134,
        0.1,
        0.267,
        0.216,
        0.252,
        0.237,
        1.0,
        0.36,
        0.159,
        0.073,
        0.329,
        0.207,
        0.17
      ],
      [
        0.193,
        0.062,
        0.061,
        -0.053,
        0.119,
        0.163,
        0.249,
        -0.035,
        0.265,
        0.119,
        0.36,
        1.0,
        0.335,
        0.074,
        0.161,
        0.56,
        0.092
      ],
      [
        0.029,
        -0.038,
        0.008,
        0.005,
        0.226,
        0.066,
        0.178,
        0.143,
        0.147,
        0.163,
        0.159,
        0.335,
        1.0,
        0.06,
        0.191,
        0.37,
        0.019
      ],
      [
        0.305,
        0.229,
        0.795,
        0.345,
        0.31,
        0.174,
        0.129,
        0.063,
        0.096,
        0.253,
        0.073,
        0.074,
        0.06,
        1.0,
        0.273,
        0.074,
        0.091
      ],
      [
        0.328,
        0.468,
        0.249,
        0.311,
        0.368,
        0.168,
        0.227,
        0.2,
        0.196,
        0.341,
        0.329,
        0.161,
        0.191,
        0.273,
        1.0,
        0.221,
        0.043
      ],
      [
        0.17,
        0.038,
        0.045,
        -0.049,
        0.186,
        0.052,
        0.149,
        -0.05,
        0.155,
        0.062,
        0.207,
        0.56,
        0.37,
        0.074,
        0.221,
        1.0,
        -0.039
      ],
      [
        0.067,
        0.076,
        0.12,
        0.196,
        0.078,
        0.155,
        0.164,
        0.137,
        0.193,
        0.163,
        0.17,
        0.092,
        0.019,
        0.091,
        0.043,
        -0.039,
        1.0
      ]
    ]
  },
  "residual_correlation": {
    "tickers": [
      "AVAV",
      "BABA",
      "CEG",
      "CMI",
      "CRWV",
      "GENC",
      "GRPN",
      "JAKK",
      "KSPI",
      "OPEN",
      "PYPL",
      "TENB",
      "VIA",
      "VST",
      "XNET",
      "ZS",
      "ZTS"
    ],
    "matrix": [
      [
        1.0,
        -0.016,
        0.103,
        0.064,
        0.104,
        -0.031,
        0.08,
        -0.057,
        -0.094,
        0.148,
        0.003,
        0.081,
        -0.144,
        0.143,
        0.155,
        0.097,
        -0.054
      ],
      [
        -0.016,
        1.0,
        0.018,
        0.111,
        0.192,
        -0.071,
        0.021,
        -0.044,
        0.021,
        0.041,
        0.117,
        -0.053,
        -0.164,
        0.056,
        0.337,
        -0.055,
        -0.017
      ],
      [
        0.103,
        0.018,
        1.0,
        0.035,
        -0.029,
        0.032,
        -0.061,
        -0.013,
        -0.135,
        0.028,
        0.04,
        -0.018,
        -0.09,
        0.727,
        0.079,
        0.018,
        0.079
      ],
      [
        0.064,
        0.111,
        0.035,
        1.0,
        0.081,
        0.074,
        -0.067,
        -0.142,
        -0.027,
        -0.083,
        -0.11,
        -0.269,
        -0.133,
        0.008,
        -0.006,
        -0.133,
        0.074
      ],
      [
        0.104,
        0.192,
        -0.029,
        0.081,
        1.0,
        0.019,
        -0.044,
        -0.033,
        -0.105,
        0.028,
        -0.043,
        -0.001,
        0.114,
        0.052,
        0.109,
        0.132,
        0.041
      ],
      [
        -0.031,
        -0.071,
        0.032,
        0.074,
        0.019,
        1.0,
        -0.028,
        0.064,
        -0.079,
        -0.071,
        0.001,
        0.087,
        -0.014,
        0.03,
        -0.038,
        0.004,
        -0.041
      ],
      [
        0.08,
        0.021,
        -0.061,
        -0.067,
        -0.044,
        -0.028,
        1.0,
        0.009,
        0.165,
        0.111,
        0.092,
        0.113,
        0.055,
        -0.039,
        -0.003,
        0.047,
        0.038
      ],
      [
        -0.057,
        -0.044,
        -0.013,
        -0.142,
        -0.033,
        0.064,
        0.009,
        1.0,
        -0.094,
        -0.026,
        0.102,
        -0.133,
        0.081,
        -0.052,
        0.029,
        -0.119,
        -0.048
      ],
      [
        -0.094,
        0.021,
        -0.135,
        -0.027,
        -0.105,
        -0.079,
        0.165,
        -0.094,
        1.0,
        0.064,
        0.072,
        0.159,
        0.019,
        -0.111,
        -0.028,
        0.06,
        0.06
      ],
      [
        0.148,
        0.041,
        0.028,
        -0.083,
        0.028,
        -0.071,
        0.111,
        -0.026,
        0.064,
        1.0,
        0.063,
        -0.015,
        0.04,
        0.097,
        0.164,
        -0.042,
        0.025
      ],
      [
        0.003,
        0.117,
        0.04,
        -0.11,
        -0.043,
        0.001,
        0.092,
        0.102,
        0.072,
        0.063,
        1.0,
        0.248,
        0.007,
        -0.043,
        0.184,
        0.072,
        0.021
      ],
      [
        0.081,
        -0.053,
        -0.018,
        -0.269,
        -0.001,
        0.087,
        0.113,
        -0.133,
        0.159,
        -0.015,
        0.248,
        1.0,
        0.267,
        -0.021,
        0.03,
        0.52,
        -0.017
      ],
      [
        -0.144,
        -0.164,
        -0.09,
        -0.133,
        0.114,
        -0.014,
        0.055,
        0.081,
        0.019,
        0.04,
        0.007,
        0.267,
        1.0,
        -0.041,
        0.062,
        0.308,
        -0.068
      ],
      [
        0.143,
        0.056,
        0.727,
        0.008,
        0.052,
        0.03,
        -0.039,
        -0.052,
        -0.111,
        0.097,
        -0.043,
        -0.021,
        -0.041,
        1.0,
        0.084,
        0.048,
        0.036
      ],
      [
        0.155,
        0.337,
        0.079,
        -0.006,
        0.109,
        -0.038,
        -0.003,
        0.029,
        -0.028,
        0.164,
        0.184,
        0.03,
        0.062,
        0.084,
        1.0,
        0.147,
        -0.096
      ],
      [
        0.097,
        -0.055,
        0.018,
        -0.133,
        0.132,
        0.004,
        0.047,
        -0.119,
        0.06,
        -0.042,
        0.072,
        0.52,
        0.308,
        0.048,
        0.147,
        1.0,
        -0.118
      ],
      [
        -0.054,
        -0.017,
        0.079,
        0.074,
        0.041,
        -0.041,
        0.038,
        -0.048,
        0.06,
        0.025,
        0.021,
        -0.017,
        -0.068,
        0.036,
        -0.096,
        -0.118,
        1.0
      ]
    ]
  },
  "factor_correlation": {
    "factors": [
      "Market",
      "Size",
      "Value (SMID)",
      "Momentum",
      "Quality",
      "Profitability",
      "Liquidity",
      "Credit"
    ],
    "matrix": [
      [
        1.0,
        0.353,
        -0.489,
        0.404,
        -0.212,
        -0.532,
        0.325,
        0.168
      ],
      [
        0.353,
        1.0,
        -0.163,
        0.248,
        0.148,
        0.151,
        0.337,
        0.044
      ],
      [
        -0.489,
        -0.163,
        1.0,
        -0.527,
        0.279,
        0.568,
        -0.376,
        -0.127
      ],
      [
        0.404,
        0.248,
        -0.527,
        1.0,
        -0.209,
        -0.509,
        0.283,
        0.022
      ],
      [
        -0.212,
        0.148,
        0.279,
        -0.209,
        1.0,
        0.404,
        -0.216,
        -0.135
      ],
      [
        -0.532,
        0.151,
        0.568,
        -0.509,
        0.404,
        1.0,
        -0.275,
        -0.08
      ],
      [
        0.325,
        0.337,
        -0.376,
        0.283,
        -0.216,
        -0.275,
        1.0,
        0.155
      ],
      [
        0.168,
        0.044,
        -0.127,
        0.022,
        -0.135,
        -0.08,
        0.155,
        1.0
      ]
    ]
  },
  "factor_exposures": [
    {
      "ticker": "AVAV",
      "r_squared": 0.18253490214212864,
      "alpha_annual": -0.2598184466030353,
      "idio_vol_annual": 0.6668979898550365,
      "Market": 0.9877410986966648,
      "Size": 0.776329560012404,
      "Value (SMID)": -2.204780975171935,
      "Momentum": -0.623011173552994,
      "Quality": -1.1770708383402768,
      "Profitability": -0.021022315862832736,
      "Liquidity": 0.1028643201377559,
      "Credit": -1.6945583373528639
    },
    {
      "ticker": "BABA",
      "r_squared": 0.15357029117255938,
      "alpha_annual": -0.35525929605533846,
      "idio_vol_annual": 0.39768870035482223,
      "Market": 1.204865929023536,
      "Size": 0.14260709401353477,
      "Value (SMID)": 0.21494434580757424,
      "Momentum": -0.17562534094626836,
      "Quality": -0.24724590706655897,
      "Profitability": -0.22778295031668,
      "Liquidity": 0.21198561808701058,
      "Credit": 1.047810624222409
    },
    {
      "ticker": "CEG",
      "r_squared": 0.25265026662079426,
      "alpha_annual": -0.40192956807746977,
      "idio_vol_annual": 0.404339828701915,
      "Market": 0.7326812802720724,
      "Size": 0.3515951851677518,
      "Value (SMID)": -0.45395058352401657,
      "Momentum": 0.6744414677750055,
      "Quality": -0.7083641241275244,
      "Profitability": -0.6300183072979988,
      "Liquidity": -0.4240001313870588,
      "Credit": -0.8603244314706648
    },
    {
      "ticker": "CMI",
      "r_squared": 0.500132759179494,
      "alpha_annual": 0.28565277260072997,
      "idio_vol_annual": 0.23795753260247388,
      "Market": 1.2136443569398774,
      "Size": 0.7929754805487574,
      "Value (SMID)": 0.38322877865612115,
      "Momentum": 0.7713039197016848,
      "Quality": 0.11253899052973865,
      "Profitability": -0.12111486755132406,
      "Liquidity": -0.3258222802673112,
      "Credit": 0.8334102142784633
    },
    {
      "ticker": "CRWV",
      "r_squared": 0.28533410371884316,
      "alpha_annual": -0.8444661553601367,
      "idio_vol_annual": 0.7961009262307448,
      "Market": 0.8192976474802078,
      "Size": 0.6439567761017206,
      "Value (SMID)": -2.1435913912645193,
      "Momentum": 1.0609213328009313,
      "Quality": -3.8307777763473205,
      "Profitability": -0.08066511707987045,
      "Liquidity": 0.4274467306982148,
      "Credit": 2.0381780883709073
    },
    {
      "ticker": "GENC",
      "r_squared": 0.333426891813726,
      "alpha_annual": -0.43769531304700926,
      "idio_vol_annual": 0.32661496580081545,
      "Market": 1.3833983250608375,
      "Size": 1.2131846991818844,
      "Value (SMID)": 1.1578839930048543,
      "Momentum": -0.07501624655297034,
      "Quality": -0.6337818332691176,
      "Profitability": 0.10338537360663003,
      "Liquidity": -0.16741512447799944,
      "Credit": 0.5933798281704079
    },
    {
      "ticker": "GRPN",
      "r_squared": 0.16189352278306346,
      "alpha_annual": -1.0444384708446504,
      "idio_vol_annual": 0.6278005785890728,
      "Market": 1.8036171748183152,
      "Size": 0.35723370332602405,
      "Value (SMID)": -0.8940775276894988,
      "Momentum": -0.14189571517184285,
      "Quality": -2.0328035868796617,
      "Profitability": 1.3764334931069069,
      "Liquidity": 0.16612505667814786,
      "Credit": 1.4524257267735081
    },
    {
      "ticker": "JAKK",
      "r_squared": 0.28626971355966746,
      "alpha_annual": -0.3600899977498803,
      "idio_vol_annual": 0.35958571364234104,
      "Market": 1.359963418598895,
      "Size": 1.0160006157990704,
      "Value (SMID)": 0.8218246483204827,
      "Momentum": -0.4192974955243912,
      "Quality": 1.5927802201719887,
      "Profitability": -0.32942047714202405,
      "Liquidity": 0.3916839747168258,
      "Credit": -0.3111071958923268
    },
    {
      "ticker": "KSPI",
      "r_squared": 0.22460748883845005,
      "alpha_annual": -0.29201562789234237,
      "idio_vol_annual": 0.3199985963669532,
      "Market": 1.2760800978612366,
      "Size": 0.38737518519345515,
      "Value (SMID)": -0.3039831760540147,
      "Momentum": -0.5597204000113416,
      "Quality": 0.16657676941317068,
      "Profitability": 0.1256514222937514,
      "Liquidity": 0.02922695651403301,
      "Credit": 0.375897693814939
    },
    {
      "ticker": "OPEN",
      "r_squared": 0.12202440008824311,
      "alpha_annual": 1.4498810229744818,
      "idio_vol_annual": 1.3443635281209676,
      "Market": 2.807029196293836,
      "Size": 1.4373608414801518,
      "Value (SMID)": -1.648485318361166,
      "Momentum": -1.9042040976448436,
      "Quality": 0.8325851529781495,
      "Profitability": 0.9122912576217881,
      "Liquidity": 1.8263320849604239,
      "Credit": -3.2071383028343816
    },
    {
      "ticker": "PYPL",
      "r_squared": 0.3089782676990944,
      "alpha_annual": -0.7604867077868723,
      "idio_vol_annual": 0.33657160543537795,
      "Market": 1.9009115377761379,
      "Size": -0.4253181971683152,
      "Value (SMID)": -0.9033064482532753,
      "Momentum": -0.9093038394801655,
      "Quality": 1.6266906545503825,
      "Profitability": 0.7652054098321887,
      "Liquidity": 0.47570144707085493,
      "Credit": -0.05203022228134101
    },
    {
      "ticker": "TENB",
      "r_squared": 0.14566458168418506,
      "alpha_annual": -0.33420488537808796,
      "idio_vol_annual": 0.4087632527716035,
      "Market": 1.5095011816738158,
      "Size": -0.13388717511582643,
      "Value (SMID)": -0.7575677191117263,
      "Momentum": -0.2809663747578644,
      "Quality": -0.45191287543421627,
      "Profitability": 1.3397568517840333,
      "Liquidity": -0.1888841578226741,
      "Credit": -0.2810393657725963
    },
    {
      "ticker": "VIA",
      "r_squared": 0.11899621905231739,
      "alpha_annual": -1.5844566499694206,
      "idio_vol_annual": 0.6815757494830345,
      "Market": 1.2335035419004599,
      "Size": 0.3275333234128669,
      "Value (SMID)": -1.4197426519906706,
      "Momentum": -1.2041285380704838,
      "Quality": -1.5159202112958254,
      "Profitability": 0.631744711943445,
      "Liquidity": 0.6044797203718248,
      "Credit": -0.8425016465886911
    },
    {
      "ticker": "VST",
      "r_squared": 0.2899813768305297,
      "alpha_annual": -0.39014757581552806,
      "idio_vol_annual": 0.4117836770077271,
      "Market": 0.6273249076734253,
      "Size": 0.7410620432021158,
      "Value (SMID)": -0.6765434892967538,
      "Momentum": 0.7262240383608847,
      "Quality": -1.8769485113094193,
      "Profitability": -0.4783225832855735,
      "Liquidity": -0.7461413792529425,
      "Credit": -0.8142641868213921
    },
    {
      "ticker": "XNET",
      "r_squared": 0.178741652131586,
      "alpha_annual": -0.39560887152174046,
      "idio_vol_annual": 0.6816275549399864,
      "Market": 1.8625783893886891,
      "Size": 0.13482635185302838,
      "Value (SMID)": -0.7493416592275032,
      "Momentum": -0.37611186211227,
      "Quality": 0.576075963724777,
      "Profitability": 0.5401409976985374,
      "Liquidity": 1.4271030216920546,
      "Credit": 2.000609267714666
    },
    {
      "ticker": "ZS",
      "r_squared": 0.09144135229429706,
      "alpha_annual": -0.933370516877066,
      "idio_vol_annual": 0.597258572332856,
      "Market": 1.3925877835443394,
      "Size": -0.43387470865301814,
      "Value (SMID)": -1.0941855754313075,
      "Momentum": -0.9843461090578343,
      "Quality": -0.9984020847972579,
      "Profitability": 0.8851245422007237,
      "Liquidity": 0.1821005026702867,
      "Credit": 0.08659600313384186
    },
    {
      "ticker": "ZTS",
      "r_squared": 0.1734898937541406,
      "alpha_annual": -0.9310123018317575,
      "idio_vol_annual": 0.34335649609638796,
      "Market": 1.3679078322084552,
      "Size": 0.085104110212403,
      "Value (SMID)": 0.04502004498315704,
      "Momentum": -0.22475340670621657,
      "Quality": 1.2996962534077494,
      "Profitability": 0.8476463942218688,
      "Liquidity": 0.09461233828289811,
      "Credit": -0.7484202168415899
    }
  ],
  "portfolio_factor_exposure": {
    "loadings": {
      "Market": 1.4457946491511748,
      "Size": 0.3319571426930836,
      "Value (SMID)": -0.6397670796294094,
      "Momentum": -0.3235482473818136,
      "Quality": -0.6278087414315939,
      "Profitability": 0.5655103792242919,
      "Liquidity": 0.23890513787532905,
      "Credit": 0.4350537496750401
    },
    "alpha_annual": -0.6317695614685004,
    "r_squared_weighted": 0.20690403499169352
  },
  "stress_tests": [
    {
      "scenario": "COVID Crash (Feb-Mar 2020)",
      "market_move": -0.339,
      "portfolio_impact": -0.5230321044321538,
      "stressed_nav": 467513.82428589585,
      "pnl": -512664.9857141042,
      "description": "Rapid 33.9% selloff in SPY over 23 trading days as COVID-19 spread."
    },
    {
      "scenario": "2022 Rate Shock (Jan-Oct)",
      "market_move": -0.252,
      "portfolio_impact": -0.3888026263035479,
      "stressed_nav": 599082.7144249137,
      "pnl": -381096.0955750863,
      "description": "Grinding 9-month decline as the Fed hiked rates aggressively."
    },
    {
      "scenario": "GFC 2008-09",
      "market_move": -0.565,
      "portfolio_impact": -0.8717201740535894,
      "stressed_nav": 125737.16714315991,
