{
  "generated_at": "2026-06-15T16:23:38.312369Z",
  "market_session": "OPEN",
  "fund_name": "Convex Capital",
  "tagline": "Lose small. Win big. \u2014 Paper-traded portfolio. Hypothetical performance for educational purposes only.",
  "summary": {
    "nav": 1003124.1443810082,
    "cash": 49780.460000000036,
    "equity": 953343.6843810081,
    "deposits": 1000000.0,
    "total_return": 0.003124144381008165,
    "realized_pnl": 0.0,
    "open_positions": 17
  },
  "metrics": {
    "annualized_return": -0.2586444994187448,
    "annualized_vol": 0.2923408802154253,
    "sharpe": -0.8847359945969591,
    "sortino": -1.1985310270196696,
    "max_drawdown": -0.4264432865525708,
    "var_95_1d": -0.03721523145474068,
    "method": "Synthetic: current weights \u00d7 each holding's 252-day return history.",
    "beta_spy": 1.5498050653508666,
    "data_basis": "synthetic_252d",
    "days_of_live_nav": 11
  },
  "nav_curve": [
    {
      "date": "2026-06-01",
      "value": 999535.5471929932
    },
    {
      "date": "2026-06-02",
      "value": 1003702.1579735947
    },
    {
      "date": "2026-06-03",
      "value": 988372.6498535539
    },
    {
      "date": "2026-06-04",
      "value": 1000577.036630478
    },
    {
      "date": "2026-06-05",
      "value": 963339.0065281678
    },
    {
      "date": "2026-06-08",
      "value": 961906.7551830101
    },
    {
      "date": "2026-06-09",
      "value": 964461.0368127442
    },
    {
      "date": "2026-06-10",
      "value": 952382.1822161294
    },
    {
      "date": "2026-06-11",
      "value": 975672.4306797601
    },
    {
      "date": "2026-06-12",
      "value": 980178.8129334069
    },
    {
      "date": "2026-06-15",
      "value": 1003162.8540377236
    }
  ],
  "drawdown_curve": [
    {
      "date": "2026-06-01",
      "value": 0.0
    },
    {
      "date": "2026-06-02",
      "value": 0.0
    },
    {
      "date": "2026-06-03",
      "value": -0.01527296519018161
    },
    {
      "date": "2026-06-04",
      "value": -0.0031135943250596826
    },
    {
      "date": "2026-06-05",
      "value": -0.04021427185821478
    },
    {
      "date": "2026-06-08",
      "value": -0.041641240340627175
    },
    {
      "date": "2026-06-09",
      "value": -0.03909638018520915
    },
    {
      "date": "2026-06-10",
      "value": -0.051130681895789516
    },
    {
      "date": "2026-06-11",
      "value": -0.027926339573110765
    },
    {
      "date": "2026-06-12",
      "value": -0.02343657912191783
    },
    {
      "date": "2026-06-15",
      "value": -0.0005373147119260237
    }
  ],
  "benchmarks": {
    "SPY": [
      {
        "date": "2026-06-01",
        "value": 0.0
      },
      {
        "date": "2026-06-02",
        "value": 0.0013579103629497435
      },
      {
        "date": "2026-06-03",
        "value": -0.005668768842152949
      },
      {
        "date": "2026-06-04",
        "value": -0.0019115026417536596
      },
      {
        "date": "2026-06-05",
        "value": -0.027671567540792585
      },
      {
        "date": "2026-06-08",
        "value": -0.02546999220062507
      },
      {
        "date": "2026-06-09",
        "value": -0.028330728579740505
      },
      {
        "date": "2026-06-10",
        "value": -0.04364962468776956
      },
      {
        "date": "2026-06-11",
        "value": -0.02739469093739666
      },
      {
        "date": "2026-06-12",
        "value": -0.022134598720831677
      },
      {
        "date": "2026-06-15",
        "value": -0.002869024170498724
      }
    ],
    "IWM": [
      {
        "date": "2026-06-01",
        "value": 0.0
      },
      {
        "date": "2026-06-02",
        "value": 0.009273972502921835
      },
      {
        "date": "2026-06-03",
        "value": -0.004533177066893157
      },
      {
        "date": "2026-06-04",
        "value": 0.010485150059186044
      },
      {
        "date": "2026-06-05",
        "value": -0.02536513534214846
      },
      {
        "date": "2026-06-08",
        "value": -0.01685246539421037
      },
      {
        "date": "2026-06-09",
        "value": -0.01370344598970763
      },
      {
        "date": "2026-06-10",
        "value": -0.023980977679758042
      },
      {
        "date": "2026-06-11",
        "value": 0.004948413805164309
      },
      {
        "date": "2026-06-12",
        "value": 0.013737978648256544
      },
      {
        "date": "2026-06-15",
        "value": 0.024067362128360692
      }
    ]
  },
  "holdings": [
    {
      "ticker": "GRPN",
      "company": "Groupon, Inc.",
      "sector": "Communication Services",
      "country": "United States",
      "shares": 11310.0,
      "price": 17.5,
      "cost_basis": 17.682836427939876,
      "market_value": 197925.0,
      "unrealized_pnl": -2067.8799999999924,
      "short_percent_of_float": 0.56310004,
      "short_ratio": 5.75
    },
    {
      "ticker": "KSPI",
      "company": "Joint Stock Company Kaspi.kz",
      "sector": "Technology",
      "country": "Kazakhstan",
      "shares": 1515.0,
      "price": 82.9749984741211,
      "cost_basis": 82.53049504950495,
      "market_value": 125707.12268829346,
      "unrealized_pnl": 673.4226882934584,
      "short_percent_of_float": 0.0159,
      "short_ratio": 3.24
    },
    {
      "ticker": "TENB",
      "company": "Tenable Holdings, Inc.",
      "sector": "Technology",
      "country": "United States",
      "shares": 2916.0,
      "price": 28.0049991607666,
      "cost_basis": 25.719999999999995,
      "market_value": 81662.57755279541,
      "unrealized_pnl": 6663.057552795424,
      "short_percent_of_float": 0.129,
      "short_ratio": 3.05
    },
    {
      "ticker": "JAKK",
      "company": "JAKKS Pacific, Inc.",
      "sector": "Consumer Cyclical",
      "country": "United States",
      "shares": 3436.0,
      "price": 22.344999313354492,
      "cost_basis": 21.83,
      "market_value": 76777.41764068604,
      "unrealized_pnl": 1769.537640686041,
      "short_percent_of_float": 0.039100002,
      "short_ratio": 7.32
    },
    {
      "ticker": "VIA",
      "company": "Via Transportation, Inc.",
      "sector": "Technology",
      "country": "United States",
      "shares": 4921.0,
      "price": 15.117500305175781,
      "cost_basis": 15.241408250355619,
      "market_value": 74393.21900177002,
      "unrealized_pnl": -609.7509982299803,
      "short_percent_of_float": 0.13520001,
      "short_ratio": 6.88
    },
    {
      "ticker": "ZS",
      "company": "Zscaler, Inc.",
      "sector": "Technology",
      "country": "United States",
      "shares": 549.0,
      "price": 131.33009338378906,
      "cost_basis": 136.8013843351548,
      "market_value": 72100.2212677002,
      "unrealized_pnl": -3003.738732299794,
      "short_percent_of_float": 0.114700004,
      "short_ratio": 2.09
    },
    {
      "ticker": "XNET",
      "company": "Xunlei Limited",
      "sector": "Technology",
      "country": "China",
      "shares": 10526.0,
      "price": 5.320000171661377,
      "cost_basis": 4.75,
      "market_value": 55998.321806907654,
      "unrealized_pnl": 5999.821806907654,
      "short_percent_of_float": 0.0377,
      "short_ratio": 6.03
    },
    {
      "ticker": "CMI",
      "company": "Cummins Inc.",
      "sector": "Industrials",
      "country": "United States",
      "shares": 78.0,
      "price": 682.3800048828125,
      "cost_basis": 643.5,
      "market_value": 53225.640380859375,
      "unrealized_pnl": 3032.640380859375,
      "short_percent_of_float": 0.0171,
      "short_ratio": 2.07
    },
    {
      "ticker": "CRWV",
      "company": "CoreWeave, Inc.",
      "sector": "Technology",
      "country": "United States",
      "shares": 468.0,
      "price": 107.94999694824219,
      "cost_basis": 106.78134615384614,
      "market_value": 50520.598571777344,
      "unrealized_pnl": 546.9285717773485,
      "short_percent_of_float": 0.18190001,
      "short_ratio": 1.91
    },
    {
      "ticker": "PYPL",
      "company": "PayPal Holdings, Inc.",
      "sector": "Financial Services",
      "country": "United States",
      "shares": 830.0,
      "price": 43.21500015258789,
      "cost_basis": 45.19,
      "market_value": 35868.45012664795,
      "unrealized_pnl": -1639.2498733520488,
      "short_percent_of_float": 0.0626,
      "short_ratio": 3.16
    },
    {
      "ticker": "BABA",
      "company": "Alibaba Group Holding Limited",
      "sector": "Consumer Cyclical",
      "country": "China",
      "shares": 299.0,
      "price": 113.01000213623047,
      "cost_basis": 125.39999999999999,
      "market_value": 33789.99063873291,
      "unrealized_pnl": -3704.6093612670875,
      "short_percent_of_float": 0.0165,
      "short_ratio": 3.21
    },
    {
      "ticker": "ZTS",
      "company": "Zoetis Inc.",
      "sector": "Healthcare",
      "country": "United States",
      "shares": 312.0,
      "price": 80.51000213623047,
      "cost_basis": 80.09,
      "market_value": 25119.120666503906,
      "unrealized_pnl": 131.0406665039052,
      "short_percent_of_float": 0.0363,
      "short_ratio": 1.45
    },
    {
      "ticker": "AVAV",
      "company": "AeroVironment, Inc.",
      "sector": "Industrials",
      "country": "United States",
      "shares": 122.0,
      "price": 173.36000061035156,
      "cost_basis": 204.09,
      "market_value": 21149.92007446289,
      "unrealized_pnl": -3749.05992553711,
      "short_percent_of_float": 0.120699994,
      "short_ratio": 3.48
    },
    {
      "ticker": "GENC",
      "company": "Gencor Industries, Inc.",
      "sector": "Industrials",
      "country": "United States",
      "shares": 873.0,
      "price": 14.83180046081543,
      "cost_basis": 14.32,
      "market_value": 12948.16180229187,
      "unrealized_pnl": 446.8018022918699,
      "short_percent_of_float": 0.0064,
      "short_ratio": 2.39
    },
    {
      "ticker": "VST",
      "company": "Vistra Corp.",
      "sector": "Utilities",
      "country": "United States",
      "shares": 81.0,
      "price": 153.90289306640625,
      "cost_basis": 154.76,
      "market_value": 12466.134338378906,
      "unrealized_pnl": -69.42566162109301,
      "short_percent_of_float": 0.0539,
      "short_ratio": 2.73
    },
    {
      "ticker": "CEG",
      "company": "Constellation Energy Corporation",
      "sector": "Utilities",
      "country": "United States",
      "shares": 47.0,
      "price": 262.8999938964844,
      "cost_basis": 265.7,
      "market_value": 12356.299713134766,
      "unrealized_pnl": -131.60028686523384,
      "short_percent_of_float": 0.036,
      "short_ratio": 3.46
    },
    {
      "ticker": "OPEN",
      "company": "Opendoor Technologies Inc.",
      "sector": "Real Estate",
      "country": "United States",
      "shares": 2417.0,
      "price": 4.689899921417236,
      "cost_basis": 5.171402565163425,
      "market_value": 11335.48811006546,
      "unrealized_pnl": -1163.791889934538,
      "short_percent_of_float": 0.16149999,
      "short_ratio": 3.77
    }
  ],
  "sector_exposure": [
    {
      "name": "Technology",
      "value": 460382.0608892441,
      "pct": 0.45894824032306514
    },
    {
      "name": "Communication Services",
      "value": 197925.0,
      "pct": 0.1973085795099991
    },
    {
      "name": "Consumer Cyclical",
      "value": 110567.40827941895,
      "pct": 0.11022305553979674
    },
    {
      "name": "Industrials",
      "value": 87323.72225761414,
      "pct": 0.08705175999078206
    },
    {
      "name": "Cash",
      "value": 49780.460000000036,
      "pct": 0.04962542301353714
    },
    {
      "name": "Financial Services",
      "value": 35868.45012664795,
      "pct": 0.035756740905464976
    },
    {
      "name": "Healthcare",
      "value": 25119.120666503906,
      "pct": 0.02504088931286168
    },
    {
      "name": "Utilities",
      "value": 24822.434051513672,
      "pct": 0.02474512670296726
    },
    {
      "name": "Real Estate",
      "value": 11335.48811006546,
      "pct": 0.011300184701525834
    }
  ],
  "geographic_exposure": [
    {
      "name": "United States",
      "value": 737848.2492470741,
      "pct": 0.7355502839604899
    },
    {
      "name": "Kazakhstan",
      "value": 125707.12268829346,
      "pct": 0.1253156186025836
    },
    {
      "name": "China",
      "value": 89788.31244564056,
      "pct": 0.08950867442338924
    },
    {
      "name": "Cash",
      "value": 49780.460000000036,
      "pct": 0.04962542301353714
    }
  ],
  "signals": [
    {
      "ticker": "AVAV",
      "label": "STRONG SELL",
      "composite": -2.0,
      "rsi": 45.2,
      "subs": {
        "rsi": 0.5,
        "macd": -0.5,
        "trend": -0.5,
        "bb": -0.5,
        "vol": -0.5,
        "range": -0.5
      }
    },
    {
      "ticker": "BABA",
      "label": "STRONG SELL",
      "composite": -2.0,
      "rsi": 31.0,
      "subs": {
        "rsi": 0.0,
        "macd": -0.5,
        "trend": -0.5,
        "bb": -0.5,
        "vol": 0.0,
        "range": -0.5
      }
    },
    {
      "ticker": "CEG",
      "label": "SELL",
      "composite": -1.5,
      "rsi": 45.4,
      "subs": {
        "rsi": 0.5,
        "macd": -0.5,
        "trend": -0.5,
        "bb": -0.5,
        "vol": 0.0,
        "range": -0.5
      }
    },
    {
      "ticker": "CMI",
      "label": "BUY",
      "composite": 1.5,
      "rsi": 55.2,
      "subs": {
        "rsi": 0.5,
        "macd": -0.5,
        "trend": 0.5,
        "bb": 0.5,
        "vol": 0.0,
        "range": 0.5
      }
    },
    {
      "ticker": "CRWV",
      "label": "LEAN BULL",
      "composite": 0.5,
      "rsi": 51.6,
      "subs": {
        "rsi": 0.5,
        "macd": -0.5,
        "trend": 0.0,
        "bb": 0.5,
        "vol": 0.0,
        "range": 0.0
      }
    },
    {
      "ticker": "GENC",
      "label": "STRONG BUY",
      "composite": 2.0,
      "rsi": 51.8,
      "subs": {
        "rsi": 0.5,
        "macd": 0.5,
        "trend": 0.5,
        "bb": 0.5,
        "vol": 0.0,
        "range": 0.0
      }
    },
    {
      "ticker": "GRPN",
      "label": "SELL",
      "composite": -1.5,
      "rsi": 51.3,
      "subs": {
        "rsi": 0.5,
        "macd": -0.5,
        "trend": 0.0,
        "bb": -0.5,
        "vol": -0.5,
        "range": -0.5
      }
    },
    {
      "ticker": "JAKK",
      "label": "BUY",
      "composite": 1.5,
      "rsi": 56.1,
      "subs": {
        "rsi": 0.5,
        "macd": 0.5,
        "trend": 0.5,
        "bb": 0.5,
        "vol": -0.5,
        "range": 0.0
      }
    },
    {
      "ticker": "KSPI",
      "label": "LEAN BEAR",
      "composite": -0.5,
      "rsi": 45.9,
      "subs": {
        "rsi": 0.5,
        "macd": -0.5,
        "trend": 0.0,
        "bb": -0.5,
        "vol": 0.0,
        "range": 0.0
      }
    },
    {
      "ticker": "OPEN",
      "label": "NEUTRAL",
      "composite": 0.0,
      "rsi": 49.2,
      "subs": {
        "rsi": 0.5,
        "macd": -0.5,
        "trend": -0.5,
        "bb": 0.5,
        "vol": 0.0,
        "range": 0.0
      }
    },
    {
      "ticker": "PYPL",
      "label": "BUY",
      "composite": 1.0,
      "rsi": 47.3,
      "subs": {
        "rsi": 0.5,
        "macd": 0.5,
        "trend": -0.5,
        "bb": 0.5,
        "vol": 0.0,
        "range": 0.0
      }
    },
    {
      "ticker": "TENB",
      "label": "LEAN BULL",
      "composite": 0.5,
      "rsi": 61.8,
      "subs": {
        "rsi": 0.5,
        "macd": -0.5,
        "trend": 0.0,
        "bb": 0.5,
        "vol": -0.5,
        "range": 0.5
      }
    },
    {
      "ticker": "VIA",
      "label": "BUY",
      "composite": 1.0,
      "rsi": 49.5,
      "subs": {
        "rsi": 0.5,
        "macd": 0.5,
        "trend": -0.5,
        "bb": 0.5,
        "vol": 0.0,
        "range": 0.0
      }
    },
    {
      "ticker": "VST",
      "label": "LEAN BULL",
      "composite": 0.5,
      "rsi": 52.7,
      "subs": {
        "rsi": 0.5,
        "macd": -0.5,
        "trend": 0.0,
        "bb": 0.5,
        "vol": 0.0,
        "range": 0.0
      }
    },
    {
      "ticker": "XNET",
      "label": "LEAN BULL",
      "composite": 0.5,
      "rsi": 46.2,
      "subs": {
        "rsi": 0.5,
        "macd": 0.5,
        "trend": -0.5,
        "bb": -0.5,
        "vol": 0.5,
        "range": 0.0
      }
    },
    {
      "ticker": "ZS",
      "label": "STRONG SELL",
      "composite": -2.5,
      "rsi": 44.0,
      "subs": {
        "rsi": 0.0,
        "macd": -0.5,
        "trend": -0.5,
        "bb": -0.5,
        "vol": -0.5,
        "range": -0.5
      }
    },
    {
      "ticker": "ZTS",
      "label": "LEAN BULL",
      "composite": 0.5,
      "rsi": 40.1,
      "subs": {
        "rsi": 0.0,
        "macd": 0.5,
        "trend": -0.5,
        "bb": 0.5,
        "vol": -0.5,
        "range": 0.5
      }
    }
  ],
  "volatility": [
    {
      "ticker": "AVAV",
      "hv20": 0.9355280248167043,
      "garch": 0.7332601854661264,
      "expansion": -0.21620714076439104,
      "regime": "HIGH",
      "signal": "WEAK"
    },
    {
      "ticker": "BABA",
      "hv20": 0.29319624906022507,
      "garch": 0.409236470057191,
      "expansion": 0.3957766218664355,
      "regime": "LOW",
      "signal": "SIGNAL"
    },
    {
      "ticker": "CEG",
      "hv20": 0.550925512628286,
      "garch": 0.5584056232769575,
      "expansion": 0.013577353883987547,
      "regime": "HIGH",
      "signal": "WEAK"
    },
    {
      "ticker": "CMI",
      "hv20": 0.49289495111007037,
      "garch": 0.39082244160838087,
      "expansion": -0.20708775626897277,
      "regime": "EXTREME",
      "signal": "WEAK"
    },
    {
      "ticker": "CRWV",
      "hv20": 0.8078892268182715,
      "garch": 0.9696823978398639,
      "expansion": 0.2002665286908035,
      "regime": "LOW",
      "signal": "SIGNAL"
    },
    {
      "ticker": "GENC",
      "hv20": 0.3569662925532945,
      "garch": 0.38578138301535564,
      "expansion": 0.08072216078429621,
      "regime": "NORMAL",
      "signal": "WEAK"
    },
    {
      "ticker": "GRPN",
      "hv20": 0.8294165786239751,
      "garch": 0.7850697326786604,
      "expansion": -0.05346751811844335,
      "regime": "HIGH",
      "signal": "WEAK"
    },
    {
      "ticker": "JAKK",
      "hv20": 0.21716127588684322,
      "garch": 0.4595186635088085,
      "expansion": 1.1160248834983408,
      "regime": "LOW",
      "signal": "SIGNAL"
    },
    {
      "ticker": "KSPI",
      "hv20": 0.3478208723145656,
      "garch": 0.42940320486218625,
      "expansion": 0.2345527225112541,
      "regime": "HIGH",
      "signal": "SIGNAL"
    },
    {
      "ticker": "OPEN",
      "hv20": 0.7477776469384422,
      "garch": 0.8133722299635631,
      "expansion": 0.08771936857657996,
      "regime": "NORMAL",
      "signal": "WEAK"
    },
    {
      "ticker": "PYPL",
      "hv20": 0.2898452512997594,
      "garch": 0.4157879247416664,
      "expansion": 0.434516946119143,
      "regime": "NORMAL",
      "signal": "SIGNAL"
    },
    {
      "ticker": "TENB",
      "hv20": 0.6853704334985672,
      "garch": 0.505491949643749,
      "expansion": -0.26245439701360307,
      "regime": "HIGH",
      "signal": "WEAK"
    },
    {
      "ticker": "VIA",
      "hv20": 0.6817159056211365,
      "garch": null,
      "expansion": null,
      "regime": "NORMAL",
      "signal": "WEAK"
    },
    {
      "ticker": "VST",
      "hv20": 0.5487325731659783,
      "garch": 0.5814457865543948,
      "expansion": 0.059615949531979996,
      "regime": "HIGH",
      "signal": "WEAK"
    },
    {
      "ticker": "XNET",
      "hv20": 0.6836584389543535,
      "garch": 0.6272753957248572,
      "expansion": -0.08247253309084196,
      "regime": "HIGH",
      "signal": "WEAK"
    },
    {
      "ticker": "ZS",
      "hv20": 1.5636229554289587,
      "garch": 0.4203490644052826,
      "expansion": -0.7311698047500426,
      "regime": "EXTREME",
      "signal": "WEAK"
    },
    {
      "ticker": "ZTS",
      "hv20": 0.2966328304178347,
      "garch": 0.318904901300443,
      "expansion": 0.07508295980332329,
      "regime": "HIGH",
      "signal": "WEAK"
    }
  ],
  "correlation": {
    "tickers": [
      "AVAV",
      "BABA",
      "CEG",
      "CMI",
      "CRWV",
      "GENC",
      "GRPN",
      "JAKK",
      "KSPI",
      "OPEN",
      "PYPL",
      "TENB",
      "VIA",
      "VST",
      "XNET",
      "ZS",
      "ZTS"
    ],
    "matrix": [
      [
        1.0,
        0.128,
        0.258,
        0.256,
        0.301,
        0.093,
        0.234,
        0.081,
        0.12,
        0.331,
        0.2,
        0.195,
        0.029,
        0.306,
        0.328,
        0.171,
        0.068
      ],
      [
        0.128,
        1.0,
        0.186,
        0.338,
        0.353,
        0.133,
        0.192,
        0.113,
        0.201,
        0.19,
        0.244,
        0.063,
        -0.038,
        0.228,
        0.468,
        0.038,
        0.076
      ],
      [
        0.258,
        0.186,
        1.0,
        0.329,
        0.228,
        0.149,
        0.092,
        0.089,
        0.058,
        0.19,
        0.139,
        0.069,
        0.009,
        0.797,
        0.251,
        0.047,
        0.123
      ],
      [
        0.256,
        0.338,
        0.329,
        1.0,
        0.371,
        0.354,
        0.202,
        0.146,
        0.244,
        0.192,
        0.087,
        -0.042,
        0.006,
        0.351,
        0.313,
        -0.046,
        0.199
      ],
      [
        0.301,
        0.353,
        0.228,
        0.371,
        1.0,
        0.117,
        0.17,
        0.058,
        0.136,
        0.243,
        0.143,
        0.128,
        0.226,
        0.316,
        0.37,
        0.188,
        0.082
      ],
      [
        0.093,
        0.133,
        0.149,
        0.354,
        0.117,
        1.0,
        0.161,
        0.315,
        0.149,
        0.127,
        0.097,
        0.16,
        0.065,
        0.171,
        0.167,
        0.051,
        0.153
      ],
      [
        0.234,
        0.192,
        0.092,
        0.202,
        0.17,
        0.161,
        1.0,
        0.152,
        0.337,
        0.305,
        0.27,
        0.253,
        0.178,
        0.133,
        0.228,
        0.15,
        0.166
      ],
      [
        0.081,
        0.113,
        0.089,
        0.146,
        0.058,
        0.315,
        0.152,
        1.0,
        0.105,
        0.137,
        0.212,
        -0.037,
        0.143,
        0.061,
        0.199,
        -0.051,
        0.136
      ],
      [
        0.12,
        0.201,
        0.058,
        0.244,
        0.136,
        0.149,
        0.337,
        0.105,
        1.0,
        0.25,
        0.26,
        0.273,
        0.147,
        0.105,
        0.198,
        0.157,
        0.196
      ],
      [
        0.331,
        0.19,
        0.19,
        0.192,
        0.243,
        0.127,
        0.305,
        0.137,
        0.25,
        1.0,
        0.243,
        0.126,
        0.164,
        0.258,
        0.343,
        0.064,
        0.165
      ],
      [
        0.2,
        0.244,
        0.139,
        0.087,
        0.143,
        0.097,
        0.27,
        0.212,
        0.26,
        0.243,
        1.0,
        0.367,
        0.159,
        0.083,
        0.33,
        0.209,
        0.174
      ],
      [
        0.195,
        0.063,
        0.069,
        -0.042,
        0.128,
        0.16,
        0.253,
        -0.037,
        0.273,
        0.126,
        0.367,
        1.0,
        0.335,
        0.084,
        0.164,
        0.559,
        0.096
      ],
      [
        0.029,
        -0.038,
        0.009,
        0.006,
        0.226,
        0.065,
        0.178,
        0.143,
        0.147,
        0.164,
        0.159,
        0.335,
        1.0,
        0.061,
        0.191,
        0.371,
        0.02
      ],
      [
        0.306,
        0.228,
        0.797,
        0.351,
        0.316,
        0.171,
        0.133,
        0.061,
        0.105,
        0.258,
        0.083,
        0.084,
        0.061,
        1.0,
        0.275,
        0.076,
        0.094
      ],
      [
        0.328,
        0.468,
        0.251,
        0.313,
        0.37,
        0.167,
        0.228,
        0.199,
        0.198,
        0.343,
        0.33,
        0.164,
        0.191,
        0.275,
        1.0,
        0.222,
        0.044
      ],
      [
        0.171,
        0.038,
        0.047,
        -0.046,
        0.188,
        0.051,
        0.15,
        -0.051,
        0.157,
        0.064,
        0.209,
        0.559,
        0.371,
        0.076,
        0.222,
        1.0,
        -0.038
      ],
      [
        0.068,
        0.076,
        0.123,
        0.199,
        0.082,
        0.153,
        0.166,
        0.136,
        0.196,
        0.165,
        0.174,
        0.096,
        0.02,
        0.094,
        0.044,
        -0.038,
        1.0
      ]
    ]
  },
  "residual_correlation": {
    "tickers": [
      "AVAV",
      "BABA",
      "CEG",
      "CMI",
      "CRWV",
      "GENC",
      "GRPN",
      "JAKK",
      "KSPI",
      "OPEN",
      "PYPL",
      "TENB",
      "VIA",
      "VST",
      "XNET",
      "ZS",
      "ZTS"
    ],
    "matrix": [
      [
        1.0,
        -0.012,
        0.103,
        0.06,
        0.105,
        -0.031,
        0.081,
        -0.058,
        -0.096,
        0.146,
        0.001,
        0.079,
        -0.141,
        0.143,
        0.158,
        0.098,
        -0.056
      ],
      [
        -0.012,
        1.0,
        0.017,
        0.105,
        0.193,
        -0.071,
        0.022,
        -0.045,
        0.018,
        0.04,
        0.114,
        -0.056,
        -0.159,
        0.055,
        0.34,
        -0.053,
        -0.021
      ],
      [
        0.103,
        0.017,
        1.0,
        0.035,
        -0.029,
        0.032,
        -0.061,
        -0.013,
        -0.135,
        0.027,
        0.04,
        -0.018,
        -0.091,
        0.727,
        0.079,
        0.017,
        0.079
      ],
      [
        0.06,
        0.105,
        0.035,
        1.0,
        0.079,
        0.074,
        -0.068,
        -0.141,
        -0.024,
        -0.081,
        -0.107,
        -0.264,
        -0.137,
        0.008,
        -0.011,
        -0.136,
        0.077
      ],
      [
        0.105,
        0.193,
        -0.029,
        0.079,
        1.0,
        0.019,
        -0.043,
        -0.033,
        -0.106,
        0.027,
        -0.043,
        -0.002,
        0.115,
        0.051,
        0.109,
        0.132,
        0.039
      ],
      [
        -0.031,
        -0.071,
        0.032,
        0.074,
        0.019,
        1.0,
        -0.028,
        0.064,
        -0.079,
        -0.071,
        0.002,
        0.087,
        -0.014,
        0.031,
        -0.038,
        0.004,
        -0.041
      ],
      [
        0.081,
        0.022,
        -0.061,
        -0.068,
        -0.043,
        -0.028,
        1.0,
        0.009,
        0.164,
        0.11,
        0.092,
        0.112,
        0.056,
        -0.039,
        -0.001,
        0.048,
        0.037
      ],
      [
        -0.058,
        -0.045,
        -0.013,
        -0.141,
        -0.033,
        0.064,
        0.009,
        1.0,
        -0.094,
        -0.026,
        0.102,
        -0.132,
        0.08,
        -0.052,
        0.03,
        -0.119,
        -0.048
      ],
      [
        -0.096,
        0.018,
        -0.135,
        -0.024,
        -0.106,
        -0.079,
        0.164,
        -0.094,
        1.0,
        0.064,
        0.074,
        0.161,
        0.017,
        -0.11,
        -0.031,
        0.059,
        0.062
      ],
      [
        0.146,
        0.04,
        0.027,
        -0.081,
        0.027,
        -0.071,
        0.11,
        -0.026,
        0.064,
        1.0,
        0.064,
        -0.014,
        0.039,
        0.096,
        0.16,
        -0.043,
        0.025
      ],
      [
        0.001,
        0.114,
        0.04,
        -0.107,
        -0.043,
        0.002,
        0.092,
        0.102,
        0.074,
        0.064,
        1.0,
        0.249,
        0.006,
        -0.041,
        0.183,
        0.071,
        0.022
      ],
      [
        0.079,
        -0.056,
        -0.018,
        -0.264,
        -0.002,
        0.087,
        0.112,
        -0.132,
        0.161,
        -0.014,
        0.249,
        1.0,
        0.264,
        -0.02,
        0.028,
        0.517,
        -0.014
      ],
      [
        -0.141,
        -0.159,
        -0.091,
        -0.137,
        0.115,
        -0.014,
        0.056,
        0.08,
        0.017,
        0.039,
        0.006,
        0.264,
        1.0,
        -0.042,
        0.064,
        0.31,
        -0.07
      ],
      [
        0.143,
        0.055,
        0.727,
        0.008,
        0.051,
        0.031,
        -0.039,
        -0.052,
        -0.11,
        0.096,
        -0.041,
        -0.02,
        -0.042,
        1.0,
        0.083,
        0.047,
        0.037
      ],
      [
        0.158,
        0.34,
        0.079,
        -0.011,
        0.109,
        -0.038,
        -0.001,
        0.03,
        -0.031,
        0.16,
        0.183,
        0.028,
        0.064,
        0.083,
        1.0,
        0.149,
        -0.099
      ],
      [
        0.098,
        -0.053,
        0.017,
        -0.136,
        0.132,
        0.004,
        0.048,
        -0.119,
        0.059,
        -0.043,
        0.071,
        0.517,
        0.31,
        0.047,
        0.149,
        1.0,
        -0.12
      ],
      [
        -0.056,
        -0.021,
        0.079,
        0.077,
        0.039,
        -0.041,
        0.037,
        -0.048,
        0.062,
        0.025,
        0.022,
        -0.014,
        -0.07,
        0.037,
        -0.099,
        -0.12,
        1.0
      ]
    ]
  },
  "factor_correlation": {
    "factors": [
      "Market",
      "Size",
      "Value (SMID)",
      "Momentum",
      "Quality",
      "Profitability",
      "Liquidity",
      "Credit"
    ],
    "matrix": [
      [
        1.0,
        0.337,
        -0.503,
        0.409,
        -0.232,
        -0.543,
        0.329,
        0.174
      ],
      [
        0.337,
        1.0,
        -0.144,
        0.24,
        0.16,
        0.161,
        0.331,
        0.033
      ],
      [
        -0.503,
        -0.144,
        1.0,
        -0.528,
        0.301,
        0.58,
        -0.377,
        -0.128
      ],
      [
        0.409,
        0.24,
        -0.528,
        1.0,
        -0.217,
        -0.512,
        0.285,
        0.019
      ],
      [
        -0.232,
        0.16,
        0.301,
        -0.217,
        1.0,
        0.42,
        -0.221,
        -0.14
      ],
      [
        -0.543,
        0.161,
        0.58,
        -0.512,
        0.42,
        1.0,
        -0.278,
        -0.084
      ],
      [
        0.329,
        0.331,
        -0.377,
        0.285,
        -0.221,
        -0.278,
        1.0,
        0.156
      ],
      [
        0.174,
        0.033,
        -0.128,
        0.019,
        -0.14,
        -0.084,
        0.156,
        1.0
      ]
    ]
  },
  "factor_exposures": [
    {
      "ticker": "AVAV",
      "r_squared": 0.18058664402623648,
      "alpha_annual": -0.2926740677200411,
      "idio_vol_annual": 0.6678526913165496,
      "Market": 0.9416508438217546,
      "Size": 0.8202621231406146,
      "Value (SMID)": -2.153760778949523,
      "Momentum": -0.6114418932951395,
      "Quality": -1.0737135111534226,
      "Profitability": -0.041822392106422884,
      "Liquidity": 0.10597502704730974,
      "Credit": -1.6676641908556666
    },
    {
      "ticker": "BABA",
      "r_squared": 0.15140843694580286,
      "alpha_annual": -0.36072800204174804,
      "idio_vol_annual": 0.3979782958540658,
      "Market": 1.1932272872859941,
      "Size": 0.153120580488803,
      "Value (SMID)": 0.24606444895284602,
      "Momentum": -0.17288902232275738,
      "Quality": -0.19176462196413321,
      "Profitability": -0.23222002096260802,
      "Liquidity": 0.21953655051920215,
      "Credit": 1.009421960126061
    },
    {
      "ticker": "CEG",
      "r_squared": 0.2579308759937985,
      "alpha_annual": -0.42846456966505797,
      "idio_vol_annual": 0.40334278614688845,
      "Market": 0.7032921910054392,
      "Size": 0.38074564400072114,
      "Value (SMID)": -0.457450952165243,
      "Momentum": 0.6822097203958177,
      "Quality": -0.7004101550823618,
      "Profitability": -0.6448875676824339,
      "Liquidity": -0.4353777811607476,
      "Credit": -0.7538197980736339
    },
    {
      "ticker": "CMI",
      "r_squared": 0.5028499525340618,
      "alpha_annual": 0.29081635087218066,
      "idio_vol_annual": 0.23829452485179733,
      "Market": 1.223731517751826,
      "Size": 0.7837748980455473,
      "Value (SMID)": 0.3590210807355005,
      "Momentum": 0.7689128774378446,
      "Quality": 0.0689320946341559,
      "Profitability": -0.11714545843328317,
      "Liquidity": -0.33134118393488704,
      "Credit": 0.8598939028158402
    },
    {
      "ticker": "CRWV",
      "r_squared": 0.28984699345561127,
      "alpha_annual": -0.8718205175717323,
      "idio_vol_annual": 0.7960069614819267,
      "Market": 0.785654578126032,
      "Size": 0.676717641624279,
      "Value (SMID)": -2.128036303178291,
      "Momentum": 1.069606822217827,
      "Quality": -3.7901767565762112,
      "Profitability": -0.09681890107823027,
      "Liquidity": 0.4216726007820681,
      "Credit": 2.1115516100849288
    },
    {
      "ticker": "GENC",
      "r_squared": 0.33414742512339934,
      "alpha_annual": -0.4488889589066202,
      "idio_vol_annual": 0.326488357324629,
      "Market": 1.370292918247009,
      "Size": 1.2260576096007743,
      "Value (SMID)": 1.160453673988733,
      "Momentum": -0.07160103496192372,
      "Quality": -0.6235805284981709,
      "Profitability": 0.09693942216508084,
      "Liquidity": -0.17096453008336598,
      "Credit": 0.6306032181537015
    },
    {
      "ticker": "GRPN",
      "r_squared": 0.16337027312151464,
      "alpha_annual": -1.0495194543760176,
      "idio_vol_annual": 0.6278452434909074,
      "Market": 1.7959034534285547,
      "Size": 0.36450554640294613,
      "Value (SMID)": -0.8828025799089998,
      "Momentum": -0.13997945377931675,
      "Quality": -2.0110784281026066,
      "Profitability": 1.3730704029322156,
      "Liquidity": 0.16765650610000205,
      "Credit": 1.4501207146497501
    },
    {
      "ticker": "JAKK",
      "r_squared": 0.28670837194364784,
      "alpha_annual": -0.3492110663134869,
      "idio_vol_annual": 0.3593900700456497,
      "Market": 1.3719428854997477,
      "Size": 1.0041016214452254,
      "Value (SMID)": 0.8236268825063444,
      "Momentum": -0.42246211226774544,
      "Quality": 1.5901786034433292,
      "Profitability": -0.3233325894626583,
      "Liquidity": 0.3964696744062298,
      "Credit": -0.355459394215709
    },
    {
      "ticker": "KSPI",
      "r_squared": 0.2290698118015897,
      "alpha_annual": -0.29454482920724756,
      "idio_vol_annual": 0.31991381793039786,
      "Market": 1.2762436618137385,
      "Size": 0.3877587490986243,
      "Value (SMID)": -0.3212353563459297,
      "Momentum": -0.5595783485638124,
      "Quality": 0.1387493934009609,
      "Profitability": 0.12495826104796703,
      "Liquidity": 0.02288226043796776,
      "Credit": 0.4181919380661806
    },
    {
      "ticker": "OPEN",
      "r_squared": 0.12329602923363292,
      "alpha_annual": 1.4884167404305482,
      "idio_vol_annual": 1.3439774725396518,
      "Market": 2.8519622425843982,
      "Size": 1.3932155503107944,
      "Value (SMID)": -1.6562301799505506,
      "Momentum": -1.9159357656592182,
      "Quality": 0.7992765223383552,
      "Profitability": 0.9344199917859963,
      "Liquidity": 1.8388686094633635,
      "Credit": -3.3376097718206177
    },
    {
      "ticker": "PYPL",
      "r_squared": 0.3152146863268268,
      "alpha_annual": -0.7431717663924621,
      "idio_vol_annual": 0.3368120474289412,
      "Market": 1.9238382222581132,
      "Size": -0.4473680582962699,
      "Value (SMID)": -0.9223892351964662,
      "Momentum": -0.9151285866855873,
      "Quality": 1.58538809201585,
      "Profitability": 0.7758296166866803,
      "Liquidity": 0.4764944991194163,
      "Credit": -0.08107290780036543
    },
    {
      "ticker": "TENB",
      "r_squared": 0.1511717108979278,
      "alpha_annual": -0.3217603880558724,
      "idio_vol_annual": 0.40929027269802937,
      "Market": 1.5293306557315562,
      "Size": -0.1524436169905134,
      "Value (SMID)": -0.7904233779072825,
      "Momentum": -0.28582708599559925,
      "Quality": -0.513933205050499,
      "Profitability": 1.348215514748334,
      "Liquidity": -0.1942618911566521,
      "Credit": -0.2655761956006251
    },
    {
      "ticker": "VIA",
      "r_squared": 0.11680369038449212,
      "alpha_annual": -1.6289965640019326,
      "idio_vol_annual": 0.6806636600715797,
      "Market": 1.2012047051339951,
      "Size": 0.37228640418250436,
      "Value (SMID)": -1.3629771943660034,
      "Momentum": -1.1914593373104319,
      "Quality": -1.413471328606461,
      "Profitability": 0.6266525061039432,
      "Liquidity": 0.6108257259181926,
      "Credit": -0.830178111764151
    },
    {
      "ticker": "VST",
      "r_squared": 0.29846827284471,
      "alpha_annual": -0.43187450894248997,
      "idio_vol_annual": 0.40917682836439906,
      "Market": 0.5815802449088447,
      "Size": 0.7865235931592419,
      "Value (SMID)": -0.6847550328051983,
      "Momentum": 0.7383416032206289,
      "Quality": -1.8690044481266619,
      "Profitability": -0.5015884531340731,
      "Liquidity": -0.7648863693150745,
      "Credit": -0.641570152159058
    },
    {
      "ticker": "XNET",
      "r_squared": 0.18407358799537676,
      "alpha_annual": -0.5077285978470608,
      "idio_vol_annual": 0.6743367009674928,
      "Market": 1.7331334111262957,
      "Size": 0.26225669439592275,
      "Value (SMID)": -0.734051524033629,
      "Momentum": -0.34222736616808014,
      "Quality": 0.6605516115321607,
      "Profitability": 0.4760146646649022,
      "Liquidity": 1.388354950131894,
      "Credit": 2.3935935636436816
    },
    {
      "ticker": "ZS",
      "r_squared": 0.09110967096884204,
      "alpha_annual": -0.9489909942001495,
      "idio_vol_annual": 0.5975369916374522,
      "Market": 1.370334491683912,
      "Size": -0.4127136022494546,
      "Value (SMID)": -1.0679459493648578,
      "Momentum": -0.978771251865084,
      "Quality": -0.9459060854092228,
      "Profitability": 0.8751580422837498,
      "Liquidity": 0.18419838992268053,
      "Credit": 0.09559960240806115
    },
    {
      "ticker": "ZTS",
      "r_squared": 0.17219073602082013,
      "alpha_annual": -0.9279906146252227,
      "idio_vol_annual": 0.3435049175693992,
      "Market": 1.3753614425477898,
      "Size": 0.07846620914654256,
      "Value (SMID)": 0.021956771030286287,
      "Momentum": -0.22646854582165832,
      "Quality": 1.2591496675550387,
      "Profitability": 0.8503509570758919,
      "Liquidity": 0.08861607012610384,
      "Credit": -0.7160463733920037
    }
  ],
  "portfolio_factor_exposure": {
    "loadings": {
      "Market": 1.4327999409124084,
      "Size": 0.3447723862336234,
      "Value (SMID)": -0.6419841218509763,
      "Momentum": -0.3141896098569581,
      "Quality": -0.6255021248459103,
      "Profitability": 0.5623125890223581,
      "Liquidity": 0.23439951589949098,
      "Credit": 0.47536260536991276
    },
    "alpha_annual": -0.6423818704202666,
    "r_squared_weighted": 0.2094329936713008
  },
  "stress_tests": [
    {
      "scenario": "COVID Crash (Feb-Mar 2020)",
      "market_move": -0.339,
      "portfolio_impact": -0.5253839171539438,
