{
  "generated_at": "2026-06-12T11:53:04.063735Z",
  "market_session": "PRE",
  "fund_name": "Convex Capital",
  "tagline": "Lose small. Win big. \u2014 Paper-traded portfolio. Hypothetical performance for educational purposes only.",
  "summary": {
    "nav": 975672.41,
    "cash": 49780.460000000036,
    "equity": 925891.95,
    "deposits": 1000000.0,
    "total_return": -0.024327589999999955,
    "realized_pnl": 0.0,
    "open_positions": 17
  },
  "metrics": {
    "annualized_return": -0.2854960899192961,
    "annualized_vol": 0.2893062187942429,
    "sharpe": -0.9868301176143863,
    "sortino": -1.3380441156670162,
    "max_drawdown": -0.4241720391243855,
    "var_95_1d": -0.03699960606500928,
    "method": "Synthetic: current weights \u00d7 each holding's 252-day return history.",
    "beta_spy": 1.5402554938157924,
    "data_basis": "synthetic_252d",
    "days_of_live_nav": 9
  },
  "nav_curve": [
    {
      "date": "2026-06-01",
      "value": 999535.5471929932
    },
    {
      "date": "2026-06-02",
      "value": 1003702.1579735947
    },
    {
      "date": "2026-06-03",
      "value": 988372.6498535539
    },
    {
      "date": "2026-06-04",
      "value": 1000577.036630478
    },
    {
      "date": "2026-06-05",
      "value": 963339.0065281678
    },
    {
      "date": "2026-06-08",
      "value": 961906.7551830101
    },
    {
      "date": "2026-06-09",
      "value": 964461.0368127442
    },
    {
      "date": "2026-06-10",
      "value": 952382.1822161294
    },
    {
      "date": "2026-06-11",
      "value": 975672.4306797601
    }
  ],
  "drawdown_curve": [
    {
      "date": "2026-06-01",
      "value": 0.0
    },
    {
      "date": "2026-06-02",
      "value": 0.0
    },
    {
      "date": "2026-06-03",
      "value": -0.01527296519018161
    },
    {
      "date": "2026-06-04",
      "value": -0.0031135943250596826
    },
    {
      "date": "2026-06-05",
      "value": -0.04021427185821478
    },
    {
      "date": "2026-06-08",
      "value": -0.041641240340627175
    },
    {
      "date": "2026-06-09",
      "value": -0.03909638018520915
    },
    {
      "date": "2026-06-10",
      "value": -0.051130681895789516
    },
    {
      "date": "2026-06-11",
      "value": -0.027926339573110765
    }
  ],
  "benchmarks": {
    "SPY": [
      {
        "date": "2026-06-01",
        "value": 0.0
      },
      {
        "date": "2026-06-02",
        "value": 0.0013579103629497435
      },
      {
        "date": "2026-06-03",
        "value": -0.005668768842152949
      },
      {
        "date": "2026-06-04",
        "value": -0.0019115026417536596
      },
      {
        "date": "2026-06-05",
        "value": -0.027671567540792585
      },
      {
        "date": "2026-06-08",
        "value": -0.02546999220062507
      },
      {
        "date": "2026-06-09",
        "value": -0.028330728579740505
      },
      {
        "date": "2026-06-10",
        "value": -0.04364962468776956
      },
      {
        "date": "2026-06-11",
        "value": -0.02739469093739666
      }
    ],
    "IWM": [
      {
        "date": "2026-06-01",
        "value": 0.0
      },
      {
        "date": "2026-06-02",
        "value": 0.009273972502921835
      },
      {
        "date": "2026-06-03",
        "value": -0.004533177066893157
      },
      {
        "date": "2026-06-04",
        "value": 0.010485150059186044
      },
      {
        "date": "2026-06-05",
        "value": -0.02536513534214846
      },
      {
        "date": "2026-06-08",
        "value": -0.01685246539421037
      },
      {
        "date": "2026-06-09",
        "value": -0.01370344598970763
      },
      {
        "date": "2026-06-10",
        "value": -0.023980977679758042
      },
      {
        "date": "2026-06-11",
        "value": 0.004948413805164309
      }
    ]
  },
  "holdings": [
    {
      "ticker": "GRPN",
      "company": "Groupon, Inc.",
      "sector": "Communication Services",
      "country": "United States",
      "shares": 11310.0,
      "price": 16.87,
      "cost_basis": 17.682836427939876,
      "market_value": 190799.7,
      "unrealized_pnl": -9193.17999999998,
      "short_percent_of_float": 0.56310004,
      "short_ratio": 5.75
    },
    {
      "ticker": "KSPI",
      "company": "Joint Stock Company Kaspi.kz",
      "sector": "Technology",
      "country": "Kazakhstan",
      "shares": 1515.0,
      "price": 82.33,
      "cost_basis": 82.53049504950495,
      "market_value": 124729.95,
      "unrealized_pnl": -303.75000000000125,
      "short_percent_of_float": 0.0159,
      "short_ratio": 3.24
    },
    {
      "ticker": "TENB",
      "company": "Tenable Holdings, Inc.",
      "sector": "Technology",
      "country": "United States",
      "shares": 2916.0,
      "price": 26.87,
      "cost_basis": 25.719999999999995,
      "market_value": 78352.92,
      "unrealized_pnl": 3353.4000000000165,
      "short_percent_of_float": 0.129,
      "short_ratio": 3.05
    },
    {
      "ticker": "JAKK",
      "company": "JAKKS Pacific, Inc.",
      "sector": "Consumer Cyclical",
      "country": "United States",
      "shares": 3436.0,
      "price": 22.35,
      "cost_basis": 21.83,
      "market_value": 76794.6,
      "unrealized_pnl": 1786.7200000000107,
      "short_percent_of_float": 0.039100002,
      "short_ratio": 7.32
    },
    {
      "ticker": "VIA",
      "company": "Via Transportation, Inc.",
      "sector": "Technology",
      "country": "United States",
      "shares": 4921.0,
      "price": 14.76,
      "cost_basis": 15.241408250355619,
      "market_value": 72633.95999999999,
      "unrealized_pnl": -2369.010000000001,
      "short_percent_of_float": 0.13520001,
      "short_ratio": 6.88
    },
    {
      "ticker": "ZS",
      "company": "Zscaler, Inc.",
      "sector": "Technology",
      "country": "United States",
      "shares": 549.0,
      "price": 126.11,
      "cost_basis": 136.8013843351548,
      "market_value": 69234.39,
      "unrealized_pnl": -5869.56999999999,
      "short_percent_of_float": 0.114700004,
      "short_ratio": 2.09
    },
    {
      "ticker": "XNET",
      "company": "Xunlei Limited",
      "sector": "Technology",
      "country": "China",
      "shares": 10526.0,
      "price": 5.17,
      "cost_basis": 4.75,
      "market_value": 54419.42,
      "unrealized_pnl": 4420.919999999999,
      "short_percent_of_float": 0.0377,
      "short_ratio": 6.03
    },
    {
      "ticker": "CMI",
      "company": "Cummins Inc.",
      "sector": "Industrials",
      "country": "United States",
      "shares": 78.0,
      "price": 655.69,
      "cost_basis": 643.5,
      "market_value": 51143.82000000001,
      "unrealized_pnl": 950.8200000000043,
      "short_percent_of_float": 0.0171,
      "short_ratio": 2.07
    },
    {
      "ticker": "CRWV",
      "company": "CoreWeave, Inc.",
      "sector": "Technology",
      "country": "United States",
      "shares": 468.0,
      "price": 95.74,
      "cost_basis": 106.78134615384614,
      "market_value": 44806.32,
      "unrealized_pnl": -5167.349999999998,
      "short_percent_of_float": 0.18190001,
      "short_ratio": 1.91
    },
    {
      "ticker": "PYPL",
      "company": "PayPal Holdings, Inc.",
      "sector": "Financial Services",
      "country": "United States",
      "shares": 830.0,
      "price": 41.24,
      "cost_basis": 45.19,
      "market_value": 34229.200000000004,
      "unrealized_pnl": -3278.4999999999964,
      "short_percent_of_float": 0.0626,
      "short_ratio": 3.16
    },
    {
      "ticker": "BABA",
      "company": "Alibaba Group Holding Limited",
      "sector": "Consumer Cyclical",
      "country": "China",
      "shares": 299.0,
      "price": 112.69,
      "cost_basis": 125.39999999999999,
      "market_value": 33694.31,
      "unrealized_pnl": -3800.289999999998,
      "short_percent_of_float": 0.0165,
      "short_ratio": 3.21
    },
    {
      "ticker": "ZTS",
      "company": "Zoetis Inc.",
      "sector": "Healthcare",
      "country": "United States",
      "shares": 312.0,
      "price": 81.4,
      "cost_basis": 80.09,
      "market_value": 25396.800000000003,
      "unrealized_pnl": 408.7200000000007,
      "short_percent_of_float": 0.0363,
      "short_ratio": 1.45
    },
    {
      "ticker": "AVAV",
      "company": "AeroVironment, Inc.",
      "sector": "Industrials",
      "country": "United States",
      "shares": 122.0,
      "price": 183.69,
      "cost_basis": 204.09,
      "market_value": 22410.18,
      "unrealized_pnl": -2488.8000000000006,
      "short_percent_of_float": 0.120699994,
      "short_ratio": 3.48
    },
    {
      "ticker": "GENC",
      "company": "Gencor Industries, Inc.",
      "sector": "Industrials",
      "country": "United States",
      "shares": 873.0,
      "price": 14.88,
      "cost_basis": 14.32,
      "market_value": 12990.24,
      "unrealized_pnl": 488.88000000000045,
      "short_percent_of_float": 0.0064,
      "short_ratio": 2.39
    },
    {
      "ticker": "VST",
      "company": "Vistra Corp.",
      "sector": "Utilities",
      "country": "United States",
      "shares": 81.0,
      "price": 146.38,
      "cost_basis": 154.76,
      "market_value": 11856.779999999999,
      "unrealized_pnl": -678.7799999999996,
      "short_percent_of_float": 0.0539,
      "short_ratio": 2.73
    },
    {
      "ticker": "CEG",
      "company": "Constellation Energy Corporation",
      "sector": "Utilities",
      "country": "United States",
      "shares": 47.0,
      "price": 246.71,
      "cost_basis": 265.7,
      "market_value": 11595.37,
      "unrealized_pnl": -892.5299999999991,
      "short_percent_of_float": 0.036,
      "short_ratio": 3.46
    },
    {
      "ticker": "OPEN",
      "company": "Opendoor Technologies Inc.",
      "sector": "Real Estate",
      "country": "United States",
      "shares": 2417.0,
      "price": 4.47,
      "cost_basis": 5.171402565163425,
      "market_value": 10803.99,
      "unrealized_pnl": -1695.2899999999988,
      "short_percent_of_float": 0.16149999,
      "short_ratio": 3.77
    }
  ],
  "sector_exposure": [
    {
      "name": "Technology",
      "value": 444176.95999999996,
      "pct": 0.4552521475932685
    },
    {
      "name": "Communication Services",
      "value": 190799.7,
      "pct": 0.1955571337719799
    },
    {
      "name": "Consumer Cyclical",
      "value": 110488.91,
      "pct": 0.11324386020098692
    },
    {
      "name": "Industrials",
      "value": 86544.24,
      "pct": 0.08870214952578193
    },
    {
      "name": "Cash",
      "value": 49780.460000000036,
      "pct": 0.0510216948739998
    },
    {
      "name": "Financial Services",
      "value": 34229.200000000004,
      "pct": 0.03508267698171357
    },
    {
      "name": "Healthcare",
      "value": 25396.800000000003,
      "pct": 0.026030048343787852
    },
    {
      "name": "Utilities",
      "value": 23452.15,
      "pct": 0.02403691009362456
    },
    {
      "name": "Real Estate",
      "value": 10803.99,
      "pct": 0.011073378614857009
    }
  ],
  "geographic_exposure": [
    {
      "name": "United States",
      "value": 713048.27,
      "pct": 0.7308275428224931
    },
    {
      "name": "Kazakhstan",
      "value": 124729.95,
      "pct": 0.12783998883395709
    },
    {
      "name": "China",
      "value": 88113.73,
      "pct": 0.09031077346955009
    },
    {
      "name": "Cash",
      "value": 49780.460000000036,
      "pct": 0.0510216948739998
    }
  ],
  "signals": [
    {
      "ticker": "AVAV",
      "label": "NEUTRAL",
      "composite": 0.0,
      "rsi": 49.4,
      "subs": {
        "rsi": 0.5,
        "macd": -0.5,
        "trend": -0.5,
        "bb": 0.5,
        "vol": 0.0,
        "range": 0.0
      }
    },
    {
      "ticker": "BABA",
      "label": "STRONG SELL",
      "composite": -2.0,
      "rsi": 30.2,
      "subs": {
        "rsi": 0.0,
        "macd": -0.5,
        "trend": -0.5,
        "bb": -0.5,
        "vol": 0.0,
        "range": -0.5
      }
    },
    {
      "ticker": "CEG",
      "label": "STRONG SELL",
      "composite": -2.0,
      "rsi": 35.3,
      "subs": {
        "rsi": 0.0,
        "macd": -0.5,
        "trend": -0.5,
        "bb": -0.5,
        "vol": 0.0,
        "range": -0.5
      }
    },
    {
      "ticker": "CMI",
      "label": "LEAN BEAR",
      "composite": -0.5,
      "rsi": 49.2,
      "subs": {
        "rsi": 0.5,
        "macd": -0.5,
        "trend": 0.5,
        "bb": -0.5,
        "vol": 0.0,
        "range": -0.5
      }
    },
    {
      "ticker": "CRWV",
      "label": "SELL",
      "composite": -1.5,
      "rsi": 40.6,
      "subs": {
        "rsi": 0.0,
        "macd": -0.5,
        "trend": 0.0,
        "bb": -0.5,
        "vol": 0.0,
        "range": -0.5
      }
    },
    {
      "ticker": "GENC",
      "label": "STRONG BUY",
      "composite": 2.0,
      "rsi": 52.7,
      "subs": {
        "rsi": 0.5,
        "macd": 0.5,
        "trend": 0.5,
        "bb": 0.5,
        "vol": 0.0,
        "range": 0.0
      }
    },
    {
      "ticker": "GRPN",
      "label": "SELL",
      "composite": -1.0,
      "rsi": 48.2,
      "subs": {
        "rsi": 0.5,
        "macd": -0.5,
        "trend": 0.0,
        "bb": -0.5,
        "vol": 0.0,
        "range": -0.5
      }
    },
    {
      "ticker": "JAKK",
      "label": "BUY",
      "composite": 1.5,
      "rsi": 56.8,
      "subs": {
        "rsi": 0.5,
        "macd": 0.5,
        "trend": 0.5,
        "bb": 0.5,
        "vol": -0.5,
        "range": 0.0
      }
    },
    {
      "ticker": "KSPI",
      "label": "SELL",
      "composite": -1.5,
      "rsi": 43.0,
      "subs": {
        "rsi": 0.0,
        "macd": -0.5,
        "trend": 0.0,
        "bb": -0.5,
        "vol": 0.0,
        "range": -0.5
      }
    },
    {
      "ticker": "OPEN",
      "label": "STRONG SELL",
      "composite": -2.0,
      "rsi": 43.5,
      "subs": {
        "rsi": 0.0,
        "macd": -0.5,
        "trend": -0.5,
        "bb": -0.5,
        "vol": 0.0,
        "range": -0.5
      }
    },
    {
      "ticker": "PYPL",
      "label": "STRONG SELL",
      "composite": -2.0,
      "rsi": 32.8,
      "subs": {
        "rsi": 0.0,
        "macd": -0.5,
        "trend": -0.5,
        "bb": -0.5,
        "vol": 0.0,
        "range": -0.5
      }
    },
    {
      "ticker": "TENB",
      "label": "LEAN BULL",
      "composite": 0.5,
      "rsi": 57.2,
      "subs": {
        "rsi": 0.5,
        "macd": -0.5,
        "trend": 0.0,
        "bb": 0.5,
        "vol": 0.0,
        "range": 0.0
      }
    },
    {
      "ticker": "VIA",
      "label": "NEUTRAL",
      "composite": 0.0,
      "rsi": 46.8,
      "subs": {
        "rsi": 0.5,
        "macd": 0.5,
        "trend": -0.5,
        "bb": -0.5,
        "vol": 0.0,
        "range": 0.0
      }
    },
    {
      "ticker": "VST",
      "label": "SELL",
      "composite": -1.0,
      "rsi": 45.4,
      "subs": {
        "rsi": 0.5,
        "macd": -0.5,
        "trend": -0.5,
        "bb": -0.5,
        "vol": 0.0,
        "range": 0.0
      }
    },
    {
      "ticker": "XNET",
      "label": "SELL",
      "composite": -1.0,
      "rsi": 42.8,
      "subs": {
        "rsi": 0.0,
        "macd": -0.5,
        "trend": -0.5,
        "bb": -0.5,
        "vol": 0.5,
        "range": 0.0
      }
    },
    {
      "ticker": "ZS",
      "label": "STRONG SELL",
      "composite": -2.5,
      "rsi": 40.5,
      "subs": {
        "rsi": 0.0,
        "macd": -0.5,
        "trend": -0.5,
        "bb": -0.5,
        "vol": -0.5,
        "range": -0.5
      }
    },
    {
      "ticker": "ZTS",
      "label": "BUY",
      "composite": 1.0,
      "rsi": 40.7,
      "subs": {
        "rsi": 0.0,
        "macd": 0.5,
        "trend": -0.5,
        "bb": 0.5,
        "vol": 0.0,
        "range": 0.5
      }
    }
  ],
  "volatility": [
    {
      "ticker": "AVAV",
      "hv20": 0.9105875371108137,
      "garch": 0.7386212934063845,
      "expansion": -0.1888519628217818,
      "regime": "HIGH",
      "signal": "WEAK"
    },
    {
      "ticker": "BABA",
      "hv20": 0.3545303952372471,
      "garch": 0.42713159086906716,
      "expansion": 0.20478130114411283,
      "regime": "NORMAL",
      "signal": "SIGNAL"
    },
    {
      "ticker": "CEG",
      "hv20": 0.5290508093606094,
      "garch": 0.5605997466334018,
      "expansion": 0.05963309518592597,
      "regime": "HIGH",
      "signal": "WEAK"
    },
    {
      "ticker": "CMI",
      "hv20": 0.48542921379597564,
      "garch": 0.4281367291122513,
      "expansion": -0.11802438554471545,
      "regime": "EXTREME",
      "signal": "WEAK"
    },
    {
      "ticker": "CRWV",
      "hv20": 0.7726465153048029,
      "garch": 0.9407520376842309,
      "expansion": 0.21757106134505985,
      "regime": "LOW",
      "signal": "SIGNAL"
    },
    {
      "ticker": "GENC",
      "hv20": 0.3672688857720435,
      "garch": 0.40583860788267434,
      "expansion": 0.1050176685388218,
      "regime": "NORMAL",
      "signal": "BASE"
    },
    {
      "ticker": "GRPN",
      "hv20": 0.8590738710886252,
      "garch": 0.7947204897531505,
      "expansion": -0.07491018351416699,
      "regime": "HIGH",
      "signal": "WEAK"
    },
    {
      "ticker": "JAKK",
      "hv20": 0.2193620327166289,
      "garch": 0.46384856613758263,
      "expansion": 1.1145344086812896,
      "regime": "LOW",
      "signal": "SIGNAL"
    },
    {
      "ticker": "KSPI",
      "hv20": 0.32343608086861575,
      "garch": 0.54153952019769,
      "expansion": 0.6743324329905881,
      "regime": "HIGH",
      "signal": "SIGNAL"
    },
    {
      "ticker": "OPEN",
      "hv20": 0.731304763614079,
      "garch": 0.8310942910991013,
      "expansion": 0.13645409198740394,
      "regime": "LOW",
      "signal": "BASE"
    },
    {
      "ticker": "PYPL",
      "hv20": 0.24595410278600144,
      "garch": 0.4177755260359811,
      "expansion": 0.6985914091438321,
      "regime": "LOW",
      "signal": "SIGNAL"
    },
    {
      "ticker": "TENB",
      "hv20": 0.6903856631043858,
      "garch": 0.5136040557462898,
      "expansion": -0.2560621067407171,
      "regime": "EXTREME",
      "signal": "WEAK"
    },
    {
      "ticker": "VIA",
      "hv20": 0.7341718864460732,
      "garch": null,
      "expansion": null,
      "regime": "NORMAL",
      "signal": "WEAK"
    },
    {
      "ticker": "VST",
      "hv20": 0.5367965289451325,
      "garch": 0.5857717877360202,
      "expansion": 0.09123616892070777,
      "regime": "HIGH",
      "signal": "WEAK"
    },
    {
      "ticker": "XNET",
      "hv20": 0.7009698476536673,
      "garch": 0.7274606947856757,
      "expansion": 0.03779170704799964,
      "regime": "HIGH",
      "signal": "WEAK"
    },
    {
      "ticker": "ZS",
      "hv20": 1.5705239644427613,
      "garch": 0.39051466918201827,
      "expansion": -0.7513475260337228,
      "regime": "EXTREME",
      "signal": "WEAK"
    },
    {
      "ticker": "ZTS",
      "hv20": 0.29165828465163657,
      "garch": 0.3142525094750501,
      "expansion": 0.07746813998580779,
      "regime": "HIGH",
      "signal": "WEAK"
    }
  ],
  "correlation": {
    "tickers": [
      "AVAV",
      "BABA",
      "CEG",
      "CMI",
      "CRWV",
      "GENC",
      "GRPN",
      "JAKK",
      "KSPI",
      "OPEN",
      "PYPL",
      "TENB",
      "VIA",
      "VST",
      "XNET",
      "ZS",
      "ZTS"
    ],
    "matrix": [
      [
        1.0,
        0.129,
        0.266,
        0.257,
        0.309,
        0.096,
        0.236,
        0.084,
        0.111,
        0.332,
        0.202,
        0.194,
        0.034,
        0.31,
        0.333,
        0.177,
        0.061
      ],
      [
        0.129,
        1.0,
        0.186,
        0.339,
        0.354,
        0.133,
        0.191,
        0.114,
        0.202,
        0.19,
        0.245,
        0.062,
        -0.039,
        0.228,
        0.468,
        0.038,
        0.077
      ],
      [
        0.266,
        0.186,
        1.0,
        0.323,
        0.219,
        0.151,
        0.088,
        0.09,
        0.056,
        0.186,
        0.129,
        0.061,
        0.005,
        0.796,
        0.248,
        0.042,
        0.124
      ],
      [
        0.257,
        0.339,
        0.323,
        1.0,
        0.365,
        0.358,
        0.198,
        0.149,
        0.238,
        0.186,
        0.077,
        -0.053,
        0.005,
        0.345,
        0.311,
        -0.05,
        0.197
      ],
      [
        0.309,
        0.354,
        0.219,
        0.365,
        1.0,
        0.119,
        0.165,
        0.059,
        0.133,
        0.238,
        0.132,
        0.12,
        0.224,
        0.309,
        0.367,
        0.183,
        0.082
      ],
      [
        0.096,
        0.133,
        0.151,
        0.358,
        0.119,
        1.0,
        0.162,
        0.315,
        0.153,
        0.13,
        0.1,
        0.164,
        0.065,
        0.174,
        0.167,
        0.051,
        0.156
      ],
      [
        0.236,
        0.191,
        0.088,
        0.198,
        0.165,
        0.162,
        1.0,
        0.153,
        0.337,
        0.302,
        0.266,
        0.249,
        0.177,
        0.128,
        0.227,
        0.148,
        0.165
      ],
      [
        0.084,
        0.114,
        0.09,
        0.149,
        0.059,
        0.315,
        0.153,
        1.0,
        0.109,
        0.139,
        0.215,
        -0.035,
        0.143,
        0.063,
        0.199,
        -0.051,
        0.138
      ],
      [
        0.111,
        0.202,
        0.056,
        0.238,
        0.133,
        0.153,
        0.337,
        0.109,
        1.0,
        0.244,
        0.254,
        0.265,
        0.151,
        0.099,
        0.198,
        0.159,
        0.19
      ],
      [
        0.332,
        0.19,
        0.186,
        0.186,
        0.238,
        0.13,
        0.302,
        0.139,
        0.244,
        1.0,
        0.237,
        0.119,
        0.164,
        0.253,
        0.341,
        0.063,
        0.163
      ],
      [
        0.202,
        0.245,
        0.129,
        0.077,
        0.132,
        0.1,
        0.266,
        0.215,
        0.254,
        0.237,
        1.0,
        0.36,
        0.158,
        0.072,
        0.328,
        0.206,
        0.172
      ],
      [
        0.194,
        0.062,
        0.061,
        -0.053,
        0.12,
        0.164,
        0.249,
        -0.035,
        0.265,
        0.119,
        0.36,
        1.0,
        0.336,
        0.075,
        0.161,
        0.561,
        0.092
      ],
      [
        0.034,
        -0.039,
        0.005,
        0.005,
        0.224,
        0.065,
        0.177,
        0.143,
        0.151,
        0.164,
        0.158,
        0.336,
        1.0,
        0.059,
        0.19,
        0.369,
        0.022
      ],
      [
        0.31,
        0.228,
        0.796,
        0.345,
        0.309,
        0.174,
        0.128,
        0.063,
        0.099,
        0.253,
        0.072,
        0.075,
        0.059,
        1.0,
        0.273,
        0.073,
        0.093
      ],
      [
        0.333,
        0.468,
        0.248,
        0.311,
        0.367,
        0.167,
        0.227,
        0.199,
        0.198,
        0.341,
        0.328,
        0.161,
        0.19,
        0.273,
        1.0,
        0.22,
        0.044
      ],
      [
        0.177,
        0.038,
        0.042,
        -0.05,
        0.183,
        0.051,
        0.148,
        -0.051,
        0.159,
        0.063,
        0.206,
        0.561,
        0.369,
        0.073,
        0.22,
        1.0,
        -0.036
      ],
      [
        0.061,
        0.077,
        0.124,
        0.197,
        0.082,
        0.156,
        0.165,
        0.138,
        0.19,
        0.163,
        0.172,
        0.092,
        0.022,
        0.093,
        0.044,
        -0.036,
        1.0
      ]
    ]
  },
  "residual_correlation": {
    "tickers": [
      "AVAV",
      "BABA",
      "CEG",
      "CMI",
      "CRWV",
      "GENC",
      "GRPN",
      "JAKK",
      "KSPI",
      "OPEN",
      "PYPL",
      "TENB",
      "VIA",
      "VST",
      "XNET",
      "ZS",
      "ZTS"
    ],
    "matrix": [
      [
        1.0,
        -0.018,
        0.111,
        0.057,
        0.114,
        -0.037,
        0.08,
        -0.058,
        -0.104,
        0.147,
        0.009,
        0.08,
        -0.138,
        0.146,
        0.158,
        0.104,
        -0.062
      ],
      [
        -0.018,
        1.0,
        0.018,
        0.11,
        0.194,
        -0.072,
        0.021,
        -0.044,
        0.02,
        0.041,
        0.118,
        -0.053,
        -0.163,
        0.056,
        0.336,
        -0.055,
        -0.019
      ],
      [
        0.111,
        0.018,
        1.0,
        0.04,
        -0.034,
        0.035,
        -0.061,
        -0.013,
        -0.131,
        0.029,
        0.036,
        -0.017,
        -0.095,
        0.727,
        0.079,
        0.013,
        0.084
      ],
      [
        0.057,
        0.11,
        0.04,
        1.0,
        0.087,
        0.071,
        -0.068,
        -0.143,
        -0.033,
        -0.084,
        -0.107,
        -0.271,
        -0.129,
        0.009,
        -0.005,
        -0.13,
        0.068
      ],
      [
        0.114,
        0.194,
        -0.034,
        0.087,
        1.0,
        0.023,
        -0.044,
        -0.032,
        -0.099,
        0.029,
        -0.047,
        0.0,
        0.109,
        0.051,
        0.104,
        0.127,
        0.047
      ],
      [
        -0.037,
        -0.072,
        0.035,
        0.071,
        0.023,
        1.0,
        -0.028,
        0.064,
        -0.083,
        -0.072,
        0.004,
        0.086,
        -0.011,
        0.031,
        -0.038,
        0.007,
        -0.045
      ],
      [
        0.08,
        0.021,
        -0.061,
        -0.068,
        -0.044,
        -0.028,
        1.0,
        0.009,
        0.165,
        0.111,
        0.093,
        0.113,
        0.056,
        -0.039,
        -0.005,
        0.048,
        0.038
      ],
      [
        -0.058,
        -0.044,
        -0.013,
        -0.143,
        -0.032,
        0.064,
        0.009,
        1.0,
        -0.095,
        -0.025,
        0.102,
        -0.133,
        0.081,
        -0.052,
        0.028,
        -0.118,
        -0.048
      ],
      [
        -0.104,
        0.02,
        -0.131,
        -0.033,
        -0.099,
        -0.083,
        0.165,
        -0.095,
        1.0,
        0.063,
        0.078,
        0.158,
        0.025,
        -0.11,
        -0.024,
        0.066,
        0.054
      ],
      [
        0.147,
        0.041,
        0.029,
        -0.084,
        0.029,
        -0.072,
        0.111,
        -0.025,
        0.063,
        1.0,
        0.064,
        -0.015,
        0.041,
        0.098,
        0.161,
        -0.041,
        0.024
      ],
      [
        0.009,
        0.118,
        0.036,
        -0.107,
        -0.047,
        0.004,
        0.093,
        0.102,
        0.078,
        0.064,
        1.0,
        0.25,
        0.003,
        -0.043,
        0.183,
        0.068,
        0.025
      ],
      [
        0.08,
        -0.053,
        -0.017,
        -0.271,
        0.0,
        0.086,
        0.113,
        -0.133,
        0.158,
        -0.015,
        0.25,
        1.0,
        0.269,
        -0.021,
        0.031,
        0.522,
        -0.018
      ],
      [
        -0.138,
        -0.163,
        -0.095,
        -0.129,
        0.109,
        -0.011,
        0.056,
        0.081,
        0.025,
        0.041,
        0.003,
        0.269,
        1.0,
        -0.042,
        0.061,
        0.305,
        -0.063
      ],
      [
        0.146,
        0.056,
        0.727,
        0.009,
        0.051,
        0.031,
        -0.039,
        -0.052,
        -0.11,
        0.098,
        -0.043,
        -0.021,
        -0.042,
        1.0,
        0.083,
        0.047,
        0.038
      ],
      [
        0.158,
        0.336,
        0.079,
        -0.005,
        0.104,
        -0.038,
        -0.005,
        0.028,
        -0.024,
        0.161,
        0.183,
        0.031,
        0.061,
        0.083,
        1.0,
        0.144,
        -0.097
      ],
      [
        0.104,
        -0.055,
        0.013,
        -0.13,
        0.127,
        0.007,
        0.048,
        -0.118,
        0.066,
        -0.041,
        0.068,
        0.522,
        0.305,
        0.047,
        0.144,
        1.0,
        -0.114
      ],
      [
        -0.062,
        -0.019,
        0.084,
        0.068,
        0.047,
        -0.045,
        0.038,
        -0.048,
        0.054,
        0.024,
        0.025,
        -0.018,
        -0.063,
        0.038,
        -0.097,
        -0.114,
        1.0
      ]
    ]
  },
  "factor_correlation": {
    "factors": [
      "Market",
      "Size",
      "Value (SMID)",
      "Momentum",
      "Quality",
      "Profitability",
      "Liquidity",
      "Credit"
    ],
    "matrix": [
      [
        1.0,
        0.352,
        -0.491,
        0.4,
        -0.211,
        -0.534,
        0.325,
        0.17
      ],
      [
        0.352,
        1.0,
        -0.164,
        0.246,
        0.149,
        0.15,
        0.337,
        0.044
      ],
      [
        -0.491,
        -0.164,
        1.0,
        -0.534,
        0.28,
        0.568,
        -0.376,
        -0.125
      ],
      [
        0.4,
        0.246,
        -0.534,
        1.0,
        -0.209,
        -0.513,
        0.285,
        0.015
      ],
      [
        -0.211,
        0.149,
        0.28,
        -0.209,
        1.0,
        0.405,
        -0.216,
        -0.134
      ],
      [
        -0.534,
        0.15,
        0.568,
        -0.513,
        0.405,
        1.0,
        -0.275,
        -0.08
      ],
      [
        0.325,
        0.337,
        -0.376,
        0.285,
        -0.216,
        -0.275,
        1.0,
        0.154
      ],
      [
        0.17,
        0.044,
        -0.125,
        0.015,
        -0.134,
        -0.08,
        0.154,
        1.0
      ]
    ]
  },
  "factor_exposures": [
    {
      "ticker": "AVAV",
      "r_squared": 0.18172922915217837,
      "alpha_annual": -0.21811690464819444,
      "idio_vol_annual": 0.6638809318526045,
      "Market": 1.0388706189927117,
      "Size": 0.7503748020613201,
      "Value (SMID)": -2.1274022603555722,
      "Momentum": -0.5324193166064186,
      "Quality": -1.2293873281877084,
      "Profitability": 0.052529128403765835,
      "Liquidity": 0.10192774399368984,
      "Credit": -1.655860143489433
    },
    {
      "ticker": "BABA",
      "r_squared": 0.15431716372086968,
      "alpha_annual": -0.3555402084834642,
      "idio_vol_annual": 0.3976806453376049,
      "Market": 1.2085054944872518,
      "Size": 0.14195750551310699,
      "Value (SMID)": 0.22023770088261452,
      "Momentum": -0.17196152418642585,
      "Quality": -0.24955937460075023,
      "Profitability": -0.22478079509985877,
      "Liquidity": 0.2112490297802428,
      "Credit": 1.0567625369389544
    },
    {
      "ticker": "CEG",
      "r_squared": 0.25198936667283167,
      "alpha_annual": -0.41671359154448406,
      "idio_vol_annual": 0.4037725311041222,
      "Market": 0.7155628959141452,
      "Size": 0.36058120425591916,
      "Value (SMID)": -0.4799212768761847,
      "Momentum": 0.643401842841678,
      "Quality": -0.690488964237273,
      "Profitability": -0.6552070917764244,
      "Liquidity": -0.42384434906110025,
      "Credit": -0.8717193319844958
    },
    {
      "ticker": "CMI",
      "r_squared": 0.5022857960856338,
      "alpha_annual": 0.2871016014908094,
      "idio_vol_annual": 0.23762113119015268,
      "Market": 1.2279699411548828,
      "Size": 0.7894730677587157,
      "Value (SMID)": 0.4042339675169379,
      "Momentum": 0.7879136681600734,
      "Quality": 0.10231792613245733,
      "Profitability": -0.10753514493599817,
      "Liquidity": -0.328198837620174,
      "Credit": 0.8638540281172457
    },
    {
      "ticker": "CRWV",
      "r_squared": 0.28479944837526194,
      "alpha_annual": -0.9070721569507936,
      "idio_vol_annual": 0.7957127033987151,
      "Market": 0.7933783934153182,
      "Size": 0.6723639465417014,
      "Value (SMID)": -2.185584440641326,
      "Momentum": 0.9794443761184715,
      "Quality": -3.786299083362305,
      "Profitability": -0.14641548290467454,
      "Liquidity": 0.41938788207843763,
      "Credit": 2.09786961639842
    },
    {
      "ticker": "GENC",
      "r_squared": 0.3346028897005955,
      "alpha_annual": -0.4286511619586971,
      "idio_vol_annual": 0.32641881880976664,
      "Market": 1.3922488054955524,
      "Size": 1.2080234866051347,
      "Value (SMID)": 1.171395777779478,
      "Momentum": -0.057772578211713554,
      "Quality": -0.6436267398837912,
      "Profitability": 0.11736831092975253,
      "Liquidity": -0.16720605818782586,
      "Credit": 0.596568622627262
    },
    {
      "ticker": "GRPN",
      "r_squared": 0.16126927949351788,
      "alpha_annual": -1.0304809713159522,
      "idio_vol_annual": 0.6279668969236311,
      "Market": 1.7992866483306402,
      "Size": 0.35299647377986554,
      "Value (SMID)": -0.8994700233586617,
      "Momentum": -0.13458199298005902,
      "Quality": -2.035967551191471,
      "Profitability": 1.3822014002805714,
      "Liquidity": 0.16980917832146303,
      "Credit": 1.4156006676140993
    },
    {
      "ticker": "JAKK",
      "r_squared": 0.28404915631596017,
      "alpha_annual": -0.3380967552839286,
      "idio_vol_annual": 0.3602299787989199,
      "Market": 1.355032560031781,
      "Size": 1.0089291628320307,
      "Value (SMID)": 0.8160795973827786,
      "Momentum": -0.4057267643018776,
      "Quality": 1.586603018674832,
      "Profitability": -0.31864290762669595,
      "Liquidity": 0.39714257223210436,
      "Credit": -0.36466384056086154
    },
    {
      "ticker": "KSPI",
      "r_squared": 0.225075603826974,
      "alpha_annual": -0.2697007634022799,
      "idio_vol_annual": 0.31934630007161185,
      "Market": 1.2918373822383935,
      "Size": 0.37589558057438216,
      "Value (SMID)": -0.2795040161821567,
      "Momentum": -0.5236856897154905,
      "Quality": 0.14635999617953002,
      "Profitability": 0.15481511928583572,
      "Liquidity": 0.030884512060993297,
      "Credit": 0.3697405103581703
    },
    {
      "ticker": "OPEN",
      "r_squared": 0.12188017054242262,
      "alpha_annual": 1.4624934860614622,
      "idio_vol_annual": 1.3444038594896681,
      "Market": 2.806545781680711,
      "Size": 1.4328012845215008,
      "Value (SMID)": -1.648398163856669,
      "Momentum": -1.8939529326156344,
      "Quality": 0.8273589113973909,
      "Profitability": 0.9205213186888673,
      "Liquidity": 1.82904397291667,
      "Credit": -3.232675807779809
    },
    {
      "ticker": "PYPL",
      "r_squared": 0.30935837790404996,
      "alpha_annual": -0.7599865282979388,
      "idio_vol_annual": 0.33638997199090903,
      "Market": 1.886192254157229,
      "Size": -0.4224482547943318,
      "Value (SMID)": -0.9247524779248365,
      "Momentum": -0.9246590102433376,
      "Quality": 1.6363390883503919,
      "Profitability": 0.7526171534620969,
      "Liquidity": 0.4785481082771656,
      "Credit": -0.08712661586001762
    },
    {
      "ticker": "TENB",
      "r_squared": 0.14644406595610293,
      "alpha_annual": -0.3570567813513237,
      "idio_vol_annual": 0.4095539343113478,
      "Market": 1.5199149874033688,
      "Size": -0.12764111926119143,
      "Value (SMID)": -0.743882095509768,
      "Momentum": -0.2893848775730963,
      "Quality": -0.4490008521044667,
      "Profitability": 1.3332153515933667,
      "Liquidity": -0.19553227547076085,
      "Credit": -0.21315183430490536
    },
    {
      "ticker": "VIA",
      "r_squared": 0.12131566293512452,
      "alpha_annual": -1.6197103562273438,
      "idio_vol_annual": 0.6817570926421918,
      "Market": 1.190339127314812,
      "Size": 0.34542631673151764,
      "Value (SMID)": -1.4919632035077053,
      "Momentum": -1.2746171508834194,
      "Quality": -1.459936961969158,
      "Profitability": 0.5688304217315366,
      "Liquidity": 0.6015483821186072,
      "Credit": -0.8651271338960099
    },
    {
      "ticker": "VST",
      "r_squared": 0.2898725429768799,
      "alpha_annual": -0.3836637674299872,
      "idio_vol_annual": 0.41185338703983526,
      "Market": 0.6235476253165478,
      "Size": 0.7394544898707998,
      "Value (SMID)": -0.6816397633068287,
      "Momentum": 0.7277266901955091,
      "Quality": -1.877213546130732,
      "Profitability": -0.4771862295383876,
      "Liquidity": -0.7440928439267491,
      "Credit": -0.8354484632710375
    },
    {
      "ticker": "XNET",
      "r_squared": 0.17263845728656602,
      "alpha_annual": -0.6512254196978756,
      "idio_vol_annual": 0.7234111047323393,
      "Market": 1.908728763528768,
      "Size": 0.21931356042623412,
      "Value (SMID)": -0.6989444394909698,
      "Momentum": -0.5457729177456082,
      "Quality": 0.6556988870157017,
      "Profitability": 0.40517019807063354,
      "Liquidity": 1.3658140147169844,
      "Credit": 2.596941236800638
    },
    {
      "ticker": "ZS",
      "r_squared": 0.09246685349243233,
      "alpha_annual": -0.9407765210570358,
      "idio_vol_annual": 0.5963059823918831,
      "Market": 1.3577965914899899,
      "Size": -0.42393709168151855,
      "Value (SMID)": -1.1454371683773514,
      "Momentum": -1.028006059285945,
      "Quality": -0.9718835849620853,
      "Profitability": 0.8494710300816847,
      "Liquidity": 0.18706458679091886,
      "Credit": 0.02020187195155633
    },
    {
      "ticker": "ZTS",
      "r_squared": 0.17581549701654953,
      "alpha_annual": -0.9110112644900455,
      "idio_vol_annual": 0.34240032087895644,
      "Market": 1.3879900470885853,
      "Size": 0.07357900500890341,
      "Value (SMID)": 0.07565005833468783,
      "Momentum": -0.18606794437237195,
      "Quality": 1.2775767846938688,
      "Profitability": 0.8790254688377107,
      "Liquidity": 0.09498749964025321,
      "Credit": -0.7401873327414124
    }
  ],
  "portfolio_factor_exposure": {
    "loadings": {
      "Market": 1.4452919232515316,
      "Size": 0.33807575231421433,
      "Value (SMID)": -0.63860943851551,
      "Momentum": -0.3384054926412206,
      "Quality": -0.6078426062768258,
      "Profitability": 0.5541110449485832,
      "Liquidity": 0.2337778563936388,
      "Credit": 0.4526452041954937
    },
    "alpha_annual": -0.641047631991482,
    "r_squared_weighted": 0.20686891462621881
  },
  "stress_tests": [
    {
      "scenario": "COVID Crash (Feb-Mar 2020)",
      "market_move": -0.339,
      "portfolio_impact": -0.5221466124035536,
      "stressed_nav": 466228.36630288896,
      "pnl": -509444.0436971111,
      "description": "Rapid 33.9% selloff in SPY over 23 trading days as COVID-19 spread."
    },
    {
      "scenario": "2022 Rate Shock (Jan-Oct)",
      "market_move": -0.252,
      "portfolio_impact": -0.38814438444157967,
      "stressed_nav": 596970.6430039174,
      "pnl": -378701.7669960826,
      "description": "Grinding 9-month decline as the Fed hiked rates aggressively."
    },
    {
      "scenario": "GFC 2008-09",
      "market_move": -0.565,
      "portfolio_impact": -0.8702443540059226,
      "stressed_nav": 126599.00383814835,
      "pnl": -849073.4061618517,
      "description": "Credit crisis bear market; SPY drew down 56.5% from Oct 2007 peak."
    },
    {
      "scenario": "Dot-Com Bust (2000-02)",
      "market_move": -0.491,
      "portfolio_impact": -0.7562654474635541,
      "stressed_nav": 237805.07827350582,
      "pnl": -737867.3317264942,
