{
  "generated_at": "2026-06-20T07:31:50.795198Z",
  "market_session": "CLOSED",
  "fund_name": "Convex Capital",
  "tagline": "Lose small. Win big. \u2014 Paper-traded portfolio. Hypothetical performance for educational purposes only.",
  "summary": {
    "nav": 998905.7150000001,
    "cash": 29884.650000000198,
    "equity": 969021.065,
    "deposits": 1000000.0,
    "total_return": -0.0010942849999998616,
    "realized_pnl": 0.0,
    "open_positions": 16
  },
  "metrics": {
    "annualized_return": -0.187511104526615,
    "annualized_vol": 0.28313314521233,
    "sharpe": -0.8207485006317595,
    "sortino": -1.0644699162392903,
    "calmar": -0.4928577045647778,
    "max_drawdown": -0.3804568799268306,
    "var_95_1d": -0.032989738722205585,
    "risk_free_rate": 0.044869999885559085,
    "method": "Synthetic: current weights \u00d7 each holding's 252-day return history. Sortino uses Frank Sortino downside deviation (RMS of shortfalls vs MAR=RF).",
    "beta_spy": 1.5492451028685617,
    "benchmark_annualized_return": 0.2256596315565953,
    "treynor": -0.14999634595061836,
    "jensens_alpha": -0.5124685559279379,
    "information_ratio": -1.5514863973051836,
    "tracking_error": 0.21741796107525932,
    "annualized_active_return": -0.3373210091380927,
    "up_capture": 1.3445471895693961,
    "down_capture": 1.5189689816030905,
    "data_basis": "synthetic_252d",
    "days_of_live_nav": 15
  },
  "nav_curve": [
    {
      "date": "2026-06-01",
      "value": 999690.7946434022
    },
    {
      "date": "2026-06-02",
      "value": 1004819.3266086961
    },
    {
      "date": "2026-06-03",
      "value": 994419.065628586
    },
    {
      "date": "2026-06-04",
      "value": 1003495.9566560365
    },
    {
      "date": "2026-06-05",
      "value": 972923.7277017976
    },
    {
      "date": "2026-06-08",
      "value": 971884.134143963
    },
    {
      "date": "2026-06-09",
      "value": 977319.0911288455
    },
    {
      "date": "2026-06-10",
      "value": 965219.4125414088
    },
    {
      "date": "2026-06-11",
      "value": 987781.5499363139
    },
    {
      "date": "2026-06-12",
      "value": 993125.4216041758
    },
    {
      "date": "2026-06-15",
      "value": 1012994.5872239114
    },
    {
      "date": "2026-06-16",
      "value": 1014386.258657837
    },
    {
      "date": "2026-06-17",
      "value": 997637.9789165498
    },
    {
      "date": "2026-06-18",
      "value": 998905.7202281
    },
    {
      "date": "2026-06-19",
      "value": 998905.7150000001
    }
  ],
  "drawdown_curve": [
    {
      "date": "2026-06-01",
      "value": 0.0
    },
    {
      "date": "2026-06-02",
      "value": 0.0
    },
    {
      "date": "2026-06-03",
      "value": -0.010350379122594537
    },
    {
      "date": "2026-06-04",
      "value": -0.0013170227896850003
    },
    {
      "date": "2026-06-05",
      "value": -0.03174262084960825
    },
    {
      "date": "2026-06-08",
      "value": -0.03277722829624574
    },
    {
      "date": "2026-06-09",
      "value": -0.027368338517796055
    },
    {
      "date": "2026-06-10",
      "value": -0.039409984480432494
    },
    {
      "date": "2026-06-11",
      "value": -0.01695605988181518
    },
    {
      "date": "2026-06-12",
      "value": -0.011637818555886756
    },
    {
      "date": "2026-06-15",
      "value": 0.0
    },
    {
      "date": "2026-06-16",
      "value": 0.0
    },
    {
      "date": "2026-06-17",
      "value": -0.01651075179532435
    },
    {
      "date": "2026-06-18",
      "value": -0.01526098988192114
    },
    {
      "date": "2026-06-19",
      "value": -0.015260995035874907
    }
  ],
  "benchmarks": {
    "SPY": [
      {
        "date": "2026-06-01",
        "value": 0.0
      },
      {
        "date": "2026-06-02",
        "value": 0.0013579397972762752
      },
      {
        "date": "2026-06-03",
        "value": -0.005668771434361286
      },
      {
        "date": "2026-06-04",
        "value": -0.0019115061781299625
      },
      {
        "date": "2026-06-05",
        "value": -0.027671542654459702
      },
      {
        "date": "2026-06-08",
        "value": -0.025470023194608782
      },
      {
        "date": "2026-06-09",
        "value": -0.02833070775180091
      },
      {
        "date": "2026-06-10",
        "value": -0.04364962071587053
      },
      {
        "date": "2026-06-11",
        "value": -0.027394678792744487
      },
      {
        "date": "2026-06-12",
        "value": -0.022134588105308994
      },
      {
        "date": "2026-06-15",
        "value": -0.0048909388718152425
      },
      {
        "date": "2026-06-16",
        "value": -0.010823344076597685
      },
      {
        "date": "2026-06-17",
        "value": -0.023176054438276084
      },
      {
        "date": "2026-06-18",
        "value": -0.013020023259145863
      },
      {
        "date": "2026-06-19",
        "value": -0.01302001035173972
      }
    ],
    "IWM": [
      {
        "date": "2026-06-01",
        "value": 0.0
      },
      {
        "date": "2026-06-02",
        "value": 0.009273902616242058
      },
      {
        "date": "2026-06-03",
        "value": -0.004533265755123028
      },
      {
        "date": "2026-06-04",
        "value": 0.010485102307313143
      },
      {
        "date": "2026-06-05",
        "value": -0.025365222965751943
      },
      {
        "date": "2026-06-08",
        "value": -0.016852527916236926
      },
      {
        "date": "2026-06-09",
        "value": -0.013703535746163342
      },
      {
        "date": "2026-06-10",
        "value": -0.023981055236295123
      },
      {
        "date": "2026-06-11",
        "value": 0.00494832553389335
      },
      {
        "date": "2026-06-12",
        "value": 0.01373793881377372
      },
      {
        "date": "2026-06-15",
        "value": 0.022010765090349826
      },
      {
        "date": "2026-06-16",
        "value": 0.013130856989941098
      },
      {
        "date": "2026-06-17",
        "value": 0.005499833171586088
      },
      {
        "date": "2026-06-18",
        "value": 0.025305943833869415
      },
      {
        "date": "2026-06-19",
        "value": 0.02530595653654033
      }
    ]
  },
  "holdings": [
    {
      "ticker": "GRPN",
      "company": "Groupon, Inc.",
      "sector": "Communication Services",
      "country": "United States",
      "shares": 11310.0,
      "price": 16.19,
      "cost_basis": 17.3017824933687,
      "market_value": 183108.90000000002,
      "unrealized_pnl": -12574.260000000002,
      "short_percent_of_float": 0.56310004,
      "short_ratio": 5.75
    },
    {
      "ticker": "TENB",
      "company": "Tenable Holdings, Inc.",
      "sector": "Technology",
      "country": "United States",
      "shares": 4766.0,
      "price": 26.87,
      "cost_basis": 26.224616030214015,
      "market_value": 128062.42,
      "unrealized_pnl": 3075.9000000000074,
      "short_percent_of_float": 0.129,
      "short_ratio": 3.05
    },
    {
      "ticker": "KSPI",
      "company": "Joint Stock Company Kaspi.kz",
      "sector": "Technology",
      "country": "Kazakhstan",
      "shares": 1515.0,
      "price": 82.205,
      "cost_basis": 82.53049504950495,
      "market_value": 124540.575,
      "unrealized_pnl": -493.12500000000125,
      "short_percent_of_float": 0.0159,
      "short_ratio": 3.24
    },
    {
      "ticker": "CMI",
      "company": "Cummins Inc.",
      "sector": "Industrials",
      "country": "United States",
      "shares": 114.0,
      "price": 716.86,
      "cost_basis": 653.737894736842,
      "market_value": 81722.04000000001,
      "unrealized_pnl": 7195.920000000013,
      "short_percent_of_float": 0.0171,
      "short_ratio": 2.07
    },
    {
      "ticker": "JAKK",
      "company": "JAKKS Pacific, Inc.",
      "sector": "Consumer Cyclical",
      "country": "United States",
      "shares": 3436.0,
      "price": 22.15,
      "cost_basis": 21.83,
      "market_value": 76107.4,
      "unrealized_pnl": 1099.520000000001,
      "short_percent_of_float": 0.039100002,
      "short_ratio": 7.32
    },
    {
      "ticker": "CRWV",
      "company": "CoreWeave, Inc.",
      "sector": "Technology",
      "country": "United States",
      "shares": 468.0,
      "price": 117.95,
      "cost_basis": 106.78134615384614,
      "market_value": 55200.6,
      "unrealized_pnl": 5226.930000000006,
      "short_percent_of_float": 0.18190001,
      "short_ratio": 1.91
    },
    {
      "ticker": "XNET",
      "company": "Xunlei Limited",
      "sector": "Technology",
      "country": "China",
      "shares": 10526.0,
      "price": 4.96,
      "cost_basis": 4.75,
      "market_value": 52208.96,
      "unrealized_pnl": 2210.4599999999996,
      "short_percent_of_float": 0.0377,
      "short_ratio": 6.03
    },
    {
      "ticker": "VIA",
      "company": "Via Transportation, Inc.",
      "sector": "Technology",
      "country": "United States",
      "shares": 3280.0,
      "price": 15.29,
      "cost_basis": 15.241405487804878,
      "market_value": 50151.2,
      "unrealized_pnl": 159.38999999999837,
      "short_percent_of_float": 0.13520001,
      "short_ratio": 6.88
    },
    {
      "ticker": "ZS",
      "company": "Zscaler, Inc.",
      "sector": "Technology",
      "country": "United States",
      "shares": 365.0,
      "price": 124.85,
      "cost_basis": 136.79813698630136,
      "market_value": 45570.25,
      "unrealized_pnl": -4361.069999999998,
      "short_percent_of_float": 0.114700004,
      "short_ratio": 2.09
    },
    {
      "ticker": "VST",
      "company": "Vistra Corp.",
      "sector": "Utilities",
      "country": "United States",
      "shares": 162.0,
      "price": 163.75,
      "cost_basis": 154.76,
      "market_value": 26527.5,
      "unrealized_pnl": 1456.3800000000015,
      "short_percent_of_float": 0.0539,
      "short_ratio": 2.73
    },
    {
      "ticker": "GENC",
      "company": "Gencor Industries, Inc.",
      "sector": "Industrials",
      "country": "United States",
      "shares": 1746.0,
      "price": 15.0,
      "cost_basis": 14.32,
      "market_value": 26190.0,
      "unrealized_pnl": 1187.2799999999995,
      "short_percent_of_float": 0.0064,
      "short_ratio": 2.39
    },
    {
      "ticker": "CEG",
      "company": "Constellation Energy Corporation",
      "sector": "Utilities",
      "country": "United States",
      "shares": 94.0,
      "price": 274.06,
      "cost_basis": 265.7,
      "market_value": 25761.64,
      "unrealized_pnl": 785.8400000000013,
      "short_percent_of_float": 0.036,
      "short_ratio": 3.46
    },
    {
      "ticker": "ZTS",
      "company": "Zoetis Inc.",
      "sector": "Healthcare",
      "country": "United States",
      "shares": 312.0,
      "price": 78.71,
      "cost_basis": 80.09,
      "market_value": 24557.519999999997,
      "unrealized_pnl": -430.560000000003,
      "short_percent_of_float": 0.0363,
      "short_ratio": 1.45
    },
    {
      "ticker": "OPEN",
      "company": "Opendoor Technologies Inc.",
      "sector": "Real Estate",
      "country": "United States",
      "shares": 5479.0,
      "price": 4.47,
      "cost_basis": 4.562927541522176,
      "market_value": 24491.129999999997,
      "unrealized_pnl": -509.15000000000214,
      "short_percent_of_float": 0.16149999,
      "short_ratio": 3.77
    },
    {
      "ticker": "PYPL",
      "company": "PayPal Holdings, Inc.",
      "sector": "Financial Services",
      "country": "United States",
      "shares": 553.0,
      "price": 42.51,
      "cost_basis": 45.19,
      "market_value": 23508.03,
      "unrealized_pnl": -1482.0399999999997,
      "short_percent_of_float": 0.0626,
      "short_ratio": 3.16
    },
    {
      "ticker": "BABA",
      "company": "Alibaba Group Holding Limited",
      "sector": "Consumer Cyclical",
      "country": "China",
      "shares": 199.0,
      "price": 107.1,
      "cost_basis": 125.4,
      "market_value": 21312.899999999998,
      "unrealized_pnl": -3641.700000000002,
      "short_percent_of_float": 0.0165,
      "short_ratio": 3.21
    }
  ],
  "sector_exposure": [
    {
      "name": "Technology",
      "value": 455734.005,
      "pct": 0.4562332542065794
    },
    {
      "name": "Communication Services",
      "value": 183108.90000000002,
      "pct": 0.18330949282835968
    },
    {
      "name": "Industrials",
      "value": 107912.04000000001,
      "pct": 0.10803025588856502
    },
    {
      "name": "Consumer Cyclical",
      "value": 97420.29999999999,
      "pct": 0.09752702235766063
    },
    {
      "name": "Utilities",
      "value": 52289.14,
      "pct": 0.05234642190429353
    },
    {
      "name": "Cash",
      "value": 29884.650000000198,
      "pct": 0.029917388149090923
    },
    {
      "name": "Healthcare",
      "value": 24557.519999999997,
      "pct": 0.02458442236462727
    },
    {
      "name": "Real Estate",
      "value": 24491.129999999997,
      "pct": 0.024517959635459684
    },
    {
      "name": "Financial Services",
      "value": 23508.03,
      "pct": 0.023533782665363965
    }
  ],
  "geographic_exposure": [
    {
      "name": "United States",
      "value": 770958.63,
      "pct": 0.7718032026676311
    },
    {
      "name": "Kazakhstan",
      "value": 124540.575,
      "pct": 0.12467700717880065
    },
    {
      "name": "China",
      "value": 73521.86,
      "pct": 0.07360240200447746
    },
    {
      "name": "Cash",
      "value": 29884.650000000198,
      "pct": 0.029917388149090923
    }
  ],
  "signals": [
    {
      "ticker": "BABA",
      "label": "STRONG SELL",
      "composite": -2.5,
      "rsi": 25.2,
      "subs": {
        "rsi": -0.5,
        "macd": -0.5,
        "trend": -0.5,
        "bb": -0.5,
        "vol": 0.0,
        "range": -0.5
      }
    },
    {
      "ticker": "CEG",
      "label": "BUY",
      "composite": 1.0,
      "rsi": 51.7,
      "subs": {
        "rsi": 0.5,
        "macd": 0.5,
        "trend": -0.5,
        "bb": 0.5,
        "vol": 0.0,
        "range": 0.0
      }
    },
    {
      "ticker": "CMI",
      "label": "STRONG BUY",
      "composite": 3.0,
      "rsi": 61.8,
      "subs": {
        "rsi": 0.5,
        "macd": 0.5,
        "trend": 0.5,
        "bb": 0.5,
        "vol": 0.5,
        "range": 0.5
      }
    },
    {
      "ticker": "CRWV",
      "label": "STRONG BUY",
      "composite": 2.0,
      "rsi": 58.1,
      "subs": {
        "rsi": 0.5,
        "macd": 0.5,
        "trend": 0.5,
        "bb": 0.5,
        "vol": 0.0,
        "range": 0.0
      }
    },
    {
      "ticker": "GENC",
      "label": "STRONG BUY",
      "composite": 2.0,
      "rsi": 54.5,
      "subs": {
        "rsi": 0.5,
        "macd": 0.5,
        "trend": 0.5,
        "bb": 0.5,
        "vol": 0.0,
        "range": 0.0
      }
    },
    {
      "ticker": "GRPN",
      "label": "STRONG SELL",
      "composite": -2.5,
      "rsi": 44.7,
      "subs": {
        "rsi": 0.0,
        "macd": -0.5,
        "trend": -0.5,
        "bb": -0.5,
        "vol": -0.5,
        "range": -0.5
      }
    },
    {
      "ticker": "JAKK",
      "label": "STRONG BUY",
      "composite": 2.0,
      "rsi": 53.0,
      "subs": {
        "rsi": 0.5,
        "macd": 0.5,
        "trend": 0.5,
        "bb": 0.5,
        "vol": 0.0,
        "range": 0.0
      }
    },
    {
      "ticker": "KSPI",
      "label": "STRONG SELL",
      "composite": -2.0,
      "rsi": 44.3,
      "subs": {
        "rsi": 0.0,
        "macd": -0.5,
        "trend": 0.0,
        "bb": -0.5,
        "vol": -0.5,
        "range": -0.5
      }
    },
    {
      "ticker": "OPEN",
      "label": "STRONG SELL",
      "composite": -2.0,
      "rsi": 44.7,
      "subs": {
        "rsi": 0.0,
        "macd": -0.5,
        "trend": -0.5,
        "bb": -0.5,
        "vol": 0.0,
        "range": -0.5
      }
    },
    {
      "ticker": "PYPL",
      "label": "LEAN BEAR",
      "composite": -0.5,
      "rsi": 44.8,
      "subs": {
        "rsi": 0.0,
        "macd": 0.5,
        "trend": -0.5,
        "bb": -0.5,
        "vol": 0.0,
        "range": 0.0
      }
    },
    {
      "ticker": "TENB",
      "label": "SELL",
      "composite": -1.0,
      "rsi": 55.7,
      "subs": {
        "rsi": 0.5,
        "macd": -0.5,
        "trend": 0.0,
        "bb": -0.5,
        "vol": -0.5,
        "range": 0.0
      }
    },
    {
      "ticker": "VIA",
      "label": "BUY",
      "composite": 1.5,
      "rsi": 51.5,
      "subs": {
        "rsi": 0.5,
        "macd": 0.5,
        "trend": -0.5,
        "bb": 0.5,
        "vol": 0.5,
        "range": 0.0
      }
    },
    {
      "ticker": "VST",
      "label": "STRONG BUY",
      "composite": 2.0,
      "rsi": 60.7,
      "subs": {
        "rsi": 0.5,
        "macd": 0.5,
        "trend": 0.0,
        "bb": 0.5,
        "vol": 0.0,
        "range": 0.5
      }
    },
    {
      "ticker": "XNET",
      "label": "LEAN BEAR",
      "composite": -0.5,
      "rsi": 40.5,
      "subs": {
        "rsi": 0.0,
        "macd": 0.5,
        "trend": -0.5,
        "bb": -0.5,
        "vol": 0.5,
        "range": -0.5
      }
    },
    {
      "ticker": "ZS",
      "label": "STRONG SELL",
      "composite": -2.0,
      "rsi": 40.5,
      "subs": {
        "rsi": 0.0,
        "macd": -0.5,
        "trend": -0.5,
        "bb": -0.5,
        "vol": 0.0,
        "range": -0.5
      }
    },
    {
      "ticker": "ZTS",
      "label": "LEAN BEAR",
      "composite": -0.5,
      "rsi": 38.2,
      "subs": {
        "rsi": 0.0,
        "macd": 0.5,
        "trend": -0.5,
        "bb": -0.5,
        "vol": 0.0,
        "range": 0.0
      }
    }
  ],
  "volatility": [
    {
      "ticker": "BABA",
      "hv20": 0.2827892173865999,
      "garch": 0.396580154346084,
      "expansion": 0.40238782090450437,
      "regime": "LOW",
      "signal": "SIGNAL"
    },
    {
      "ticker": "CEG",
      "hv20": 0.47970796165633384,
      "garch": 0.5388650429433801,
      "expansion": 0.12331894822589337,
      "regime": "NORMAL",
      "signal": "BASE"
    },
    {
      "ticker": "CMI",
      "hv20": 0.44453711149034286,
      "garch": 0.324108652399427,
      "expansion": -0.2709075484995409,
      "regime": "HIGH",
      "signal": "WEAK"
    },
    {
      "ticker": "CRWV",
      "hv20": 0.8137623531442026,
      "garch": 0.9376835138359165,
      "expansion": 0.1522817567228432,
      "regime": "LOW",
      "signal": "BASE"
    },
    {
      "ticker": "GENC",
      "hv20": 0.3491665415269923,
      "garch": 0.36158663687135556,
      "expansion": 0.035570691538906074,
      "regime": "NORMAL",
      "signal": "WEAK"
    },
    {
      "ticker": "GRPN",
      "hv20": 0.8064545638747043,
      "garch": 0.7793919958613101,
      "expansion": -0.03355746154298996,
      "regime": "HIGH",
      "signal": "WEAK"
    },
    {
      "ticker": "JAKK",
      "hv20": 0.21466368803407385,
      "garch": 0.45941601157162487,
      "expansion": 1.1401663959984754,
      "regime": "LOW",
      "signal": "SIGNAL"
    },
    {
      "ticker": "KSPI",
      "hv20": 0.33049493343814323,
      "garch": 0.3351906309268081,
      "expansion": 0.014208077079474354,
      "regime": "HIGH",
      "signal": "WEAK"
    },
    {
      "ticker": "OPEN",
      "hv20": 0.758967229749226,
      "garch": 0.7493082343739078,
      "expansion": -0.01272649858480675,
      "regime": "NORMAL",
      "signal": "WEAK"
    },
    {
      "ticker": "PYPL",
      "hv20": 0.3068082097662908,
      "garch": 0.3960835785324887,
      "expansion": 0.29098102959566446,
      "regime": "NORMAL",
      "signal": "SIGNAL"
    },
    {
      "ticker": "TENB",
      "hv20": 0.580485084558584,
      "garch": 0.38199363981287626,
      "expansion": -0.34194064589384904,
      "regime": "HIGH",
      "signal": "WEAK"
    },
    {
      "ticker": "VIA",
      "hv20": 0.6894510214288931,
      "garch": null,
      "expansion": null,
      "regime": "NORMAL",
      "signal": "WEAK"
    },
    {
      "ticker": "VST",
      "hv20": 0.4909434623135735,
      "garch": 0.5659659778889083,
      "expansion": 0.1528129435144953,
      "regime": "NORMAL",
      "signal": "BASE"
    },
    {
      "ticker": "XNET",
      "hv20": 0.7694005118120386,
      "garch": 0.7466291687604197,
      "expansion": -0.02959621510777188,
      "regime": "HIGH",
      "signal": "WEAK"
    },
    {
      "ticker": "ZS",
      "hv20": 1.5253692926816054,
      "garch": 0.34232046100161484,
      "expansion": -0.775581911446628,
      "regime": "EXTREME",
      "signal": "WEAK"
    },
    {
      "ticker": "ZTS",
      "hv20": 0.26917950558269915,
      "garch": 0.31508351070701446,
      "expansion": 0.17053306129285672,
      "regime": "NORMAL",
      "signal": "BASE"
    }
  ],
  "correlation": {
    "tickers": [
      "BABA",
      "CEG",
      "CMI",
      "CRWV",
      "GENC",
      "GRPN",
      "JAKK",
      "KSPI",
      "OPEN",
      "PYPL",
      "TENB",
      "VIA",
      "VST",
      "XNET",
      "ZS",
      "ZTS"
    ],
    "matrix": [
      [
        1.0,
        0.183,
        0.326,
        0.346,
        0.133,
        0.196,
        0.118,
        0.2,
        0.193,
        0.246,
        0.064,
        -0.042,
        0.222,
        0.47,
        0.042,
        0.081
      ],
      [
        0.183,
        1.0,
        0.328,
        0.232,
        0.152,
        0.089,
        0.089,
        0.057,
        0.19,
        0.14,
        0.063,
        0.007,
        0.798,
        0.249,
        0.045,
        0.124
      ],
      [
        0.326,
        0.328,
        1.0,
        0.372,
        0.349,
        0.194,
        0.137,
        0.243,
        0.186,
        0.081,
        -0.051,
        0.003,
        0.352,
        0.298,
        -0.052,
        0.189
      ],
      [
        0.346,
        0.232,
        0.372,
        1.0,
        0.117,
        0.166,
        0.055,
        0.136,
        0.245,
        0.148,
        0.116,
        0.213,
        0.321,
        0.371,
        0.182,
        0.08
      ],
      [
        0.133,
        0.152,
        0.349,
        0.117,
        1.0,
        0.159,
        0.319,
        0.145,
        0.128,
        0.099,
        0.16,
        0.068,
        0.173,
        0.164,
        0.053,
        0.157
      ],
      [
        0.196,
        0.089,
        0.194,
        0.166,
        0.159,
        1.0,
        0.151,
        0.338,
        0.306,
        0.27,
        0.252,
        0.169,
        0.127,
        0.234,
        0.151,
        0.166
      ],
      [
        0.118,
        0.089,
        0.137,
        0.055,
        0.319,
        0.151,
        1.0,
        0.1,
        0.138,
        0.213,
        -0.035,
        0.145,
        0.061,
        0.2,
        -0.047,
        0.142
      ],
      [
        0.2,
        0.057,
        0.243,
        0.136,
        0.145,
        0.338,
        0.1,
        1.0,
        0.25,
        0.258,
        0.268,
        0.137,
        0.103,
        0.201,
        0.154,
        0.192
      ],
      [
        0.193,
        0.19,
        0.186,
        0.245,
        0.128,
        0.306,
        0.138,
        0.25,
        1.0,
        0.248,
        0.119,
        0.152,
        0.257,
        0.352,
        0.064,
        0.168
      ],
      [
        0.246,
        0.14,
        0.081,
        0.148,
        0.099,
        0.27,
        0.213,
        0.258,
        0.248,
        1.0,
        0.354,
        0.145,
        0.085,
        0.343,
        0.206,
        0.176
      ],
      [
        0.064,
        0.063,
        -0.051,
        0.116,
        0.16,
        0.252,
        -0.035,
        0.268,
        0.119,
        0.354,
        1.0,
        0.336,
        0.075,
        0.156,
        0.56,
        0.094
      ],
      [
        -0.042,
        0.007,
        0.003,
        0.213,
        0.068,
        0.169,
        0.145,
        0.137,
        0.152,
        0.145,
        0.336,
        1.0,
        0.058,
        0.166,
        0.368,
        0.019
      ],
      [
        0.222,
        0.798,
        0.352,
        0.321,
        0.173,
        0.127,
        0.061,
        0.103,
        0.257,
        0.085,
        0.075,
        0.058,
        1.0,
        0.272,
        0.073,
        0.095
      ],
      [
        0.47,
        0.249,
        0.298,
        0.371,
        0.164,
        0.234,
        0.2,
        0.201,
        0.352,
        0.343,
        0.156,
        0.166,
        0.272,
        1.0,
        0.221,
        0.053
      ],
      [
        0.042,
        0.045,
        -0.052,
        0.182,
        0.053,
        0.151,
        -0.047,
        0.154,
        0.064,
        0.206,
        0.56,
        0.368,
        0.073,
        0.221,
        1.0,
        -0.035
      ],
      [
        0.081,
        0.124,
        0.189,
        0.08,
        0.157,
        0.166,
        0.142,
        0.192,
        0.168,
        0.176,
        0.094,
        0.019,
        0.095,
        0.053,
        -0.035,
        1.0
      ]
    ]
  },
  "residual_correlation": {
    "tickers": [
      "BABA",
      "CEG",
      "CMI",
      "CRWV",
      "GENC",
      "GRPN",
      "JAKK",
      "KSPI",
      "OPEN",
      "PYPL",
      "TENB",
      "VIA",
      "VST",
      "XNET",
      "ZS",
      "ZTS"
    ],
    "matrix": [
      [
        1.0,
        0.02,
        0.104,
        0.193,
        -0.075,
        0.025,
        -0.047,
        0.016,
        0.037,
        0.107,
        -0.06,
        -0.164,
        0.057,
        0.337,
        -0.056,
        -0.026
      ],
      [
        0.02,
        1.0,
        0.054,
        -0.003,
        0.027,
        -0.058,
        -0.019,
        -0.129,
        0.034,
        0.046,
        -0.026,
        -0.102,
        0.731,
        0.097,
        0.011,
        0.074
      ],
      [
        0.104,
        0.054,
        1.0,
        0.117,
        0.076,
        -0.054,
        -0.149,
        0.003,
        -0.066,
        -0.093,
        -0.261,
        -0.143,
        0.037,
        0.007,
        -0.14,
        0.059
      ],
      [
        0.193,
        -0.003,
        0.117,
        1.0,
        0.012,
        -0.038,
        -0.04,
        -0.094,
        0.038,
        -0.026,
        -0.022,
        0.084,
        0.081,
        0.147,
        0.115,
        0.029
      ],
      [
        -0.075,
        0.027,
        0.076,
        0.012,
        1.0,
        -0.028,
        0.067,
        -0.076,
        -0.073,
        0.004,
        0.093,
        -0.004,
        0.026,
        -0.053,
        0.007,
        -0.036
      ],
      [
        0.025,
        -0.058,
        -0.054,
        -0.038,
        -0.028,
        1.0,
        0.007,
        0.17,
        0.113,
        0.09,
        0.111,
        0.05,
        -0.035,
        0.006,
        0.044,
        0.033
      ],
      [
        -0.047,
        -0.019,
        -0.149,
        -0.04,
        0.067,
        0.007,
        1.0,
        -0.102,
        -0.033,
        0.102,
        -0.129,
        0.09,
        -0.058,
        0.019,
        -0.113,
        -0.04
      ],
      [
        0.016,
        -0.129,
        0.003,
        -0.094,
        -0.076,
        0.17,
        -0.102,
        1.0,
        0.067,
        0.071,
        0.161,
        0.012,
        -0.102,
        -0.032,
        0.056,
        0.056
      ],
      [
        0.037,
        0.034,
        -0.066,
        0.038,
        -0.073,
        0.113,
        -0.033,
        0.067,
        1.0,
        0.067,
        -0.018,
        0.03,
        0.105,
        0.166,
        -0.045,
        0.024
      ],
      [
        0.107,
        0.046,
        -0.093,
        -0.026,
        0.004,
        0.09,
        0.102,
        0.071,
        0.067,
        1.0,
        0.242,
        0.007,
        -0.032,
        0.182,
        0.071,
        0.028
      ],
      [
        -0.06,
        -0.026,
        -0.261,
        -0.022,
        0.093,
        0.111,
        -0.129,
        0.161,
        -0.018,
        0.242,
        1.0,
        0.274,
        -0.031,
        0.005,
        0.519,
        -0.01
      ],
      [
        -0.164,
        -0.102,
        -0.143,
        0.084,
        -0.004,
        0.05,
        0.09,
        0.012,
        0.03,
        0.007,
        0.274,
        1.0,
        -0.057,
        0.029,
        0.314,
        -0.059
      ],
      [
        0.057,
        0.731,
        0.037,
        0.081,
        0.026,
        -0.035,
        -0.058,
        -0.102,
        0.105,
        -0.032,
        -0.031,
        -0.057,
        1.0,
        0.106,
        0.039,
        0.03
      ],
      [
        0.337,
        0.097,
        0.007,
        0.147,
        -0.053,
        0.006,
        0.019,
        -0.032,
        0.166,
        0.182,
        0.005,
        0.029,
        0.106,
        1.0,
        0.132,
        -0.104
      ],
      [
        -0.056,
        0.011,
        -0.14,
        0.115,
        0.007,
        0.044,
        -0.113,
        0.056,
        -0.045,
        0.071,
        0.519,
        0.314,
        0.039,
        0.132,
        1.0,
        -0.114
      ],
      [
        -0.026,
        0.074,
        0.059,
        0.029,
        -0.036,
        0.033,
        -0.04,
        0.056,
        0.024,
        0.028,
        -0.01,
        -0.059,
        0.03,
        -0.104,
        -0.114,
        1.0
      ]
    ]
  },
  "factor_correlation": {
    "factors": [
      "Market",
      "Size",
      "Value (SMID)",
      "Momentum",
      "Quality",
      "Profitability",
      "Liquidity",
      "Credit"
    ],
    "matrix": [
      [
        1.0,
        0.333,
        -0.493,
        0.405,
        -0.238,
        -0.534,
        0.309,
        0.175
      ],
      [
        0.333,
        1.0,
        -0.153,
        0.251,
        0.14,
        0.146,
        0.331,
        0.035
      ],
      [
        -0.493,
        -0.153,
        1.0,
        -0.545,
        0.307,
        0.588,
        -0.382,
        -0.13
      ],
      [
        0.405,
        0.251,
        -0.545,
        1.0,
        -0.232,
        -0.531,
        0.303,
        0.026
      ],
      [
        -0.238,
        0.14,
        0.307,
        -0.232,
        1.0,
        0.434,
        -0.233,
        -0.136
      ],
      [
        -0.534,
        0.146,
        0.588,
        -0.531,
        0.434,
        1.0,
        -0.281,
        -0.09
      ],
      [
        0.309,
        0.331,
        -0.382,
        0.303,
        -0.233,
        -0.281,
        1.0,
        0.157
      ],
      [
        0.175,
        0.035,
        -0.13,
        0.026,
        -0.136,
        -0.09,
        0.157,
        1.0
      ]
    ]
  },
  "factor_exposures": [
    {
      "ticker": "BABA",
      "r_squared": 0.14883773643831932,
      "alpha_annual": -0.3994021896105189,
      "idio_vol_annual": 0.39791944621888053,
      "Market": 1.236607680807883,
      "Size": 0.10518273235211702,
      "Value (SMID)": 0.24149379096913426,
      "Momentum": -0.17346532120265357,
      "Quality": -0.25268197332411896,
      "Profitability": -0.13824369975252185,
      "Liquidity": 0.21494234291083533,
      "Credit": 1.0397678623455278
    },
    {
      "ticker": "CEG",
      "r_squared": 0.25216702770506594,
      "alpha_annual": -0.435622963967828,
      "idio_vol_annual": 0.4044158955964387,
      "Market": 0.7104080472431096,
      "Size": 0.3847538945678912,
      "Value (SMID)": -0.44487829212560254,
      "Momentum": 0.6167020141072498,
      "Quality": -0.7418228356758555,
      "Profitability": -0.6442623717736682,
      "Liquidity": -0.48027653560064965,
      "Credit": -0.8885337444636145
    },
    {
      "ticker": "CMI",
      "r_squared": 0.46881802658725535,
      "alpha_annual": 0.3641745355079676,
      "idio_vol_annual": 0.24616823673063315,
      "Market": 1.136081815938519,
      "Size": 0.8099132707899477,
      "Value (SMID)": 0.3504150806668576,
      "Momentum": 0.7076617715768453,
      "Quality": 0.03990538539142338,
      "Profitability": -0.15819679279910834,
      "Liquidity": -0.3210208385914628,
      "Credit": 0.8008965874134825
    },
    {
      "ticker": "CRWV",
      "r_squared": 0.27383790538518993,
      "alpha_annual": -0.9566423991304654,
      "idio_vol_annual": 0.8027756020467574,
      "Market": 0.9512833743568289,
      "Size": 0.6402168083358938,
      "Value (SMID)": -2.0892766942453798,
      "Momentum": 0.8266250361027329,
      "Quality": -3.832613420475981,
      "Profitability": -0.0122799741433253,
      "Liquidity": 0.293826722025473,
      "Credit": 2.2069028734125675
    },
    {
      "ticker": "GENC",
      "r_squared": 0.3276947186200483,
      "alpha_annual": -0.43011937042467513,
      "idio_vol_annual": 0.32579836822835595,
      "Market": 1.2822791235092854,
      "Size": 1.2598988804017939,
      "Value (SMID)": 1.163465842135687,
      "Momentum": -0.033261386777531946,
      "Quality": -0.7226893384822967,
      "Profitability": 0.05279731221042462,
      "Liquidity": -0.18258605545506876,
      "Credit": 0.596811652749774
    },
    {
      "ticker": "GRPN",
      "r_squared": 0.16920419255789287,
      "alpha_annual": -1.2102125872632148,
      "idio_vol_annual": 0.6234666522187821,
      "Market": 1.9487536393191878,
      "Size": 0.2930683944723499,
      "Value (SMID)": -0.8908953857555904,
      "Momentum": -0.21098125415498414,
      "Quality": -1.6920025767720694,
      "Profitability": 1.4351673133927376,
      "Liquidity": 0.2527938154481083,
      "Credit": 1.350770104697446
    },
    {
      "ticker": "JAKK",
      "r_squared": 0.2698954980754036,
      "alpha_annual": -0.2744624917901068,
      "idio_vol_annual": 0.3519019628352033,
      "Market": 1.2210523787413954,
      "Size": 1.061017935213722,
      "Value (SMID)": 0.8409374092265818,
      "Momentum": -0.3464528690473097,
      "Quality": 1.2976574856174004,
      "Profitability": -0.3687909131459564,
      "Liquidity": 0.31768758738506764,
      "Credit": -0.43566327566905466
    },
    {
      "ticker": "KSPI",
      "r_squared": 0.2204625398070036,
      "alpha_annual": -0.25068327724376044,
      "idio_vol_annual": 0.3211546053031007,
      "Market": 1.2379083577168186,
      "Size": 0.38497565998945543,
      "Value (SMID)": -0.33873878955750775,
      "Momentum": -0.5707084594668239,
      "Quality": 0.12192265486398934,
      "Profitability": 0.10959379350712355,
      "Liquidity": 0.039030238984205524,
      "Credit": 0.44528208738499286
    },
    {
      "ticker": "OPEN",
      "r_squared": 0.1258912018366818,
      "alpha_annual": 1.5007259089916007,
      "idio_vol_annual": 1.3419696308080773,
      "Market": 2.995870494068902,
      "Size": 1.370102066265526,
      "Value (SMID)": -1.6609921935525087,
      "Momentum": -2.0178573478146893,
      "Quality": 0.9609044455799777,
      "Profitability": 0.9507929049350656,
      "Liquidity": 1.8394121981285447,
      "Credit": -3.129751078179292
    },
    {
      "ticker": "PYPL",
      "r_squared": 0.29671210879216636,
      "alpha_annual": -0.6577628411083979,
      "idio_vol_annual": 0.3386475866542588,
      "Market": 1.8260224504415277,
      "Size": -0.3592971708101408,
      "Value (SMID)": -0.8948609468116677,
      "Momentum": -0.9202156451411919,
      "Quality": 1.4364216740877,
      "Profitability": 0.6681410255587459,
      "Liquidity": 0.39606538989810675,
      "Credit": -0.030180208369890354
    },
    {
      "ticker": "TENB",
      "r_squared": 0.1469509996155991,
      "alpha_annual": -0.3611564637610434,
      "idio_vol_annual": 0.40982257594740285,
      "Market": 1.4773572611562635,
      "Size": -0.12891168098062478,
      "Value (SMID)": -0.7818739587422631,
      "Momentum": -0.22285928790563284,
      "Quality": -0.39252068044661187,
      "Profitability": 1.294844061959587,
      "Liquidity": -0.13883805768054094,
      "Credit": -0.1784859957692358
    },
    {
      "ticker": "VIA",
      "r_squared": 0.11041632833119197,
      "alpha_annual": -1.5574057939254513,
      "idio_vol_annual": 0.6830097689607383,
      "Market": 0.968229371066799,
      "Size": 0.44691786474254513,
      "Value (SMID)": -1.4127405732281784,
      "Momentum": -1.0217474127980557,
      "Quality": -1.5996443861984142,
      "Profitability": 0.49259810828917255,
      "Liquidity": 0.6513573076414281,
      "Credit": -0.7540299798345172
    },
    {
      "ticker": "VST",
      "r_squared": 0.2910998576980075,
      "alpha_annual": -0.4282792826474396,
      "idio_vol_annual": 0.41251826886347065,
      "Market": 0.6102945486925875,
      "Size": 0.7895141982924626,
      "Value (SMID)": -0.6753164235633711,
      "Momentum": 0.6466467928440589,
      "Quality": -1.879707215157517,
      "Profitability": -0.504291955818733,
      "Liquidity": -0.8071080932882547,
      "Credit": -0.7254005889465418
    },
    {
      "ticker": "XNET",
      "r_squared": 0.17135658081358873,
      "alpha_annual": -0.39655234709313564,
      "idio_vol_annual": 0.6757429434318469,
      "Market": 1.8303174212738211,
      "Size": 0.21002104586353154,
      "Value (SMID)": -0.74501177398303,
      "Momentum": -0.47539682325293703,
      "Quality": 0.3475555553552558,
      "Profitability": 0.5780530639675938,
      "Liquidity": 1.227673669509699,
      "Credit": 2.246358671115338
    },
    {
      "ticker": "ZS",
      "r_squared": 0.09182514318385249,
      "alpha_annual": -0.985700650079182,
      "idio_vol_annual": 0.5975710890018604,
      "Market": 1.3801780972843576,
      "Size": -0.40390124441251796,
      "Value (SMID)": -1.0722700985873785,
      "Momentum": -0.9366719303863565,
      "Quality": -0.8935648311958219,
      "Profitability": 0.8589378868201403,
      "Liquidity": 0.21839942979359647,
      "Credit": 0.15909843626561931
    },
    {
      "ticker": "ZTS",
      "r_squared": 0.16638461870608479,
      "alpha_annual": -0.8897075703035427,
      "idio_vol_annual": 0.34483349765704324,
      "Market": 1.3206923485725843,
      "Size": 0.13828673899206098,
      "Value (SMID)": 0.040222816827002045,
      "Momentum": -0.19619746865296553,
      "Quality": 1.231273347544202,
      "Profitability": 0.7620560330964314,
      "Liquidity": 0.05702383409099165,
      "Credit": -0.6795550369320018
    }
  ],
  "portfolio_factor_exposure": {
    "loadings": {
      "Market": 1.4330504542677645,
      "Size": 0.38900183041803577,
      "Value (SMID)": -0.5585361665975627,
      "Momentum": -0.23456461237713144,
      "Quality": -0.5809896455821828,
      "Profitability": 0.5374313069172025,
      "Liquidity": 0.18165101475218215,
      "Credit": 0.43587921516594574
    },
    "alpha_annual": -0.5465849121651247,
    "r_squared_weighted": 0.2167276024746154
  },
  "stress_tests": [
    {
      "scenario": "COVID Crash (Feb-Mar 2020)",
      "market_move": -0.339,
      "portfolio_impact": -0.5251940898724424,
      "stressed_nav": 474286.3371421937,
      "pnl": -524619.3778578064,
      "description": "Rapid 33.9% selloff in SPY over 23 trading days as COVID-19 spread."
    },
    {
      "scenario": "2022 Rate Shock (Jan-Oct)",
      "market_move": -0.252,
      "portfolio_impact": -0.3904097659228775,
      "stressed_nav": 608923.1686278254,
      "pnl": -389982.54637217463,
      "description": "Grinding 9-month decline as the Fed hiked rates aggressively."
    },
    {
      "scenario": "GFC 2008-09",
      "market_move": -0.565,
      "portfolio_impact": -0.8753234831207373,
      "stressed_nav": 124540.08523698951,
      "pnl": -874365.6297630105,
      "description": "Credit crisis bear market; SPY drew down 56.5% from Oct 2007 peak."
    },
    {
      "scenario": "Dot-Com Bust (2000-02)",
      "market_move": -0.491,
      "portfolio_impact": -0.7606793455084637,
