{
  "generated_at": "2026-06-27T17:34:25.751062Z",
  "market_session": "CLOSED",
  "fund_name": "Convex Capital",
  "tagline": "Lose small. Win big. \u2014 Paper-traded portfolio. Hypothetical performance for educational purposes only.",
  "summary": {
    "nav": 1108818.5300000003,
    "cash": 4722.310000000056,
    "equity": 1104096.2200000002,
    "deposits": 1000000.0,
    "total_return": 0.10881853000000019,
    "realized_pnl": 0.0,
    "open_positions": 16
  },
  "metrics": {
    "period_return": 0.10894846627067656,
    "calendar_days_since_inception": 25,
    "trading_days_observed": 18,
    "annualized_return": 3.5259101007629567,
    "annualized_return_arithmetic": 1.4963500413346205,
    "annualized_vol": 0.3088442774229868,
    "sharpe": 4.703983549683799,
    "sortino": 9.97308542776971,
    "calmar": 92.78288734764833,
    "max_drawdown": -0.038001728568240384,
    "var_95_1d": -0.01705767210982133,
    "risk_free_rate": 0.04451000213623047,
    "beta_benchmark": 0.8585334723250354,
    "benchmark_annualized_return": 0.2642058984192712,
    "benchmark_annualized_return_arithmetic": 0.2345532663035873,
    "benchmark_period_return": 0.04001314303038295,
    "period_active_return": 0.06893532324029361,
    "treynor": 1.6910698138147051,
    "jensens_alpha": 1.2886815357208052,
    "information_ratio": 3.8712391288269727,
    "tracking_error": 0.23784759691457116,
    "annualized_active_return": 1.507000080797023,
    "annualized_active_return_arithmetic": 0.9207649238731535,
    "up_capture": 1.4640378485995713,
    "down_capture": 0.8786111913519843,
    "data_basis": "realized_nav",
    "days_of_live_nav": 19,
    "benchmark_ticker": "IWM",
    "benchmark_name": "Russell 2000",
    "beta_spy": 0.8585334723250354,
    "beta_spy_stress": 1.5250808294303324
  },
  "nav_curve": [
    {
      "date": "2026-06-01",
      "value": 999882.8292976379
    },
    {
      "date": "2026-06-02",
      "value": 1005079.4966617966
    },
    {
      "date": "2026-06-03",
      "value": 995768.7768651581
    },
    {
      "date": "2026-06-04",
      "value": 1004929.1794892884
    },
    {
      "date": "2026-06-05",
      "value": 974274.0015833282
    },
    {
      "date": "2026-06-08",
      "value": 974266.9881036186
    },
    {
      "date": "2026-06-09",
      "value": 979640.5088702394
    },
    {
      "date": "2026-06-10",
      "value": 966884.7384401513
    },
    {
      "date": "2026-06-11",
      "value": 990753.0886875344
    },
    {
      "date": "2026-06-12",
      "value": 996222.4282127572
    },
    {
      "date": "2026-06-15",
      "value": 1017018.2685251809
    },
    {
      "date": "2026-06-16",
      "value": 1019223.7061524964
    },
    {
      "date": "2026-06-17",
      "value": 1004256.765778122
    },
    {
      "date": "2026-06-18",
      "value": 1005956.2144795037
    },
    {
      "date": "2026-06-22",
      "value": 1013145.2704611397
    },
    {
      "date": "2026-06-23",
      "value": 1003670.4086042023
    },
    {
      "date": "2026-06-24",
      "value": 1028642.2278996087
    },
    {
      "date": "2026-06-25",
      "value": 1087855.2699132538
    },
    {
      "date": "2026-06-26",
      "value": 1108818.5300000003
    }
  ],
  "drawdown_curve": [
    {
      "date": "2026-06-01",
      "value": 0.0
    },
    {
      "date": "2026-06-02",
      "value": 0.0
    },
    {
      "date": "2026-06-03",
      "value": -0.009263665040986776
    },
    {
      "date": "2026-06-04",
      "value": -0.00014955749570802555
    },
    {
      "date": "2026-06-05",
      "value": -0.030649809473562682
    },
    {
      "date": "2026-06-08",
      "value": -0.03065678750836781
    },
    {
      "date": "2026-06-09",
      "value": -0.025310423579476604
    },
    {
      "date": "2026-06-10",
      "value": -0.038001728568240384
    },
    {
      "date": "2026-06-11",
      "value": -0.01425400480444075
    },
    {
      "date": "2026-06-12",
      "value": -0.008812306368259061
    },
    {
      "date": "2026-06-15",
      "value": 0.0
    },
    {
      "date": "2026-06-16",
      "value": 0.0
    },
    {
      "date": "2026-06-17",
      "value": -0.014684647034823809
    },
    {
      "date": "2026-06-18",
      "value": -0.01301725184854327
    },
    {
      "date": "2026-06-22",
      "value": -0.005963789553426265
    },
    {
      "date": "2026-06-23",
      "value": -0.015259944852545435
    },
    {
      "date": "2026-06-24",
      "value": 0.0
    },
    {
      "date": "2026-06-25",
      "value": 0.0
    },
    {
      "date": "2026-06-26",
      "value": 0.0
    }
  ],
  "benchmarks": {
    "SPY": [
      {
        "date": "2026-06-01",
        "value": 0.0
      },
      {
        "date": "2026-06-02",
        "value": 0.0013579397972762752
      },
      {
        "date": "2026-06-03",
        "value": -0.005668771434361286
      },
      {
        "date": "2026-06-04",
        "value": -0.0019115061781299625
      },
      {
        "date": "2026-06-05",
        "value": -0.027671542654459702
      },
      {
        "date": "2026-06-08",
        "value": -0.025470023194608782
      },
      {
        "date": "2026-06-09",
        "value": -0.02833070775180091
      },
      {
        "date": "2026-06-10",
        "value": -0.04364962071587053
      },
      {
        "date": "2026-06-11",
        "value": -0.027394678792744487
      },
      {
        "date": "2026-06-12",
        "value": -0.022134588105308994
      },
      {
        "date": "2026-06-15",
        "value": -0.0048909388718152425
      },
      {
        "date": "2026-06-16",
        "value": -0.010823344076597685
      },
      {
        "date": "2026-06-17",
        "value": -0.023176054438276084
      },
      {
        "date": "2026-06-18",
        "value": -0.013020023259145863
      },
      {
        "date": "2026-06-22",
        "value": -0.016126029204297176
      },
      {
        "date": "2026-06-23",
        "value": -0.030413801760312054
      },
      {
        "date": "2026-06-24",
        "value": -0.03086322150786902
      },
      {
        "date": "2026-06-25",
        "value": -0.029462203242598517
      },
      {
        "date": "2026-06-26",
        "value": -0.03648051175283862
      }
    ],
    "IWM": [
      {
        "date": "2026-06-01",
        "value": 0.0
      },
      {
        "date": "2026-06-02",
        "value": 0.009273902616242058
      },
      {
        "date": "2026-06-03",
        "value": -0.004533265755123028
      },
      {
        "date": "2026-06-04",
        "value": 0.010485102307313143
      },
      {
        "date": "2026-06-05",
        "value": -0.025365222965751943
      },
      {
        "date": "2026-06-08",
        "value": -0.016852527916236926
      },
      {
        "date": "2026-06-09",
        "value": -0.013703535746163342
      },
      {
        "date": "2026-06-10",
        "value": -0.023981055236295123
      },
      {
        "date": "2026-06-11",
        "value": 0.00494832553389335
      },
      {
        "date": "2026-06-12",
        "value": 0.01373793881377372
      },
      {
        "date": "2026-06-15",
        "value": 0.022010765090349826
      },
      {
        "date": "2026-06-16",
        "value": 0.013130856989941098
      },
      {
        "date": "2026-06-17",
        "value": 0.005499833171586088
      },
      {
        "date": "2026-06-18",
        "value": 0.025305943833869415
      },
      {
        "date": "2026-06-22",
        "value": 0.03428980212625787
      },
      {
        "date": "2026-06-23",
        "value": 0.02436943940571834
      },
      {
        "date": "2026-06-24",
        "value": 0.0291215086708434
      },
      {
        "date": "2026-06-25",
        "value": 0.036821973757975135
      },
      {
        "date": "2026-06-26",
        "value": 0.04001314303038295
      }
    ]
  },
  "holdings": [
    {
      "ticker": "GRPN",
      "company": "Groupon, Inc.",
      "sector": "Communication Services",
      "country": "United States",
      "shares": 11310.0,
      "price": 22.6,
      "cost_basis": 17.3017824933687,
      "market_value": 255606.00000000003,
      "unrealized_pnl": 59922.840000000004,
      "short_percent_of_float": 0.5577,
      "short_ratio": 7.12
    },
    {
      "ticker": "TENB",
      "company": "Tenable Holdings, Inc.",
      "sector": "Technology",
      "country": "United States",
      "shares": 4766.0,
      "price": 30.22,
      "cost_basis": 26.224616030214015,
      "market_value": 144028.52,
      "unrealized_pnl": 19041.999999999996,
      "short_percent_of_float": 0.1225,
      "short_ratio": 3.03
    },
    {
      "ticker": "KSPI",
      "company": "Joint Stock Company Kaspi.kz",
      "sector": "Technology",
      "country": "Kazakhstan",
      "shares": 1515.0,
      "price": 88.95,
      "cost_basis": 82.53049504950495,
      "market_value": 134759.25,
      "unrealized_pnl": 9725.550000000005,
      "short_percent_of_float": 0.019199999,
      "short_ratio": 3.76
    },
    {
      "ticker": "CMI",
      "company": "Cummins Inc.",
      "sector": "Industrials",
      "country": "United States",
      "shares": 153.0,
      "price": 685.87,
      "cost_basis": 651.1282352941176,
      "market_value": 104938.11,
      "unrealized_pnl": 5315.490000000002,
      "short_percent_of_float": 0.0214,
      "short_ratio": 2.63
    },
    {
      "ticker": "JAKK",
      "company": "JAKKS Pacific, Inc.",
      "sector": "Consumer Cyclical",
      "country": "United States",
      "shares": 3436.0,
      "price": 23.9,
      "cost_basis": 21.83,
      "market_value": 82120.4,
      "unrealized_pnl": 7112.520000000001,
      "short_percent_of_float": 0.0436,
      "short_ratio": 10.5
    },
    {
      "ticker": "VIA",
      "company": "Via Transportation, Inc.",
      "sector": "Technology",
      "country": "United States",
      "shares": 3280.0,
      "price": 17.48,
      "cost_basis": 15.241405487804878,
      "market_value": 57334.4,
      "unrealized_pnl": 7342.590000000003,
      "short_percent_of_float": 0.16370001,
      "short_ratio": 7.41
    },
    {
      "ticker": "XNET",
      "company": "Xunlei Limited",
      "sector": "Technology",
      "country": "China",
      "shares": 10526.0,
      "price": 5.36,
      "cost_basis": 4.75,
      "market_value": 56419.36,
      "unrealized_pnl": 6420.860000000003,
      "short_percent_of_float": 0.0537,
      "short_ratio": 5.2
    },
    {
      "ticker": "ZS",
      "company": "Zscaler, Inc.",
      "sector": "Technology",
      "country": "United States",
      "shares": 365.0,
      "price": 132.26,
      "cost_basis": 136.79813698630136,
      "market_value": 48274.899999999994,
      "unrealized_pnl": -1656.4199999999992,
      "short_percent_of_float": 0.1129,
      "short_ratio": 1.62
    },
    {
      "ticker": "CRWV",
      "company": "CoreWeave, Inc.",
      "sector": "Technology",
      "country": "United States",
      "shares": 468.0,
      "price": 96.58,
      "cost_basis": 106.78134615384614,
      "market_value": 45199.44,
      "unrealized_pnl": -4774.229999999996,
      "short_percent_of_float": 0.2299,
      "short_ratio": 2.46
    },
    {
      "ticker": "GENC",
      "company": "Gencor Industries, Inc.",
      "sector": "Industrials",
      "country": "United States",
      "shares": 1746.0,
      "price": 15.18,
      "cost_basis": 14.32,
      "market_value": 26504.28,
      "unrealized_pnl": 1501.559999999999,
      "short_percent_of_float": 0.006,
      "short_ratio": 1.66
    },
    {
      "ticker": "VST",
      "company": "Vistra Corp.",
      "sector": "Utilities",
      "country": "United States",
      "shares": 162.0,
      "price": 163.49,
      "cost_basis": 154.76,
      "market_value": 26485.38,
      "unrealized_pnl": 1414.260000000003,
      "short_percent_of_float": 0.052699998,
      "short_ratio": 3.04
    },
    {
      "ticker": "ESI",
      "company": "Element Solutions Inc",
      "sector": "Basic Materials",
      "country": "United States",
      "shares": 557.0,
      "price": 45.66,
      "cost_basis": 44.92,
      "market_value": 25432.62,
      "unrealized_pnl": 412.17999999999716,
      "short_percent_of_float": 0.087,
      "short_ratio": 5.6
    },
    {
      "ticker": "CEG",
      "company": "Constellation Energy Corporation",
      "sector": "Utilities",
      "country": "United States",
      "shares": 94.0,
      "price": 264.02,
      "cost_basis": 265.7,
      "market_value": 24817.879999999997,
      "unrealized_pnl": -157.92000000000064,
      "short_percent_of_float": 0.0356,
      "short_ratio": 2.75
    },
    {
      "ticker": "PYPL",
      "company": "PayPal Holdings, Inc.",
      "sector": "Financial Services",
      "country": "United States",
      "shares": 553.0,
      "price": 44.29,
      "cost_basis": 45.19,
      "market_value": 24492.37,
      "unrealized_pnl": -497.6999999999992,
      "short_percent_of_float": 0.0687,
      "short_ratio": 3.63
    },
    {
      "ticker": "OPEN",
      "company": "Opendoor Technologies Inc.",
      "sector": "Real Estate",
      "country": "United States",
      "shares": 5479.0,
      "price": 4.37,
      "cost_basis": 4.562927541522176,
      "market_value": 23943.23,
      "unrealized_pnl": -1057.0500000000002,
      "short_percent_of_float": 0.17889999,
      "short_ratio": 4.06
    },
    {
      "ticker": "ZTS",
      "company": "Zoetis Inc.",
      "sector": "Healthcare",
      "country": "United States",
      "shares": 312.0,
      "price": 76.09,
      "cost_basis": 80.09,
      "market_value": 23740.08,
      "unrealized_pnl": -1248.0,
      "short_percent_of_float": 0.0434,
      "short_ratio": 2.25
    }
  ],
  "sector_exposure": [
    {
      "name": "Technology",
      "value": 486015.87,
      "pct": 0.43831867600553165
    },
    {
      "name": "Communication Services",
      "value": 255606.00000000003,
      "pct": 0.2305210393625005
    },
    {
      "name": "Industrials",
      "value": 131442.39,
      "pct": 0.11854274296804905
    },
    {
      "name": "Consumer Cyclical",
      "value": 82120.4,
      "pct": 0.07406117211984181
    },
    {
      "name": "Utilities",
      "value": 51303.259999999995,
      "pct": 0.046268400655245165
    },
    {
      "name": "Basic Materials",
      "value": 25432.62,
      "pct": 0.022936683787201855
    },
    {
      "name": "Financial Services",
      "value": 24492.37,
      "pct": 0.022088709141612192
    },
    {
      "name": "Real Estate",
      "value": 23943.23,
      "pct": 0.021593461285319603
    },
    {
      "name": "Healthcare",
      "value": 23740.08,
      "pct": 0.02141024825766575
    },
    {
      "name": "Cash",
      "value": 4722.310000000056,
      "pct": 0.0042588664170322395
    }
  ],
  "geographic_exposure": [
    {
      "name": "United States",
      "value": 912917.6100000001,
      "pct": 0.8233246336530828
    },
    {
      "name": "Kazakhstan",
      "value": 134759.25,
      "pct": 0.12153408908128543
    },
    {
      "name": "China",
      "value": 56419.36,
      "pct": 0.05088241084859935
    },
    {
      "name": "Cash",
      "value": 4722.310000000056,
      "pct": 0.0042588664170322395
    }
  ],
  "signals": [
    {
      "ticker": "CEG",
      "label": "LEAN BULL",
      "composite": 0.5,
      "rsi": 45.5,
      "subs": {
        "rsi": 0.5,
        "macd": 0.5,
        "trend": -0.5,
        "bb": 0.5,
        "vol": -0.5,
        "range": 0.0
      }
    },
    {
      "ticker": "CMI",
      "label": "STRONG BUY",
      "composite": 2.0,
      "rsi": 50.9,
      "subs": {
        "rsi": 0.5,
        "macd": 0.5,
        "trend": 0.5,
        "bb": 0.5,
        "vol": 0.0,
        "range": 0.0
      }
    },
    {
      "ticker": "CRWV",
      "label": "STRONG SELL",
      "composite": -2.0,
      "rsi": 41.6,
      "subs": {
        "rsi": 0.0,
        "macd": -0.5,
        "trend": 0.0,
        "bb": -0.5,
        "vol": -0.5,
        "range": -0.5
      }
    },
    {
      "ticker": "ESI",
      "label": "STRONG BUY",
      "composite": 2.5,
      "rsi": 55.5,
      "subs": {
        "rsi": 0.5,
        "macd": 0.5,
        "trend": 0.5,
        "bb": 0.5,
        "vol": 0.5,
        "range": 0.0
      }
    },
    {
      "ticker": "GENC",
      "label": "STRONG BUY",
      "composite": 2.5,
      "rsi": 57.3,
      "subs": {
        "rsi": 0.5,
        "macd": 0.5,
        "trend": 0.5,
        "bb": 0.5,
        "vol": 0.0,
        "range": 0.5
      }
    },
    {
      "ticker": "GRPN",
      "label": "STRONG BUY",
      "composite": 2.0,
      "rsi": 69.4,
      "subs": {
        "rsi": 0.5,
        "macd": 0.5,
        "trend": 0.5,
        "bb": 0.0,
        "vol": 0.0,
        "range": 0.5
      }
    },
    {
      "ticker": "JAKK",
      "label": "STRONG BUY",
      "composite": 2.0,
      "rsi": 69.3,
      "subs": {
        "rsi": 0.5,
        "macd": 0.5,
        "trend": 0.5,
        "bb": 0.0,
        "vol": 0.0,
        "range": 0.5
      }
    },
    {
      "ticker": "KSPI",
      "label": "STRONG BUY",
      "composite": 2.5,
      "rsi": 59.6,
      "subs": {
        "rsi": 0.5,
        "macd": 0.5,
        "trend": 0.5,
        "bb": 0.5,
        "vol": 0.0,
        "range": 0.5
      }
    },
    {
      "ticker": "OPEN",
      "label": "STRONG SELL",
      "composite": -2.0,
      "rsi": 44.4,
      "subs": {
        "rsi": 0.0,
        "macd": -0.5,
        "trend": -0.5,
        "bb": -0.5,
        "vol": 0.0,
        "range": -0.5
      }
    },
    {
      "ticker": "PYPL",
      "label": "BUY",
      "composite": 1.5,
      "rsi": 55.9,
      "subs": {
        "rsi": 0.5,
        "macd": 0.5,
        "trend": -0.5,
        "bb": 0.5,
        "vol": 0.0,
        "range": 0.5
      }
    },
    {
      "ticker": "TENB",
      "label": "LEAN BULL",
      "composite": 0.5,
      "rsi": 67.8,
      "subs": {
        "rsi": 0.5,
        "macd": -0.5,
        "trend": 0.0,
        "bb": 0.5,
        "vol": -0.5,
        "range": 0.5
      }
    },
    {
      "ticker": "VIA",
      "label": "STRONG BUY",
      "composite": 2.0,
      "rsi": 65.6,
      "subs": {
        "rsi": 0.5,
        "macd": 0.5,
        "trend": 0.5,
        "bb": 0.0,
        "vol": 0.0,
        "range": 0.5
      }
    },
    {
      "ticker": "VST",
      "label": "BUY",
      "composite": 1.5,
      "rsi": 57.1,
      "subs": {
        "rsi": 0.5,
        "macd": 0.5,
        "trend": 0.0,
        "bb": 0.5,
        "vol": -0.5,
        "range": 0.5
      }
    },
    {
      "ticker": "XNET",
      "label": "LEAN BULL",
      "composite": 0.5,
      "rsi": 51.1,
      "subs": {
        "rsi": 0.5,
        "macd": 0.5,
        "trend": -0.5,
        "bb": 0.5,
        "vol": -0.5,
        "range": 0.0
      }
    },
    {
      "ticker": "ZS",
      "label": "LEAN BULL",
      "composite": 0.5,
      "rsi": 48.4,
      "subs": {
        "rsi": 0.5,
        "macd": 0.5,
        "trend": -0.5,
        "bb": 0.5,
        "vol": -0.5,
        "range": 0.0
      }
    },
    {
      "ticker": "ZTS",
      "label": "SELL",
      "composite": -1.5,
      "rsi": 36.2,
      "subs": {
        "rsi": 0.0,
        "macd": 0.5,
        "trend": -0.5,
        "bb": -0.5,
        "vol": -0.5,
        "range": -0.5
      }
    }
  ],
  "volatility": [
    {
      "ticker": "CEG",
      "hv20": 0.4382458492677223,
      "garch": 0.5197670410158421,
      "expansion": 0.18601703104395845,
      "regime": "NORMAL",
      "signal": "BASE"
    },
    {
      "ticker": "CMI",
      "hv20": 0.5232158261432297,
      "garch": 0.45657585261970446,
      "expansion": -0.12736612731068772,
      "regime": "EXTREME",
      "signal": "WEAK"
    },
    {
      "ticker": "CRWV",
      "hv20": 0.8752697588615564,
      "garch": 0.9277378828431718,
      "expansion": 0.059945089442892986,
      "regime": "NORMAL",
      "signal": "WEAK"
    },
    {
      "ticker": "ESI",
      "hv20": 0.6012903844065733,
      "garch": 0.57598898849146,
      "expansion": -0.04207849746355728,
      "regime": "EXTREME",
      "signal": "WEAK"
    },
    {
      "ticker": "GENC",
      "hv20": 0.33080161687845394,
      "garch": 0.36043945141767214,
      "expansion": 0.0895939833030139,
      "regime": "NORMAL",
      "signal": "WEAK"
    },
    {
      "ticker": "GRPN",
      "hv20": 1.1404763566226037,
      "garch": 0.9342633758502512,
      "expansion": -0.18081302569307947,
      "regime": "EXTREME",
      "signal": "WEAK"
    },
    {
      "ticker": "JAKK",
      "hv20": 0.24309475756729226,
      "garch": 0.4755758575912251,
      "expansion": 0.9563394223323742,
      "regime": "LOW",
      "signal": "SIGNAL"
    },
    {
      "ticker": "KSPI",
      "hv20": 0.38320730075124204,
      "garch": 0.39922954317903636,
      "expansion": 0.04181090077455261,
      "regime": "HIGH",
      "signal": "WEAK"
    },
    {
      "ticker": "OPEN",
      "hv20": 0.7038975877650038,
      "garch": 0.6836991520355613,
      "expansion": -0.028695134179356947,
      "regime": "LOW",
      "signal": "WEAK"
    },
    {
      "ticker": "PYPL",
      "hv20": 0.3525248981597365,
      "garch": 0.4163124586775747,
      "expansion": 0.18094483779961196,
      "regime": "NORMAL",
      "signal": "BASE"
    },
    {
      "ticker": "TENB",
      "hv20": 0.6241546072276413,
      "garch": 0.6130365147115586,
      "expansion": -0.01781304245348246,
      "regime": "HIGH",
      "signal": "WEAK"
    },
    {
      "ticker": "VIA",
      "hv20": 0.807835962473203,
      "garch": null,
      "expansion": null,
      "regime": "NORMAL",
      "signal": "WEAK"
    },
    {
      "ticker": "VST",
      "hv20": 0.4592339869431205,
      "garch": 0.5535688468993438,
      "expansion": 0.2054178537267264,
      "regime": "NORMAL",
      "signal": "SIGNAL"
    },
    {
      "ticker": "XNET",
      "hv20": 0.7592693998790179,
      "garch": 0.7702021667068938,
      "expansion": 0.014399061557884391,
      "regime": "HIGH",
      "signal": "WEAK"
    },
    {
      "ticker": "ZS",
      "hv20": 0.7045693278648351,
      "garch": 0.8827454696434912,
      "expansion": 0.252886599986705,
      "regime": "HIGH",
      "signal": "SIGNAL"
    },
    {
      "ticker": "ZTS",
      "hv20": 0.30466114139706996,
      "garch": 0.326397642172974,
      "expansion": 0.07134648244350437,
      "regime": "HIGH",
      "signal": "WEAK"
    }
  ],
  "correlation": {
    "tickers": [
      "CEG",
      "CMI",
      "CRWV",
      "ESI",
      "GENC",
      "GRPN",
      "JAKK",
      "KSPI",
      "OPEN",
      "PYPL",
      "TENB",
      "VIA",
      "VST",
      "XNET",
      "ZS",
      "ZTS"
    ],
    "matrix": [
      [
        1.0,
        0.33,
        0.234,
        0.303,
        0.147,
        0.085,
        0.084,
        0.056,
        0.188,
        0.134,
        0.047,
        -0.002,
        0.797,
        0.245,
        0.038,
        0.12
      ],
      [
        0.33,
        1.0,
        0.366,
        0.629,
        0.317,
        0.221,
        0.118,
        0.229,
        0.176,
        0.057,
        -0.107,
        -0.034,
        0.365,
        0.28,
        -0.08,
        0.182
      ],
      [
        0.234,
        0.366,
        1.0,
        0.341,
        0.115,
        0.132,
        0.047,
        0.121,
        0.245,
        0.142,
        0.101,
        0.2,
        0.316,
        0.36,
        0.174,
        0.081
      ],
      [
        0.303,
        0.629,
        0.341,
        1.0,
        0.258,
        0.311,
        0.229,
        0.295,
        0.259,
        0.269,
        0.061,
        0.025,
        0.375,
        0.329,
        0.023,
        0.172
      ],
      [
        0.147,
        0.317,
        0.115,
        0.258,
        1.0,
        0.136,
        0.321,
        0.146,
        0.13,
        0.108,
        0.175,
        0.083,
        0.164,
        0.168,
        0.062,
        0.154
      ],
      [
        0.085,
        0.221,
        0.132,
        0.311,
        0.136,
        1.0,
        0.161,
        0.341,
        0.287,
        0.253,
        0.212,
        0.162,
        0.147,
        0.238,
        0.126,
        0.154
      ],
      [
        0.084,
        0.118,
        0.047,
        0.229,
        0.321,
        0.161,
        1.0,
        0.107,
        0.142,
        0.222,
        -0.013,
        0.159,
        0.057,
        0.205,
        -0.038,
        0.143
      ],
      [
        0.056,
        0.229,
        0.121,
        0.295,
        0.146,
        0.341,
        0.107,
        1.0,
        0.246,
        0.267,
        0.268,
        0.147,
        0.109,
        0.215,
        0.158,
        0.177
      ],
      [
        0.188,
        0.176,
        0.245,
        0.259,
        0.13,
        0.287,
        0.142,
        0.246,
        1.0,
        0.25,
        0.122,
        0.155,
        0.253,
        0.349,
        0.066,
        0.17
      ],
      [
        0.134,
        0.057,
        0.142,
        0.269,
        0.108,
        0.253,
        0.222,
        0.267,
        0.25,
        1.0,
        0.368,
        0.166,
        0.08,
        0.352,
        0.217,
        0.169
      ],
      [
        0.047,
        -0.107,
        0.101,
        0.061,
        0.175,
        0.212,
        -0.013,
        0.268,
        0.122,
        0.368,
        1.0,
        0.366,
        0.05,
        0.165,
        0.568,
        0.089
      ],
      [
        -0.002,
        -0.034,
        0.2,
        0.025,
        0.083,
        0.162,
        0.159,
        0.147,
        0.155,
        0.166,
        0.366,
        1.0,
        0.045,
        0.185,
        0.38,
        0.011
      ],
      [
        0.797,
        0.365,
        0.316,
        0.375,
        0.164,
        0.147,
        0.057,
        0.109,
        0.253,
        0.08,
        0.05,
        0.045,
        1.0,
        0.272,
        0.061,
        0.089
      ],
      [
        0.245,
        0.28,
        0.36,
        0.329,
        0.168,
        0.238,
        0.205,
        0.215,
        0.349,
        0.352,
        0.165,
        0.185,
        0.272,
        1.0,
        0.224,
        0.038
      ],
      [
        0.038,
        -0.08,
        0.174,
        0.023,
        0.062,
        0.126,
        -0.038,
        0.158,
        0.066,
        0.217,
        0.568,
        0.38,
        0.061,
        0.224,
        1.0,
        -0.037
      ],
      [
        0.12,
        0.182,
        0.081,
        0.172,
        0.154,
        0.154,
        0.143,
        0.177,
        0.17,
        0.169,
        0.089,
        0.011,
        0.089,
        0.038,
        -0.037,
        1.0
      ]
    ]
  },
  "residual_correlation": {
    "tickers": [
      "CEG",
      "CMI",
      "CRWV",
      "ESI",
      "GENC",
      "GRPN",
      "JAKK",
      "KSPI",
      "OPEN",
      "PYPL",
      "TENB",
      "VIA",
      "VST",
      "XNET",
      "ZS",
      "ZTS"
    ],
    "matrix": [
      [
        1.0,
        0.054,
        0.003,
        -0.034,
        0.031,
        -0.075,
        -0.024,
        -0.137,
        0.033,
        0.035,
        -0.021,
        -0.105,
        0.73,
        0.09,
        0.01,
        0.073
      ],
      [
        0.054,
        1.0,
        0.123,
        0.246,
        0.073,
        -0.037,
        -0.144,
        -0.004,
        -0.066,
        -0.091,
        -0.26,
        -0.138,
        0.036,
        0.007,
        -0.141,
        0.064
      ],
      [
        0.003,
        0.123,
        1.0,
        0.038,
        0.016,
        -0.068,
        -0.046,
        -0.113,
        0.043,
        -0.041,
        -0.018,
        0.08,
        0.078,
        0.134,
        0.107,
        0.036
      ],
      [
        -0.034,
        0.246,
        0.038,
        1.0,
        -0.071,
        0.048,
        0.002,
        0.018,
        -0.01,
        0.137,
        -0.104,
        -0.125,
        0.003,
        0.029,
        -0.052,
        -0.019
      ],
      [
        0.031,
        0.073,
        0.016,
        -0.071,
        1.0,
        -0.049,
        0.061,
        -0.083,
        -0.078,
        -0.002,
        0.093,
        -0.009,
        0.026,
        -0.059,
        0.005,
        -0.037
      ],
      [
        -0.075,
        -0.037,
        -0.068,
        0.048,
        -0.049,
        1.0,
        0.045,
        0.204,
        0.12,
        0.131,
        0.1,
        0.078,
        -0.031,
        0.05,
        0.053,
        0.037
      ],
      [
        -0.024,
        -0.144,
        -0.046,
        0.002,
        0.061,
        0.045,
        1.0,
        -0.088,
        -0.028,
        0.112,
        -0.125,
        0.097,
        -0.058,
        0.028,
        -0.11,
        -0.036
      ],
      [
        -0.137,
        -0.004,
        -0.113,
        0.018,
        -0.083,
        0.204,
        -0.088,
        1.0,
        0.063,
        0.091,
        0.154,
        0.018,
        -0.1,
        -0.015,
        0.063,
        0.048
      ],
      [
        0.033,
        -0.066,
        0.043,
        -0.01,
        -0.078,
        0.12,
        -0.028,
        0.063,
        1.0,
        0.072,
        -0.019,
        0.033,
        0.107,
        0.162,
        -0.045,
        0.029
      ],
      [
        0.035,
        -0.091,
        -0.041,
        0.137,
        -0.002,
        0.131,
        0.112,
        0.091,
        0.072,
        1.0,
        0.234,
        0.015,
        -0.033,
        0.195,
        0.074,
        0.026
      ],
      [
        -0.021,
        -0.26,
        -0.018,
        -0.104,
        0.093,
        0.1,
        -0.125,
        0.154,
        -0.019,
        0.234,
        1.0,
        0.27,
        -0.026,
        0.001,
        0.517,
        -0.007
      ],
      [
        -0.105,
        -0.138,
        0.08,
        -0.125,
        -0.009,
        0.078,
        0.097,
        0.018,
        0.033,
        0.015,
        0.27,
        1.0,
        -0.056,
        0.036,
        0.314,
        -0.056
      ],
      [
        0.73,
        0.036,
        0.078,
        0.003,
        0.026,
        -0.031,
        -0.058,
        -0.1,
        0.107,
        -0.033,
        -0.026,
        -0.056,
        1.0,
        0.105,
        0.04,
        0.03
      ],
      [
        0.09,
        0.007,
        0.134,
        0.029,
        -0.059,
        0.05,
        0.028,
        -0.015,
        0.162,
        0.195,
        0.001,
        0.036,
        0.105,
        1.0,
        0.136,
        -0.105
      ],
      [
        0.01,
        -0.141,
        0.107,
        -0.052,
        0.005,
        0.053,
        -0.11,
        0.063,
        -0.045,
        0.074,
        0.517,
        0.314,
        0.04,
        0.136,
        1.0,
        -0.116
      ],
      [
        0.073,
        0.064,
        0.036,
        -0.019,
        -0.037,
        0.037,
        -0.036,
        0.048,
        0.029,
        0.026,
        -0.007,
        -0.056,
        0.03,
        -0.105,
        -0.116,
        1.0
      ]
    ]
  },
  "factor_correlation": {
    "factors": [
      "Market",
      "Size",
      "Value (SMID)",
      "Momentum",
      "Quality",
      "Profitability",
      "Liquidity",
      "Credit"
    ],
    "matrix": [
      [
        1.0,
        0.32,
        -0.5,
        0.4,
        -0.255,
        -0.537,
        0.302,
        0.188
      ],
      [
        0.32,
        1.0,
        -0.152,
        0.248,
        0.156,
        0.154,
        0.321,
        0.031
      ],
      [
        -0.5,
        -0.152,
        1.0,
        -0.551,
        0.309,
        0.601,
        -0.371,
        -0.144
      ],
      [
        0.4,
        0.248,
        -0.551,
        1.0,
        -0.224,
        -0.538,
        0.266,
        0.046
      ],
      [
        -0.255,
        0.156,
        0.309,
        -0.224,
        1.0,
        0.444,
        -0.236,
        -0.131
      ],
      [
        -0.537,
        0.154,
        0.601,
        -0.538,
        0.444,
        1.0,
        -0.272,
        -0.114
      ],
      [
        0.302,
        0.321,
        -0.371,
        0.266,
        -0.236,
        -0.272,
        1.0,
        0.168
      ],
      [
        0.188,
        0.031,
        -0.144,
        0.046,
        -0.131,
        -0.114,
        0.168,
        1.0
      ]
    ]
  },
  "factor_exposures": [
    {
      "ticker": "CEG",
      "r_squared": 0.24434865910151482,
      "alpha_annual": -0.44477085932593213,
      "idio_vol_annual": 0.4055769503356016,
      "Market": 0.6954190997449895,
      "Size": 0.3933604673942979,
      "Value (SMID)": -0.4898165520883024,
      "Momentum": 0.49504400796339326,
      "Quality": -0.8431935698208929,
      "Profitability": -0.6154430099216328,
      "Liquidity": -0.41244737655906505,
      "Credit": -0.9159056351051199
    },
    {
      "ticker": "CMI",
      "r_squared": 0.4841667348171448,
      "alpha_annual": 0.3637424461532592,
      "idio_vol_annual": 0.24584819537670732,
      "Market": 1.1407027506561331,
      "Size": 0.8151484770196817,
      "Value (SMID)": 0.4103827664442681,
      "Momentum": 0.7445439951507202,
      "Quality": -0.04294463427165186,
      "Profitability": -0.17150089681025124,
      "Liquidity": -0.35170353253926284,
      "Credit": 0.8394643890761228
    },
    {
      "ticker": "CRWV",
      "r_squared": 0.27288381539875384,
      "alpha_annual": -1.0342947305861994,
      "idio_vol_annual": 0.8027791972597481,
      "Market": 1.0786271931663205,
      "Size": 0.6248069137404246,
      "Value (SMID)": -1.999902530053582,
      "Momentum": 0.5077040627345171,
      "Quality": -3.883025434436195,
      "Profitability": -0.19266178857096433,
      "Liquidity": 0.4908908795591555,
      "Credit": 1.8613747803472602
    },
    {
      "ticker": "ESI",
      "r_squared": 0.5157033283335863,
      "alpha_annual": 0.27157950381075596,
      "idio_vol_annual": 0.2884809622037619,
      "Market": 1.6492649835268103,
      "Size": 0.9926558294272179,
      "Value (SMID)": -0.17042942223217242,
      "Momentum": 0.678534621612453,
      "Quality": 0.24306972198590607,
      "Profitability": 0.22703520991016174,
      "Liquidity": -0.724960380650472,
      "Credit": 0.23387292786791886
    },
    {
      "ticker": "GENC",
      "r_squared": 0.32661523579747864,
      "alpha_annual": -0.4328271553885365,
      "idio_vol_annual": 0.32335867665501994,
      "Market": 1.287805732994603,
      "Size": 1.236580542256249,
      "Value (SMID)": 1.13753437778203,
      "Momentum": -0.059928043864363456,
      "Quality": -0.7564859968074246,
      "Profitability": 0.08750134606391502,
      "Liquidity": -0.17382590914684476,
      "Credit": 0.6637261602161534
    },
    {
      "ticker": "GRPN",
      "r_squared": 0.15477689310197174,
      "alpha_annual": -0.8705227118871737,
      "idio_vol_annual": 0.6674864691641108,
      "Market": 1.8920909567734603,
      "Size": 0.3592168674387173,
      "Value (SMID)": -0.8290905062722319,
      "Momentum": 0.38900322005679744,
      "Quality": -1.8330181967746328,
      "Profitability": 1.7207374524020809,
      "Liquidity": -0.1206371295966332,
      "Credit": 1.1458908553555749
    },
    {
      "ticker": "JAKK",
      "r_squared": 0.2698841376756468,
      "alpha_annual": -0.21833311349869983,
      "idio_vol_annual": 0.35198364609884625,
      "Market": 1.2447026518871416,
      "Size": 1.0567500994184906,
      "Value (SMID)": 0.8755988056543604,
      "Momentum": -0.2903607353268314,
      "Quality": 1.3372688885795345,
      "Profitability": -0.3436758660020525,
      "Liquidity": 0.27726171879107564,
      "Credit": -0.5048532718076223
    },
    {
      "ticker": "KSPI",
      "r_squared": 0.21143916506036353,
      "alpha_annual": -0.1291919357212541,
      "idio_vol_annual": 0.32324622955043575,
      "Market": 1.180353543459987,
      "Size": 0.4652593209878945,
      "Value (SMID)": -0.2937524799051091,
      "Momentum": -0.4242577525510376,
      "Quality": 0.03584688744453764,
      "Profitability": 0.09037028465274191,
      "Liquidity": -0.0964904700027246,
      "Credit": 0.5135366450897334
    },
    {
      "ticker": "OPEN",
      "r_squared": 0.12298475862577485,
      "alpha_annual": 1.5286217517548386,
      "idio_vol_annual": 1.3423250661548305,
      "Market": 3.0538038953942275,
      "Size": 1.2966839251853806,
      "Value (SMID)": -1.5844381308207454,
      "Momentum": -1.7782481870309224,
      "Quality": 0.9448711065242046,
      "Profitability": 0.9764446838029721,
      "Liquidity": 1.7200979330046042,
      "Credit": -2.9746204257689937
    },
    {
      "ticker": "PYPL",
      "r_squared": 0.2889579183945672,
      "alpha_annual": -0.6600553015008724,
      "idio_vol_annual": 0.33823055241378086,
      "Market": 1.7942882632433503,
      "Size": -0.3432423798066372,
      "Value (SMID)": -0.921693304869239,
      "Momentum": -0.8078119282289392,
      "Quality": 1.4255994366757674,
      "Profitability": 0.7085443251117453,
      "Liquidity": 0.3303640614371763,
      "Credit": -0.060846590994434464
    },
    {
      "ticker": "TENB",
      "r_squared": 0.15407871821358643,
      "alpha_annual": -0.3264477194319716,
      "idio_vol_annual": 0.40909399798543805,
      "Market": 1.461048265701516,
      "Size": -0.12357082375116868,
      "Value (SMID)": -0.8797008176246055,
      "Momentum": -0.3291802722481395,
      "Quality": -0.542903902140108,
      "Profitability": 1.4015421543046598,
      "Liquidity": -0.08769736740531953,
      "Credit": -0.2936798599224285
    },
    {
      "ticker": "VIA",
      "r_squared": 0.10639990583058889,
      "alpha_annual": -1.5049161267459519,
      "idio_vol_annual": 0.6784775369731456,
      "Market": 0.9565389961001844,
      "Size": 0.45794397213305693,
      "Value (SMID)": -1.3579195341417918,
      "Momentum": -0.8734850289579095,
      "Quality": -1.7169449130075354,
      "Profitability": 0.5562521741862644,
      "Liquidity": 0.5666877310530669,
      "Credit": -0.7832891219674909
    },
    {
      "ticker": "VST",
      "r_squared": 0.2959542067353864,
      "alpha_annual": -0.4082331285403274,
      "idio_vol_annual": 0.4122297161916155,
      "Market": 0.6187850399984055,
      "Size": 0.7971568637433089,
      "Value (SMID)": -0.6870327883386033,
      "Momentum": 0.5964842508626225,
      "Quality": -1.791840270786971,
      "Profitability": -0.5159943290302567,
      "Liquidity": -0.765696768337125,
      "Credit": -0.8303727971211178
    },
    {
      "ticker": "XNET",
      "r_squared": 0.16987309691095276,
      "alpha_annual": -0.26874719793208307,
      "idio_vol_annual": 0.6729069183859635,
      "Market": 1.7812310980184687,
      "Size": 0.22786235636645502,
      "Value (SMID)": -0.7070367513314715,
      "Momentum": -0.22235469222820003,
      "Quality": 0.20359493025676417,
      "Profitability": 0.6569306262281808,
      "Liquidity": 1.0538176348783113,
      "Credit": 2.500779737109718
    },
    {
      "ticker": "ZS",
      "r_squared": 0.09511094497974004,
      "alpha_annual": -0.9333384030932589,
      "idio_vol_annual": 0.5967387044288845,
      "Market": 1.3371205034383566,
      "Size": -0.3833298393361524,
      "Value (SMID)": -1.1600635320251351,
      "Momentum": -0.9286758147951006,
      "Quality": -0.9310330514803201,
      "Profitability": 0.9294954990984742,
      "Liquidity": 0.21582018144919848,
      "Credit": 0.13545878800038516
    },
    {
      "ticker": "ZTS",
      "r_squared": 0.16975000506695714,
      "alpha_annual": -0.8845297282716436,
      "idio_vol_annual": 0.34406302951998996,
      "Market": 1.341228328663651,
      "Size": 0.15605179380586431,
      "Value (SMID)": 0.06199886160917015,
      "Momentum": -0.2521424020868681,
