{
  "generated_at": "2026-06-30T16:56:54.049787Z",
  "market_session": "OPEN",
  "fund_name": "Convex Capital",
  "tagline": "Lose small. Win big. \u2014 Paper-traded portfolio. Hypothetical performance for educational purposes only.",
  "summary": {
    "nav": 1151862.8104034043,
    "cash": 4722.310000000056,
    "equity": 1147140.5004034042,
    "deposits": 1000000.0,
    "total_return": 0.15186281040340432,
    "realized_pnl": 0.0,
    "open_positions": 16
  },
  "metrics": {
    "period_return": 0.15208565652433204,
    "calendar_days_since_inception": 29,
    "trading_days_observed": 20,
    "annualized_return": 4.941006565035483,
    "annualized_return_arithmetic": 1.833023234631383,
    "annualized_vol": 0.30238865390526637,
    "sharpe": 5.919338848637563,
    "sortino": 12.953382137886459,
    "calmar": 130.02057409475017,
    "max_drawdown": -0.038001728568240384,
    "var_95_1d": -0.01547565539315635,
    "risk_free_rate": 0.04401999950408936,
    "beta_benchmark": 0.8264142553940306,
    "benchmark_annualized_return": 0.267968337190019,
    "benchmark_annualized_return_arithmetic": 0.2375277580647516,
    "benchmark_period_return": 0.041695459387866673,
    "period_active_return": 0.11039019713646536,
    "treynor": 2.1647778017506547,
    "jensens_alpha": 1.6290856649234162,
    "information_ratio": 5.298540778672137,
    "tracking_error": 0.24430356323536,
    "annualized_active_return": 2.6369270807403846,
    "annualized_active_return_arithmetic": 1.2944523921774618,
    "up_capture": 1.5048588573506116,
    "down_capture": 0.5513640471593504,
    "data_basis": "realized_nav",
    "days_of_live_nav": 21,
    "benchmark_ticker": "IWM",
    "benchmark_name": "Russell 2000",
    "beta_spy": 0.8264142553940306,
    "beta_spy_stress": 1.5297972520697498
  },
  "nav_curve": [
    {
      "date": "2026-06-01",
      "value": 999882.8292976379
    },
    {
      "date": "2026-06-02",
      "value": 1005079.4966617966
    },
    {
      "date": "2026-06-03",
      "value": 995768.7768651581
    },
    {
      "date": "2026-06-04",
      "value": 1004929.1794892884
    },
    {
      "date": "2026-06-05",
      "value": 974274.0015833282
    },
    {
      "date": "2026-06-08",
      "value": 974266.9881036186
    },
    {
      "date": "2026-06-09",
      "value": 979640.5088702394
    },
    {
      "date": "2026-06-10",
      "value": 966884.7384401513
    },
    {
      "date": "2026-06-11",
      "value": 990753.0886875344
    },
    {
      "date": "2026-06-12",
      "value": 996222.4282127572
    },
    {
      "date": "2026-06-15",
      "value": 1017018.2685251809
    },
    {
      "date": "2026-06-16",
      "value": 1019223.7061524964
    },
    {
      "date": "2026-06-17",
      "value": 1004256.765778122
    },
    {
      "date": "2026-06-18",
      "value": 1005956.2144795037
    },
    {
      "date": "2026-06-22",
      "value": 1013145.2704611397
    },
    {
      "date": "2026-06-23",
      "value": 1003670.4086042023
    },
    {
      "date": "2026-06-24",
      "value": 1028642.2278996087
    },
    {
      "date": "2026-06-25",
      "value": 1087855.2699132538
    },
    {
      "date": "2026-06-26",
      "value": 1108818.5221582032
    },
    {
      "date": "2026-06-29",
      "value": 1139434.688639698
    },
    {
      "date": "2026-06-30",
      "value": 1151950.6658387757
    }
  ],
  "drawdown_curve": [
    {
      "date": "2026-06-01",
      "value": 0.0
    },
    {
      "date": "2026-06-02",
      "value": 0.0
    },
    {
      "date": "2026-06-03",
      "value": -0.009263665040986776
    },
    {
      "date": "2026-06-04",
      "value": -0.00014955749570802555
    },
    {
      "date": "2026-06-05",
      "value": -0.030649809473562682
    },
    {
      "date": "2026-06-08",
      "value": -0.03065678750836781
    },
    {
      "date": "2026-06-09",
      "value": -0.025310423579476604
    },
    {
      "date": "2026-06-10",
      "value": -0.038001728568240384
    },
    {
      "date": "2026-06-11",
      "value": -0.01425400480444075
    },
    {
      "date": "2026-06-12",
      "value": -0.008812306368259061
    },
    {
      "date": "2026-06-15",
      "value": 0.0
    },
    {
      "date": "2026-06-16",
      "value": 0.0
    },
    {
      "date": "2026-06-17",
      "value": -0.014684647034823809
    },
    {
      "date": "2026-06-18",
      "value": -0.01301725184854327
    },
    {
      "date": "2026-06-22",
      "value": -0.005963789553426265
    },
    {
      "date": "2026-06-23",
      "value": -0.015259944852545435
    },
    {
      "date": "2026-06-24",
      "value": 0.0
    },
    {
      "date": "2026-06-25",
      "value": 0.0
    },
    {
      "date": "2026-06-26",
      "value": 0.0
    },
    {
      "date": "2026-06-29",
      "value": 0.0
    },
    {
      "date": "2026-06-30",
      "value": 0.0
    }
  ],
  "benchmarks": {
    "SPY": [
      {
        "date": "2026-06-01",
        "value": 0.0
      },
      {
        "date": "2026-06-02",
        "value": 0.0013579397972762752
      },
      {
        "date": "2026-06-03",
        "value": -0.005668771434361286
      },
      {
        "date": "2026-06-04",
        "value": -0.0019115061781299625
      },
      {
        "date": "2026-06-05",
        "value": -0.027671542654459702
      },
      {
        "date": "2026-06-08",
        "value": -0.025470023194608782
      },
      {
        "date": "2026-06-09",
        "value": -0.02833070775180091
      },
      {
        "date": "2026-06-10",
        "value": -0.04364962071587053
      },
      {
        "date": "2026-06-11",
        "value": -0.027394678792744487
      },
      {
        "date": "2026-06-12",
        "value": -0.022134588105308994
      },
      {
        "date": "2026-06-15",
        "value": -0.0048909388718152425
      },
      {
        "date": "2026-06-16",
        "value": -0.010823344076597685
      },
      {
        "date": "2026-06-17",
        "value": -0.023176054438276084
      },
      {
        "date": "2026-06-18",
        "value": -0.013020023259145863
      },
      {
        "date": "2026-06-22",
        "value": -0.016126029204297176
      },
      {
        "date": "2026-06-23",
        "value": -0.030413801760312054
      },
      {
        "date": "2026-06-24",
        "value": -0.03086322150786902
      },
      {
        "date": "2026-06-25",
        "value": -0.029462203242598517
      },
      {
        "date": "2026-06-26",
        "value": -0.03648052466024476
      },
      {
        "date": "2026-06-29",
        "value": -0.02060667390341908
      },
      {
        "date": "2026-06-30",
        "value": -0.012795353721011593
      }
    ],
    "IWM": [
      {
        "date": "2026-06-01",
        "value": 0.0
      },
      {
        "date": "2026-06-02",
        "value": 0.009273902616242058
      },
      {
        "date": "2026-06-03",
        "value": -0.004533265755123028
      },
      {
        "date": "2026-06-04",
        "value": 0.010485102307313143
      },
      {
        "date": "2026-06-05",
        "value": -0.025365222965751943
      },
      {
        "date": "2026-06-08",
        "value": -0.016852527916236926
      },
      {
        "date": "2026-06-09",
        "value": -0.013703535746163342
      },
      {
        "date": "2026-06-10",
        "value": -0.023981055236295123
      },
      {
        "date": "2026-06-11",
        "value": 0.00494832553389335
      },
      {
        "date": "2026-06-12",
        "value": 0.01373793881377372
      },
      {
        "date": "2026-06-15",
        "value": 0.022010765090349826
      },
      {
        "date": "2026-06-16",
        "value": 0.013130856989941098
      },
      {
        "date": "2026-06-17",
        "value": 0.005499833171586088
      },
      {
        "date": "2026-06-18",
        "value": 0.025305943833869415
      },
      {
        "date": "2026-06-22",
        "value": 0.03428980212625787
      },
      {
        "date": "2026-06-23",
        "value": 0.02436943940571834
      },
      {
        "date": "2026-06-24",
        "value": 0.0291215086708434
      },
      {
        "date": "2026-06-25",
        "value": 0.036821973757975135
      },
      {
        "date": "2026-06-26",
        "value": 0.04001309645392226
      },
      {
        "date": "2026-06-29",
        "value": 0.03703008585311984
      },
      {
        "date": "2026-06-30",
        "value": 0.041695459387866673
      }
    ]
  },
  "holdings": [
    {
      "ticker": "GRPN",
      "company": "Groupon, Inc.",
      "sector": "Communication Services",
      "country": "United States",
      "shares": 11310.0,
      "price": 23.100000381469727,
      "cost_basis": 17.3017824933687,
      "market_value": 261261.0043144226,
      "unrealized_pnl": 65577.84431442259,
      "short_percent_of_float": 0.5577,
      "short_ratio": 7.12
    },
    {
      "ticker": "TENB",
      "company": "Tenable Holdings, Inc.",
      "sector": "Technology",
      "country": "United States",
      "shares": 4766.0,
      "price": 36.63999938964844,
      "cost_basis": 26.224616030214015,
      "market_value": 174626.23709106445,
      "unrealized_pnl": 49639.717091064456,
      "short_percent_of_float": 0.1225,
      "short_ratio": 3.03
    },
    {
      "ticker": "KSPI",
      "company": "Joint Stock Company Kaspi.kz",
      "sector": "Technology",
      "country": "Kazakhstan",
      "shares": 1515.0,
      "price": 86.46499633789062,
      "cost_basis": 82.53049504950495,
      "market_value": 130994.4694519043,
      "unrealized_pnl": 5960.769451904298,
      "short_percent_of_float": 0.019199999,
      "short_ratio": 3.76
    },
    {
      "ticker": "CMI",
      "company": "Cummins Inc.",
      "sector": "Industrials",
      "country": "United States",
      "shares": 153.0,
      "price": 705.0399780273438,
      "cost_basis": 651.1282352941176,
      "market_value": 107871.1166381836,
      "unrealized_pnl": 8248.496638183595,
      "short_percent_of_float": 0.0214,
      "short_ratio": 2.63
    },
    {
      "ticker": "JAKK",
      "company": "JAKKS Pacific, Inc.",
      "sector": "Consumer Cyclical",
      "country": "United States",
      "shares": 3436.0,
      "price": 23.34000015258789,
      "cost_basis": 21.83,
      "market_value": 80196.24052429199,
      "unrealized_pnl": 5188.360524291998,
      "short_percent_of_float": 0.0436,
      "short_ratio": 10.5
    },
    {
      "ticker": "VIA",
      "company": "Via Transportation, Inc.",
      "sector": "Technology",
      "country": "United States",
      "shares": 3280.0,
      "price": 18.424999237060547,
      "cost_basis": 15.241405487804878,
      "market_value": 60433.997497558594,
      "unrealized_pnl": 10442.187497558594,
      "short_percent_of_float": 0.16370001,
      "short_ratio": 7.41
    },
    {
      "ticker": "XNET",
      "company": "Xunlei Limited",
      "sector": "Technology",
      "country": "China",
      "shares": 10526.0,
      "price": 5.650000095367432,
      "cost_basis": 4.75,
      "market_value": 59471.901003837585,
      "unrealized_pnl": 9473.401003837585,
      "short_percent_of_float": 0.0537,
      "short_ratio": 5.2
    },
    {
      "ticker": "ZS",
      "company": "Zscaler, Inc.",
      "sector": "Technology",
      "country": "United States",
      "shares": 365.0,
      "price": 140.98989868164062,
      "cost_basis": 136.79813698630136,
      "market_value": 51461.31301879883,
      "unrealized_pnl": 1529.9930187988323,
      "short_percent_of_float": 0.1129,
      "short_ratio": 1.62
    },
    {
      "ticker": "CRWV",
      "company": "CoreWeave, Inc.",
      "sector": "Technology",
      "country": "United States",
      "shares": 468.0,
      "price": 98.31999969482422,
      "cost_basis": 106.78134615384614,
      "market_value": 46013.759857177734,
      "unrealized_pnl": -3959.910142822261,
      "short_percent_of_float": 0.2299,
      "short_ratio": 2.46
    },
    {
      "ticker": "GENC",
      "company": "Gencor Industries, Inc.",
      "sector": "Industrials",
      "country": "United States",
      "shares": 1746.0,
      "price": 15.15999984741211,
      "cost_basis": 14.32,
      "market_value": 26469.359733581543,
      "unrealized_pnl": 1466.6397335815425,
      "short_percent_of_float": 0.006,
      "short_ratio": 1.66
    },
    {
      "ticker": "ESI",
      "company": "Element Solutions Inc",
      "sector": "Basic Materials",
      "country": "United States",
      "shares": 557.0,
      "price": 47.33000183105469,
      "cost_basis": 44.92,
      "market_value": 26362.81101989746,
      "unrealized_pnl": 1342.37101989746,
      "short_percent_of_float": 0.087,
      "short_ratio": 5.6
    },
    {
      "ticker": "VST",
      "company": "Vistra Corp.",
      "sector": "Utilities",
      "country": "United States",
      "shares": 162.0,
      "price": 161.72999572753906,
      "cost_basis": 154.76,
      "market_value": 26200.259307861328,
      "unrealized_pnl": 1129.1393078613296,
      "short_percent_of_float": 0.052699998,
      "short_ratio": 3.04
    },
    {
      "ticker": "OPEN",
      "company": "Opendoor Technologies Inc.",
      "sector": "Real Estate",
      "country": "United States",
      "shares": 5479.0,
      "price": 4.700099945068359,
      "cost_basis": 4.562927541522176,
      "market_value": 25751.84759902954,
      "unrealized_pnl": 751.5675990295402,
      "short_percent_of_float": 0.17889999,
      "short_ratio": 4.06
    },
    {
      "ticker": "CEG",
      "company": "Constellation Energy Corporation",
      "sector": "Utilities",
      "country": "United States",
      "shares": 94.0,
      "price": 253.4550018310547,
      "cost_basis": 265.7,
      "market_value": 23824.77017211914,
      "unrealized_pnl": -1151.0298278808582,
      "short_percent_of_float": 0.0356,
      "short_ratio": 2.75
    },
    {
      "ticker": "PYPL",
      "company": "PayPal Holdings, Inc.",
      "sector": "Financial Services",
      "country": "United States",
      "shares": 553.0,
      "price": 43.064998626708984,
      "cost_basis": 45.19,
      "market_value": 23814.94424057007,
      "unrealized_pnl": -1175.1257594299304,
      "short_percent_of_float": 0.0687,
      "short_ratio": 3.63
    },
    {
      "ticker": "ZTS",
      "company": "Zoetis Inc.",
      "sector": "Healthcare",
      "country": "United States",
      "shares": 312.0,
      "price": 71.75150299072266,
      "cost_basis": 80.09,
      "market_value": 22386.46893310547,
      "unrealized_pnl": -2601.611066894532,
      "short_percent_of_float": 0.0434,
      "short_ratio": 2.25
    }
  ],
  "sector_exposure": [
    {
      "name": "Technology",
      "value": 523001.6779203415,
      "pct": 0.4540485839083357
    },
    {
      "name": "Communication Services",
      "value": 261261.0043144226,
      "pct": 0.22681607736161222
    },
    {
      "name": "Industrials",
      "value": 134340.47637176514,
      "pct": 0.11662888597359658
    },
    {
      "name": "Consumer Cyclical",
      "value": 80196.24052429199,
      "pct": 0.06962308340887031
    },
    {
      "name": "Utilities",
      "value": 50025.02947998047,
      "pct": 0.04342967671858487
    },
    {
      "name": "Basic Materials",
      "value": 26362.81101989746,
      "pct": 0.022887110150439444
    },
    {
      "name": "Real Estate",
      "value": 25751.84759902954,
      "pct": 0.022356696792746312
    },
    {
      "name": "Financial Services",
      "value": 23814.94424057007,
      "pct": 0.020675156820307117
    },
    {
      "name": "Healthcare",
      "value": 22386.46893310547,
      "pct": 0.01943501320722847
    },
    {
      "name": "Cash",
      "value": 4722.310000000056,
      "pct": 0.004099715658278969
    }
  ],
  "geographic_exposure": [
    {
      "name": "United States",
      "value": 956674.1299476624,
      "pct": 0.8305452014833405
    },
    {
      "name": "Kazakhstan",
      "value": 130994.4694519043,
      "pct": 0.11372402014266572
    },
    {
      "name": "China",
      "value": 59471.901003837585,
      "pct": 0.05163106271571472
    },
    {
      "name": "Cash",
      "value": 4722.310000000056,
      "pct": 0.004099715658278969
    }
  ],
  "signals": [
    {
      "ticker": "CEG",
      "label": "SELL",
      "composite": -1.0,
      "rsi": 39.4,
      "subs": {
        "rsi": 0.0,
        "macd": 0.5,
        "trend": -0.5,
        "bb": -0.5,
        "vol": 0.0,
        "range": -0.5
      }
    },
    {
      "ticker": "CMI",
      "label": "STRONG BUY",
      "composite": 3.0,
      "rsi": 54.9,
      "subs": {
        "rsi": 0.5,
        "macd": 0.5,
        "trend": 0.5,
        "bb": 0.5,
        "vol": 0.5,
        "range": 0.5
      }
    },
    {
      "ticker": "CRWV",
      "label": "SELL",
      "composite": -1.5,
      "rsi": 43.7,
      "subs": {
        "rsi": 0.0,
        "macd": -0.5,
        "trend": 0.0,
        "bb": -0.5,
        "vol": 0.0,
        "range": -0.5
      }
    },
    {
      "ticker": "ESI",
      "label": "STRONG BUY",
      "composite": 3.0,
      "rsi": 59.6,
      "subs": {
        "rsi": 0.5,
        "macd": 0.5,
        "trend": 0.5,
        "bb": 0.5,
        "vol": 0.5,
        "range": 0.5
      }
    },
    {
      "ticker": "GENC",
      "label": "STRONG BUY",
      "composite": 3.0,
      "rsi": 56.5,
      "subs": {
        "rsi": 0.5,
        "macd": 0.5,
        "trend": 0.5,
        "bb": 0.5,
        "vol": 0.5,
        "range": 0.5
      }
    },
    {
      "ticker": "GRPN",
      "label": "STRONG BUY",
      "composite": 3.0,
      "rsi": 68.9,
      "subs": {
        "rsi": 0.5,
        "macd": 0.5,
        "trend": 0.5,
        "bb": 0.5,
        "vol": 0.5,
        "range": 0.5
      }
    },
    {
      "ticker": "JAKK",
      "label": "STRONG BUY",
      "composite": 3.0,
      "rsi": 61.0,
      "subs": {
        "rsi": 0.5,
        "macd": 0.5,
        "trend": 0.5,
        "bb": 0.5,
        "vol": 0.5,
        "range": 0.5
      }
    },
    {
      "ticker": "KSPI",
      "label": "STRONG BUY",
      "composite": 2.0,
      "rsi": 53.1,
      "subs": {
        "rsi": 0.5,
        "macd": 0.5,
        "trend": 0.0,
        "bb": 0.5,
        "vol": 0.0,
        "range": 0.5
      }
    },
    {
      "ticker": "OPEN",
      "label": "BUY",
      "composite": 1.5,
      "rsi": 53.7,
      "subs": {
        "rsi": 0.5,
        "macd": 0.5,
        "trend": -0.5,
        "bb": 0.5,
        "vol": 0.5,
        "range": 0.0
      }
    },
    {
      "ticker": "PYPL",
      "label": "BUY",
      "composite": 1.0,
      "rsi": 48.7,
      "subs": {
        "rsi": 0.5,
        "macd": 0.5,
        "trend": -0.5,
        "bb": 0.5,
        "vol": 0.0,
        "range": 0.0
      }
    },
    {
      "ticker": "TENB",
      "label": "BUY",
      "composite": 1.0,
      "rsi": 80.5,
      "subs": {
        "rsi": -0.5,
        "macd": 0.5,
        "trend": 0.5,
        "bb": 0.0,
        "vol": 0.0,
        "range": 0.5
      }
    },
    {
      "ticker": "VIA",
      "label": "STRONG BUY",
      "composite": 2.0,
      "rsi": 68.7,
      "subs": {
        "rsi": 0.5,
        "macd": 0.5,
        "trend": 0.0,
        "bb": 0.0,
        "vol": 0.5,
        "range": 0.5
      }
    },
    {
      "ticker": "VST",
      "label": "STRONG BUY",
      "composite": 2.0,
      "rsi": 55.1,
      "subs": {
        "rsi": 0.5,
        "macd": 0.5,
        "trend": 0.0,
        "bb": 0.5,
        "vol": 0.0,
        "range": 0.5
      }
    },
    {
      "ticker": "XNET",
      "label": "BUY",
      "composite": 1.0,
      "rsi": 56.8,
      "subs": {
        "rsi": 0.5,
        "macd": 0.5,
        "trend": -0.5,
        "bb": 0.0,
        "vol": 0.0,
        "range": 0.5
      }
    },
    {
      "ticker": "ZS",
      "label": "BUY",
      "composite": 1.0,
      "rsi": 55.1,
      "subs": {
        "rsi": 0.5,
        "macd": 0.5,
        "trend": -0.5,
        "bb": 0.5,
        "vol": -0.5,
        "range": 0.5
      }
    },
    {
      "ticker": "ZTS",
      "label": "SELL",
      "composite": -1.0,
      "rsi": 29.2,
      "subs": {
        "rsi": -0.5,
        "macd": 0.5,
        "trend": -0.5,
        "bb": 0.0,
        "vol": 0.0,
        "range": -0.5
      }
    }
  ],
  "volatility": [
    {
      "ticker": "CEG",
      "hv20": 0.34855983711978983,
      "garch": 0.5130565743542984,
      "expansion": 0.47193256283848867,
      "regime": "LOW",
      "signal": "SIGNAL"
    },
    {
      "ticker": "CMI",
      "hv20": 0.5093230786232227,
      "garch": 0.38744851775208383,
      "expansion": -0.23928733251315495,
      "regime": "EXTREME",
      "signal": "WEAK"
    },
    {
      "ticker": "CRWV",
      "hv20": 0.7166814482149926,
      "garch": 0.9028093905939791,
      "expansion": 0.25970805138401076,
      "regime": "LOW",
      "signal": "SIGNAL"
    },
    {
      "ticker": "ESI",
      "hv20": 0.5999835848667143,
      "garch": 0.5344428247098013,
      "expansion": -0.10923758884415616,
      "regime": "EXTREME",
      "signal": "WEAK"
    },
    {
      "ticker": "GENC",
      "hv20": 0.31570192996468777,
      "garch": 0.3480155498009425,
      "expansion": 0.10235483780497992,
      "regime": "LOW",
      "signal": "BASE"
    },
    {
      "ticker": "GRPN",
      "hv20": 1.103766416359603,
      "garch": 0.8125345530860162,
      "expansion": -0.2638528034166104,
      "regime": "EXTREME",
      "signal": "WEAK"
    },
    {
      "ticker": "JAKK",
      "hv20": 0.22984374459174786,
      "garch": 0.4644671555668856,
      "expansion": 1.0207952859099108,
      "regime": "LOW",
      "signal": "SIGNAL"
    },
    {
      "ticker": "KSPI",
      "hv20": 0.3784876576337569,
      "garch": 0.35153719390802163,
      "expansion": -0.0712056606924125,
      "regime": "HIGH",
      "signal": "WEAK"
    },
    {
      "ticker": "OPEN",
      "hv20": 0.711033330612384,
      "garch": 0.6871085563710633,
      "expansion": -0.03364789414402746,
      "regime": "LOW",
      "signal": "WEAK"
    },
    {
      "ticker": "PYPL",
      "hv20": 0.3657469829842217,
      "garch": 0.41787614455708816,
      "expansion": 0.14252793323824986,
      "regime": "NORMAL",
      "signal": "BASE"
    },
    {
      "ticker": "TENB",
      "hv20": 0.71101086338615,
      "garch": 0.8774205284180929,
      "expansion": 0.23404658578551954,
      "regime": "EXTREME",
      "signal": "SIGNAL"
    },
    {
      "ticker": "VIA",
      "hv20": 0.7290343993465047,
      "garch": null,
      "expansion": null,
      "regime": "NORMAL",
      "signal": "WEAK"
    },
    {
      "ticker": "VST",
      "hv20": 0.4411918458207869,
      "garch": 0.5397302364676951,
      "expansion": 0.2233459017439201,
      "regime": "NORMAL",
      "signal": "SIGNAL"
    },
    {
      "ticker": "XNET",
      "hv20": 0.7737438161047494,
      "garch": 0.7158823443279665,
      "expansion": -0.07478117507688052,
      "regime": "HIGH",
      "signal": "WEAK"
    },
    {
      "ticker": "ZS",
      "hv20": 0.5428447868844918,
      "garch": 0.6335819246518614,
      "expansion": 0.167151163573165,
      "regime": "NORMAL",
      "signal": "BASE"
    },
    {
      "ticker": "ZTS",
      "hv20": 0.3367721554951105,
      "garch": 0.33320005192063396,
      "expansion": -0.010606885148283682,
      "regime": "HIGH",
      "signal": "WEAK"
    }
  ],
  "correlation": {
    "tickers": [
      "CEG",
      "CMI",
      "CRWV",
      "ESI",
      "GENC",
      "GRPN",
      "JAKK",
      "KSPI",
      "OPEN",
      "PYPL",
      "TENB",
      "VIA",
      "VST",
      "XNET",
      "ZS",
      "ZTS"
    ],
    "matrix": [
      [
        1.0,
        0.326,
        0.232,
        0.299,
        0.147,
        0.083,
        0.087,
        0.06,
        0.183,
        0.137,
        0.026,
        -0.006,
        0.796,
        0.239,
        0.033,
        0.125
      ],
      [
        0.326,
        1.0,
        0.367,
        0.63,
        0.317,
        0.219,
        0.115,
        0.225,
        0.178,
        0.053,
        -0.088,
        -0.033,
        0.364,
        0.283,
        -0.077,
        0.177
      ],
      [
        0.232,
        0.367,
        1.0,
        0.341,
        0.116,
        0.129,
        0.046,
        0.12,
        0.244,
        0.138,
        0.1,
        0.197,
        0.315,
        0.361,
        0.174,
        0.08
      ],
      [
        0.299,
        0.63,
        0.341,
        1.0,
        0.257,
        0.31,
        0.225,
        0.29,
        0.261,
        0.264,
        0.074,
        0.028,
        0.374,
        0.331,
        0.027,
        0.166
      ],
      [
        0.147,
        0.317,
        0.116,
        0.257,
        1.0,
        0.133,
        0.32,
        0.146,
        0.129,
        0.105,
        0.165,
        0.079,
        0.164,
        0.168,
        0.061,
        0.154
      ],
      [
        0.083,
        0.219,
        0.129,
        0.31,
        0.133,
        1.0,
        0.16,
        0.336,
        0.289,
        0.255,
        0.21,
        0.168,
        0.146,
        0.235,
        0.128,
        0.148
      ],
      [
        0.087,
        0.115,
        0.046,
        0.225,
        0.32,
        0.16,
        1.0,
        0.11,
        0.138,
        0.225,
        -0.027,
        0.156,
        0.058,
        0.199,
        -0.042,
        0.146
      ],
      [
        0.06,
        0.225,
        0.12,
        0.29,
        0.146,
        0.336,
        0.11,
        1.0,
        0.24,
        0.268,
        0.235,
        0.14,
        0.109,
        0.209,
        0.151,
        0.183
      ],
      [
        0.183,
        0.178,
        0.244,
        0.261,
        0.129,
        0.289,
        0.138,
        0.24,
        1.0,
        0.247,
        0.139,
        0.161,
        0.251,
        0.351,
        0.072,
        0.16
      ],
      [
        0.137,
        0.053,
        0.138,
        0.264,
        0.105,
        0.255,
        0.225,
        0.268,
        0.247,
        1.0,
        0.337,
        0.166,
        0.08,
        0.343,
        0.212,
        0.17
      ],
      [
        0.026,
        -0.088,
        0.1,
        0.074,
        0.165,
        0.21,
        -0.027,
        0.235,
        0.139,
        0.337,
        1.0,
        0.37,
        0.044,
        0.177,
        0.565,
        0.054
      ],
      [
        -0.006,
        -0.033,
        0.197,
        0.028,
        0.079,
        0.168,
        0.156,
        0.14,
        0.161,
        0.166,
        0.37,
        1.0,
        0.044,
        0.184,
        0.384,
        0.001
      ],
      [
        0.796,
        0.364,
        0.315,
        0.374,
        0.164,
        0.146,
        0.058,
        0.109,
        0.251,
        0.08,
        0.044,
        0.044,
        1.0,
        0.27,
        0.06,
        0.09
      ],
      [
        0.239,
        0.283,
        0.361,
        0.331,
        0.168,
        0.235,
        0.199,
        0.209,
        0.351,
        0.343,
        0.177,
        0.184,
        0.27,
        1.0,
        0.228,
        0.032
      ],
      [
        0.033,
        -0.077,
        0.174,
        0.027,
        0.061,
        0.128,
        -0.042,
        0.151,
        0.072,
        0.212,
        0.565,
        0.384,
        0.06,
        0.228,
        1.0,
        -0.046
      ],
      [
        0.125,
        0.177,
        0.08,
        0.166,
        0.154,
        0.148,
        0.146,
        0.183,
        0.16,
        0.17,
        0.054,
        0.001,
        0.09,
        0.032,
        -0.046,
        1.0
      ]
    ]
  },
  "residual_correlation": {
    "tickers": [
      "CEG",
      "CMI",
      "CRWV",
      "ESI",
      "GENC",
      "GRPN",
      "JAKK",
      "KSPI",
      "OPEN",
      "PYPL",
      "TENB",
      "VIA",
      "VST",
      "XNET",
      "ZS",
      "ZTS"
    ],
    "matrix": [
      [
        1.0,
        0.044,
        0.011,
        -0.042,
        0.027,
        -0.076,
        -0.017,
        -0.124,
        0.027,
        0.051,
        -0.039,
        -0.096,
        0.729,
        0.096,
        0.007,
        0.071
      ],
      [
        0.044,
        1.0,
        0.114,
        0.25,
        0.068,
        -0.037,
        -0.138,
        -0.013,
        -0.065,
        -0.099,
        -0.265,
        -0.158,
        0.026,
        -0.009,
        -0.151,
        0.08
      ],
      [
        0.011,
        0.114,
        1.0,
        0.032,
        0.017,
        -0.071,
        -0.045,
        -0.103,
        0.042,
        -0.033,
        -0.017,
        0.083,
        0.083,
        0.143,
        0.108,
        0.032
      ],
      [
        -0.042,
        0.25,
        0.032,
        1.0,
        -0.069,
        0.05,
        0.001,
        0.01,
        -0.007,
        0.128,
        -0.093,
        -0.126,
        -0.002,
        0.019,
        -0.053,
        -0.017
      ],
      [
        0.027,
        0.068,
        0.017,
        -0.069,
        1.0,
        -0.048,
        0.055,
        -0.085,
        -0.075,
        -0.007,
        0.11,
        -0.0,
        0.027,
        -0.052,
        0.013,
        -0.044
      ],
      [
        -0.076,
        -0.037,
        -0.071,
        0.05,
        -0.048,
        1.0,
        0.043,
        0.201,
        0.124,
        0.13,
        0.101,
        0.084,
        -0.029,
        0.044,
        0.055,
        0.03
      ],
      [
        -0.017,
        -0.138,
        -0.045,
        0.001,
        0.055,
        0.043,
        1.0,
        -0.083,
        -0.031,
        0.118,
        -0.149,
        0.081,
        -0.058,
        0.022,
        -0.118,
        -0.024
      ],
      [
        -0.124,
        -0.013,
        -0.103,
        0.01,
        -0.085,
        0.201,
        -0.083,
        1.0,
        0.057,
        0.103,
        0.135,
        0.027,
        -0.093,
        -0.006,
        0.063,
        0.043
      ],
      [
        0.027,
        -0.065,
        0.042,
        -0.007,
        -0.075,
        0.124,
        -0.031,
        0.057,
        1.0,
        0.064,
        -0.001,
        0.038,
        0.107,
        0.158,
        -0.04,
        0.025
      ],
      [
        0.051,
        -0.099,
        -0.033,
        0.128,
        -0.007,
        0.13,
        0.118,
        0.103,
        0.064,
        1.0,
        0.195,
        0.025,
        -0.023,
        0.195,
        0.071,
        0.024
      ],
      [
        -0.039,
        -0.265,
        -0.017,
        -0.093,
        0.11,
        0.101,
        -0.149,
        0.135,
        -0.001,
        0.195,
        1.0,
        0.304,
        -0.014,
        0.029,
        0.519,
        -0.056
      ],
      [
        -0.096,
        -0.158,
        0.083,
        -0.126,
        -0.0,
        0.084,
        0.081,
        0.027,
        0.038,
        0.025,
        0.304,
        1.0,
        -0.039,
        0.055,
        0.327,
        -0.086
      ],
      [
        0.729,
        0.026,
        0.083,
        -0.002,
        0.027,
        -0.029,
        -0.058,
        -0.093,
        0.107,
        -0.023,
        -0.014,
        -0.039,
        1.0,
        0.112,
        0.045,
        0.02
      ],
      [
        0.096,
        -0.009,
        0.143,
        0.019,
        -0.052,
        0.044,
        0.022,
        -0.006,
        0.158,
        0.195,
        0.029,
        0.055,
        0.112,
        1.0,
        0.146,
        -0.117
      ],
      [
        0.007,
        -0.151,
        0.108,
        -0.053,
        0.013,
        0.055,
        -0.118,
        0.063,
        -0.04,
        0.071,
        0.519,
        0.327,
        0.045,
        0.146,
        1.0,
        -0.132
      ],
      [
        0.071,
        0.08,
        0.032,
        -0.017,
        -0.044,
        0.03,
        -0.024,
        0.043,
        0.025,
        0.024,
        -0.056,
        -0.086,
        0.02,
        -0.117,
        -0.132,
        1.0
      ]
    ]
  },
  "factor_correlation": {
    "factors": [
      "Market",
      "Size",
      "Value (SMID)",
      "Momentum",
      "Quality",
      "Profitability",
      "Liquidity",
      "Credit"
    ],
    "matrix": [
      [
        1.0,
        0.284,
        -0.508,
        0.415,
        -0.255,
        -0.553,
        0.313,
        0.193
      ],
      [
        0.284,
        1.0,
        -0.125,
        0.192,
        0.166,
        0.187,
        0.276,
        0.031
      ],
      [
        -0.508,
        -0.125,
        1.0,
        -0.567,
        0.326,
        0.614,
        -0.353,
        -0.15
      ],
      [
        0.415,
        0.192,
        -0.567,
        1.0,
        -0.262,
        -0.572,
        0.249,
        0.057
      ],
      [
        -0.255,
        0.166,
        0.326,
        -0.262,
        1.0,
        0.445,
        -0.193,
        -0.128
      ],
      [
        -0.553,
        0.187,
        0.614,
        -0.572,
        0.445,
        1.0,
        -0.277,
        -0.122
      ],
      [
        0.313,
        0.276,
        -0.353,
        0.249,
        -0.193,
        -0.277,
        1.0,
        0.164
      ],
      [
        0.193,
        0.031,
        -0.15,
        0.057,
        -0.128,
        -0.122,
        0.164,
        1.0
      ]
    ]
  },
  "factor_exposures": [
    {
      "ticker": "CEG",
      "r_squared": 0.23191642469273077,
      "alpha_annual": -0.4629655151842215,
      "idio_vol_annual": 0.4090608842300854,
      "Market": 0.6556762698048169,
      "Size": 0.4890822013819424,
      "Value (SMID)": -0.5181633546516339,
      "Momentum": 0.40306586567394553,
      "Quality": -0.9289462957809181,
      "Profitability": -0.5720950639149549,
      "Liquidity": -0.451594710893128,
      "Credit": -0.9515450187474787
    },
    {
      "ticker": "CMI",
      "r_squared": 0.4913175424575311,
      "alpha_annual": 0.33459041687592933,
      "idio_vol_annual": 0.2478753910320275,
      "Market": 1.128102773680801,
      "Size": 0.8066277634615083,
      "Value (SMID)": 0.4020590304786652,
      "Momentum": 0.7973117354083641,
      "Quality": -0.2143313788415184,
      "Profitability": -0.18014930473050444,
      "Liquidity": -0.4290520620734073,
      "Credit": 0.8595753739898604
    },
    {
      "ticker": "CRWV",
      "r_squared": 0.2694934802979819,
      "alpha_annual": -0.9046901636537359,
      "idio_vol_annual": 0.8025134968600955,
      "Market": 1.0271545236972073,
      "Size": 0.7650690079095424,
      "Value (SMID)": -1.989682577964866,
      "Momentum": 0.30636096122659107,
      "Quality": -3.822066107342507,
      "Profitability": -0.2889418893398103,
      "Liquidity": 0.49089924781235694,
      "Credit": 1.8906475682559833
    },
    {
      "ticker": "ESI",
      "r_squared": 0.5271353906503257,
      "alpha_annual": 0.2489537376060489,
      "idio_vol_annual": 0.2869968425458612,
      "Market": 1.6766723168852398,
      "Size": 0.9596765513375332,
      "Value (SMID)": -0.1753644723844017,
      "Momentum": 0.7421833168071013,
      "Quality": 0.2560197050820192,
      "Profitability": 0.2594917370385818,
      "Liquidity": -0.7279655755037804,
      "Credit": 0.2263043548226957
    },
    {
      "ticker": "GENC",
      "r_squared": 0.32623865888850134,
      "alpha_annual": -0.45509271723108025,
      "idio_vol_annual": 0.3205583099145782,
      "Market": 1.2617309667321364,
      "Size": 1.2259960204569624,
      "Value (SMID)": 1.1623053334213695,
      "Momentum": -0.06681652171472463,
      "Quality": -0.6401969769742933,
      "Profitability": 0.03530339404810118,
      "Liquidity": -0.11211163995026363,
      "Credit": 0.6750659503913697
    },
    {
      "ticker": "GRPN",
      "r_squared": 0.1592174372164853,
      "alpha_annual": -0.8130218490175615,
      "idio_vol_annual": 0.6654550639986916,
      "Market": 1.990721145592991,
      "Size": 0.2859704100136127,
      "Value (SMID)": -0.752543376790503,
      "Momentum": 0.4017324882759217,
      "Quality": -1.8026976281713032,
      "Profitability": 1.7545333521158875,
      "Liquidity": 0.06474612726623585,
      "Credit": 0.9795567218568182
    },
    {
      "ticker": "JAKK",
      "r_squared": 0.2714775778999122,
      "alpha_annual": -0.23396740102736313,
      "idio_vol_annual": 0.35252555042006406,
      "Market": 1.2352825630028048,
      "Size": 1.0916768965784591,
      "Value (SMID)": 0.866704927615211,
      "Momentum": -0.3013708702249849,
      "Quality": 1.1844052015594595,
      "Profitability": -0.31741677508880073,
      "Liquidity": 0.23406209017210955,
      "Credit": -0.5395031957198738
    },
    {
      "ticker": "KSPI",
      "r_squared": 0.21004280240665385,
      "alpha_annual": -0.1796348722947791,
      "idio_vol_annual": 0.3232136845204333,
      "Market": 1.1375838163599945,
      "Size": 0.5529570776217774,
      "Value (SMID)": -0.3060198333199342,
      "Momentum": -0.46058603428126954,
      "Quality": -0.04466671559760298,
      "Profitability": 0.10857556983239725,
      "Liquidity": -0.13163533943459144,
      "Credit": 0.47542388953940184
    },
    {
      "ticker": "OPEN",
      "r_squared": 0.12033700141805159,
      "alpha_annual": 1.5466424923971036,
      "idio_vol_annual": 1.3421353950236516,
      "Market": 3.049984853407511,
      "Size": 1.1809473627547036,
      "Value (SMID)": -1.5498725337051644,
      "Momentum": -1.696034213844002,
      "Quality": 0.7620480569700978,
      "Profitability": 0.8727606801089236,
      "Liquidity": 1.687406098926966,
      "Credit": -2.901294465485737
    },
    {
      "ticker": "PYPL",
      "r_squared": 0.29124091705637545,
      "alpha_annual": -0.6669710311671835,
      "idio_vol_annual": 0.34068742689366943,
      "Market": 1.7824806452139699,
      "Size": -0.2816612945064777,
      "Value (SMID)": -0.9360618473744236,
      "Momentum": -0.8674468416733746,
      "Quality": 1.313294623390912,
      "Profitability": 0.7569088522527248,
      "Liquidity": 0.30950724186360845,
      "Credit": -0.11754220498249028
    },
    {
      "ticker": "TENB",
      "r_squared": 0.15310959520837286,
      "alpha_annual": -0.06154368234963784,
      "idio_vol_annual": 0.43709572994451,
      "Market": 1.6505260932345174,
      "Size": -0.43006550746726646,
      "Value (SMID)": -0.7442508159304013,
      "Momentum": -0.37063226457633536,
      "Quality": 0.7338189515938092,
      "Profitability": 1.2755459155405353,
      "Liquidity": 0.4834531652583187,
      "Credit": -0.22990059586645456
    },
    {
      "ticker": "VIA",
      "r_squared": 0.11505170754292326,
      "alpha_annual": -1.310720716182946,
      "idio_vol_annual": 0.6891252481844613,
      "Market": 1.1439240708283949,
      "Size": 0.26239274719734135,
      "Value (SMID)": -1.1917896641146257,
      "Momentum": -1.028978579721401,
      "Quality": -0.566869341489321,
      "Profitability": 0.5751177066639668,
      "Liquidity": 1.1989841780108885,
      "Credit": -0.8999983524638286
    },
    {
      "ticker": "VST",
      "r_squared": 0.2939885411815889,
      "alpha_annual": -0.44343066672949283,
      "idio_vol_annual": 0.41245222047997604,
      "Market": 0.5945390557690398,
      "Size": 0.8560570855444035,
      "Value (SMID)": -0.6784544253280754,
      "Momentum": 0.5436846859708495,
      "Quality": -1.7275197900758634,
      "Profitability": -0.5002106797461914,
      "Liquidity": -0.7115485607443827,
      "Credit": -0.8905304471973925
    },
    {
      "ticker": "XNET",
      "r_squared": 0.1732939727215722,
      "alpha_annual": -0.10216059638399415,
      "idio_vol_annual": 0.6717192015925555,
      "Market": 1.7856745967987075,
      "Size": 0.2349140773220426,
      "Value (SMID)": -0.722863158588191,
      "Momentum": -0.369022912157308,
