{
  "generated_at": "2026-06-30T09:59:40.386159Z",
  "market_session": "PRE",
  "fund_name": "Convex Capital",
  "tagline": "Lose small. Win big. \u2014 Paper-traded portfolio. Hypothetical performance for educational purposes only.",
  "summary": {
    "nav": 1139434.6700000004,
    "cash": 4722.310000000056,
    "equity": 1134712.3600000003,
    "deposits": 1000000.0,
    "total_return": 0.13943467000000043,
    "realized_pnl": 0.0,
    "open_positions": 16
  },
  "metrics": {
    "period_return": 0.13956821264756347,
    "calendar_days_since_inception": 28,
    "trading_days_observed": 19,
    "annualized_return": 4.490990393319785,
    "annualized_return_arithmetic": 1.783810649969497,
    "annualized_vol": 0.3103481041249071,
    "sharpe": 5.609880444465959,
    "sortino": 12.28102005531295,
    "calmar": 118.1785819362199,
    "max_drawdown": -0.038001728568240384,
    "var_95_1d": -0.01626666375148884,
    "risk_free_rate": 0.043720002174377444,
    "beta_benchmark": 0.8251456257256348,
    "benchmark_annualized_return": 0.2656952594136439,
    "benchmark_annualized_return_arithmetic": 0.23573177155271524,
    "benchmark_period_return": 0.03703008585311984,
    "period_active_return": 0.10253812679444363,
    "treynor": 2.1088285431615543,
    "jensens_alpha": 1.5816529762047447,
    "information_ratio": 5.087026704772603,
    "tracking_error": 0.250944632255412,
    "annualized_active_return": 2.5727641554211216,
    "annualized_active_return_arithmetic": 1.276562045702621,
    "up_capture": 1.4640383411488174,
    "down_capture": 0.5513640471593504,
    "data_basis": "realized_nav",
    "days_of_live_nav": 20,
    "benchmark_ticker": "IWM",
    "benchmark_name": "Russell 2000",
    "beta_spy": 0.8251456257256348,
    "beta_spy_stress": 1.5330234034547578
  },
  "nav_curve": [
    {
      "date": "2026-06-01",
      "value": 999882.8292976379
    },
    {
      "date": "2026-06-02",
      "value": 1005079.4966617966
    },
    {
      "date": "2026-06-03",
      "value": 995768.7768651581
    },
    {
      "date": "2026-06-04",
      "value": 1004929.1794892884
    },
    {
      "date": "2026-06-05",
      "value": 974274.0015833282
    },
    {
      "date": "2026-06-08",
      "value": 974266.9881036186
    },
    {
      "date": "2026-06-09",
      "value": 979640.5088702394
    },
    {
      "date": "2026-06-10",
      "value": 966884.7384401513
    },
    {
      "date": "2026-06-11",
      "value": 990753.0886875344
    },
    {
      "date": "2026-06-12",
      "value": 996222.4282127572
    },
    {
      "date": "2026-06-15",
      "value": 1017018.2685251809
    },
    {
      "date": "2026-06-16",
      "value": 1019223.7061524964
    },
    {
      "date": "2026-06-17",
      "value": 1004256.765778122
    },
    {
      "date": "2026-06-18",
      "value": 1005956.2144795037
    },
    {
      "date": "2026-06-22",
      "value": 1013145.2704611397
    },
    {
      "date": "2026-06-23",
      "value": 1003670.4086042023
    },
    {
      "date": "2026-06-24",
      "value": 1028642.2278996087
    },
    {
      "date": "2026-06-25",
      "value": 1087855.2699132538
    },
    {
      "date": "2026-06-26",
      "value": 1108818.5221582032
    },
    {
      "date": "2026-06-29",
      "value": 1139434.688639698
    }
  ],
  "drawdown_curve": [
    {
      "date": "2026-06-01",
      "value": 0.0
    },
    {
      "date": "2026-06-02",
      "value": 0.0
    },
    {
      "date": "2026-06-03",
      "value": -0.009263665040986776
    },
    {
      "date": "2026-06-04",
      "value": -0.00014955749570802555
    },
    {
      "date": "2026-06-05",
      "value": -0.030649809473562682
    },
    {
      "date": "2026-06-08",
      "value": -0.03065678750836781
    },
    {
      "date": "2026-06-09",
      "value": -0.025310423579476604
    },
    {
      "date": "2026-06-10",
      "value": -0.038001728568240384
    },
    {
      "date": "2026-06-11",
      "value": -0.01425400480444075
    },
    {
      "date": "2026-06-12",
      "value": -0.008812306368259061
    },
    {
      "date": "2026-06-15",
      "value": 0.0
    },
    {
      "date": "2026-06-16",
      "value": 0.0
    },
    {
      "date": "2026-06-17",
      "value": -0.014684647034823809
    },
    {
      "date": "2026-06-18",
      "value": -0.01301725184854327
    },
    {
      "date": "2026-06-22",
      "value": -0.005963789553426265
    },
    {
      "date": "2026-06-23",
      "value": -0.015259944852545435
    },
    {
      "date": "2026-06-24",
      "value": 0.0
    },
    {
      "date": "2026-06-25",
      "value": 0.0
    },
    {
      "date": "2026-06-26",
      "value": 0.0
    },
    {
      "date": "2026-06-29",
      "value": 0.0
    }
  ],
  "benchmarks": {
    "SPY": [
      {
        "date": "2026-06-01",
        "value": 0.0
      },
      {
        "date": "2026-06-02",
        "value": 0.0013579397972762752
      },
      {
        "date": "2026-06-03",
        "value": -0.005668771434361286
      },
      {
        "date": "2026-06-04",
        "value": -0.0019115061781299625
      },
      {
        "date": "2026-06-05",
        "value": -0.027671542654459702
      },
      {
        "date": "2026-06-08",
        "value": -0.025470023194608782
      },
      {
        "date": "2026-06-09",
        "value": -0.02833070775180091
      },
      {
        "date": "2026-06-10",
        "value": -0.04364962071587053
      },
      {
        "date": "2026-06-11",
        "value": -0.027394678792744487
      },
      {
        "date": "2026-06-12",
        "value": -0.022134588105308994
      },
      {
        "date": "2026-06-15",
        "value": -0.0048909388718152425
      },
      {
        "date": "2026-06-16",
        "value": -0.010823344076597685
      },
      {
        "date": "2026-06-17",
        "value": -0.023176054438276084
      },
      {
        "date": "2026-06-18",
        "value": -0.013020023259145863
      },
      {
        "date": "2026-06-22",
        "value": -0.016126029204297176
      },
      {
        "date": "2026-06-23",
        "value": -0.030413801760312054
      },
      {
        "date": "2026-06-24",
        "value": -0.03086322150786902
      },
      {
        "date": "2026-06-25",
        "value": -0.029462203242598517
      },
      {
        "date": "2026-06-26",
        "value": -0.03648052466024476
      },
      {
        "date": "2026-06-29",
        "value": -0.02060667390341908
      }
    ],
    "IWM": [
      {
        "date": "2026-06-01",
        "value": 0.0
      },
      {
        "date": "2026-06-02",
        "value": 0.009273902616242058
      },
      {
        "date": "2026-06-03",
        "value": -0.004533265755123028
      },
      {
        "date": "2026-06-04",
        "value": 0.010485102307313143
      },
      {
        "date": "2026-06-05",
        "value": -0.025365222965751943
      },
      {
        "date": "2026-06-08",
        "value": -0.016852527916236926
      },
      {
        "date": "2026-06-09",
        "value": -0.013703535746163342
      },
      {
        "date": "2026-06-10",
        "value": -0.023981055236295123
      },
      {
        "date": "2026-06-11",
        "value": 0.00494832553389335
      },
      {
        "date": "2026-06-12",
        "value": 0.01373793881377372
      },
      {
        "date": "2026-06-15",
        "value": 0.022010765090349826
      },
      {
        "date": "2026-06-16",
        "value": 0.013130856989941098
      },
      {
        "date": "2026-06-17",
        "value": 0.005499833171586088
      },
      {
        "date": "2026-06-18",
        "value": 0.025305943833869415
      },
      {
        "date": "2026-06-22",
        "value": 0.03428980212625787
      },
      {
        "date": "2026-06-23",
        "value": 0.02436943940571834
      },
      {
        "date": "2026-06-24",
        "value": 0.0291215086708434
      },
      {
        "date": "2026-06-25",
        "value": 0.036821973757975135
      },
      {
        "date": "2026-06-26",
        "value": 0.04001309645392226
      },
      {
        "date": "2026-06-29",
        "value": 0.03703008585311984
      }
    ]
  },
  "holdings": [
    {
      "ticker": "GRPN",
      "company": "Groupon, Inc.",
      "sector": "Communication Services",
      "country": "United States",
      "shares": 11310.0,
      "price": 23.6,
      "cost_basis": 17.3017824933687,
      "market_value": 266916.0,
      "unrealized_pnl": 71232.84,
      "short_percent_of_float": 0.5577,
      "short_ratio": 7.12
    },
    {
      "ticker": "TENB",
      "company": "Tenable Holdings, Inc.",
      "sector": "Technology",
      "country": "United States",
      "shares": 4766.0,
      "price": 33.49,
      "cost_basis": 26.224616030214015,
      "market_value": 159613.34,
      "unrealized_pnl": 34626.820000000014,
      "short_percent_of_float": 0.1225,
      "short_ratio": 3.03
    },
    {
      "ticker": "KSPI",
      "company": "Joint Stock Company Kaspi.kz",
      "sector": "Technology",
      "country": "Kazakhstan",
      "shares": 1515.0,
      "price": 87.43,
      "cost_basis": 82.53049504950495,
      "market_value": 132456.45,
      "unrealized_pnl": 7422.750000000012,
      "short_percent_of_float": 0.019199999,
      "short_ratio": 3.76
    },
    {
      "ticker": "CMI",
      "company": "Cummins Inc.",
      "sector": "Industrials",
      "country": "United States",
      "shares": 153.0,
      "price": 691.09,
      "cost_basis": 651.1282352941176,
      "market_value": 105736.77,
      "unrealized_pnl": 6114.150000000005,
      "short_percent_of_float": 0.0214,
      "short_ratio": 2.63
    },
    {
      "ticker": "JAKK",
      "company": "JAKKS Pacific, Inc.",
      "sector": "Consumer Cyclical",
      "country": "United States",
      "shares": 3436.0,
      "price": 23.73,
      "cost_basis": 21.83,
      "market_value": 81536.28,
      "unrealized_pnl": 6528.400000000007,
      "short_percent_of_float": 0.0436,
      "short_ratio": 10.5
    },
    {
      "ticker": "VIA",
      "company": "Via Transportation, Inc.",
      "sector": "Technology",
      "country": "United States",
      "shares": 3280.0,
      "price": 18.67,
      "cost_basis": 15.241405487804878,
      "market_value": 61237.600000000006,
      "unrealized_pnl": 11245.790000000006,
      "short_percent_of_float": 0.16370001,
      "short_ratio": 7.41
    },
    {
      "ticker": "XNET",
      "company": "Xunlei Limited",
      "sector": "Technology",
      "country": "China",
      "shares": 10526.0,
      "price": 5.41,
      "cost_basis": 4.75,
      "market_value": 56945.66,
      "unrealized_pnl": 6947.160000000002,
      "short_percent_of_float": 0.0537,
      "short_ratio": 5.2
    },
    {
      "ticker": "ZS",
      "company": "Zscaler, Inc.",
      "sector": "Technology",
      "country": "United States",
      "shares": 365.0,
      "price": 137.6,
      "cost_basis": 136.79813698630136,
      "market_value": 50224.0,
      "unrealized_pnl": 292.6800000000021,
      "short_percent_of_float": 0.1129,
      "short_ratio": 1.62
    },
    {
      "ticker": "CRWV",
      "company": "CoreWeave, Inc.",
      "sector": "Technology",
      "country": "United States",
      "shares": 468.0,
      "price": 95.51,
      "cost_basis": 106.78134615384614,
      "market_value": 44698.68,
      "unrealized_pnl": -5274.9899999999925,
      "short_percent_of_float": 0.2299,
      "short_ratio": 2.46
    },
    {
      "ticker": "VST",
      "company": "Vistra Corp.",
      "sector": "Utilities",
      "country": "United States",
      "shares": 162.0,
      "price": 162.38,
      "cost_basis": 154.76,
      "market_value": 26305.559999999998,
      "unrealized_pnl": 1234.4400000000007,
      "short_percent_of_float": 0.052699998,
      "short_ratio": 3.04
    },
    {
      "ticker": "GENC",
      "company": "Gencor Industries, Inc.",
      "sector": "Industrials",
      "country": "United States",
      "shares": 1746.0,
      "price": 15.05,
      "cost_basis": 14.32,
      "market_value": 26277.300000000003,
      "unrealized_pnl": 1274.5800000000008,
      "short_percent_of_float": 0.006,
      "short_ratio": 1.66
    },
    {
      "ticker": "ESI",
      "company": "Element Solutions Inc",
      "sector": "Basic Materials",
      "country": "United States",
      "shares": 557.0,
      "price": 46.3,
      "cost_basis": 44.92,
      "market_value": 25789.1,
      "unrealized_pnl": 768.6599999999975,
      "short_percent_of_float": 0.087,
      "short_ratio": 5.6
    },
    {
      "ticker": "OPEN",
      "company": "Opendoor Technologies Inc.",
      "sector": "Real Estate",
      "country": "United States",
      "shares": 5479.0,
      "price": 4.6,
      "cost_basis": 4.562927541522176,
      "market_value": 25203.399999999998,
      "unrealized_pnl": 203.11999999999728,
      "short_percent_of_float": 0.17889999,
      "short_ratio": 4.06
    },
    {
      "ticker": "PYPL",
      "company": "PayPal Holdings, Inc.",
      "sector": "Financial Services",
      "country": "United States",
      "shares": 553.0,
      "price": 44.38,
      "cost_basis": 45.19,
      "market_value": 24542.140000000003,
      "unrealized_pnl": -447.92999999999734,
      "short_percent_of_float": 0.0687,
      "short_ratio": 3.63
    },
    {
      "ticker": "CEG",
      "company": "Constellation Energy Corporation",
      "sector": "Utilities",
      "country": "United States",
      "shares": 94.0,
      "price": 259.32,
      "cost_basis": 265.7,
      "market_value": 24376.079999999998,
      "unrealized_pnl": -599.7199999999996,
      "short_percent_of_float": 0.0356,
      "short_ratio": 2.75
    },
    {
      "ticker": "ZTS",
      "company": "Zoetis Inc.",
      "sector": "Healthcare",
      "country": "United States",
      "shares": 312.0,
      "price": 73.25,
      "cost_basis": 80.09,
      "market_value": 22854.0,
      "unrealized_pnl": -2134.080000000001,
      "short_percent_of_float": 0.0434,
      "short_ratio": 2.25
    }
  ],
  "sector_exposure": [
    {
      "name": "Technology",
      "value": 505175.73,
      "pct": 0.44335646729092404
    },
    {
      "name": "Communication Services",
      "value": 266916.0,
      "pct": 0.23425300899436377
    },
    {
      "name": "Industrials",
      "value": 132014.07,
      "pct": 0.11585927080839128
    },
    {
      "name": "Consumer Cyclical",
      "value": 81536.28,
      "pct": 0.07155853876203361
    },
    {
      "name": "Utilities",
      "value": 50681.64,
      "pct": 0.04447963655520503
    },
    {
      "name": "Basic Materials",
      "value": 25789.1,
      "pct": 0.02263324144770844
    },
    {
      "name": "Real Estate",
      "value": 25203.399999999998,
      "pct": 0.02211921461017154
    },
    {
      "name": "Financial Services",
      "value": 24542.140000000003,
      "pct": 0.02153887418573984
    },
    {
      "name": "Healthcare",
      "value": 22854.0,
      "pct": 0.02005731491389497
    },
    {
      "name": "Cash",
      "value": 4722.310000000056,
      "pct": 0.0041444324315671865
    }
  ],
  "geographic_exposure": [
    {
      "name": "United States",
      "value": 945310.2500000001,
      "pct": 0.8296309344352316
    },
    {
      "name": "Kazakhstan",
      "value": 132456.45,
      "pct": 0.1162475159721092
    },
    {
      "name": "China",
      "value": 56945.66,
      "pct": 0.04997711716109181
    },
    {
      "name": "Cash",
      "value": 4722.310000000056,
      "pct": 0.0041444324315671865
    }
  ],
  "signals": [
    {
      "ticker": "CEG",
      "label": "LEAN BEAR",
      "composite": -0.5,
      "rsi": 42.7,
      "subs": {
        "rsi": 0.0,
        "macd": 0.5,
        "trend": -0.5,
        "bb": -0.5,
        "vol": 0.0,
        "range": 0.0
      }
    },
    {
      "ticker": "CMI",
      "label": "STRONG BUY",
      "composite": 2.5,
      "rsi": 52.0,
      "subs": {
        "rsi": 0.5,
        "macd": 0.5,
        "trend": 0.5,
        "bb": 0.5,
        "vol": 0.5,
        "range": 0.0
      }
    },
    {
      "ticker": "CRWV",
      "label": "SELL",
      "composite": -1.5,
      "rsi": 40.8,
      "subs": {
        "rsi": 0.0,
        "macd": -0.5,
        "trend": 0.0,
        "bb": -0.5,
        "vol": 0.0,
        "range": -0.5
      }
    },
    {
      "ticker": "ESI",
      "label": "STRONG BUY",
      "composite": 3.0,
      "rsi": 57.1,
      "subs": {
        "rsi": 0.5,
        "macd": 0.5,
        "trend": 0.5,
        "bb": 0.5,
        "vol": 0.5,
        "range": 0.5
      }
    },
    {
      "ticker": "GENC",
      "label": "STRONG BUY",
      "composite": 3.0,
      "rsi": 54.6,
      "subs": {
        "rsi": 0.5,
        "macd": 0.5,
        "trend": 0.5,
        "bb": 0.5,
        "vol": 0.5,
        "range": 0.5
      }
    },
    {
      "ticker": "GRPN",
      "label": "STRONG BUY",
      "composite": 2.0,
      "rsi": 71.7,
      "subs": {
        "rsi": 0.0,
        "macd": 0.5,
        "trend": 0.5,
        "bb": 0.0,
        "vol": 0.5,
        "range": 0.5
      }
    },
    {
      "ticker": "JAKK",
      "label": "STRONG BUY",
      "composite": 2.5,
      "rsi": 66.7,
      "subs": {
        "rsi": 0.5,
        "macd": 0.5,
        "trend": 0.5,
        "bb": 0.0,
        "vol": 0.5,
        "range": 0.5
      }
    },
    {
      "ticker": "KSPI",
      "label": "STRONG BUY",
      "composite": 2.5,
      "rsi": 55.5,
      "subs": {
        "rsi": 0.5,
        "macd": 0.5,
        "trend": 0.5,
        "bb": 0.5,
        "vol": 0.0,
        "range": 0.5
      }
    },
    {
      "ticker": "OPEN",
      "label": "BUY",
      "composite": 1.5,
      "rsi": 51.0,
      "subs": {
        "rsi": 0.5,
        "macd": 0.5,
        "trend": -0.5,
        "bb": 0.5,
        "vol": 0.5,
        "range": 0.0
      }
    },
    {
      "ticker": "PYPL",
      "label": "BUY",
      "composite": 1.5,
      "rsi": 56.3,
      "subs": {
        "rsi": 0.5,
        "macd": 0.5,
        "trend": -0.5,
        "bb": 0.5,
        "vol": 0.0,
        "range": 0.5
      }
    },
    {
      "ticker": "TENB",
      "label": "BUY",
      "composite": 1.0,
      "rsi": 75.6,
      "subs": {
        "rsi": -0.5,
        "macd": 0.5,
        "trend": 0.5,
        "bb": 0.0,
        "vol": 0.0,
        "range": 0.5
      }
    },
    {
      "ticker": "VIA",
      "label": "STRONG BUY",
      "composite": 2.0,
      "rsi": 70.6,
      "subs": {
        "rsi": 0.0,
        "macd": 0.5,
        "trend": 0.5,
        "bb": 0.0,
        "vol": 0.5,
        "range": 0.5
      }
    },
    {
      "ticker": "VST",
      "label": "STRONG BUY",
      "composite": 2.0,
      "rsi": 55.8,
      "subs": {
        "rsi": 0.5,
        "macd": 0.5,
        "trend": 0.0,
        "bb": 0.5,
        "vol": 0.0,
        "range": 0.5
      }
    },
    {
      "ticker": "XNET",
      "label": "BUY",
      "composite": 1.0,
      "rsi": 52.2,
      "subs": {
        "rsi": 0.5,
        "macd": 0.5,
        "trend": -0.5,
        "bb": 0.5,
        "vol": 0.0,
        "range": 0.0
      }
    },
    {
      "ticker": "ZS",
      "label": "LEAN BULL",
      "composite": 0.5,
      "rsi": 52.6,
      "subs": {
        "rsi": 0.5,
        "macd": 0.5,
        "trend": -0.5,
        "bb": 0.5,
        "vol": -0.5,
        "range": 0.0
      }
    },
    {
      "ticker": "ZTS",
      "label": "LEAN BEAR",
      "composite": -0.5,
      "rsi": 31.4,
      "subs": {
        "rsi": 0.0,
        "macd": 0.5,
        "trend": -0.5,
        "bb": 0.0,
        "vol": 0.0,
        "range": -0.5
      }
    }
  ],
  "volatility": [
    {
      "ticker": "CEG",
      "hv20": 0.4395274484096649,
      "garch": 0.5150885546994028,
      "expansion": 0.17191441982324307,
      "regime": "NORMAL",
      "signal": "BASE"
    },
    {
      "ticker": "CMI",
      "hv20": 0.5070500928468596,
      "garch": 0.41118057420848464,
      "expansion": -0.18907307185392772,
      "regime": "EXTREME",
      "signal": "WEAK"
    },
    {
      "ticker": "CRWV",
      "hv20": 0.8683370303231023,
      "garch": 0.9109260183882821,
      "expansion": 0.049046610449554114,
      "regime": "NORMAL",
      "signal": "WEAK"
    },
    {
      "ticker": "ESI",
      "hv20": 0.6016365121713805,
      "garch": 0.5509109456128637,
      "expansion": -0.08431264647725908,
      "regime": "EXTREME",
      "signal": "WEAK"
    },
    {
      "ticker": "GENC",
      "hv20": 0.31820667164519517,
      "garch": 0.3541315129149268,
      "expansion": 0.11289782544153663,
      "regime": "LOW",
      "signal": "BASE"
    },
    {
      "ticker": "GRPN",
      "hv20": 1.132883610842699,
      "garch": 0.8495675238919667,
      "expansion": -0.25008401943425307,
      "regime": "EXTREME",
      "signal": "WEAK"
    },
    {
      "ticker": "JAKK",
      "hv20": 0.22496801636192174,
      "garch": 0.4633467396127807,
      "expansion": 1.0596116154900994,
      "regime": "LOW",
      "signal": "SIGNAL"
    },
    {
      "ticker": "KSPI",
      "hv20": 0.37700471032162997,
      "garch": 0.3709419801719288,
      "expansion": -0.016081311409952743,
      "regime": "HIGH",
      "signal": "WEAK"
    },
    {
      "ticker": "OPEN",
      "hv20": 0.7341700117837255,
      "garch": 0.70317660418467,
      "expansion": -0.042215572825910666,
      "regime": "NORMAL",
      "signal": "WEAK"
    },
    {
      "ticker": "PYPL",
      "hv20": 0.3517831558681584,
      "garch": 0.4171773453169341,
      "expansion": 0.1858934640784342,
      "regime": "NORMAL",
      "signal": "BASE"
    },
    {
      "ticker": "TENB",
      "hv20": 0.6569198725623827,
      "garch": 0.7802408560611682,
      "expansion": 0.1877260662213787,
      "regime": "HIGH",
      "signal": "BASE"
    },
    {
      "ticker": "VIA",
      "hv20": 0.8208496319122276,
      "garch": null,
      "expansion": null,
      "regime": "NORMAL",
      "signal": "WEAK"
    },
    {
      "ticker": "VST",
      "hv20": 0.460070758321695,
      "garch": 0.5453147332473991,
      "expansion": 0.18528448805715889,
      "regime": "NORMAL",
      "signal": "BASE"
    },
    {
      "ticker": "XNET",
      "hv20": 0.754739818423236,
      "garch": 0.7019204569785575,
      "expansion": -0.06998353625362709,
      "regime": "HIGH",
      "signal": "WEAK"
    },
    {
      "ticker": "ZS",
      "hv20": 0.6698675769594549,
      "garch": 0.782623883901603,
      "expansion": 0.16832626450432445,
      "regime": "HIGH",
      "signal": "BASE"
    },
    {
      "ticker": "ZTS",
      "hv20": 0.3309201531282215,
      "garch": 0.3528661317501013,
      "expansion": 0.06631804806815862,
      "regime": "HIGH",
      "signal": "WEAK"
    }
  ],
  "correlation": {
    "tickers": [
      "CEG",
      "CMI",
      "CRWV",
      "ESI",
      "GENC",
      "GRPN",
      "JAKK",
      "KSPI",
      "OPEN",
      "PYPL",
      "TENB",
      "VIA",
      "VST",
      "XNET",
      "ZS",
      "ZTS"
    ],
    "matrix": [
      [
        1.0,
        0.329,
        0.234,
        0.302,
        0.148,
        0.082,
        0.085,
        0.058,
        0.185,
        0.134,
        0.037,
        -0.006,
        0.796,
        0.244,
        0.035,
        0.123
      ],
      [
        0.329,
        1.0,
        0.366,
        0.629,
        0.317,
        0.221,
        0.118,
        0.227,
        0.177,
        0.057,
        -0.101,
        -0.032,
        0.365,
        0.28,
        -0.079,
        0.18
      ],
      [
        0.234,
        0.366,
        1.0,
        0.34,
        0.116,
        0.131,
        0.048,
        0.122,
        0.243,
        0.141,
        0.095,
        0.197,
        0.316,
        0.36,
        0.173,
        0.082
      ],
      [
        0.302,
        0.629,
        0.34,
        1.0,
        0.257,
        0.313,
        0.228,
        0.293,
        0.26,
        0.269,
        0.065,
        0.028,
        0.374,
        0.329,
        0.025,
        0.169
      ],
      [
        0.148,
        0.317,
        0.116,
        0.257,
        1.0,
        0.134,
        0.321,
        0.147,
        0.128,
        0.108,
        0.164,
        0.079,
        0.164,
        0.167,
        0.06,
        0.155
      ],
      [
        0.082,
        0.221,
        0.131,
        0.313,
        0.134,
        1.0,
        0.159,
        0.336,
        0.29,
        0.253,
        0.221,
        0.168,
        0.145,
        0.238,
        0.13,
        0.147
      ],
      [
        0.085,
        0.118,
        0.048,
        0.228,
        0.321,
        0.159,
        1.0,
        0.108,
        0.14,
        0.222,
        -0.018,
        0.156,
        0.057,
        0.204,
        -0.039,
        0.144
      ],
      [
        0.058,
        0.227,
        0.122,
        0.293,
        0.147,
        0.336,
        0.108,
        1.0,
        0.241,
        0.266,
        0.247,
        0.14,
        0.109,
        0.213,
        0.153,
        0.181
      ],
      [
        0.185,
        0.177,
        0.243,
        0.26,
        0.128,
        0.29,
        0.14,
        0.241,
        1.0,
        0.25,
        0.135,
        0.162,
        0.252,
        0.349,
        0.071,
        0.162
      ],
      [
        0.134,
        0.057,
        0.141,
        0.269,
        0.108,
        0.253,
        0.222,
        0.266,
        0.25,
        1.0,
        0.36,
        0.166,
        0.079,
        0.352,
        0.217,
        0.167
      ],
      [
        0.037,
        -0.101,
        0.095,
        0.065,
        0.164,
        0.221,
        -0.018,
        0.247,
        0.135,
        0.36,
        1.0,
        0.379,
        0.046,
        0.165,
        0.568,
        0.064
      ],
      [
        -0.006,
        -0.032,
        0.197,
        0.028,
        0.079,
        0.168,
        0.156,
        0.14,
        0.162,
        0.166,
        0.379,
        1.0,
        0.043,
        0.186,
        0.384,
        0.001
      ],
      [
        0.796,
        0.365,
        0.316,
        0.374,
        0.164,
        0.145,
        0.057,
        0.109,
        0.252,
        0.079,
        0.046,
        0.043,
        1.0,
        0.271,
        0.06,
        0.09
      ],
      [
        0.244,
        0.28,
        0.36,
        0.329,
        0.167,
        0.238,
        0.204,
        0.213,
        0.349,
        0.352,
        0.165,
        0.186,
        0.271,
        1.0,
        0.225,
        0.036
      ],
      [
        0.035,
        -0.079,
        0.173,
        0.025,
        0.06,
        0.13,
        -0.039,
        0.153,
        0.071,
        0.217,
        0.568,
        0.384,
        0.06,
        0.225,
        1.0,
        -0.044
      ],
      [
        0.123,
        0.18,
        0.082,
        0.169,
        0.155,
        0.147,
        0.144,
        0.181,
        0.162,
        0.167,
        0.064,
        0.001,
        0.09,
        0.036,
        -0.044,
        1.0
      ]
    ]
  },
  "residual_correlation": {
    "tickers": [
      "CEG",
      "CMI",
      "CRWV",
      "ESI",
      "GENC",
      "GRPN",
      "JAKK",
      "KSPI",
      "OPEN",
      "PYPL",
      "TENB",
      "VIA",
      "VST",
      "XNET",
      "ZS",
      "ZTS"
    ],
    "matrix": [
      [
        1.0,
        0.045,
        0.011,
        -0.041,
        0.032,
        -0.079,
        -0.023,
        -0.128,
        0.031,
        0.042,
        -0.021,
        -0.096,
        0.729,
        0.101,
        0.012,
        0.068
      ],
      [
        0.045,
        1.0,
        0.114,
        0.25,
        0.067,
        -0.037,
        -0.138,
        -0.013,
        -0.065,
        -0.099,
        -0.273,
        -0.158,
        0.026,
        -0.01,
        -0.151,
        0.08
      ],
      [
        0.011,
        0.114,
        1.0,
        0.032,
        0.015,
        -0.071,
        -0.045,
        -0.103,
        0.042,
        -0.032,
        -0.018,
        0.083,
        0.082,
        0.144,
        0.108,
        0.032
      ],
      [
        -0.041,
        0.25,
        0.032,
        1.0,
        -0.07,
        0.051,
        0.002,
        0.01,
        -0.008,
        0.13,
        -0.098,
        -0.126,
        -0.002,
        0.019,
        -0.053,
        -0.017
      ],
      [
        0.032,
        0.067,
        0.015,
        -0.07,
        1.0,
        -0.047,
        0.058,
        -0.081,
        -0.077,
        -0.002,
        0.102,
        0.0,
        0.029,
        -0.055,
        0.01,
        -0.042
      ],
      [
        -0.079,
        -0.037,
        -0.071,
        0.051,
        -0.047,
        1.0,
        0.041,
        0.199,
        0.125,
        0.127,
        0.112,
        0.084,
        -0.031,
        0.047,
        0.057,
        0.029
      ],
      [
        -0.023,
        -0.138,
        -0.045,
        0.002,
        0.058,
        0.041,
        1.0,
        -0.087,
        -0.029,
        0.112,
        -0.139,
        0.081,
        -0.06,
        0.026,
        -0.115,
        -0.026
      ],
      [
        -0.128,
        -0.013,
        -0.103,
        0.01,
        -0.081,
        0.199,
        -0.087,
        1.0,
        0.059,
        0.098,
        0.149,
        0.027,
        -0.094,
        -0.003,
        0.066,
        0.042
      ],
      [
        0.031,
        -0.065,
        0.042,
        -0.008,
        -0.077,
        0.125,
        -0.029,
        0.059,
        1.0,
        0.068,
        -0.008,
        0.038,
        0.108,
        0.157,
        -0.042,
        0.026
      ],
      [
        0.042,
        -0.099,
        -0.032,
        0.13,
        -0.002,
        0.127,
        0.112,
        0.098,
        0.068,
        1.0,
        0.226,
        0.025,
        -0.027,
        0.204,
        0.078,
        0.021
      ],
      [
        -0.021,
        -0.273,
        -0.018,
        -0.098,
        0.102,
        0.112,
        -0.139,
        0.149,
        -0.008,
        0.226,
        1.0,
        0.313,
        -0.007,
        0.016,
        0.521,
        -0.051
      ],
      [
        -0.096,
        -0.158,
        0.083,
        -0.126,
        0.0,
        0.084,
        0.081,
        0.027,
        0.038,
        0.025,
        0.313,
        1.0,
        -0.039,
        0.056,
        0.328,
        -0.087
      ],
      [
        0.729,
        0.026,
        0.082,
        -0.002,
        0.029,
        -0.031,
        -0.06,
        -0.094,
        0.108,
        -0.027,
        -0.007,
        -0.039,
        1.0,
        0.114,
        0.048,
        0.019
      ],
      [
        0.101,
        -0.01,
        0.144,
        0.019,
        -0.055,
        0.047,
        0.026,
        -0.003,
        0.157,
        0.204,
        0.016,
        0.056,
        0.114,
        1.0,
        0.143,
        -0.116
      ],
      [
        0.012,
        -0.151,
        0.108,
        -0.053,
        0.01,
        0.057,
        -0.115,
        0.066,
        -0.042,
        0.078,
        0.521,
        0.328,
        0.048,
        0.143,
        1.0,
        -0.131
      ],
      [
        0.068,
        0.08,
        0.032,
        -0.017,
        -0.042,
        0.029,
        -0.026,
        0.042,
        0.026,
        0.021,
        -0.051,
        -0.087,
        0.019,
        -0.116,
        -0.131,
        1.0
      ]
    ]
  },
  "factor_correlation": {
    "factors": [
      "Market",
      "Size",
      "Value (SMID)",
      "Momentum",
      "Quality",
      "Profitability",
      "Liquidity",
      "Credit"
    ],
    "matrix": [
      [
        1.0,
        0.285,
        -0.506,
        0.412,
        -0.257,
        -0.551,
        0.312,
        0.19
      ],
      [
        0.285,
        1.0,
        -0.127,
        0.196,
        0.166,
        0.184,
        0.277,
        0.032
      ],
      [
        -0.506,
        -0.127,
        1.0,
        -0.565,
        0.331,
        0.612,
        -0.353,
        -0.146
      ],
      [
        0.412,
        0.196,
        -0.565,
        1.0,
        -0.268,
        -0.569,
        0.249,
        0.051
      ],
      [
        -0.257,
        0.166,
        0.331,
        -0.268,
        1.0,
        0.457,
        -0.195,
        -0.132
      ],
      [
        -0.551,
        0.184,
        0.612,
        -0.569,
        0.457,
        1.0,
        -0.277,
        -0.115
      ],
      [
        0.312,
        0.277,
        -0.353,
        0.249,
        -0.195,
        -0.277,
        1.0,
        0.163
      ],
      [
        0.19,
        0.032,
        -0.146,
        0.051,
        -0.132,
        -0.115,
        0.163,
        1.0
      ]
    ]
  },
  "factor_exposures": [
    {
      "ticker": "CEG",
      "r_squared": 0.23620187287313177,
      "alpha_annual": -0.4317688519345689,
      "idio_vol_annual": 0.4075055510041907,
      "Market": 0.6493535084270823,
      "Size": 0.4836598815147302,
      "Value (SMID)": -0.5161543155524541,
      "Momentum": 0.40903450933204605,
      "Quality": -0.7952087100667103,
      "Profitability": -0.629024639298629,
      "Liquidity": -0.45482691948581894,
      "Credit": -0.8798662538590819
    },
    {
      "ticker": "CMI",
      "r_squared": 0.4901310558840697,
      "alpha_annual": 0.3351164887778232,
      "idio_vol_annual": 0.24788008483065654,
      "Market": 1.1307186140454357,
      "Size": 0.8046466270915829,
      "Value (SMID)": 0.40080987320505346,
      "Momentum": 0.7966069713703351,
      "Quality": -0.2195334281504681,
      "Profitability": -0.1741340191560446,
      "Liquidity": -0.4286666198894562,
      "Credit": 0.8561461590226208
    },
    {
      "ticker": "CRWV",
      "r_squared": 0.2685994247180691,
      "alpha_annual": -0.895877261516066,
      "idio_vol_annual": 0.802649533308583,
      "Market": 1.0407842840554116,
      "Size": 0.7528549596246653,
      "Value (SMID)": -1.996373233274883,
      "Momentum": 0.30348387287181156,
      "Quality": -3.826568132500996,
      "Profitability": -0.26551990392917413,
      "Liquidity": 0.4924525541567163,
      "Credit": 1.8846222585349384
    },
    {
      "ticker": "ESI",
      "r_squared": 0.5258279046281513,
      "alpha_annual": 0.23107118832889692,
      "idio_vol_annual": 0.2871591477890185,
      "Market": 1.6689314403838658,
      "Size": 0.9706536435366832,
      "Value (SMID)": -0.17117259546820868,
      "Momentum": 0.7421309675028666,
      "Quality": 0.21056817084970697,
      "Profitability": 0.2630017193854996,
      "Liquidity": -0.7279352299875315,
      "Credit": 0.2045993725244951
    },
    {
      "ticker": "GENC",
      "r_squared": 0.3228919337606897,
      "alpha_annual": -0.4269730811781694,
      "idio_vol_annual": 0.3227490513822629,
      "Market": 1.2918970950646296,
      "Size": 1.1962638237153445,
      "Value (SMID)": 1.1472563746864732,
      "Momentum": -0.07205418376112838,
      "Quality": -0.6180475049543127,
      "Profitability": 0.07589190478116065,
      "Liquidity": -0.10927337104442325,
      "Credit": 0.6785101843830803
    },
    {
      "ticker": "GRPN",
      "r_squared": 0.15929587659045719,
      "alpha_annual": -0.7843892707948651,
      "idio_vol_annual": 0.6653631185596995,
      "Market": 1.9979511919354809,
      "Size": 0.27196951466968344,
      "Value (SMID)": -0.7568336366918748,
      "Momentum": 0.40334780876935095,
      "Quality": -1.71574494773017,
      "Profitability": 1.735691761716835,
      "Liquidity": 0.06385779116827461,
      "Credit": 1.0231614146793364
    },
    {
      "ticker": "JAKK",
      "r_squared": 0.2723280885506617,
      "alpha_annual": -0.21585420096007188,
      "idio_vol_annual": 0.35200971090741,
      "Market": 1.232984586212414,
      "Size": 1.087580403137515,
      "Value (SMID)": 0.8672229093415307,
      "Momentum": -0.29831270781283403,
      "Quality": 1.2582556849562625,
      "Profitability": -0.3469477185871214,
      "Liquidity": 0.2323924054946951,
      "Credit": -0.5001968333912968
    },
    {
      "ticker": "KSPI",
      "r_squared": 0.2113059095571801,
      "alpha_annual": -0.13969770389816014,
      "idio_vol_annual": 0.3238957410934111,
      "Market": 1.1546220848570863,
      "Size": 0.52860520319546,
      "Value (SMID)": -0.3152712194875085,
      "Momentum": -0.46038406739090465,
      "Quality": 0.057563301582568976,
      "Profitability": 0.10011421812776586,
      "Liquidity": -0.13174360092734322,
      "Credit": 0.5243487080817344
    },
    {
      "ticker": "OPEN",
      "r_squared": 0.12063120125940097,
      "alpha_annual": 1.5450357196376172,
      "idio_vol_annual": 1.3421018829788711,
      "Market": 3.0645840553511374,
      "Size": 1.1713571164924057,
      "Value (SMID)": -1.5566566285662218,
      "Momentum": -1.7005914056334288,
      "Quality": 0.7158944517793505,
      "Profitability": 0.9122724251523112,
      "Liquidity": 1.6898323727088396,
      "Credit": -2.9290510082103833
    },
    {
      "ticker": "PYPL",
      "r_squared": 0.29458957034766187,
      "alpha_annual": -0.641089964092426,
      "idio_vol_annual": 0.33908964882045706,
      "Market": 1.7741008596925456,
      "Size": -0.2839863929743286,
      "Value (SMID)": -0.932929231973156,
      "Momentum": -0.8615697959061227,
      "Quality": 1.4328234525828236,
      "Profitability": 0.7016630316747337,
      "Liquidity": 0.3063161019564453,
      "Credit": -0.052679477623280166
    },
    {
      "ticker": "TENB",
      "r_squared": 0.1588841357504176,
      "alpha_annual": -0.17799431330855803,
      "idio_vol_annual": 0.42802462506566563,
      "Market": 1.6411354804572331,
      "Size": -0.386970414503532,
      "Value (SMID)": -0.736214814786796,
      "Momentum": -0.38314267763773735,
      "Quality": 0.3251440201119297,
      "Profitability": 1.403481240651786,
      "Liquidity": 0.49023672703697513,
      "Credit": -0.44125084592706476
    },
    {
      "ticker": "VIA",
      "r_squared": 0.11497365438326934,
      "alpha_annual": -1.3088175028765336,
      "idio_vol_annual": 0.6908606585608761,
      "Market": 1.1435301432201765,
      "Size": 0.26155930379415515,
      "Value (SMID)": -1.1921262371393244,
      "Momentum": -1.0288277307123317,
      "Quality": -0.5593314200077151,
      "Profitability": 0.5720711543102626,
      "Liquidity": 1.1989748552453898,
      "Credit": -0.8956935587948939
    },
    {
      "ticker": "VST",
      "r_squared": 0.29263736573810273,
      "alpha_annual": -0.3977077738127014,
      "idio_vol_annual": 0.4133613338452927,
      "Market": 0.6156088169961278,
      "Size": 0.8270964568317948,
      "Value (SMID)": -0.6897823254482034,
      "Momentum": 0.5434435298926322,
      "Quality": -1.6147840135669276,
      "Profitability": -0.505905088498535,
      "Liquidity": -0.7114166954756739,
      "Credit": -0.8372522612783491
    },
    {
      "ticker": "XNET",
      "r_squared": 0.16956812369308316,
      "alpha_annual": -0.18343539650133037,
      "idio_vol_annual": 0.6732017284020236,
      "Market": 1.750157521510437,
      "Size": 0.28505639181390985,
      "Value (SMID)": -0.7036394973011584,
      "Momentum": -0.3691689200869479,
      "Quality": 0.3683740903065495,
      "Profitability": 0.6002737533881661,
      "Liquidity": 1.099277134420021,
      "Credit": 2.5400370270268535
    },
    {
      "ticker": "ZS",
      "r_squared": 0.10007795212206261,
      "alpha_annual": -0.8705882407805434,
      "idio_vol_annual": 0.5999039880073309,
      "Market": 1.3992393265037784,
      "Size": -0.45983048848392327,
      "Value (SMID)": -1.109533434166112,
      "Momentum": -0.9873057575186539,
      "Quality": -0.4892049768930316,
      "Profitability": 0.934549415975903,
      "Liquidity": 0.46472970050901435,
      "Credit": 0.08006944041229473
    },
    {
      "ticker": "ZTS",
