{
  "generated_at": "2026-06-29T06:44:29.481974Z",
  "market_session": "CLOSED",
  "fund_name": "Convex Capital",
  "tagline": "Lose small. Win big. \u2014 Paper-traded portfolio. Hypothetical performance for educational purposes only.",
  "summary": {
    "nav": 1108818.5300000003,
    "cash": 4722.310000000056,
    "equity": 1104096.2200000002,
    "deposits": 1000000.0,
    "total_return": 0.10881853000000019,
    "realized_pnl": 0.0,
    "open_positions": 16
  },
  "metrics": {
    "period_return": 0.10894846627067656,
    "calendar_days_since_inception": 28,
    "trading_days_observed": 19,
    "annualized_return": 2.8499201067059134,
    "annualized_return_arithmetic": 1.4175947741936707,
    "annualized_vol": 0.3009207031923844,
    "sharpe": 4.568645061462052,
    "sortino": 9.69766310203838,
    "calmar": 74.99448614786722,
    "max_drawdown": -0.038001728568240384,
    "var_95_1d": -0.01626666375148884,
    "risk_free_rate": 0.043720002174377444,
    "beta_benchmark": 0.860705242450693,
    "benchmark_annualized_return": 0.2636146746103041,
    "benchmark_annualized_return_arithmetic": 0.23408505778566477,
    "benchmark_period_return": 0.04001314303038295,
    "period_active_return": 0.06893532324029361,
    "treynor": 1.5962198256251448,
    "jensens_alpha": 1.2100265706752407,
    "information_ratio": 3.767577211867359,
    "tracking_error": 0.23152906046977,
    "annualized_active_return": 1.388814787000975,
    "annualized_active_return_arithmetic": 0.8723036121109652,
    "up_capture": 1.4640378485995695,
    "down_capture": 0.8786111913519843,
    "data_basis": "realized_nav",
    "days_of_live_nav": 20,
    "benchmark_ticker": "IWM",
    "benchmark_name": "Russell 2000",
    "beta_spy": 0.860705242450693,
    "beta_spy_stress": 1.5316842841499183
  },
  "nav_curve": [
    {
      "date": "2026-06-01",
      "value": 999882.8292976379
    },
    {
      "date": "2026-06-02",
      "value": 1005079.4966617966
    },
    {
      "date": "2026-06-03",
      "value": 995768.7768651581
    },
    {
      "date": "2026-06-04",
      "value": 1004929.1794892884
    },
    {
      "date": "2026-06-05",
      "value": 974274.0015833282
    },
    {
      "date": "2026-06-08",
      "value": 974266.9881036186
    },
    {
      "date": "2026-06-09",
      "value": 979640.5088702394
    },
    {
      "date": "2026-06-10",
      "value": 966884.7384401513
    },
    {
      "date": "2026-06-11",
      "value": 990753.0886875344
    },
    {
      "date": "2026-06-12",
      "value": 996222.4282127572
    },
    {
      "date": "2026-06-15",
      "value": 1017018.2685251809
    },
    {
      "date": "2026-06-16",
      "value": 1019223.7061524964
    },
    {
      "date": "2026-06-17",
      "value": 1004256.765778122
    },
    {
      "date": "2026-06-18",
      "value": 1005956.2144795037
    },
    {
      "date": "2026-06-22",
      "value": 1013145.2704611397
    },
    {
      "date": "2026-06-23",
      "value": 1003670.4086042023
    },
    {
      "date": "2026-06-24",
      "value": 1028642.2278996087
    },
    {
      "date": "2026-06-25",
      "value": 1087855.2699132538
    },
    {
      "date": "2026-06-26",
      "value": 1108818.5221582032
    },
    {
      "date": "2026-06-29",
      "value": 1108818.5300000003
    }
  ],
  "drawdown_curve": [
    {
      "date": "2026-06-01",
      "value": 0.0
    },
    {
      "date": "2026-06-02",
      "value": 0.0
    },
    {
      "date": "2026-06-03",
      "value": -0.009263665040986776
    },
    {
      "date": "2026-06-04",
      "value": -0.00014955749570802555
    },
    {
      "date": "2026-06-05",
      "value": -0.030649809473562682
    },
    {
      "date": "2026-06-08",
      "value": -0.03065678750836781
    },
    {
      "date": "2026-06-09",
      "value": -0.025310423579476604
    },
    {
      "date": "2026-06-10",
      "value": -0.038001728568240384
    },
    {
      "date": "2026-06-11",
      "value": -0.01425400480444075
    },
    {
      "date": "2026-06-12",
      "value": -0.008812306368259061
    },
    {
      "date": "2026-06-15",
      "value": 0.0
    },
    {
      "date": "2026-06-16",
      "value": 0.0
    },
    {
      "date": "2026-06-17",
      "value": -0.014684647034823809
    },
    {
      "date": "2026-06-18",
      "value": -0.01301725184854327
    },
    {
      "date": "2026-06-22",
      "value": -0.005963789553426265
    },
    {
      "date": "2026-06-23",
      "value": -0.015259944852545435
    },
    {
      "date": "2026-06-24",
      "value": 0.0
    },
    {
      "date": "2026-06-25",
      "value": 0.0
    },
    {
      "date": "2026-06-26",
      "value": 0.0
    },
    {
      "date": "2026-06-29",
      "value": 0.0
    }
  ],
  "benchmarks": {
    "SPY": [
      {
        "date": "2026-06-01",
        "value": 0.0
      },
      {
        "date": "2026-06-02",
        "value": 0.0013579397972762752
      },
      {
        "date": "2026-06-03",
        "value": -0.005668771434361286
      },
      {
        "date": "2026-06-04",
        "value": -0.0019115061781299625
      },
      {
        "date": "2026-06-05",
        "value": -0.027671542654459702
      },
      {
        "date": "2026-06-08",
        "value": -0.025470023194608782
      },
      {
        "date": "2026-06-09",
        "value": -0.02833070775180091
      },
      {
        "date": "2026-06-10",
        "value": -0.04364962071587053
      },
      {
        "date": "2026-06-11",
        "value": -0.027394678792744487
      },
      {
        "date": "2026-06-12",
        "value": -0.022134588105308994
      },
      {
        "date": "2026-06-15",
        "value": -0.0048909388718152425
      },
      {
        "date": "2026-06-16",
        "value": -0.010823344076597685
      },
      {
        "date": "2026-06-17",
        "value": -0.023176054438276084
      },
      {
        "date": "2026-06-18",
        "value": -0.013020023259145863
      },
      {
        "date": "2026-06-22",
        "value": -0.016126029204297176
      },
      {
        "date": "2026-06-23",
        "value": -0.030413801760312054
      },
      {
        "date": "2026-06-24",
        "value": -0.03086322150786902
      },
      {
        "date": "2026-06-25",
        "value": -0.029462203242598517
      },
      {
        "date": "2026-06-26",
        "value": -0.03648052466024476
      },
      {
        "date": "2026-06-29",
        "value": -0.03648051175283862
      }
    ],
    "IWM": [
      {
        "date": "2026-06-01",
        "value": 0.0
      },
      {
        "date": "2026-06-02",
        "value": 0.009273902616242058
      },
      {
        "date": "2026-06-03",
        "value": -0.004533265755123028
      },
      {
        "date": "2026-06-04",
        "value": 0.010485102307313143
      },
      {
        "date": "2026-06-05",
        "value": -0.025365222965751943
      },
      {
        "date": "2026-06-08",
        "value": -0.016852527916236926
      },
      {
        "date": "2026-06-09",
        "value": -0.013703535746163342
      },
      {
        "date": "2026-06-10",
        "value": -0.023981055236295123
      },
      {
        "date": "2026-06-11",
        "value": 0.00494832553389335
      },
      {
        "date": "2026-06-12",
        "value": 0.01373793881377372
      },
      {
        "date": "2026-06-15",
        "value": 0.022010765090349826
      },
      {
        "date": "2026-06-16",
        "value": 0.013130856989941098
      },
      {
        "date": "2026-06-17",
        "value": 0.005499833171586088
      },
      {
        "date": "2026-06-18",
        "value": 0.025305943833869415
      },
      {
        "date": "2026-06-22",
        "value": 0.03428980212625787
      },
      {
        "date": "2026-06-23",
        "value": 0.02436943940571834
      },
      {
        "date": "2026-06-24",
        "value": 0.0291215086708434
      },
      {
        "date": "2026-06-25",
        "value": 0.036821973757975135
      },
      {
        "date": "2026-06-26",
        "value": 0.04001309645392226
      },
      {
        "date": "2026-06-29",
        "value": 0.04001314303038295
      }
    ]
  },
  "holdings": [
    {
      "ticker": "GRPN",
      "company": "Groupon, Inc.",
      "sector": "Communication Services",
      "country": "United States",
      "shares": 11310.0,
      "price": 22.6,
      "cost_basis": 17.3017824933687,
      "market_value": 255606.00000000003,
      "unrealized_pnl": 59922.840000000004,
      "short_percent_of_float": 0.5577,
      "short_ratio": 7.12
    },
    {
      "ticker": "TENB",
      "company": "Tenable Holdings, Inc.",
      "sector": "Technology",
      "country": "United States",
      "shares": 4766.0,
      "price": 30.22,
      "cost_basis": 26.224616030214015,
      "market_value": 144028.52,
      "unrealized_pnl": 19041.999999999996,
      "short_percent_of_float": 0.1225,
      "short_ratio": 3.03
    },
    {
      "ticker": "KSPI",
      "company": "Joint Stock Company Kaspi.kz",
      "sector": "Technology",
      "country": "Kazakhstan",
      "shares": 1515.0,
      "price": 88.95,
      "cost_basis": 82.53049504950495,
      "market_value": 134759.25,
      "unrealized_pnl": 9725.550000000005,
      "short_percent_of_float": 0.019199999,
      "short_ratio": 3.76
    },
    {
      "ticker": "CMI",
      "company": "Cummins Inc.",
      "sector": "Industrials",
      "country": "United States",
      "shares": 153.0,
      "price": 685.87,
      "cost_basis": 651.1282352941176,
      "market_value": 104938.11,
      "unrealized_pnl": 5315.490000000002,
      "short_percent_of_float": 0.0214,
      "short_ratio": 2.63
    },
    {
      "ticker": "JAKK",
      "company": "JAKKS Pacific, Inc.",
      "sector": "Consumer Cyclical",
      "country": "United States",
      "shares": 3436.0,
      "price": 23.9,
      "cost_basis": 21.83,
      "market_value": 82120.4,
      "unrealized_pnl": 7112.520000000001,
      "short_percent_of_float": 0.0436,
      "short_ratio": 10.5
    },
    {
      "ticker": "VIA",
      "company": "Via Transportation, Inc.",
      "sector": "Technology",
      "country": "United States",
      "shares": 3280.0,
      "price": 17.48,
      "cost_basis": 15.241405487804878,
      "market_value": 57334.4,
      "unrealized_pnl": 7342.590000000003,
      "short_percent_of_float": 0.16370001,
      "short_ratio": 7.41
    },
    {
      "ticker": "XNET",
      "company": "Xunlei Limited",
      "sector": "Technology",
      "country": "China",
      "shares": 10526.0,
      "price": 5.36,
      "cost_basis": 4.75,
      "market_value": 56419.36,
      "unrealized_pnl": 6420.860000000003,
      "short_percent_of_float": 0.0537,
      "short_ratio": 5.2
    },
    {
      "ticker": "ZS",
      "company": "Zscaler, Inc.",
      "sector": "Technology",
      "country": "United States",
      "shares": 365.0,
      "price": 132.26,
      "cost_basis": 136.79813698630136,
      "market_value": 48274.899999999994,
      "unrealized_pnl": -1656.4199999999992,
      "short_percent_of_float": 0.1129,
      "short_ratio": 1.62
    },
    {
      "ticker": "CRWV",
      "company": "CoreWeave, Inc.",
      "sector": "Technology",
      "country": "United States",
      "shares": 468.0,
      "price": 96.58,
      "cost_basis": 106.78134615384614,
      "market_value": 45199.44,
      "unrealized_pnl": -4774.229999999996,
      "short_percent_of_float": 0.2299,
      "short_ratio": 2.46
    },
    {
      "ticker": "GENC",
      "company": "Gencor Industries, Inc.",
      "sector": "Industrials",
      "country": "United States",
      "shares": 1746.0,
      "price": 15.18,
      "cost_basis": 14.32,
      "market_value": 26504.28,
      "unrealized_pnl": 1501.559999999999,
      "short_percent_of_float": 0.006,
      "short_ratio": 1.66
    },
    {
      "ticker": "VST",
      "company": "Vistra Corp.",
      "sector": "Utilities",
      "country": "United States",
      "shares": 162.0,
      "price": 163.49,
      "cost_basis": 154.76,
      "market_value": 26485.38,
      "unrealized_pnl": 1414.260000000003,
      "short_percent_of_float": 0.052699998,
      "short_ratio": 3.04
    },
    {
      "ticker": "ESI",
      "company": "Element Solutions Inc",
      "sector": "Basic Materials",
      "country": "United States",
      "shares": 557.0,
      "price": 45.66,
      "cost_basis": 44.92,
      "market_value": 25432.62,
      "unrealized_pnl": 412.17999999999716,
      "short_percent_of_float": 0.087,
      "short_ratio": 5.6
    },
    {
      "ticker": "CEG",
      "company": "Constellation Energy Corporation",
      "sector": "Utilities",
      "country": "United States",
      "shares": 94.0,
      "price": 264.02,
      "cost_basis": 265.7,
      "market_value": 24817.879999999997,
      "unrealized_pnl": -157.92000000000064,
      "short_percent_of_float": 0.0356,
      "short_ratio": 2.75
    },
    {
      "ticker": "PYPL",
      "company": "PayPal Holdings, Inc.",
      "sector": "Financial Services",
      "country": "United States",
      "shares": 553.0,
      "price": 44.29,
      "cost_basis": 45.19,
      "market_value": 24492.37,
      "unrealized_pnl": -497.6999999999992,
      "short_percent_of_float": 0.0687,
      "short_ratio": 3.63
    },
    {
      "ticker": "OPEN",
      "company": "Opendoor Technologies Inc.",
      "sector": "Real Estate",
      "country": "United States",
      "shares": 5479.0,
      "price": 4.37,
      "cost_basis": 4.562927541522176,
      "market_value": 23943.23,
      "unrealized_pnl": -1057.0500000000002,
      "short_percent_of_float": 0.17889999,
      "short_ratio": 4.06
    },
    {
      "ticker": "ZTS",
      "company": "Zoetis Inc.",
      "sector": "Healthcare",
      "country": "United States",
      "shares": 312.0,
      "price": 76.09,
      "cost_basis": 80.09,
      "market_value": 23740.08,
      "unrealized_pnl": -1248.0,
      "short_percent_of_float": 0.0434,
      "short_ratio": 2.25
    }
  ],
  "sector_exposure": [
    {
      "name": "Technology",
      "value": 486015.87,
      "pct": 0.43831867600553165
    },
    {
      "name": "Communication Services",
      "value": 255606.00000000003,
      "pct": 0.2305210393625005
    },
    {
      "name": "Industrials",
      "value": 131442.39,
      "pct": 0.11854274296804905
    },
    {
      "name": "Consumer Cyclical",
      "value": 82120.4,
      "pct": 0.07406117211984181
    },
    {
      "name": "Utilities",
      "value": 51303.259999999995,
      "pct": 0.046268400655245165
    },
    {
      "name": "Basic Materials",
      "value": 25432.62,
      "pct": 0.022936683787201855
    },
    {
      "name": "Financial Services",
      "value": 24492.37,
      "pct": 0.022088709141612192
    },
    {
      "name": "Real Estate",
      "value": 23943.23,
      "pct": 0.021593461285319603
    },
    {
      "name": "Healthcare",
      "value": 23740.08,
      "pct": 0.02141024825766575
    },
    {
      "name": "Cash",
      "value": 4722.310000000056,
      "pct": 0.0042588664170322395
    }
  ],
  "geographic_exposure": [
    {
      "name": "United States",
      "value": 912917.6100000001,
      "pct": 0.8233246336530828
    },
    {
      "name": "Kazakhstan",
      "value": 134759.25,
      "pct": 0.12153408908128543
    },
    {
      "name": "China",
      "value": 56419.36,
      "pct": 0.05088241084859935
    },
    {
      "name": "Cash",
      "value": 4722.310000000056,
      "pct": 0.0042588664170322395
    }
  ],
  "signals": [
    {
      "ticker": "CEG",
      "label": "LEAN BULL",
      "composite": 0.5,
      "rsi": 45.5,
      "subs": {
        "rsi": 0.5,
        "macd": 0.5,
        "trend": -0.5,
        "bb": 0.5,
        "vol": -0.5,
        "range": 0.0
      }
    },
    {
      "ticker": "CMI",
      "label": "STRONG BUY",
      "composite": 2.5,
      "rsi": 50.9,
      "subs": {
        "rsi": 0.5,
        "macd": 0.5,
        "trend": 0.5,
        "bb": 0.5,
        "vol": 0.5,
        "range": 0.0
      }
    },
    {
      "ticker": "CRWV",
      "label": "SELL",
      "composite": -1.5,
      "rsi": 41.6,
      "subs": {
        "rsi": 0.0,
        "macd": -0.5,
        "trend": 0.0,
        "bb": -0.5,
        "vol": 0.0,
        "range": -0.5
      }
    },
    {
      "ticker": "ESI",
      "label": "STRONG BUY",
      "composite": 2.5,
      "rsi": 55.5,
      "subs": {
        "rsi": 0.5,
        "macd": 0.5,
        "trend": 0.5,
        "bb": 0.5,
        "vol": 0.5,
        "range": 0.0
      }
    },
    {
      "ticker": "GENC",
      "label": "STRONG BUY",
      "composite": 3.0,
      "rsi": 57.3,
      "subs": {
        "rsi": 0.5,
        "macd": 0.5,
        "trend": 0.5,
        "bb": 0.5,
        "vol": 0.5,
        "range": 0.5
      }
    },
    {
      "ticker": "GRPN",
      "label": "STRONG BUY",
      "composite": 2.0,
      "rsi": 69.4,
      "subs": {
        "rsi": 0.5,
        "macd": 0.5,
        "trend": 0.5,
        "bb": 0.0,
        "vol": 0.0,
        "range": 0.5
      }
    },
    {
      "ticker": "JAKK",
      "label": "STRONG BUY",
      "composite": 2.5,
      "rsi": 69.3,
      "subs": {
        "rsi": 0.5,
        "macd": 0.5,
        "trend": 0.5,
        "bb": 0.0,
        "vol": 0.5,
        "range": 0.5
      }
    },
    {
      "ticker": "KSPI",
      "label": "STRONG BUY",
      "composite": 2.5,
      "rsi": 59.6,
      "subs": {
        "rsi": 0.5,
        "macd": 0.5,
        "trend": 0.5,
        "bb": 0.5,
        "vol": 0.0,
        "range": 0.5
      }
    },
    {
      "ticker": "OPEN",
      "label": "SELL",
      "composite": -1.5,
      "rsi": 44.4,
      "subs": {
        "rsi": 0.0,
        "macd": -0.5,
        "trend": -0.5,
        "bb": -0.5,
        "vol": 0.5,
        "range": -0.5
      }
    },
    {
      "ticker": "PYPL",
      "label": "BUY",
      "composite": 1.5,
      "rsi": 55.9,
      "subs": {
        "rsi": 0.5,
        "macd": 0.5,
        "trend": -0.5,
        "bb": 0.5,
        "vol": 0.0,
        "range": 0.5
      }
    },
    {
      "ticker": "TENB",
      "label": "STRONG BUY",
      "composite": 2.0,
      "rsi": 67.8,
      "subs": {
        "rsi": 0.5,
        "macd": 0.5,
        "trend": 0.5,
        "bb": 0.5,
        "vol": -0.5,
        "range": 0.5
      }
    },
    {
      "ticker": "VIA",
      "label": "STRONG BUY",
      "composite": 2.5,
      "rsi": 65.6,
      "subs": {
        "rsi": 0.5,
        "macd": 0.5,
        "trend": 0.5,
        "bb": 0.0,
        "vol": 0.5,
        "range": 0.5
      }
    },
    {
      "ticker": "VST",
      "label": "BUY",
      "composite": 1.5,
      "rsi": 57.1,
      "subs": {
        "rsi": 0.5,
        "macd": 0.5,
        "trend": 0.0,
        "bb": 0.5,
        "vol": -0.5,
        "range": 0.5
      }
    },
    {
      "ticker": "XNET",
      "label": "LEAN BULL",
      "composite": 0.5,
      "rsi": 51.1,
      "subs": {
        "rsi": 0.5,
        "macd": 0.5,
        "trend": -0.5,
        "bb": 0.5,
        "vol": -0.5,
        "range": 0.0
      }
    },
    {
      "ticker": "ZS",
      "label": "LEAN BULL",
      "composite": 0.5,
      "rsi": 48.4,
      "subs": {
        "rsi": 0.5,
        "macd": 0.5,
        "trend": -0.5,
        "bb": 0.5,
        "vol": -0.5,
        "range": 0.0
      }
    },
    {
      "ticker": "ZTS",
      "label": "SELL",
      "composite": -1.0,
      "rsi": 36.2,
      "subs": {
        "rsi": 0.0,
        "macd": 0.5,
        "trend": -0.5,
        "bb": -0.5,
        "vol": 0.0,
        "range": -0.5
      }
    }
  ],
  "volatility": [
    {
      "ticker": "CEG",
      "hv20": 0.4372294778622399,
      "garch": 0.513960730407154,
      "expansion": 0.17549423456094176,
      "regime": "NORMAL",
      "signal": "BASE"
    },
    {
      "ticker": "CMI",
      "hv20": 0.5069200213838022,
      "garch": 0.409540131957524,
      "expansion": -0.1921010915300767,
      "regime": "EXTREME",
      "signal": "WEAK"
    },
    {
      "ticker": "CRWV",
      "hv20": 0.868507091648151,
      "garch": 0.909786023379201,
      "expansion": 0.04752860641899388,
      "regime": "NORMAL",
      "signal": "WEAK"
    },
    {
      "ticker": "ESI",
      "hv20": 0.6007616645033106,
      "garch": 0.547770164566197,
      "expansion": -0.0882071927490999,
      "regime": "EXTREME",
      "signal": "WEAK"
    },
    {
      "ticker": "GENC",
      "hv20": 0.31541971935540886,
      "garch": 0.3520904944221915,
      "expansion": 0.11626024885737313,
      "regime": "LOW",
      "signal": "BASE"
    },
    {
      "ticker": "GRPN",
      "hv20": 1.1252408218408063,
      "garch": 0.8338715688102571,
      "expansion": -0.2589394620023577,
      "regime": "EXTREME",
      "signal": "WEAK"
    },
    {
      "ticker": "JAKK",
      "hv20": 0.22186242240565646,
      "garch": 0.46123951534116453,
      "expansion": 1.0789438352828742,
      "regime": "LOW",
      "signal": "SIGNAL"
    },
    {
      "ticker": "KSPI",
      "hv20": 0.3725037426879202,
      "garch": 0.33705493909821377,
      "expansion": -0.09516361724023016,
      "regime": "HIGH",
      "signal": "WEAK"
    },
    {
      "ticker": "OPEN",
      "hv20": 0.7043797341881358,
      "garch": 0.6595753895377552,
      "expansion": -0.06360822504642595,
      "regime": "LOW",
      "signal": "WEAK"
    },
    {
      "ticker": "PYPL",
      "hv20": 0.3516823941037491,
      "garch": 0.4149364928463901,
      "expansion": 0.17986143123212642,
      "regime": "NORMAL",
      "signal": "BASE"
    },
    {
      "ticker": "TENB",
      "hv20": 0.5548144377182822,
      "garch": 0.5784727355136066,
      "expansion": 0.04264182073671507,
      "regime": "HIGH",
      "signal": "WEAK"
    },
    {
      "ticker": "VIA",
      "hv20": 0.7944660700486105,
      "garch": null,
      "expansion": null,
      "regime": "NORMAL",
      "signal": "WEAK"
    },
    {
      "ticker": "VST",
      "hv20": 0.45922291807177007,
      "garch": 0.54770779731778,
      "expansion": 0.19268393576163148,
      "regime": "NORMAL",
      "signal": "BASE"
    },
    {
      "ticker": "XNET",
      "hv20": 0.7530168041523747,
      "garch": 0.6986959856906246,
      "expansion": -0.07213759130235575,
      "regime": "HIGH",
      "signal": "WEAK"
    },
    {
      "ticker": "ZS",
      "hv20": 0.6527618705776868,
      "garch": 0.6218587744713131,
      "expansion": -0.04734206683828632,
      "regime": "HIGH",
      "signal": "WEAK"
    },
    {
      "ticker": "ZTS",
      "hv20": 0.30385306945195095,
      "garch": 0.3155256488430398,
      "expansion": 0.038415209733251215,
      "regime": "HIGH",
      "signal": "WEAK"
    }
  ],
  "correlation": {
    "tickers": [
      "CEG",
      "CMI",
      "CRWV",
      "ESI",
      "GENC",
      "GRPN",
      "JAKK",
      "KSPI",
      "OPEN",
      "PYPL",
      "TENB",
      "VIA",
      "VST",
      "XNET",
      "ZS",
      "ZTS"
    ],
    "matrix": [
      [
        1.0,
        0.33,
        0.234,
        0.303,
        0.147,
        0.085,
        0.084,
        0.056,
        0.188,
        0.134,
        0.047,
        -0.002,
        0.797,
        0.245,
        0.038,
        0.121
      ],
      [
        0.33,
        1.0,
        0.366,
        0.629,
        0.317,
        0.221,
        0.118,
        0.229,
        0.176,
        0.057,
        -0.107,
        -0.034,
        0.365,
        0.28,
        -0.081,
        0.182
      ],
      [
        0.234,
        0.366,
        1.0,
        0.341,
        0.115,
        0.132,
        0.047,
        0.121,
        0.245,
        0.142,
        0.101,
        0.2,
        0.316,
        0.36,
        0.174,
        0.081
      ],
      [
        0.303,
        0.629,
        0.341,
        1.0,
        0.258,
        0.311,
        0.229,
        0.295,
        0.259,
        0.269,
        0.061,
        0.025,
        0.375,
        0.328,
        0.023,
        0.172
      ],
      [
        0.147,
        0.317,
        0.115,
        0.258,
        1.0,
        0.136,
        0.321,
        0.146,
        0.13,
        0.108,
        0.175,
        0.083,
        0.164,
        0.168,
        0.062,
        0.154
      ],
      [
        0.085,
        0.221,
        0.132,
        0.311,
        0.136,
        1.0,
        0.161,
        0.341,
        0.287,
        0.253,
        0.212,
        0.162,
        0.147,
        0.238,
        0.126,
        0.154
      ],
      [
        0.084,
        0.118,
        0.047,
        0.229,
        0.321,
        0.161,
        1.0,
        0.107,
        0.142,
        0.222,
        -0.013,
        0.159,
        0.057,
        0.205,
        -0.038,
        0.143
      ],
      [
        0.056,
        0.229,
        0.121,
        0.295,
        0.146,
        0.341,
        0.107,
        1.0,
        0.246,
        0.267,
        0.268,
        0.147,
        0.109,
        0.215,
        0.158,
        0.177
      ],
      [
        0.188,
        0.176,
        0.245,
        0.259,
        0.13,
        0.287,
        0.142,
        0.246,
        1.0,
        0.25,
        0.122,
        0.155,
        0.253,
        0.349,
        0.066,
        0.17
      ],
      [
        0.134,
        0.057,
        0.142,
        0.269,
        0.108,
        0.253,
        0.222,
        0.267,
        0.25,
        1.0,
        0.368,
        0.166,
        0.08,
        0.352,
        0.217,
        0.169
      ],
      [
        0.047,
        -0.107,
        0.101,
        0.061,
        0.175,
        0.212,
        -0.013,
        0.268,
        0.122,
        0.368,
        1.0,
        0.366,
        0.05,
        0.165,
        0.568,
        0.089
      ],
      [
        -0.002,
        -0.034,
        0.2,
        0.025,
        0.083,
        0.162,
        0.159,
        0.147,
        0.155,
        0.166,
        0.366,
        1.0,
        0.045,
        0.185,
        0.38,
        0.011
      ],
      [
        0.797,
        0.365,
        0.316,
        0.375,
        0.164,
        0.147,
        0.057,
        0.109,
        0.253,
        0.08,
        0.05,
        0.045,
        1.0,
        0.272,
        0.061,
        0.089
      ],
      [
        0.245,
        0.28,
        0.36,
        0.328,
        0.168,
        0.238,
        0.205,
        0.215,
        0.349,
        0.352,
        0.165,
        0.185,
        0.272,
        1.0,
        0.225,
        0.038
      ],
      [
        0.038,
        -0.081,
        0.174,
        0.023,
        0.062,
        0.126,
        -0.038,
        0.158,
        0.066,
        0.217,
        0.568,
        0.38,
        0.061,
        0.225,
        1.0,
        -0.037
      ],
      [
        0.121,
        0.182,
        0.081,
        0.172,
        0.154,
        0.154,
        0.143,
        0.177,
        0.17,
        0.169,
        0.089,
        0.011,
        0.089,
        0.038,
        -0.037,
        1.0
      ]
    ]
  },
  "residual_correlation": {
    "tickers": [
      "CEG",
      "CMI",
      "CRWV",
      "ESI",
      "GENC",
      "GRPN",
      "JAKK",
      "KSPI",
      "OPEN",
      "PYPL",
      "TENB",
      "VIA",
      "VST",
      "XNET",
      "ZS",
      "ZTS"
    ],
    "matrix": [
      [
        1.0,
        0.045,
        0.007,
        -0.037,
        0.033,
        -0.074,
        -0.027,
        -0.132,
        0.034,
        0.039,
        -0.007,
        -0.092,
        0.731,
        0.099,
        0.015,
        0.064
      ],
      [
        0.045,
        1.0,
        0.114,
        0.25,
        0.068,
        -0.037,
        -0.138,
        -0.013,
        -0.065,
        -0.099,
        -0.28,
        -0.159,
        0.026,
        -0.01,
        -0.151,
        0.08
      ],
      [
        0.007,
        0.114,
        1.0,
        0.035,
        0.018,
        -0.067,
        -0.049,
        -0.107,
        0.045,
        -0.036,
        -0.004,
        0.09,
        0.083,
        0.142,
        0.112,
        0.027
      ],
      [
        -0.037,
        0.25,
        0.035,
        1.0,
        -0.072,
        0.047,
        0.005,
        0.013,
        -0.01,
        0.133,
        -0.113,
        -0.132,
        -0.002,
        0.022,
        -0.057,
        -0.013
      ],
      [
        0.033,
        0.068,
        0.018,
        -0.072,
        1.0,
        -0.049,
        0.06,
        -0.08,
        -0.078,
        0.0,
        0.098,
        -0.003,
        0.028,
        -0.054,
        0.008,
        -0.041
      ],
      [
        -0.074,
        -0.037,
        -0.067,
        0.047,
        -0.049,
        1.0,
        0.045,
        0.204,
        0.121,
        0.131,
        0.099,
        0.078,
        -0.031,
        0.051,
        0.054,
        0.035
      ],
      [
        -0.027,
        -0.138,
        -0.049,
        0.005,
        0.06,
        0.045,
        1.0,
        -0.09,
        -0.027,
        0.109,
        -0.13,
        0.088,
        -0.061,
        0.023,
        -0.112,
        -0.031
      ],
      [
        -0.132,
        -0.013,
        -0.107,
        0.013,
        -0.08,
        0.204,
        -0.09,
        1.0,
        0.062,
        0.096,
        0.165,
        0.032,
        -0.094,
        -0.006,
        0.069,
        0.038
      ],
      [
        0.034,
        -0.065,
        0.045,
        -0.01,
        -0.078,
        0.121,
        -0.027,
        0.062,
        1.0,
        0.071,
        -0.02,
        0.034,
        0.108,
        0.16,
        -0.045,
        0.03
      ],
      [
        0.039,
        -0.099,
        -0.036,
        0.133,
        0.0,
        0.131,
        0.109,
        0.096,
        0.071,
        1.0,
        0.243,
        0.03,
        -0.026,
        0.202,
        0.081,
        0.017
      ],
      [
        -0.007,
        -0.28,
        -0.004,
        -0.113,
        0.098,
        0.099,
        -0.13,
        0.165,
        -0.02,
        0.243,
        1.0,
        0.301,
        -0.009,
        0.028,
        0.522,
        -0.034
      ],
      [
        -0.092,
        -0.159,
        0.09,
        -0.132,
        -0.003,
        0.078,
        0.088,
        0.032,
        0.034,
        0.03,
        0.301,
        1.0,
        -0.041,
        0.06,
        0.324,
        -0.08
      ],
      [
        0.731,
        0.026,
        0.083,
        -0.002,
        0.028,
        -0.031,
        -0.061,
        -0.094,
        0.108,
        -0.026,
        -0.009,
        -0.041,
        1.0,
        0.115,
        0.047,
        0.02
      ],
      [
        0.099,
        -0.01,
        0.142,
        0.022,
        -0.054,
        0.051,
        0.023,
        -0.006,
        0.16,
        0.202,
        0.028,
        0.06,
        0.115,
        1.0,
        0.146,
        -0.12
      ],
      [
        0.015,
        -0.151,
        0.112,
        -0.057,
        0.008,
        0.054,
        -0.112,
        0.069,
        -0.045,
        0.081,
        0.522,
        0.324,
        0.047,
        0.146,
        1.0,
        -0.127
      ],
      [
        0.064,
        0.08,
        0.027,
        -0.013,
        -0.041,
        0.035,
        -0.031,
        0.038,
        0.03,
        0.017,
        -0.034,
        -0.08,
        0.02,
        -0.12,
        -0.127,
        1.0
      ]
    ]
  },
  "factor_correlation": {
    "factors": [
      "Market",
      "Size",
      "Value (SMID)",
      "Momentum",
      "Quality",
      "Profitability",
      "Liquidity",
      "Credit"
    ],
    "matrix": [
      [
        1.0,
        0.315,
        -0.503,
        0.404,
        -0.263,
        -0.54,
        0.293,
        0.188
      ],
      [
        0.315,
        1.0,
        -0.138,
        0.216,
        0.166,
        0.16,
        0.331,
        0.033
      ],
      [
        -0.503,
        -0.138,
        1.0,
        -0.563,
        0.331,
        0.613,
        -0.35,
        -0.146
      ],
      [
        0.404,
        0.216,
        -0.563,
        1.0,
        -0.27,
        -0.563,
        0.233,
        0.051
      ],
      [
        -0.263,
        0.166,
        0.331,
        -0.27,
        1.0,
        0.465,
        -0.204,
        -0.13
      ],
      [
        -0.54,
        0.16,
        0.613,
        -0.563,
        0.465,
        1.0,
        -0.247,
        -0.114
      ],
      [
        0.293,
        0.331,
        -0.35,
        0.233,
        -0.204,
        -0.247,
        1.0,
        0.165
      ],
      [
        0.188,
        0.033,
        -0.146,
        0.051,
        -0.13,
        -0.114,
        0.165,
        1.0
      ]
    ]
  },
  "factor_exposures": [
    {
      "ticker": "CEG",
      "r_squared": 0.24069960084372832,
      "alpha_annual": -0.4013461403565319,
      "idio_vol_annual": 0.40656037868631073,
      "Market": 0.7040729228144549,
      "Size": 0.39462428638735764,
      "Value (SMID)": -0.4752975480379361,
      "Momentum": 0.4345784254708869,
      "Quality": -0.6798235581221621,
      "Profitability": -0.6286333591716019,
      "Liquidity": -0.33343225746953664,
      "Credit": -0.9233906514405047
    },
    {
      "ticker": "CMI",
      "r_squared": 0.490860844022841,
      "alpha_annual": 0.33601835258422547,
      "idio_vol_annual": 0.24787944493613148,
      "Market": 1.1321470250991328,
      "Size": 0.8025753342168644,
      "Value (SMID)": 0.4018621640810347,
      "Momentum": 0.7971932554311709,
      "Quality": -0.217062940776433,
      "Profitability": -0.17410914017970947,
      "Liquidity": -0.42571287350105946,
      "Credit": 0.8548942148555069
    },
    {
      "ticker": "CRWV",
      "r_squared": 0.2700196796152543,
      "alpha_annual": -0.8916061349031862,
      "idio_vol_annual": 0.801853749274956,
      "Market": 1.0978536986343728,
      "Size": 0.5931739364825397,
      "Value (SMID)": -1.949900794652841,
      "Momentum": 0.35176822245936834,
      "Quality": -3.5586860950234063,
      "Profitability": -0.2695620163228242,
      "Liquidity": 0.6787802892224026,
      "Credit": 1.8691448365127894
    },
    {
      "ticker": "ESI",
      "r_squared": 0.5267507064961265,
      "alpha_annual": 0.21680787820952893,
      "idio_vol_annual": 0.2868817466202862,
      "Market": 1.6435931230054093,
      "Size": 1.0114550351023828,
      "Value (SMID)": -0.1900591315171546,
      "Momentum": 0.7304451032967156,
      "Quality": 0.1580767220822318,
      "Profitability": 0.2627892778892668,
      "Liquidity": -0.7837610859550174,
      "Credit": 0.22494273650649632
    },
    {
      "ticker": "GENC",
      "r_squared": 0.3271662947865045,
      "alpha_annual": -0.4125969522446148,
      "idio_vol_annual": 0.3234227157984405,
      "Market": 1.290993818929321,
      "Size": 1.2338963894056194,
      "Value (SMID)": 1.1445014336256802,
      "Momentum": -0.0841875946334083,
      "Quality": -0.6997764502104187,
      "Profitability": 0.07828809685209193,
      "Liquidity": -0.14358071271871686,
      "Credit": 0.6632376037733516
    },
    {
      "ticker": "GRPN",
      "r_squared": 0.15484438214982033,
      "alpha_annual": -0.8711884149958309,
      "idio_vol_annual": 0.6674869527270025,
      "Market": 1.8945093255330012,
      "Size": 0.36908201294425935,
      "Value (SMID)": -0.8299698046187046,
      "Momentum": 0.37812178756271064,
      "Quality": -1.7768091039062281,
      "Profitability": 1.7302422004005011,
      "Liquidity": -0.10202786640785355,
      "Credit": 1.1371079581769248
    },
    {
      "ticker": "JAKK",
      "r_squared": 0.27243238696613215,
      "alpha_annual": -0.21675027481103376,
      "idio_vol_annual": 0.3519701858454831,
      "Market": 1.2439590718756979,
      "Size": 1.0527144610005859,
      "Value (SMID)": 0.8763915081581093,
      "Momentum": -0.2876844824170468,
      "Quality": 1.3189495589512126,
      "Profitability": -0.3479973223484012,
      "Liquidity": 0.27193523480878445,
      "Credit": -0.5013749110565553
    },
    {
      "ticker": "KSPI",
      "r_squared": 0.21327927176604133,
      "alpha_annual": -0.1241842784837591,
      "idio_vol_annual": 0.3234833462481284,
      "Market": 1.184450523123938,
      "Size": 0.47746461219628533,
      "Value (SMID)": -0.2928504120305669,
      "Momentum": -0.44562471817785365,
      "Quality": 0.1262111449969286,
      "Profitability": 0.10014591599954908,
      "Liquidity": -0.06323785109426228,
      "Credit": 0.5018188396211908
    },
    {
      "ticker": "OPEN",
      "r_squared": 0.1207014344210181,
      "alpha_annual": 1.540509620930432,
      "idio_vol_annual": 1.341999983212164,
      "Market": 3.0399176500508,
      "Size": 1.2338345930392591,
      "Value (SMID)": -1.5764118125366202,
      "Momentum": -1.7193511008143503,
      "Quality": 0.6145118318370559,
      "Profitability": 0.9136165151831754,
      "Liquidity": 1.61513948492467,
      "Credit": -2.9196177801936245
    },
    {
      "ticker": "PYPL",
      "r_squared": 0.2963501598091849,
      "alpha_annual": -0.6340033509578598,
      "idio_vol_annual": 0.33866120363377417,
      "Market": 1.7995083217766443,
      "Size": -0.34241174778996153,
      "Value (SMID)": -0.9129917346129899,
      "Momentum": -0.8441807549614515,
      "Quality": 1.5240858672389694,
      "Profitability": 0.7007261253701081,
      "Liquidity": 0.3779403406641383,
      "Credit": -0.0654323155687107
    },
    {
      "ticker": "TENB",
      "r_squared": 0.15933353269349382,
      "alpha_annual": -0.25032561417937305,
      "idio_vol_annual": 0.4174259725623917,
      "Market": 1.4834654118669741,
      "Size": -0.0931998232477933,
      "Value (SMID)": -0.856065262612405,
      "Momentum": -0.46878342910600557,
      "Quality": -0.08946505867217538,
      "Profitability": 1.4048164172028075,
      "Liquidity": 0.10718610888808222,
      "Credit": -0.33224508678441844
    },
    {
      "ticker": "VIA",
      "r_squared": 0.11254324444917119,
      "alpha_annual": -1.3592275547972792,
      "idio_vol_annual": 0.6894283660855773,
      "Market": 1.0463305719147544,
      "Size": 0.5225450637879736,
      "Value (SMID)": -1.2743576080594075,
      "Momentum": -1.1055301672270028,
      "Quality": -0.9380377795467354,
      "Profitability": 0.5760343172346941,
      "Liquidity": 0.9018307540402976,
      "Credit": -0.8628230969960797
    },
    {
      "ticker": "VST",
      "r_squared": 0.2938131465885382,
      "alpha_annual": -0.38774825036396204,
      "idio_vol_annual": 0.4134059779185292,
      "Market": 0.6275168381856276,
      "Size": 0.8158169725771192,
      "Value (SMID)": -0.6813424033466533,
      "Momentum": 0.5463890247659235,
      "Quality": -1.607517791500691,
      "Profitability": -0.5052888756684588,
      "Liquidity": -0.6922294541609983,
      "Credit": -0.8502188857774144
    },
    {
      "ticker": "XNET",
      "r_squared": 0.17138277529526758,
      "alpha_annual": -0.15848778694127233,
      "idio_vol_annual": 0.6727414265542688,
      "Market": 1.7968910721651299,
      "Size": 0.2065176312716157,
      "Value (SMID)": -0.6686064080715981,
      "Momentum": -0.3465483158571895,
      "Quality": 0.4724295596812157,
      "Profitability": 0.6004480586623558,
      "Liquidity": 1.205198343672496,
      "Credit": 2.503896338523432
    },
    {
      "ticker": "ZS",
      "r_squared": 0.09851207543825302,
      "alpha_annual": -0.8883726915580995,
      "idio_vol_annual": 0.5991064649450142,
      "Market": 1.3515042304105875,
      "Size": -0.36092035939780404,
      "Value (SMID)": -1.146389306699661,
      "Momentum": -1.0164669750654693,
      "Quality": -0.6367157300379375,
      "Profitability": 0.9356002569738924,
      "Liquidity": 0.3398606263767883,
      "Credit": 0.10868685022703305
    },
    {
      "ticker": "ZTS",
      "r_squared": 0.15933203805735852,
