{
  "generated_at": "2026-06-12T15:33:26.454915Z",
  "market_session": "OPEN",
  "fund_name": "Convex Capital",
  "tagline": "Lose small. Win big. \u2014 Paper-traded portfolio. Hypothetical performance for educational purposes only.",
  "summary": {
    "nav": 990343.1761483765,
    "cash": 49780.460000000036,
    "equity": 940562.7161483765,
    "deposits": 1000000.0,
    "total_return": -0.009656823851623475,
    "realized_pnl": 0.0,
    "open_positions": 17
  },
  "metrics": {
    "annualized_return": -0.2719342940687255,
    "annualized_vol": 0.29151538608651334,
    "sharpe": -0.932829987875917,
    "sortino": -1.2614711106351675,
    "max_drawdown": -0.4273736404604618,
    "var_95_1d": -0.037336534655635883,
    "method": "Synthetic: current weights \u00d7 each holding's 252-day return history.",
    "beta_spy": 1.5498747255377996,
    "data_basis": "synthetic_252d",
    "days_of_live_nav": 10
  },
  "nav_curve": [
    {
      "date": "2026-06-01",
      "value": 999535.5471929932
    },
    {
      "date": "2026-06-02",
      "value": 1003702.1579735947
    },
    {
      "date": "2026-06-03",
      "value": 988372.6498535539
    },
    {
      "date": "2026-06-04",
      "value": 1000577.036630478
    },
    {
      "date": "2026-06-05",
      "value": 963339.0065281678
    },
    {
      "date": "2026-06-08",
      "value": 961906.7551830101
    },
    {
      "date": "2026-06-09",
      "value": 964461.0368127442
    },
    {
      "date": "2026-06-10",
      "value": 952382.1822161294
    },
    {
      "date": "2026-06-11",
      "value": 975672.4306797601
    },
    {
      "date": "2026-06-12",
      "value": 990966.4203652955
    }
  ],
  "drawdown_curve": [
    {
      "date": "2026-06-01",
      "value": 0.0
    },
    {
      "date": "2026-06-02",
      "value": 0.0
    },
    {
      "date": "2026-06-03",
      "value": -0.01527296519018161
    },
    {
      "date": "2026-06-04",
      "value": -0.0031135943250596826
    },
    {
      "date": "2026-06-05",
      "value": -0.04021427185821478
    },
    {
      "date": "2026-06-08",
      "value": -0.041641240340627175
    },
    {
      "date": "2026-06-09",
      "value": -0.03909638018520915
    },
    {
      "date": "2026-06-10",
      "value": -0.051130681895789516
    },
    {
      "date": "2026-06-11",
      "value": -0.027926339573110765
    },
    {
      "date": "2026-06-12",
      "value": -0.012688761807598198
    }
  ],
  "benchmarks": {
    "SPY": [
      {
        "date": "2026-06-01",
        "value": 0.0
      },
      {
        "date": "2026-06-02",
        "value": 0.0013579103629497435
      },
      {
        "date": "2026-06-03",
        "value": -0.005668768842152949
      },
      {
        "date": "2026-06-04",
        "value": -0.0019115026417536596
      },
      {
        "date": "2026-06-05",
        "value": -0.027671567540792585
      },
      {
        "date": "2026-06-08",
        "value": -0.02546999220062507
      },
      {
        "date": "2026-06-09",
        "value": -0.028330728579740505
      },
      {
        "date": "2026-06-10",
        "value": -0.04364962468776956
      },
      {
        "date": "2026-06-11",
        "value": -0.02739469093739666
      },
      {
        "date": "2026-06-12",
        "value": -0.02038120782731201
      }
    ],
    "IWM": [
      {
        "date": "2026-06-01",
        "value": 0.0
      },
      {
        "date": "2026-06-02",
        "value": 0.009273972502921835
      },
      {
        "date": "2026-06-03",
        "value": -0.004533177066893157
      },
      {
        "date": "2026-06-04",
        "value": 0.010485150059186044
      },
      {
        "date": "2026-06-05",
        "value": -0.02536513534214846
      },
      {
        "date": "2026-06-08",
        "value": -0.01685246539421037
      },
      {
        "date": "2026-06-09",
        "value": -0.01370344598970763
      },
      {
        "date": "2026-06-10",
        "value": -0.023980977679758042
      },
      {
        "date": "2026-06-11",
        "value": 0.004948413805164309
      },
      {
        "date": "2026-06-12",
        "value": 0.020139721037369496
      }
    ]
  },
  "holdings": [
    {
      "ticker": "GRPN",
      "company": "Groupon, Inc.",
      "sector": "Communication Services",
      "country": "United States",
      "shares": 11310.0,
      "price": 17.28499984741211,
      "cost_basis": 17.682836427939876,
      "market_value": 195493.34827423096,
      "unrealized_pnl": -4499.531725769035,
      "short_percent_of_float": 0.56310004,
      "short_ratio": 5.75
    },
    {
      "ticker": "KSPI",
      "company": "Joint Stock Company Kaspi.kz",
      "sector": "Technology",
      "country": "Kazakhstan",
      "shares": 1515.0,
      "price": 82.06999969482422,
      "cost_basis": 82.53049504950495,
      "market_value": 124336.04953765869,
      "unrealized_pnl": -697.6504623413073,
      "short_percent_of_float": 0.0159,
      "short_ratio": 3.24
    },
    {
      "ticker": "TENB",
      "company": "Tenable Holdings, Inc.",
      "sector": "Technology",
      "country": "United States",
      "shares": 2916.0,
      "price": 26.760000228881836,
      "cost_basis": 25.719999999999995,
      "market_value": 78032.16066741943,
      "unrealized_pnl": 3032.6406674194473,
      "short_percent_of_float": 0.129,
      "short_ratio": 3.05
    },
    {
      "ticker": "JAKK",
      "company": "JAKKS Pacific, Inc.",
      "sector": "Consumer Cyclical",
      "country": "United States",
      "shares": 3436.0,
      "price": 22.627700805664062,
      "cost_basis": 21.83,
      "market_value": 77748.77996826172,
      "unrealized_pnl": 2740.8999682617246,
      "short_percent_of_float": 0.039100002,
      "short_ratio": 7.32
    },
    {
      "ticker": "VIA",
      "company": "Via Transportation, Inc.",
      "sector": "Technology",
      "country": "United States",
      "shares": 4921.0,
      "price": 15.520000457763672,
      "cost_basis": 15.241408250355619,
      "market_value": 76373.92225265503,
      "unrealized_pnl": 1370.9522526550295,
      "short_percent_of_float": 0.13520001,
      "short_ratio": 6.88
    },
    {
      "ticker": "ZS",
      "company": "Zscaler, Inc.",
      "sector": "Technology",
      "country": "United States",
      "shares": 549.0,
      "price": 128.33999633789062,
      "cost_basis": 136.8013843351548,
      "market_value": 70458.65798950195,
      "unrealized_pnl": -4645.302010498036,
      "short_percent_of_float": 0.114700004,
      "short_ratio": 2.09
    },
    {
      "ticker": "XNET",
      "company": "Xunlei Limited",
      "sector": "Technology",
      "country": "China",
      "shares": 10526.0,
      "price": 5.300000190734863,
      "cost_basis": 4.75,
      "market_value": 55787.80200767517,
      "unrealized_pnl": 5789.302007675171,
      "short_percent_of_float": 0.0377,
      "short_ratio": 6.03
    },
    {
      "ticker": "CMI",
      "company": "Cummins Inc.",
      "sector": "Industrials",
      "country": "United States",
      "shares": 78.0,
      "price": 664.25,
      "cost_basis": 643.5,
      "market_value": 51811.5,
      "unrealized_pnl": 1618.5,
      "short_percent_of_float": 0.0171,
      "short_ratio": 2.07
    },
    {
      "ticker": "CRWV",
      "company": "CoreWeave, Inc.",
      "sector": "Technology",
      "country": "United States",
      "shares": 468.0,
      "price": 104.29000091552734,
      "cost_basis": 106.78134615384614,
      "market_value": 48807.7204284668,
      "unrealized_pnl": -1165.9495715331984,
      "short_percent_of_float": 0.18190001,
      "short_ratio": 1.91
    },
    {
      "ticker": "PYPL",
      "company": "PayPal Holdings, Inc.",
      "sector": "Financial Services",
      "country": "United States",
      "shares": 830.0,
      "price": 41.349998474121094,
      "cost_basis": 45.19,
      "market_value": 34320.49873352051,
      "unrealized_pnl": -3187.20126647949,
      "short_percent_of_float": 0.0626,
      "short_ratio": 3.16
    },
    {
      "ticker": "BABA",
      "company": "Alibaba Group Holding Limited",
      "sector": "Consumer Cyclical",
      "country": "China",
      "shares": 299.0,
      "price": 112.0,
      "cost_basis": 125.39999999999999,
      "market_value": 33488.0,
      "unrealized_pnl": -4006.5999999999976,
      "short_percent_of_float": 0.0165,
      "short_ratio": 3.21
    },
    {
      "ticker": "ZTS",
      "company": "Zoetis Inc.",
      "sector": "Healthcare",
      "country": "United States",
      "shares": 312.0,
      "price": 80.76000213623047,
      "cost_basis": 80.09,
      "market_value": 25197.120666503906,
      "unrealized_pnl": 209.0406665039052,
      "short_percent_of_float": 0.0363,
      "short_ratio": 1.45
    },
    {
      "ticker": "AVAV",
      "company": "AeroVironment, Inc.",
      "sector": "Industrials",
      "country": "United States",
      "shares": 122.0,
      "price": 173.77000427246094,
      "cost_basis": 204.09,
      "market_value": 21199.940521240234,
      "unrealized_pnl": -3699.039478759766,
      "short_percent_of_float": 0.120699994,
      "short_ratio": 3.48
    },
    {
      "ticker": "GENC",
      "company": "Gencor Industries, Inc.",
      "sector": "Industrials",
      "country": "United States",
      "shares": 873.0,
      "price": 15.0,
      "cost_basis": 14.32,
      "market_value": 13095.0,
      "unrealized_pnl": 593.6399999999998,
      "short_percent_of_float": 0.0064,
      "short_ratio": 2.39
    },
    {
      "ticker": "VST",
      "company": "Vistra Corp.",
      "sector": "Utilities",
      "country": "United States",
      "shares": 81.0,
      "price": 147.7100067138672,
      "cost_basis": 154.76,
      "market_value": 11964.510543823242,
      "unrealized_pnl": -571.0494561767571,
      "short_percent_of_float": 0.0539,
      "short_ratio": 2.73
    },
    {
      "ticker": "CEG",
      "company": "Constellation Energy Corporation",
      "sector": "Utilities",
      "country": "United States",
      "shares": 47.0,
      "price": 248.50999450683594,
      "cost_basis": 265.7,
      "market_value": 11679.969741821289,
      "unrealized_pnl": -807.9302581787103,
      "short_percent_of_float": 0.036,
      "short_ratio": 3.46
    },
    {
      "ticker": "OPEN",
      "company": "Opendoor Technologies Inc.",
      "sector": "Real Estate",
      "country": "United States",
      "shares": 2417.0,
      "price": 4.454999923706055,
      "cost_basis": 5.171402565163425,
      "market_value": 10767.734815597534,
      "unrealized_pnl": -1731.545184402464,
      "short_percent_of_float": 0.16149999,
      "short_ratio": 3.77
    }
  ],
  "sector_exposure": [
    {
      "name": "Technology",
      "value": 453796.3128833771,
      "pct": 0.4582212750213243
    },
    {
      "name": "Communication Services",
      "value": 195493.34827423096,
      "pct": 0.19739960145385146
    },
    {
      "name": "Consumer Cyclical",
      "value": 111236.77996826172,
      "pct": 0.11232144841031938
    },
    {
      "name": "Industrials",
      "value": 86106.44052124023,
      "pct": 0.0869460633395019
    },
    {
      "name": "Cash",
      "value": 49780.460000000036,
      "pct": 0.05026586863919761
    },
    {
      "name": "Financial Services",
      "value": 34320.49873352051,
      "pct": 0.03465515748490248
    },
    {
      "name": "Healthcare",
      "value": 25197.120666503906,
      "pct": 0.02544281747313094
    },
    {
      "name": "Utilities",
      "value": 23644.48028564453,
      "pct": 0.023875037315450775
    },
    {
      "name": "Real Estate",
      "value": 10767.734815597534,
      "pct": 0.010872730862321078
    }
  ],
  "geographic_exposure": [
    {
      "name": "United States",
      "value": 726950.8646030426,
      "pct": 0.734039353338391
    },
    {
      "name": "Kazakhstan",
      "value": 124336.04953765869,
      "pct": 0.12554844879249236
    },
    {
      "name": "China",
      "value": 89275.80200767517,
      "pct": 0.09014632922991896
    },
    {
      "name": "Cash",
      "value": 49780.460000000036,
      "pct": 0.05026586863919761
    }
  ],
  "signals": [
    {
      "ticker": "AVAV",
      "label": "STRONG SELL",
      "composite": -2.5,
      "rsi": 45.0,
      "subs": {
        "rsi": 0.0,
        "macd": -0.5,
        "trend": -0.5,
        "bb": -0.5,
        "vol": -0.5,
        "range": -0.5
      }
    },
    {
      "ticker": "BABA",
      "label": "STRONG SELL",
      "composite": -2.5,
      "rsi": 29.6,
      "subs": {
        "rsi": -0.5,
        "macd": -0.5,
        "trend": -0.5,
        "bb": -0.5,
        "vol": 0.0,
        "range": -0.5
      }
    },
    {
      "ticker": "CEG",
      "label": "STRONG SELL",
      "composite": -2.0,
      "rsi": 36.6,
      "subs": {
        "rsi": 0.0,
        "macd": -0.5,
        "trend": -0.5,
        "bb": -0.5,
        "vol": 0.0,
        "range": -0.5
      }
    },
    {
      "ticker": "CMI",
      "label": "BUY",
      "composite": 1.0,
      "rsi": 51.3,
      "subs": {
        "rsi": 0.5,
        "macd": -0.5,
        "trend": 0.5,
        "bb": 0.5,
        "vol": 0.0,
        "range": 0.0
      }
    },
    {
      "ticker": "CRWV",
      "label": "SELL",
      "composite": -1.0,
      "rsi": 48.5,
      "subs": {
        "rsi": 0.5,
        "macd": -0.5,
        "trend": 0.0,
        "bb": -0.5,
        "vol": 0.0,
        "range": -0.5
      }
    },
    {
      "ticker": "GENC",
      "label": "STRONG BUY",
      "composite": 2.0,
      "rsi": 54.3,
      "subs": {
        "rsi": 0.5,
        "macd": 0.5,
        "trend": 0.5,
        "bb": 0.5,
        "vol": 0.0,
        "range": 0.0
      }
    },
    {
      "ticker": "GRPN",
      "label": "SELL",
      "composite": -1.5,
      "rsi": 50.4,
      "subs": {
        "rsi": 0.5,
        "macd": -0.5,
        "trend": 0.0,
        "bb": -0.5,
        "vol": -0.5,
        "range": -0.5
      }
    },
    {
      "ticker": "JAKK",
      "label": "STRONG BUY",
      "composite": 2.0,
      "rsi": 60.0,
      "subs": {
        "rsi": 0.5,
        "macd": 0.5,
        "trend": 0.5,
        "bb": 0.5,
        "vol": -0.5,
        "range": 0.5
      }
    },
    {
      "ticker": "KSPI",
      "label": "SELL",
      "composite": -1.5,
      "rsi": 42.4,
      "subs": {
        "rsi": 0.0,
        "macd": -0.5,
        "trend": 0.0,
        "bb": -0.5,
        "vol": 0.0,
        "range": -0.5
      }
    },
    {
      "ticker": "OPEN",
      "label": "STRONG SELL",
      "composite": -2.0,
      "rsi": 43.3,
      "subs": {
        "rsi": 0.0,
        "macd": -0.5,
        "trend": -0.5,
        "bb": -0.5,
        "vol": 0.0,
        "range": -0.5
      }
    },
    {
      "ticker": "PYPL",
      "label": "STRONG SELL",
      "composite": -2.0,
      "rsi": 33.8,
      "subs": {
        "rsi": 0.0,
        "macd": -0.5,
        "trend": -0.5,
        "bb": -0.5,
        "vol": 0.0,
        "range": -0.5
      }
    },
    {
      "ticker": "TENB",
      "label": "NEUTRAL",
      "composite": 0.0,
      "rsi": 56.8,
      "subs": {
        "rsi": 0.5,
        "macd": -0.5,
        "trend": 0.0,
        "bb": 0.5,
        "vol": -0.5,
        "range": 0.0
      }
    },
    {
      "ticker": "VIA",
      "label": "BUY",
      "composite": 1.0,
      "rsi": 52.2,
      "subs": {
        "rsi": 0.5,
        "macd": 0.5,
        "trend": -0.5,
        "bb": 0.5,
        "vol": 0.0,
        "range": 0.0
      }
    },
    {
      "ticker": "VST",
      "label": "SELL",
      "composite": -1.0,
      "rsi": 46.8,
      "subs": {
        "rsi": 0.5,
        "macd": -0.5,
        "trend": -0.5,
        "bb": -0.5,
        "vol": 0.0,
        "range": 0.0
      }
    },
    {
      "ticker": "XNET",
      "label": "LEAN BEAR",
      "composite": -0.5,
      "rsi": 45.7,
      "subs": {
        "rsi": 0.5,
        "macd": -0.5,
        "trend": -0.5,
        "bb": -0.5,
        "vol": 0.5,
        "range": 0.0
      }
    },
    {
      "ticker": "ZS",
      "label": "STRONG SELL",
      "composite": -2.5,
      "rsi": 41.9,
      "subs": {
        "rsi": 0.0,
        "macd": -0.5,
        "trend": -0.5,
        "bb": -0.5,
        "vol": -0.5,
        "range": -0.5
      }
    },
    {
      "ticker": "ZTS",
      "label": "LEAN BULL",
      "composite": 0.5,
      "rsi": 39.3,
      "subs": {
        "rsi": 0.0,
        "macd": 0.5,
        "trend": -0.5,
        "bb": 0.5,
        "vol": -0.5,
        "range": 0.5
      }
    }
  ],
  "volatility": [
    {
      "ticker": "AVAV",
      "hv20": 0.9331603053658215,
      "garch": 0.7390829559430665,
      "expansion": -0.2079785737849961,
      "regime": "HIGH",
      "signal": "WEAK"
    },
    {
      "ticker": "BABA",
      "hv20": 0.34686830477244646,
      "garch": 0.4173642402307939,
      "expansion": 0.20323544840626004,
      "regime": "NORMAL",
      "signal": "SIGNAL"
    },
    {
      "ticker": "CEG",
      "hv20": 0.5305585780363635,
      "garch": 0.5541560455634862,
      "expansion": 0.04447664876979019,
      "regime": "HIGH",
      "signal": "WEAK"
    },
    {
      "ticker": "CMI",
      "hv20": 0.48723022991665443,
      "garch": 0.39303243633813917,
      "expansion": -0.1933332289226568,
      "regime": "EXTREME",
      "signal": "WEAK"
    },
    {
      "ticker": "CRWV",
      "hv20": 0.8371560838037578,
      "garch": 0.9882815344834796,
      "expansion": 0.18052243016984135,
      "regime": "LOW",
      "signal": "BASE"
    },
    {
      "ticker": "GENC",
      "hv20": 0.3679036413099264,
      "garch": 0.39566109904205843,
      "expansion": 0.07544762980138267,
      "regime": "NORMAL",
      "signal": "WEAK"
    },
    {
      "ticker": "GRPN",
      "hv20": 0.8303315921246031,
      "garch": 0.78828952383275,
      "expansion": -0.05063286606291632,
      "regime": "HIGH",
      "signal": "WEAK"
    },
    {
      "ticker": "JAKK",
      "hv20": 0.22212044534834266,
      "garch": 0.46272030787144475,
      "expansion": 1.0831954804780752,
      "regime": "LOW",
      "signal": "SIGNAL"
    },
    {
      "ticker": "KSPI",
      "hv20": 0.3213233562653703,
      "garch": 0.3357500207550001,
      "expansion": 0.04489765281088161,
      "regime": "NORMAL",
      "signal": "WEAK"
    },
    {
      "ticker": "OPEN",
      "hv20": 0.7262144914389163,
      "garch": 0.798034095819078,
      "expansion": 0.09889585683956667,
      "regime": "LOW",
      "signal": "WEAK"
    },
    {
      "ticker": "PYPL",
      "hv20": 0.2472953063870321,
      "garch": 0.416479412716368,
      "expansion": 0.6841379595961784,
      "regime": "LOW",
      "signal": "SIGNAL"
    },
    {
      "ticker": "TENB",
      "hv20": 0.6892194803293739,
      "garch": 0.47704684553926197,
      "expansion": -0.3078448024839865,
      "regime": "HIGH",
      "signal": "WEAK"
    },
    {
      "ticker": "VIA",
      "hv20": 0.7045402615166634,
      "garch": null,
      "expansion": null,
      "regime": "NORMAL",
      "signal": "WEAK"
    },
    {
      "ticker": "VST",
      "hv20": 0.5369430891440607,
      "garch": 0.5795941279168384,
      "expansion": 0.07943307146529725,
      "regime": "HIGH",
      "signal": "WEAK"
    },
    {
      "ticker": "XNET",
      "hv20": 0.7113484556982879,
      "garch": 0.6840146728647449,
      "expansion": -0.03842530705533198,
      "regime": "HIGH",
      "signal": "WEAK"
    },
    {
      "ticker": "ZS",
      "hv20": 1.5720954200580999,
      "garch": 0.3998451977573247,
      "expansion": -0.7456609868232122,
      "regime": "EXTREME",
      "signal": "WEAK"
    },
    {
      "ticker": "ZTS",
      "hv20": 0.2922904092752791,
      "garch": 0.3139582731506756,
      "expansion": 0.07413128583014741,
      "regime": "HIGH",
      "signal": "WEAK"
    }
  ],
  "correlation": {
    "tickers": [
      "AVAV",
      "BABA",
      "CEG",
      "CMI",
      "CRWV",
      "GENC",
      "GRPN",
      "JAKK",
      "KSPI",
      "OPEN",
      "PYPL",
      "TENB",
      "VIA",
      "VST",
      "XNET",
      "ZS",
      "ZTS"
    ],
    "matrix": [
      [
        1.0,
        0.13,
        0.264,
        0.253,
        0.297,
        0.093,
        0.231,
        0.081,
        0.111,
        0.33,
        0.2,
        0.194,
        0.027,
        0.307,
        0.327,
        0.174,
        0.062
      ],
      [
        0.13,
        1.0,
        0.186,
        0.338,
        0.35,
        0.133,
        0.191,
        0.113,
        0.202,
        0.19,
        0.244,
        0.062,
        -0.04,
        0.228,
        0.467,
        0.037,
        0.077
      ],
      [
        0.264,
        0.186,
        1.0,
        0.324,
        0.22,
        0.152,
        0.089,
        0.091,
        0.055,
        0.186,
        0.129,
        0.061,
        0.007,
        0.796,
        0.248,
        0.042,
        0.124
      ],
      [
        0.253,
        0.338,
        0.324,
        1.0,
        0.367,
        0.358,
        0.2,
        0.15,
        0.238,
        0.186,
        0.077,
        -0.053,
        0.008,
        0.346,
        0.312,
        -0.048,
        0.197
      ],
      [
        0.297,
        0.35,
        0.22,
        0.367,
        1.0,
        0.121,
        0.169,
        0.062,
        0.131,
        0.237,
        0.133,
        0.119,
        0.232,
        0.309,
        0.37,
        0.186,
        0.08
      ],
      [
        0.093,
        0.133,
        0.152,
        0.358,
        0.121,
        1.0,
        0.163,
        0.315,
        0.153,
        0.13,
        0.1,
        0.163,
        0.067,
        0.175,
        0.168,
        0.052,
        0.155
      ],
      [
        0.231,
        0.191,
        0.089,
        0.2,
        0.169,
        0.163,
        1.0,
        0.154,
        0.336,
        0.302,
        0.267,
        0.249,
        0.18,
        0.129,
        0.228,
        0.15,
        0.165
      ],
      [
        0.081,
        0.113,
        0.091,
        0.15,
        0.062,
        0.315,
        0.154,
        1.0,
        0.109,
        0.139,
        0.216,
        -0.035,
        0.145,
        0.064,
        0.201,
        -0.05,
        0.138
      ],
      [
        0.111,
        0.202,
        0.055,
        0.238,
        0.131,
        0.153,
        0.336,
        0.109,
        1.0,
        0.244,
        0.254,
        0.266,
        0.149,
        0.099,
        0.197,
        0.158,
        0.19
      ],
      [
        0.33,
        0.19,
        0.186,
        0.186,
        0.237,
        0.13,
        0.302,
        0.139,
        0.244,
        1.0,
        0.237,
        0.119,
        0.163,
        0.253,
        0.341,
        0.063,
        0.163
      ],
      [
        0.2,
        0.244,
        0.129,
        0.077,
        0.133,
        0.1,
        0.267,
        0.216,
        0.254,
        0.237,
        1.0,
        0.36,
        0.159,
        0.073,
        0.328,
        0.206,
        0.172
      ],
      [
        0.194,
        0.062,
        0.061,
        -0.053,
        0.119,
        0.163,
        0.249,
        -0.035,
        0.266,
        0.119,
        0.36,
        1.0,
        0.334,
        0.074,
        0.161,
        0.56,
        0.092
      ],
      [
        0.027,
        -0.04,
        0.007,
        0.008,
        0.232,
        0.067,
        0.18,
        0.145,
        0.149,
        0.163,
        0.159,
        0.334,
        1.0,
        0.061,
        0.193,
        0.37,
        0.021
      ],
      [
        0.307,
        0.228,
        0.796,
        0.346,
        0.309,
        0.175,
        0.129,
        0.064,
        0.099,
        0.253,
        0.073,
        0.074,
        0.061,
        1.0,
        0.274,
        0.073,
        0.092
      ],
      [
        0.327,
        0.467,
        0.248,
        0.312,
        0.37,
        0.168,
        0.228,
        0.201,
        0.197,
        0.341,
        0.328,
        0.161,
        0.193,
        0.274,
        1.0,
        0.222,
        0.044
      ],
      [
        0.174,
        0.037,
        0.042,
        -0.048,
        0.186,
        0.052,
        0.15,
        -0.05,
        0.158,
        0.063,
        0.206,
        0.56,
        0.37,
        0.073,
        0.222,
        1.0,
        -0.037
      ],
      [
        0.062,
        0.077,
        0.124,
        0.197,
        0.08,
        0.155,
        0.165,
        0.138,
        0.19,
        0.163,
        0.172,
        0.092,
        0.021,
        0.092,
        0.044,
        -0.037,
        1.0
      ]
    ]
  },
  "residual_correlation": {
    "tickers": [
      "AVAV",
      "BABA",
      "CEG",
      "CMI",
      "CRWV",
      "GENC",
      "GRPN",
      "JAKK",
      "KSPI",
      "OPEN",
      "PYPL",
      "TENB",
      "VIA",
      "VST",
      "XNET",
      "ZS",
      "ZTS"
    ],
    "matrix": [
      [
        1.0,
        -0.013,
        0.11,
        0.061,
        0.102,
        -0.032,
        0.078,
        -0.057,
        -0.1,
        0.148,
        0.006,
        0.081,
        -0.146,
        0.145,
        0.155,
        0.099,
        -0.059
      ],
      [
        -0.013,
        1.0,
        0.018,
        0.112,
        0.187,
        -0.07,
        0.02,
        -0.044,
        0.021,
        0.042,
        0.116,
        -0.052,
        -0.167,
        0.056,
        0.337,
        -0.057,
        -0.017
      ],
      [
        0.11,
        0.018,
        1.0,
        0.039,
        -0.033,
        0.035,
        -0.061,
        -0.013,
        -0.131,
        0.029,
        0.036,
        -0.017,
        -0.094,
        0.727,
        0.078,
        0.013,
        0.084
      ],
      [
        0.061,
        0.112,
        0.039,
        1.0,
        0.08,
        0.073,
        -0.069,
        -0.142,
        -0.031,
        -0.083,
        -0.108,
        -0.27,
        -0.134,
        0.009,
        -0.006,
        -0.132,
        0.07
      ],
      [
        0.102,
        0.187,
        -0.033,
        0.08,
        1.0,
        0.017,
        -0.041,
        -0.033,
        -0.102,
        0.026,
        -0.043,
        -0.001,
        0.119,
        0.05,
        0.108,
        0.131,
        0.043
      ],
      [
        -0.032,
        -0.07,
        0.035,
        0.073,
        0.017,
        1.0,
        -0.029,
        0.064,
        -0.082,
        -0.07,
        0.002,
        0.087,
        -0.016,
        0.031,
        -0.038,
        0.005,
        -0.043
      ],
      [
        0.078,
        0.02,
        -0.061,
        -0.069,
        -0.041,
        -0.029,
        1.0,
        0.009,
        0.164,
        0.11,
        0.093,
        0.113,
        0.057,
        -0.039,
        -0.003,
        0.048,
        0.037
      ],
      [
        -0.057,
        -0.044,
        -0.013,
        -0.142,
        -0.033,
        0.064,
        0.009,
        1.0,
        -0.095,
        -0.025,
        0.102,
        -0.133,
        0.08,
        -0.052,
        0.029,
        -0.119,
        -0.048
      ],
      [
        -0.1,
        0.021,
        -0.131,
        -0.031,
        -0.102,
        -0.082,
        0.164,
        -0.095,
        1.0,
        0.063,
        0.077,
        0.159,
        0.022,
        -0.11,
        -0.027,
        0.065,
        0.055
      ],
      [
        0.148,
        0.042,
        0.029,
        -0.083,
        0.026,
        -0.07,
        0.11,
        -0.025,
        0.063,
        1.0,
        0.063,
        -0.014,
        0.038,
        0.097,
        0.164,
        -0.042,
        0.024
      ],
      [
        0.006,
        0.116,
        0.036,
        -0.108,
        -0.043,
        0.002,
        0.093,
        0.102,
        0.077,
        0.063,
        1.0,
        0.249,
        0.007,
        -0.043,
        0.183,
        0.07,
        0.024
      ],
      [
        0.081,
        -0.052,
        -0.017,
        -0.27,
        -0.001,
        0.087,
        0.113,
        -0.133,
        0.159,
        -0.014,
        0.249,
        1.0,
        0.266,
        -0.021,
        0.03,
        0.521,
        -0.018
      ],
      [
        -0.146,
        -0.167,
        -0.094,
        -0.134,
        0.119,
        -0.016,
        0.057,
        0.08,
        0.022,
        0.038,
        0.007,
        0.266,
        1.0,
        -0.042,
        0.062,
        0.308,
        -0.066
      ],
      [
        0.145,
        0.056,
        0.727,
        0.009,
        0.05,
        0.031,
        -0.039,
        -0.052,
        -0.11,
        0.097,
        -0.043,
        -0.021,
        -0.042,
        1.0,
        0.084,
        0.047,
        0.037
      ],
      [
        0.155,
        0.337,
        0.078,
        -0.006,
        0.108,
        -0.038,
        -0.003,
        0.029,
        -0.027,
        0.164,
        0.183,
        0.03,
        0.062,
        0.084,
        1.0,
        0.147,
        -0.095
      ],
      [
        0.099,
        -0.057,
        0.013,
        -0.132,
        0.131,
        0.005,
        0.048,
        -0.119,
        0.065,
        -0.042,
        0.07,
        0.521,
        0.308,
        0.047,
        0.147,
        1.0,
        -0.115
      ],
      [
        -0.059,
        -0.017,
        0.084,
        0.07,
        0.043,
        -0.043,
        0.037,
        -0.048,
        0.055,
        0.024,
        0.024,
        -0.018,
        -0.066,
        0.037,
        -0.095,
        -0.115,
        1.0
      ]
    ]
  },
  "factor_correlation": {
    "factors": [
      "Market",
      "Size",
      "Value (SMID)",
      "Momentum",
      "Quality",
      "Profitability",
      "Liquidity",
      "Credit"
    ],
    "matrix": [
      [
        1.0,
        0.354,
        -0.49,
        0.405,
        -0.212,
        -0.533,
        0.328,
        0.169
      ],
      [
        0.354,
        1.0,
        -0.163,
        0.251,
        0.147,
        0.15,
        0.34,
        0.045
      ],
      [
        -0.49,
        -0.163,
        1.0,
        -0.529,
        0.28,
        0.568,
        -0.373,
        -0.127
      ],
      [
        0.405,
        0.251,
        -0.529,
        1.0,
        -0.21,
        -0.511,
        0.29,
        0.023
      ],
      [
        -0.212,
        0.147,
        0.28,
        -0.21,
        1.0,
        0.405,
        -0.217,
        -0.136
      ],
      [
        -0.533,
        0.15,
        0.568,
        -0.511,
        0.405,
        1.0,
        -0.273,
        -0.08
      ],
      [
        0.328,
        0.34,
        -0.373,
        0.29,
        -0.217,
        -0.273,
        1.0,
        0.157
      ],
      [
        0.169,
        0.045,
        -0.127,
        0.023,
        -0.136,
        -0.08,
        0.157,
        1.0
      ]
    ]
  },
  "factor_exposures": [
    {
      "ticker": "AVAV",
      "r_squared": 0.18068309614718858,
      "alpha_annual": -0.25159913525336847,
      "idio_vol_annual": 0.6661870489017332,
      "Market": 1.00975608189352,
      "Size": 0.7559925247304712,
      "Value (SMID)": -2.195706684673123,
      "Momentum": -0.6001141376012182,
      "Quality": -1.195977482598696,
      "Profitability": 0.011039594086325571,
      "Liquidity": 0.05180982004110668,
      "Credit": -1.6957143627975948
    },
    {
      "ticker": "BABA",
      "r_squared": 0.1525268688806205,
      "alpha_annual": -0.36246436250506286,
      "idio_vol_annual": 0.39796821655304193,
      "Market": 1.1999274978249586,
      "Size": 0.14274564595110145,
      "Value (SMID)": 0.20071030255862735,
      "Momentum": -0.18924587600574283,
      "Quality": -0.24094615923551693,
      "Profitability": -0.23509716139887327,
      "Liquidity": 0.19792846491494298,
      "Credit": 1.040018404974036
    },
    {
      "ticker": "CEG",
      "r_squared": 0.252120289082009,
      "alpha_annual": -0.418183226214249,
      "idio_vol_annual": 0.4037798776924056,
      "Market": 0.7142932093742219,
      "Size": 0.36083014154820314,
      "Value (SMID)": -0.48289728519436237,
      "Momentum": 0.6404393210667821,
      "Quality": -0.6890108933722046,
      "Profitability": -0.6570307232997112,
      "Liquidity": -0.42603623380010425,
      "Credit": -0.873425359123393
    },
    {
      "ticker": "CMI",
      "r_squared": 0.5015357615592542,
      "alpha_annual": 0.28883547065768195,
      "idio_vol_annual": 0.2377410694524319,
      "Market": 1.219976716671786,
      "Size": 0.7878105067636271,
      "Value (SMID)": 0.387711933051176,
      "Momentum": 0.7791896545269844,
      "Quality": 0.10678950243236718,
      "Profitability": -0.11187628737626248,
      "Liquidity": -0.336599400500725,
      "Credit": 0.8343051208879355
    },
    {
      "ticker": "CRWV",
      "r_squared": 0.2872175868891925,
      "alpha_annual": -0.8329053660409448,
      "idio_vol_annual": 0.7974964892814016,
      "Market": 0.8186845665616898,
      "Size": 0.65426030239582,
      "Value (SMID)": -2.117000805117456,
      "Momentum": 1.0789527985858554,
      "Quality": -3.834743497530045,
      "Profitability": -0.0812815174247199,
      "Liquidity": 0.48507466653050985,
      "Credit": 2.055766792438786
    },
    {
      "ticker": "GENC",
      "r_squared": 0.33354944346101134,
      "alpha_annual": -0.4373549064260328,
      "idio_vol_annual": 0.32662711855555115,
      "Market": 1.3864332227414848,
      "Size": 1.209735789837106,
      "Value (SMID)": 1.157335657236751,
      "Momentum": -0.07311801117983474,
      "Quality": -0.636123411565111,
      "Profitability": 0.10778866284235195,
      "Liquidity": -0.17820589935522246,
      "Credit": 0.592043272038375
    },
    {
      "ticker": "GRPN",
      "r_squared": 0.16279755791115103,
      "alpha_annual": -1.0369815410133965,
      "idio_vol_annual": 0.6279399889088152,
      "Market": 1.8093378906485558,
      "Size": 0.35635335120430084,
      "Value (SMID)": -0.8795841235267285,
      "Momentum": -0.12751024440575465,
      "Quality": -2.0396921246229867,
      "Profitability": 1.38487878481514,
      "Liquidity": 0.17826193614819125,
      "Credit": 1.459915053415202
    },
    {
      "ticker": "JAKK",
      "r_squared": 0.28668023813734833,
      "alpha_annual": -0.3610162614534709,
      "idio_vol_annual": 0.3595872723626662,
      "Market": 1.359138865643195,
      "Size": 1.0162451394785204,
      "Value (SMID)": 0.8200598714075047,
      "Momentum": -0.42113523489046656,
      "Quality": 1.5937706959520552,
      "Profitability": -0.330628048784819,
      "Liquidity": 0.39064816406312,
      "Credit": -0.312033226302614
    },
    {
      "ticker": "KSPI",
      "r_squared": 0.22508305757104718,
      "alpha_annual": -0.28178870985610605,
      "idio_vol_annual": 0.3193482658056663,
      "Market": 1.2896326925282575,
      "Size": 0.3791226420172592,
      "Value (SMID)": -0.28662977566172987,
      "Momentum": -0.5374342053415666,
      "Quality": 0.15299458691848733,
      "Profitability": 0.14551372501425586,
      "Liquidity": 0.022400796292281477,
      "Credit": 0.3829526897149687
    },
    {
      "ticker": "OPEN",
      "r_squared": 0.12180391938724167,
      "alpha_annual": 1.4395603808630177,
      "idio_vol_annual": 1.3444910978942293,
      "Market": 2.7991917208400947,
      "Size": 1.4384909325814976,
      "Value (SMID)": -1.6685198053950812,
      "Momentum": -1.9240506176261867,
      "Quality": 0.8420344066423173,
      "Profitability": 0.9007044036605607,
      "Liquidity": 1.8093123643977926,
      "Credit": -3.2178612793206725
    },
    {
      "ticker": "PYPL",
      "r_squared": 0.30980471285332756,
      "alpha_annual": -0.7661168771026331,
      "idio_vol_annual": 0.336307902568536,
      "Market": 1.8926033275909804,
      "Size": -0.4197251672161779,
      "Value (SMID)": -0.9124816158347688,
      "Momentum": -0.9219528124542252,
      "Quality": 1.6347685660650253,
      "Profitability": 0.7530361173072687,
      "Liquidity": 0.48295351450730406,
      "Credit": -0.05549645205161697
    },
    {
      "ticker": "TENB",
      "r_squared": 0.14570819397657797,
      "alpha_annual": -0.33349876318818317,
      "idio_vol_annual": 0.4087545083716022,
      "Market": 1.5115021060838103,
      "Size": -0.13577044858078513,
      "Value (SMID)": -0.756824324537798,
      "Momentum": -0.2789425234989391,
      "Quality": -0.45359456275990284,
      "Profitability": 1.3426685264488984,
      "Liquidity": -0.19369714922320486,
      "Credit": -0.2812507621811352
    },
    {
      "ticker": "VIA",
      "r_squared": 0.1195821325166283,
      "alpha_annual": -1.5710212652303872,
      "idio_vol_annual": 0.6833767462296093,
      "Market": 1.2360373445201862,
      "Size": 0.339522996281419,
      "Value (SMID)": -1.3871869387938387,
      "Momentum": -1.1887871297308914,
      "Quality": -1.5194369236689425,
      "Profitability": 0.6325411633298332,
      "Liquidity": 0.6687367201640511,
      "Credit": -0.8177030137352371
    },
    {
      "ticker": "VST",
      "r_squared": 0.289847369843967,
      "alpha_annual": -0.3937439508149174,
      "idio_vol_annual": 0.41178606792788547,
      "Market": 0.6237854096312048,
      "Size": 0.7424499372609924,
      "Value (SMID)": -0.683197156755138,
      "Momentum": 0.7189275274458249,
      "Quality": -1.8730381351228078,
      "Profitability": -0.4835344841708926,
      "Liquidity": -0.7487666505315496,
      "Credit": -0.8174916248140564
    },
    {
      "ticker": "XNET",
      "r_squared": 0.17947769769345012,
      "alpha_annual": -0.3970472811214228,
      "idio_vol_annual": 0.6816093198701806,
      "Market": 1.8593676718670218,
      "Size": 0.13759885602261912,
      "Value (SMID)": -0.7511828455802958,
      "Momentum": -0.37982893825083275,
      "Quality": 0.5789338080154107,
      "Profitability": 0.53544770682145,
      "Liquidity": 1.433464925267633,
      "Credit": 2.0004389353725758
    },
    {
      "ticker": "ZS",
      "r_squared": 0.0921825023261007,
      "alpha_annual": -0.9424710488863192,
      "idio_vol_annual": 0.5966386377577304,
      "Market": 1.3759031791551863,
      "Size": -0.42082505056780717,
      "Value (SMID)": -1.1075753589814312,
      "Momentum": -1.0062506728456986,
      "Quality": -0.9830255380580527,
      "Profitability": 0.8607429525771984,
      "Liquidity": 0.2071861267025102,
      "Credit": 0.08307692453251735
    },
    {
      "ticker": "ZTS",
      "r_squared": 0.17506067467894681,
      "alpha_annual": -0.9208016679892114,
      "idio_vol_annual": 0.3425922509479875,
      "Market": 1.382423677922357,
      "Size": 0.07564751317561763,
      "Value (SMID)": 0.06190498290405094,
      "Momentum": -0.2020632145841122,
      "Quality": 1.285428801570029,
      "Profitability": 0.8689053757228817,
      "Liquidity": 0.0837502248316232,
      "Credit": -0.7420338802013912
    }
  ],
  "portfolio_factor_exposure": {
    "loadings": {
      "Market": 1.4474329356562332,
      "Size": 0.33454871655230217,
      "Value (SMID)": -0.6360309357009711,
      "Momentum": -0.3162941320875178,
      "Quality": -0.6384439730119003,
      "Profitability": 0.5684970408319555,
      "Liquidity": 0.24920786417392993,
      "Credit": 0.44311404927922404
    },
    "alpha_annual": -0.6303337644719399,
    "r_squared_weighted": 0.20752381722669067
  },
  "stress_tests": [
    {
      "scenario": "COVID Crash (Feb-Mar 2020)",
      "market_move": -0.339,
      "portfolio_impact": -0.525407531957314,
      "stressed_nav": 470009.4121774905,
      "pnl": -520333.76397088607,
      "description": "Rapid 33.9% selloff in SPY over 23 trading days as COVID-19 spread."
    },
    {
      "scenario": "2022 Rate Shock (Jan-Oct)",
      "market_move": -0.252,
      "portfolio_impact": -0.3905684308355255,
      "stressed_nav": 603546.3958514347,
      "pnl": -386796.78029694187,
