{
  "generated_at": "2026-06-23T08:08:15.716991Z",
  "market_session": "PRE",
  "fund_name": "Convex Capital",
  "tagline": "Lose small. Win big. \u2014 Paper-traded portfolio. Hypothetical performance for educational purposes only.",
  "summary": {
    "nav": 1013145.2799999999,
    "cash": 4722.310000000056,
    "equity": 1008422.9699999999,
    "deposits": 1000000.0,
    "total_return": 0.013145279999999815,
    "realized_pnl": 0.0,
    "open_positions": 16
  },
  "metrics": {
    "annualized_return": -0.1560864758010847,
    "annualized_vol": 0.28143072811832415,
    "sharpe": -0.7127739009827555,
    "sortino": -0.9312488395214492,
    "calmar": -0.43328997738589664,
    "max_drawdown": -0.3602356019005512,
    "var_95_1d": -0.03195663180126411,
    "risk_free_rate": 0.04451000213623047,
    "method": "Synthetic: current weights \u00d7 each holding's 252-day return history. Sortino uses Frank Sortino downside deviation (RMS of shortfalls vs MAR=RF).",
    "beta_benchmark": 0.9883863249544795,
    "benchmark_annualized_return": 0.3671425608650909,
    "treynor": -0.2029535140994122,
    "jensens_alpha": -0.5194820869699939,
    "information_ratio": -1.8973538295144434,
    "tracking_error": 0.2019060788513002,
    "annualized_active_return": -0.38308727191075964,
    "up_capture": 0.648777174506765,
    "down_capture": 1.0887058113209094,
    "data_basis": "synthetic_252d",
    "days_of_live_nav": 15,
    "benchmark_ticker": "IWM",
    "benchmark_name": "Russell 2000",
    "beta_spy": 0.9883863249544795,
    "beta_spy_stress": 1.5559619956829014
  },
  "nav_curve": [
    {
      "date": "2026-06-01",
      "value": 999882.8292976379
    },
    {
      "date": "2026-06-02",
      "value": 1005079.4966617966
    },
    {
      "date": "2026-06-03",
      "value": 995768.7768651581
    },
    {
      "date": "2026-06-04",
      "value": 1004929.1794892884
    },
    {
      "date": "2026-06-05",
      "value": 974274.0015833282
    },
    {
      "date": "2026-06-08",
      "value": 974266.9881036186
    },
    {
      "date": "2026-06-09",
      "value": 979640.5088702394
    },
    {
      "date": "2026-06-10",
      "value": 966884.7384401513
    },
    {
      "date": "2026-06-11",
      "value": 990753.0886875344
    },
    {
      "date": "2026-06-12",
      "value": 996222.4282127572
    },
    {
      "date": "2026-06-15",
      "value": 1017018.2685251809
    },
    {
      "date": "2026-06-16",
      "value": 1019223.7061524964
    },
    {
      "date": "2026-06-17",
      "value": 1004256.765778122
    },
    {
      "date": "2026-06-18",
      "value": 1005956.2144795037
    },
    {
      "date": "2026-06-22",
      "value": 1013145.2704611397
    }
  ],
  "drawdown_curve": [
    {
      "date": "2026-06-01",
      "value": 0.0
    },
    {
      "date": "2026-06-02",
      "value": 0.0
    },
    {
      "date": "2026-06-03",
      "value": -0.009263665040986776
    },
    {
      "date": "2026-06-04",
      "value": -0.00014955749570802555
    },
    {
      "date": "2026-06-05",
      "value": -0.030649809473562682
    },
    {
      "date": "2026-06-08",
      "value": -0.03065678750836781
    },
    {
      "date": "2026-06-09",
      "value": -0.025310423579476604
    },
    {
      "date": "2026-06-10",
      "value": -0.038001728568240384
    },
    {
      "date": "2026-06-11",
      "value": -0.01425400480444075
    },
    {
      "date": "2026-06-12",
      "value": -0.008812306368259061
    },
    {
      "date": "2026-06-15",
      "value": 0.0
    },
    {
      "date": "2026-06-16",
      "value": 0.0
    },
    {
      "date": "2026-06-17",
      "value": -0.014684647034823809
    },
    {
      "date": "2026-06-18",
      "value": -0.01301725184854327
    },
    {
      "date": "2026-06-22",
      "value": -0.005963789553426265
    }
  ],
  "benchmarks": {
    "SPY": [
      {
        "date": "2026-06-01",
        "value": 0.0
      },
      {
        "date": "2026-06-02",
        "value": 0.0013579397972762752
      },
      {
        "date": "2026-06-03",
        "value": -0.005668771434361286
      },
      {
        "date": "2026-06-04",
        "value": -0.0019115061781299625
      },
      {
        "date": "2026-06-05",
        "value": -0.027671542654459702
      },
      {
        "date": "2026-06-08",
        "value": -0.025470023194608782
      },
      {
        "date": "2026-06-09",
        "value": -0.02833070775180091
      },
      {
        "date": "2026-06-10",
        "value": -0.04364962071587053
      },
      {
        "date": "2026-06-11",
        "value": -0.027394678792744487
      },
      {
        "date": "2026-06-12",
        "value": -0.022134588105308994
      },
      {
        "date": "2026-06-15",
        "value": -0.0048909388718152425
      },
      {
        "date": "2026-06-16",
        "value": -0.010823344076597685
      },
      {
        "date": "2026-06-17",
        "value": -0.023176054438276084
      },
      {
        "date": "2026-06-18",
        "value": -0.013020023259145863
      },
      {
        "date": "2026-06-22",
        "value": -0.016126029204297176
      }
    ],
    "IWM": [
      {
        "date": "2026-06-01",
        "value": 0.0
      },
      {
        "date": "2026-06-02",
        "value": 0.009273902616242058
      },
      {
        "date": "2026-06-03",
        "value": -0.004533265755123028
      },
      {
        "date": "2026-06-04",
        "value": 0.010485102307313143
      },
      {
        "date": "2026-06-05",
        "value": -0.025365222965751943
      },
      {
        "date": "2026-06-08",
        "value": -0.016852527916236926
      },
      {
        "date": "2026-06-09",
        "value": -0.013703535746163342
      },
      {
        "date": "2026-06-10",
        "value": -0.023981055236295123
      },
      {
        "date": "2026-06-11",
        "value": 0.00494832553389335
      },
      {
        "date": "2026-06-12",
        "value": 0.01373793881377372
      },
      {
        "date": "2026-06-15",
        "value": 0.022010765090349826
      },
      {
        "date": "2026-06-16",
        "value": 0.013130856989941098
      },
      {
        "date": "2026-06-17",
        "value": 0.005499833171586088
      },
      {
        "date": "2026-06-18",
        "value": 0.025305943833869415
      },
      {
        "date": "2026-06-22",
        "value": 0.03428980212625787
      }
    ]
  },
  "holdings": [
    {
      "ticker": "GRPN",
      "company": "Groupon, Inc.",
      "sector": "Communication Services",
      "country": "United States",
      "shares": 11310.0,
      "price": 16.9,
      "cost_basis": 17.3017824933687,
      "market_value": 191138.99999999997,
      "unrealized_pnl": -4544.160000000032,
      "short_percent_of_float": 0.56310004,
      "short_ratio": 5.75
    },
    {
      "ticker": "KSPI",
      "company": "Joint Stock Company Kaspi.kz",
      "sector": "Technology",
      "country": "Kazakhstan",
      "shares": 1515.0,
      "price": 84.81,
      "cost_basis": 82.53049504950495,
      "market_value": 128487.15000000001,
      "unrealized_pnl": 3453.450000000005,
      "short_percent_of_float": 0.0159,
      "short_ratio": 3.24
    },
    {
      "ticker": "TENB",
      "company": "Tenable Holdings, Inc.",
      "sector": "Technology",
      "country": "United States",
      "shares": 4766.0,
      "price": 26.34,
      "cost_basis": 26.224616030214015,
      "market_value": 125536.44,
      "unrealized_pnl": 549.9200000000018,
      "short_percent_of_float": 0.129,
      "short_ratio": 3.05
    },
    {
      "ticker": "CMI",
      "company": "Cummins Inc.",
      "sector": "Industrials",
      "country": "United States",
      "shares": 153.0,
      "price": 724.93,
      "cost_basis": 651.1282352941176,
      "market_value": 110914.29,
      "unrealized_pnl": 11291.669999999993,
      "short_percent_of_float": 0.0171,
      "short_ratio": 2.07
    },
    {
      "ticker": "JAKK",
      "company": "JAKKS Pacific, Inc.",
      "sector": "Consumer Cyclical",
      "country": "United States",
      "shares": 3436.0,
      "price": 22.01,
      "cost_basis": 21.83,
      "market_value": 75626.36,
      "unrealized_pnl": 618.4800000000113,
      "short_percent_of_float": 0.039100002,
      "short_ratio": 7.32
    },
    {
      "ticker": "XNET",
      "company": "Xunlei Limited",
      "sector": "Technology",
      "country": "China",
      "shares": 10526.0,
      "price": 5.08,
      "cost_basis": 4.75,
      "market_value": 53472.08,
      "unrealized_pnl": 3473.580000000001,
      "short_percent_of_float": 0.0377,
      "short_ratio": 6.03
    },
    {
      "ticker": "CRWV",
      "company": "CoreWeave, Inc.",
      "sector": "Technology",
      "country": "United States",
      "shares": 468.0,
      "price": 111.29,
      "cost_basis": 106.78134615384614,
      "market_value": 52083.72,
      "unrealized_pnl": 2110.0500000000075,
      "short_percent_of_float": 0.18190001,
      "short_ratio": 1.91
    },
    {
      "ticker": "VIA",
      "company": "Via Transportation, Inc.",
      "sector": "Technology",
      "country": "United States",
      "shares": 3280.0,
      "price": 14.94,
      "cost_basis": 15.241405487804878,
      "market_value": 49003.2,
      "unrealized_pnl": -988.6100000000005,
      "short_percent_of_float": 0.13520001,
      "short_ratio": 6.88
    },
    {
      "ticker": "ZS",
      "company": "Zscaler, Inc.",
      "sector": "Technology",
      "country": "United States",
      "shares": 365.0,
      "price": 124.06,
      "cost_basis": 136.79813698630136,
      "market_value": 45281.9,
      "unrealized_pnl": -4649.419999999995,
      "short_percent_of_float": 0.114700004,
      "short_ratio": 2.09
    },
    {
      "ticker": "ESI",
      "company": "Element Solutions Inc",
      "sector": "Basic Materials",
      "country": "United States",
      "shares": 557.0,
      "price": 49.09,
      "cost_basis": 44.92,
      "market_value": 27343.13,
      "unrealized_pnl": 2322.690000000001,
      "short_percent_of_float": 0.0838,
      "short_ratio": 4.45
    },
    {
      "ticker": "VST",
      "company": "Vistra Corp.",
      "sector": "Utilities",
      "country": "United States",
      "shares": 162.0,
      "price": 167.26,
      "cost_basis": 154.76,
      "market_value": 27096.12,
      "unrealized_pnl": 2025.0,
      "short_percent_of_float": 0.0539,
      "short_ratio": 2.73
    },
    {
      "ticker": "GENC",
      "company": "Gencor Industries, Inc.",
      "sector": "Industrials",
      "country": "United States",
      "shares": 1746.0,
      "price": 14.89,
      "cost_basis": 14.32,
      "market_value": 25997.940000000002,
      "unrealized_pnl": 995.2200000000005,
      "short_percent_of_float": 0.0064,
      "short_ratio": 2.39
    },
    {
      "ticker": "CEG",
      "company": "Constellation Energy Corporation",
      "sector": "Utilities",
      "country": "United States",
      "shares": 94.0,
      "price": 275.53,
      "cost_basis": 265.7,
      "market_value": 25899.819999999996,
      "unrealized_pnl": 924.0199999999985,
      "short_percent_of_float": 0.036,
      "short_ratio": 3.46
    },
    {
      "ticker": "ZTS",
      "company": "Zoetis Inc.",
      "sector": "Healthcare",
      "country": "United States",
      "shares": 312.0,
      "price": 75.89,
      "cost_basis": 80.09,
      "market_value": 23677.68,
      "unrealized_pnl": -1310.400000000001,
      "short_percent_of_float": 0.0363,
      "short_ratio": 1.45
    },
    {
      "ticker": "OPEN",
      "company": "Opendoor Technologies Inc.",
      "sector": "Real Estate",
      "country": "United States",
      "shares": 5479.0,
      "price": 4.28,
      "cost_basis": 4.562927541522176,
      "market_value": 23450.120000000003,
      "unrealized_pnl": -1550.1599999999994,
      "short_percent_of_float": 0.16149999,
      "short_ratio": 3.77
    },
    {
      "ticker": "PYPL",
      "company": "PayPal Holdings, Inc.",
      "sector": "Financial Services",
      "country": "United States",
      "shares": 553.0,
      "price": 42.34,
      "cost_basis": 45.19,
      "market_value": 23414.02,
      "unrealized_pnl": -1576.0499999999968,
      "short_percent_of_float": 0.0626,
      "short_ratio": 3.16
    }
  ],
  "sector_exposure": [
    {
      "name": "Technology",
      "value": 453864.49000000005,
      "pct": 0.44797572367903654
    },
    {
      "name": "Communication Services",
      "value": 191138.99999999997,
      "pct": 0.18865902430103607
    },
    {
      "name": "Industrials",
      "value": 136912.22999999998,
      "pct": 0.13513583165486395
    },
    {
      "name": "Consumer Cyclical",
      "value": 75626.36,
      "pct": 0.07464512888023325
    },
    {
      "name": "Utilities",
      "value": 52995.939999999995,
      "pct": 0.05230833232525152
    },
    {
      "name": "Basic Materials",
      "value": 27343.13,
      "pct": 0.026988360445206836
    },
    {
      "name": "Healthcare",
      "value": 23677.68,
      "pct": 0.023370468645918185
    },
    {
      "name": "Real Estate",
      "value": 23450.120000000003,
      "pct": 0.0231458611740263
    },
    {
      "name": "Financial Services",
      "value": 23414.02,
      "pct": 0.02311022956154916
    },
    {
      "name": "Cash",
      "value": 4722.310000000056,
      "pct": 0.004661039332878357
    }
  ],
  "geographic_exposure": [
    {
      "name": "United States",
      "value": 826463.7399999999,
      "pct": 0.8157406013873942
    },
    {
      "name": "Kazakhstan",
      "value": 128487.15000000001,
      "pct": 0.1268200647393827
    },
    {
      "name": "China",
      "value": 53472.08,
      "pct": 0.0527782945403447
    },
    {
      "name": "Cash",
      "value": 4722.310000000056,
      "pct": 0.004661039332878357
    }
  ],
  "signals": [
    {
      "ticker": "CEG",
      "label": "BUY",
      "composite": 1.0,
      "rsi": 52.5,
      "subs": {
        "rsi": 0.5,
        "macd": 0.5,
        "trend": -0.5,
        "bb": 0.5,
        "vol": 0.0,
        "range": 0.0
      }
    },
    {
      "ticker": "CMI",
      "label": "STRONG BUY",
      "composite": 2.5,
      "rsi": 63.3,
      "subs": {
        "rsi": 0.5,
        "macd": 0.5,
        "trend": 0.5,
        "bb": 0.0,
        "vol": 0.5,
        "range": 0.5
      }
    },
    {
      "ticker": "CRWV",
      "label": "STRONG BUY",
      "composite": 2.0,
      "rsi": 52.3,
      "subs": {
        "rsi": 0.5,
        "macd": 0.5,
        "trend": 0.0,
        "bb": 0.5,
        "vol": 0.5,
        "range": 0.0
      }
    },
    {
      "ticker": "ESI",
      "label": "STRONG BUY",
      "composite": 2.0,
      "rsi": 70.2,
      "subs": {
        "rsi": 0.0,
        "macd": 0.5,
        "trend": 0.5,
        "bb": 0.0,
        "vol": 0.5,
        "range": 0.5
      }
    },
    {
      "ticker": "GENC",
      "label": "STRONG BUY",
      "composite": 2.0,
      "rsi": 52.5,
      "subs": {
        "rsi": 0.5,
        "macd": 0.5,
        "trend": 0.5,
        "bb": 0.5,
        "vol": 0.0,
        "range": 0.0
      }
    },
    {
      "ticker": "GRPN",
      "label": "SELL",
      "composite": -1.5,
      "rsi": 48.8,
      "subs": {
        "rsi": 0.5,
        "macd": -0.5,
        "trend": 0.0,
        "bb": -0.5,
        "vol": -0.5,
        "range": -0.5
      }
    },
    {
      "ticker": "JAKK",
      "label": "BUY",
      "composite": 1.0,
      "rsi": 51.1,
      "subs": {
        "rsi": 0.5,
        "macd": -0.5,
        "trend": 0.5,
        "bb": 0.5,
        "vol": 0.0,
        "range": 0.0
      }
    },
    {
      "ticker": "KSPI",
      "label": "LEAN BEAR",
      "composite": -0.5,
      "rsi": 50.9,
      "subs": {
        "rsi": 0.5,
        "macd": -0.5,
        "trend": 0.0,
        "bb": -0.5,
        "vol": 0.0,
        "range": 0.0
      }
    },
    {
      "ticker": "OPEN",
      "label": "STRONG SELL",
      "composite": -2.0,
      "rsi": 40.8,
      "subs": {
        "rsi": 0.0,
        "macd": -0.5,
        "trend": -0.5,
        "bb": -0.5,
        "vol": 0.0,
        "range": -0.5
      }
    },
    {
      "ticker": "PYPL",
      "label": "NEUTRAL",
      "composite": 0.0,
      "rsi": 44.0,
      "subs": {
        "rsi": 0.0,
        "macd": 0.5,
        "trend": -0.5,
        "bb": -0.5,
        "vol": 0.5,
        "range": 0.0
      }
    },
    {
      "ticker": "TENB",
      "label": "SELL",
      "composite": -1.0,
      "rsi": 52.3,
      "subs": {
        "rsi": 0.5,
        "macd": -0.5,
        "trend": 0.0,
        "bb": -0.5,
        "vol": 0.0,
        "range": -0.5
      }
    },
    {
      "ticker": "VIA",
      "label": "NEUTRAL",
      "composite": 0.0,
      "rsi": 48.9,
      "subs": {
        "rsi": 0.5,
        "macd": 0.5,
        "trend": -0.5,
        "bb": -0.5,
        "vol": 0.5,
        "range": -0.5
      }
    },
    {
      "ticker": "VST",
      "label": "STRONG BUY",
      "composite": 2.0,
      "rsi": 63.5,
      "subs": {
        "rsi": 0.5,
        "macd": 0.5,
        "trend": 0.0,
        "bb": 0.5,
        "vol": 0.0,
        "range": 0.5
      }
    },
    {
      "ticker": "XNET",
      "label": "NEUTRAL",
      "composite": 0.0,
      "rsi": 43.3,
      "subs": {
        "rsi": 0.0,
        "macd": 0.5,
        "trend": -0.5,
        "bb": -0.5,
        "vol": 0.5,
        "range": 0.0
      }
    },
    {
      "ticker": "ZS",
      "label": "STRONG SELL",
      "composite": -2.0,
      "rsi": 40.0,
      "subs": {
        "rsi": 0.0,
        "macd": -0.5,
        "trend": -0.5,
        "bb": -0.5,
        "vol": 0.0,
        "range": -0.5
      }
    },
    {
      "ticker": "ZTS",
      "label": "SELL",
      "composite": -1.0,
      "rsi": 33.3,
      "subs": {
        "rsi": 0.0,
        "macd": 0.5,
        "trend": -0.5,
        "bb": -0.5,
        "vol": 0.0,
        "range": -0.5
      }
    }
  ],
  "volatility": [
    {
      "ticker": "CEG",
      "hv20": 0.4803942623996393,
      "garch": 0.5374264261193146,
      "expansion": 0.11871949393148729,
      "regime": "NORMAL",
      "signal": "BASE"
    },
    {
      "ticker": "CMI",
      "hv20": 0.44433486450212645,
      "garch": 0.3288261051815932,
      "expansion": -0.25995880258003123,
      "regime": "HIGH",
      "signal": "WEAK"
    },
    {
      "ticker": "CRWV",
      "hv20": 0.8437222159805764,
      "garch": 0.9659009499291296,
      "expansion": 0.1448091938726026,
      "regime": "NORMAL",
      "signal": "BASE"
    },
    {
      "ticker": "ESI",
      "hv20": 0.5394837121962466,
      "garch": 0.545610455981512,
      "expansion": 0.011356679815824994,
      "regime": "HIGH",
      "signal": "WEAK"
    },
    {
      "ticker": "GENC",
      "hv20": 0.35091565135844266,
      "garch": 0.36338963018190223,
      "expansion": 0.03554694347536535,
      "regime": "NORMAL",
      "signal": "WEAK"
    },
    {
      "ticker": "GRPN",
      "hv20": 0.8248053671417794,
      "garch": 0.7906223353357247,
      "expansion": -0.04144375530012632,
      "regime": "HIGH",
      "signal": "WEAK"
    },
    {
      "ticker": "JAKK",
      "hv20": 0.21604548838666246,
      "garch": 0.46064327141604283,
      "expansion": 1.1321587173883358,
      "regime": "LOW",
      "signal": "SIGNAL"
    },
    {
      "ticker": "KSPI",
      "hv20": 0.35453611052362094,
      "garch": 0.43864228364906227,
      "expansion": 0.23722879173357933,
      "regime": "HIGH",
      "signal": "SIGNAL"
    },
    {
      "ticker": "OPEN",
      "hv20": 0.7736460080393263,
      "garch": 0.7763838549728049,
      "expansion": 0.003538888464528211,
      "regime": "NORMAL",
      "signal": "WEAK"
    },
    {
      "ticker": "PYPL",
      "hv20": 0.306809180200128,
      "garch": 0.4137315596095709,
      "expansion": 0.3484979795575176,
      "regime": "NORMAL",
      "signal": "SIGNAL"
    },
    {
      "ticker": "TENB",
      "hv20": 0.5862512134068718,
      "garch": 0.39927402548827307,
      "expansion": -0.3189369738478175,
      "regime": "HIGH",
      "signal": "WEAK"
    },
    {
      "ticker": "VIA",
      "hv20": 0.6955060699692869,
      "garch": null,
      "expansion": null,
      "regime": "NORMAL",
      "signal": "WEAK"
    },
    {
      "ticker": "VST",
      "hv20": 0.49462248142493626,
      "garch": 0.5658360117655397,
      "expansion": 0.14397552277738662,
      "regime": "NORMAL",
      "signal": "BASE"
    },
    {
      "ticker": "XNET",
      "hv20": 0.7760675780946079,
      "garch": 0.7642493405755435,
      "expansion": -0.01522836136007693,
      "regime": "HIGH",
      "signal": "WEAK"
    },
    {
      "ticker": "ZS",
      "hv20": 1.524667326963838,
      "garch": 0.35138327420263626,
      "expansion": -0.769534463034394,
      "regime": "EXTREME",
      "signal": "WEAK"
    },
    {
      "ticker": "ZTS",
      "hv20": 0.29732378860594255,
      "garch": 0.3509303994343737,
      "expansion": 0.18029707975865517,
      "regime": "HIGH",
      "signal": "BASE"
    }
  ],
  "correlation": {
    "tickers": [
      "CEG",
      "CMI",
      "CRWV",
      "ESI",
      "GENC",
      "GRPN",
      "JAKK",
      "KSPI",
      "OPEN",
      "PYPL",
      "TENB",
      "VIA",
      "VST",
      "XNET",
      "ZS",
      "ZTS"
    ],
    "matrix": [
      [
        1.0,
        0.328,
        0.231,
        0.299,
        0.151,
        0.09,
        0.089,
        0.058,
        0.189,
        0.14,
        0.062,
        0.007,
        0.798,
        0.25,
        0.045,
        0.122
      ],
      [
        0.328,
        1.0,
        0.369,
        0.613,
        0.348,
        0.195,
        0.136,
        0.244,
        0.184,
        0.081,
        -0.052,
        0.003,
        0.353,
        0.299,
        -0.052,
        0.186
      ],
      [
        0.231,
        0.369,
        1.0,
        0.339,
        0.118,
        0.159,
        0.056,
        0.128,
        0.247,
        0.148,
        0.119,
        0.215,
        0.316,
        0.366,
        0.182,
        0.086
      ],
      [
        0.299,
        0.613,
        0.339,
        1.0,
        0.277,
        0.309,
        0.246,
        0.302,
        0.264,
        0.287,
        0.111,
        0.053,
        0.363,
        0.338,
        0.046,
        0.179
      ],
      [
        0.151,
        0.348,
        0.118,
        0.277,
        1.0,
        0.157,
        0.319,
        0.142,
        0.129,
        0.099,
        0.161,
        0.069,
        0.172,
        0.162,
        0.053,
        0.158
      ],
      [
        0.09,
        0.195,
        0.159,
        0.309,
        0.157,
        1.0,
        0.149,
        0.343,
        0.301,
        0.269,
        0.247,
        0.167,
        0.13,
        0.237,
        0.15,
        0.158
      ],
      [
        0.089,
        0.136,
        0.056,
        0.246,
        0.319,
        0.149,
        1.0,
        0.097,
        0.139,
        0.214,
        -0.034,
        0.145,
        0.06,
        0.198,
        -0.047,
        0.144
      ],
      [
        0.058,
        0.244,
        0.128,
        0.302,
        0.142,
        0.343,
        0.097,
        1.0,
        0.243,
        0.256,
        0.262,
        0.134,
        0.108,
        0.205,
        0.153,
        0.181
      ],
      [
        0.189,
        0.184,
        0.247,
        0.264,
        0.129,
        0.301,
        0.139,
        0.243,
        1.0,
        0.248,
        0.121,
        0.153,
        0.254,
        0.348,
        0.064,
        0.171
      ],
      [
        0.14,
        0.081,
        0.148,
        0.287,
        0.099,
        0.269,
        0.214,
        0.256,
        0.248,
        1.0,
        0.354,
        0.145,
        0.085,
        0.342,
        0.206,
        0.176
      ],
      [
        0.062,
        -0.052,
        0.119,
        0.111,
        0.161,
        0.247,
        -0.034,
        0.262,
        0.121,
        0.354,
        1.0,
        0.336,
        0.072,
        0.153,
        0.559,
        0.098
      ],
      [
        0.007,
        0.003,
        0.215,
        0.053,
        0.069,
        0.167,
        0.145,
        0.134,
        0.153,
        0.145,
        0.336,
        1.0,
        0.057,
        0.165,
        0.368,
        0.021
      ],
      [
        0.798,
        0.353,
        0.316,
        0.363,
        0.172,
        0.13,
        0.06,
        0.108,
        0.254,
        0.085,
        0.072,
        0.057,
        1.0,
        0.274,
        0.073,
        0.089
      ],
      [
        0.25,
        0.299,
        0.366,
        0.338,
        0.162,
        0.237,
        0.198,
        0.205,
        0.348,
        0.342,
        0.153,
        0.165,
        0.274,
        1.0,
        0.22,
        0.048
      ],
      [
        0.045,
        -0.052,
        0.182,
        0.046,
        0.053,
        0.15,
        -0.047,
        0.153,
        0.064,
        0.206,
        0.559,
        0.368,
        0.073,
        0.22,
        1.0,
        -0.035
      ],
      [
        0.122,
        0.186,
        0.086,
        0.179,
        0.158,
        0.158,
        0.144,
        0.181,
        0.171,
        0.176,
        0.098,
        0.021,
        0.089,
        0.048,
        -0.035,
        1.0
      ]
    ]
  },
  "residual_correlation": {
    "tickers": [
      "CEG",
      "CMI",
      "CRWV",
      "ESI",
      "GENC",
      "GRPN",
      "JAKK",
      "KSPI",
      "OPEN",
      "PYPL",
      "TENB",
      "VIA",
      "VST",
      "XNET",
      "ZS",
      "ZTS"
    ],
    "matrix": [
      [
        1.0,
        0.055,
        0.0,
        -0.029,
        0.028,
        -0.059,
        -0.019,
        -0.131,
        0.035,
        0.044,
        -0.026,
        -0.102,
        0.73,
        0.096,
        0.01,
        0.075
      ],
      [
        0.055,
        1.0,
        0.124,
        0.248,
        0.076,
        -0.059,
        -0.149,
        -0.005,
        -0.065,
        -0.096,
        -0.259,
        -0.143,
        0.036,
        0.003,
        -0.142,
        0.064
      ],
      [
        0.0,
        0.124,
        1.0,
        0.04,
        0.013,
        -0.05,
        -0.039,
        -0.108,
        0.04,
        -0.033,
        -0.02,
        0.083,
        0.079,
        0.138,
        0.108,
        0.039
      ],
      [
        -0.029,
        0.248,
        0.04,
        1.0,
        -0.073,
        0.056,
        0.003,
        0.015,
        -0.011,
        0.135,
        -0.096,
        -0.125,
        0.007,
        0.028,
        -0.051,
        -0.017
      ],
      [
        0.028,
        0.076,
        0.013,
        -0.073,
        1.0,
        -0.03,
        0.066,
        -0.079,
        -0.072,
        0.003,
        0.094,
        -0.004,
        0.026,
        -0.054,
        0.007,
        -0.035
      ],
      [
        -0.059,
        -0.059,
        -0.05,
        0.056,
        -0.03,
        1.0,
        0.006,
        0.182,
        0.11,
        0.096,
        0.109,
        0.05,
        -0.035,
        0.012,
        0.049,
        0.026
      ],
      [
        -0.019,
        -0.149,
        -0.039,
        0.003,
        0.066,
        0.006,
        1.0,
        -0.101,
        -0.033,
        0.102,
        -0.129,
        0.09,
        -0.058,
        0.019,
        -0.113,
        -0.039
      ],
      [
        -0.131,
        -0.005,
        -0.108,
        0.015,
        -0.079,
        0.182,
        -0.101,
        1.0,
        0.061,
        0.079,
        0.156,
        0.012,
        -0.099,
        -0.023,
        0.061,
        0.045
      ],
      [
        0.035,
        -0.065,
        0.04,
        -0.011,
        -0.072,
        0.11,
        -0.033,
        0.061,
        1.0,
        0.064,
        -0.017,
        0.03,
        0.104,
        0.164,
        -0.047,
        0.025
      ],
      [
        0.044,
        -0.096,
        -0.033,
        0.135,
        0.003,
        0.096,
        0.102,
        0.079,
        0.064,
        1.0,
        0.24,
        0.007,
        -0.031,
        0.185,
        0.073,
        0.023
      ],
      [
        -0.026,
        -0.259,
        -0.02,
        -0.096,
        0.094,
        0.109,
        -0.129,
        0.156,
        -0.017,
        0.24,
        1.0,
        0.274,
        -0.031,
        0.004,
        0.518,
        -0.009
      ],
      [
        -0.102,
        -0.143,
        0.083,
        -0.125,
        -0.004,
        0.05,
        0.09,
        0.012,
        0.03,
        0.007,
        0.274,
        1.0,
        -0.057,
        0.029,
        0.314,
        -0.059
      ],
      [
        0.73,
        0.036,
        0.079,
        0.007,
        0.026,
        -0.035,
        -0.058,
        -0.099,
        0.104,
        -0.031,
        -0.031,
        -0.057,
        1.0,
        0.106,
        0.039,
        0.03
      ],
      [
        0.096,
        0.003,
        0.138,
        0.028,
        -0.054,
        0.012,
        0.019,
        -0.023,
        0.164,
        0.185,
        0.004,
        0.029,
        0.106,
        1.0,
        0.135,
        -0.108
      ],
      [
        0.01,
        -0.142,
        0.108,
        -0.051,
        0.007,
        0.049,
        -0.113,
        0.061,
        -0.047,
        0.073,
        0.518,
        0.314,
        0.039,
        0.135,
        1.0,
        -0.118
      ],
      [
        0.075,
        0.064,
        0.039,
        -0.017,
        -0.035,
        0.026,
        -0.039,
        0.045,
        0.025,
        0.023,
        -0.009,
        -0.059,
        0.03,
        -0.108,
        -0.118,
        1.0
      ]
    ]
  },
  "factor_correlation": {
    "factors": [
      "Market",
      "Size",
      "Value (SMID)",
      "Momentum",
      "Quality",
      "Profitability",
      "Liquidity",
      "Credit"
    ],
    "matrix": [
      [
        1.0,
        0.329,
        -0.49,
        0.394,
        -0.244,
        -0.534,
        0.31,
        0.173
      ],
      [
        0.329,
        1.0,
        -0.158,
        0.262,
        0.155,
        0.145,
        0.328,
        0.039
      ],
      [
        -0.49,
        -0.158,
        1.0,
        -0.547,
        0.305,
        0.588,
        -0.381,
        -0.133
      ],
      [
        0.394,
        0.262,
        -0.547,
        1.0,
        -0.218,
        -0.527,
        0.297,
        0.034
      ],
      [
        -0.244,
        0.155,
        0.305,
        -0.218,
        1.0,
        0.434,
        -0.235,
        -0.131
      ],
      [
        -0.534,
        0.145,
        0.588,
        -0.527,
        0.434,
        1.0,
        -0.28,
        -0.09
      ],
      [
        0.31,
        0.328,
        -0.381,
        0.297,
        -0.235,
        -0.28,
        1.0,
        0.156
      ],
      [
        0.173,
        0.039,
        -0.133,
        0.034,
        -0.131,
        -0.09,
        0.156,
        1.0
      ]
    ]
  },
  "factor_exposures": [
    {
      "ticker": "CEG",
      "r_squared": 0.25190333801417764,
      "alpha_annual": -0.4416220134052618,
      "idio_vol_annual": 0.4045105727972147,
      "Market": 0.7194919628480204,
      "Size": 0.38178806062454906,
      "Value (SMID)": -0.43898237912046384,
      "Momentum": 0.599979116229547,
      "Quality": -0.7911840180233368,
      "Profitability": -0.6437308028689555,
      "Liquidity": -0.4743391865322591,
      "Credit": -0.9093971275453815
    },
    {
      "ticker": "CMI",
      "r_squared": 0.468301811790253,
      "alpha_annual": 0.3583639640614979,
      "idio_vol_annual": 0.2463460888833078,
      "Market": 1.145656689262261,
      "Size": 0.8080302198058431,
      "Value (SMID)": 0.3576943738194457,
      "Momentum": 0.6879533371733856,
      "Quality": -0.024070895325230282,
      "Profitability": -0.15826861987124222,
      "Liquidity": -0.31489485118885485,
      "Credit": 0.7772381158392941
    },
    {
      "ticker": "CRWV",
      "r_squared": 0.2706123284013101,
      "alpha_annual": -1.0046883770052142,
      "idio_vol_annual": 0.8059613863060238,
      "Market": 1.0251928228563791,
      "Size": 0.6179351288341042,
      "Value (SMID)": -2.0397019543264143,
      "Momentum": 0.6874576210954294,
      "Quality": -4.251987522526149,
      "Profitability": -0.00891310245108723,
      "Liquidity": 0.34193566387372853,
      "Credit": 2.035108864164634
    },
    {
      "ticker": "ESI",
      "r_squared": 0.5053074124390635,
      "alpha_annual": 0.31510866628898565,
      "idio_vol_annual": 0.2868305653816116,
      "Market": 1.6330269948628509,
      "Size": 1.018048848402404,
      "Value (SMID)": -0.17767295419161702,
      "Momentum": 0.6222158976029966,
      "Quality": 0.1882484017351339,
      "Profitability": 0.24856833651804533,
      "Liquidity": -0.6986887012609132,
      "Credit": 0.1886292344558234
    },
    {
      "ticker": "GENC",
      "r_squared": 0.32661277127325217,
      "alpha_annual": -0.45089802896034786,
      "idio_vol_annual": 0.32548448531964397,
      "Market": 1.3020674710017077,
      "Size": 1.2347092465960476,
      "Value (SMID)": 1.1604727297154407,
      "Momentum": -0.03835517284239154,
      "Quality": -0.6503345488703804,
      "Profitability": 0.06341620250631674,
      "Liquidity": -0.16754999318634756,
      "Credit": 0.5781462660885968
    },
    {
      "ticker": "GRPN",
      "r_squared": 0.16665600814303894,
      "alpha_annual": -1.177626584032653,
      "idio_vol_annual": 0.6252158711140983,
      "Market": 1.9000656030948548,
      "Size": 0.3100328635290205,
      "Value (SMID)": -0.9216105784051858,
      "Momentum": -0.12312842368142785,
      "Quality": -1.4377027578936852,
      "Profitability": 1.4317872669665084,
      "Liquidity": 0.22083741603171758,
      "Credit": 1.460835187504435
    },
    {
      "ticker": "JAKK",
      "r_squared": 0.2711165879838693,
      "alpha_annual": -0.29445337938443433,
      "idio_vol_annual": 0.35146562758116445,
      "Market": 1.2390647381406361,
      "Size": 1.0354559886987946,
      "Value (SMID)": 0.8359698158112878,
      "Momentum": -0.34666598711699437,
      "Quality": 1.388839809020661,
      "Profitability": -0.35778339662772723,
      "Liquidity": 0.33165960923205223,
      "Credit": -0.4490323761040365
    },
    {
      "ticker": "KSPI",
      "r_squared": 0.2150746874976298,
      "alpha_annual": -0.18769067213857654,
      "idio_vol_annual": 0.32273725809233683,
      "Market": 1.1693164868642916,
      "Size": 0.4503614494038167,
      "Value (SMID)": -0.3469332408776151,
      "Momentum": -0.5163809755184566,
      "Quality": 0.08169241769014549,
      "Profitability": 0.08386498408578708,
      "Liquidity": -0.010636719417198404,
      "Credit": 0.541270049627673
    },
    {
      "ticker": "OPEN",
      "r_squared": 0.12705241696161074,
      "alpha_annual": 1.463543312529754,
      "idio_vol_annual": 1.3418714274146009,
      "Market": 3.033197641762227,
      "Size": 1.3274550509752867,
      "Value (SMID)": -1.6625009277938858,
      "Momentum": -2.0356286036216575,
      "Quality": 1.0504501558250092,
      "Profitability": 0.9683812680624447,
      "Liquidity": 1.867253818618185,
      "Credit": -3.1719687890151933
    },
    {
      "ticker": "PYPL",
      "r_squared": 0.29185449376378947,
      "alpha_annual": -0.6251817794734578,
      "idio_vol_annual": 0.33898790475085844,
      "Market": 1.7907935124820875,
      "Size": -0.32514883111696763,
      "Value (SMID)": -0.8985966821997043,
      "Momentum": -0.8932596889068144,
      "Quality": 1.410362192767346,
      "Profitability": 0.6546354520063884,
      "Liquidity": 0.3704830956400085,
      "Credit": 0.018320436145148694
    },
    {
      "ticker": "TENB",
      "r_squared": 0.1481750993446671,
      "alpha_annual": -0.3720057837501645,
      "idio_vol_annual": 0.4099046506678946,
      "Market": 1.4898508463777242,
      "Size": -0.13930433986024238,
      "Value (SMID)": -0.7790993349607455,
      "Momentum": -0.23530076217889362,
      "Quality": -0.39978748704923456,
      "Profitability": 1.2987596606528524,
      "Liquidity": -0.1299600291700831,
      "Credit": -0.19816387610758338
    },
    {
      "ticker": "VIA",
      "r_squared": 0.11105517556641464,
      "alpha_annual": -1.556111364511002,
      "idio_vol_annual": 0.681239399721937,
      "Market": 0.9664003858859934,
      "Size": 0.44795659281970257,
      "Value (SMID)": -1.4136253469781686,
      "Momentum": -1.0196939317049676,
      "Quality": -1.5967573871674186,
      "Profitability": 0.4923412705652006,
      "Liquidity": 0.6501434194483922,
      "Credit": -0.7511077890092549
    },
    {
      "ticker": "VST",
      "r_squared": 0.2914645934248612,
      "alpha_annual": -0.4294538114593521,
      "idio_vol_annual": 0.41250531783705213,
      "Market": 0.6102386698124087,
      "Size": 0.7865978526067524,
      "Value (SMID)": -0.6778339191975509,
      "Momentum": 0.651664596527084,
      "Quality": -1.851214401724957,
      "Profitability": -0.5028110457185255,
      "Liquidity": -0.8068141392611301,
      "Credit": -0.7211599331396878
    },
    {
      "ticker": "XNET",
      "r_squared": 0.1706988889119011,
      "alpha_annual": -0.3765486657252636,
      "idio_vol_annual": 0.6763007993736291,
      "Market": 1.8013470059151706,
      "Size": 0.22161190133199238,
      "Value (SMID)": -0.7620333455720427,
      "Momentum": -0.42559153603095423,
      "Quality": 0.48467758219752544,
      "Profitability": 0.5752897272320974,
      "Liquidity": 1.2084753204886443,
      "Credit": 2.3096371788322383
    },
    {
      "ticker": "ZS",
      "r_squared": 0.09041114989849497,
      "alpha_annual": -0.9592103475733369,
      "idio_vol_annual": 0.5980367046308586,
      "Market": 1.3484613057704489,
      "Size": -0.38008423617607806,
      "Value (SMID)": -1.0814965585637044,
      "Momentum": -0.9008107133901107,
      "Quality": -0.8505448936394658,
      "Profitability": 0.8502896507001714,
      "Liquidity": 0.19615038842994978,
      "Credit": 0.21255221794372575
    },
    {
      "ticker": "ZTS",
      "r_squared": 0.16506920974208306,
      "alpha_annual": -0.890610569019225,
      "idio_vol_annual": 0.3446428908674182,
      "Market": 1.3319971849362362,
      "Size": 0.15053364912580458,
      "Value (SMID)": 0.06105216851937417,
      "Momentum": -0.24369920892019592,
      "Quality": 1.0167051509186924,
      "Profitability": 0.7546565008184782,
      "Liquidity": 0.06263889348723167,
      "Credit": -0.7281275314680845
    }
  ],
  "portfolio_factor_exposure": {
    "loadings": {
      "Market": 1.4256223429310722,
      "Size": 0.4309309438171142,
      "Value (SMID)": -0.5393316579464527,
      "Momentum": -0.17081450890860708,
      "Quality": -0.520730130817358,
      "Profitability": 0.5254299806284829,
      "Liquidity": 0.13307223455334016,
      "Credit": 0.4604768132537845
    },
    "alpha_annual": -0.49400447840862277,
    "r_squared_weighted": 0.23179198012020966
  },
  "stress_tests": [
    {
      "scenario": "COVID Crash (Feb-Mar 2020)",
      "market_move": -0.339,
      "portfolio_impact": -0.5274711165365036,
      "stressed_nav": 478740.4079447114,
      "pnl": -534404.8720552885,
      "description": "Rapid 33.9% selloff in SPY over 23 trading days as COVID-19 spread."
    },
    {
      "scenario": "2022 Rate Shock (Jan-Oct)",
      "market_move": -0.252,
      "portfolio_impact": -0.39210242291209113,
      "stressed_nav": 615888.5609500511,
      "pnl": -397256.71904994885,
      "description": "Grinding 9-month decline as the Fed hiked rates aggressively."
    },
    {
      "scenario": "GFC 2008-09",
      "market_move": -0.565,
      "portfolio_impact": -0.8791185275608392,
      "stressed_nav": 122470.49324118585,
