{
  "generated_at": "2026-06-30T18:55:48.591223Z",
  "market_session": "OPEN",
  "fund_name": "Convex Capital",
  "tagline": "Lose small. Win big. \u2014 Paper-traded portfolio. Hypothetical performance for educational purposes only.",
  "summary": {
    "nav": 1157907.699714241,
    "cash": 4722.310000000056,
    "equity": 1153185.389714241,
    "deposits": 1000000.0,
    "total_return": 0.157907699714241,
    "realized_pnl": 0.0,
    "open_positions": 16
  },
  "metrics": {
    "period_return": 0.15802229296682202,
    "calendar_days_since_inception": 29,
    "trading_days_observed": 20,
    "annualized_return": 5.338030697402513,
    "annualized_return_arithmetic": 1.898663552029835,
    "annualized_vol": 0.30379862607146046,
    "sharpe": 6.1074901404522315,
    "sortino": 13.427068054662762,
    "calmar": 140.468102334264,
    "max_drawdown": -0.038001728568240384,
    "var_95_1d": -0.01547565539315635,
    "risk_free_rate": 0.04415999889373779,
    "beta_benchmark": 0.8307182581201845,
    "benchmark_annualized_return": 0.2685129765952512,
    "benchmark_annualized_return_arithmetic": 0.2379576080590342,
    "benchmark_period_return": 0.042579988720027995,
    "period_active_return": 0.11544230424679403,
    "treynor": 2.2324097671003593,
    "jensens_alpha": 1.6935123408224457,
    "information_ratio": 5.505045425618857,
    "tracking_error": 0.24511071241549506,
    "annualized_active_return": 2.8410504495405804,
    "annualized_active_return_arithmetic": 1.3493456061531,
    "up_capture": 1.5390062926489252,
    "down_capture": 0.5513640471593504,
    "data_basis": "realized_nav",
    "days_of_live_nav": 21,
    "benchmark_ticker": "IWM",
    "benchmark_name": "Russell 2000",
    "beta_spy": 0.8307182581201845,
    "beta_spy_stress": 1.5324869670675247
  },
  "nav_curve": [
    {
      "date": "2026-06-01",
      "value": 999882.8292976379
    },
    {
      "date": "2026-06-02",
      "value": 1005079.4966617966
    },
    {
      "date": "2026-06-03",
      "value": 995768.7768651581
    },
    {
      "date": "2026-06-04",
      "value": 1004929.1794892884
    },
    {
      "date": "2026-06-05",
      "value": 974274.0015833282
    },
    {
      "date": "2026-06-08",
      "value": 974266.9881036186
    },
    {
      "date": "2026-06-09",
      "value": 979640.5088702394
    },
    {
      "date": "2026-06-10",
      "value": 966884.7384401513
    },
    {
      "date": "2026-06-11",
      "value": 990753.0886875344
    },
    {
      "date": "2026-06-12",
      "value": 996222.4282127572
    },
    {
      "date": "2026-06-15",
      "value": 1017018.2685251809
    },
    {
      "date": "2026-06-16",
      "value": 1019223.7061524964
    },
    {
      "date": "2026-06-17",
      "value": 1004256.765778122
    },
    {
      "date": "2026-06-18",
      "value": 1005956.2144795037
    },
    {
      "date": "2026-06-22",
      "value": 1013145.2704611397
    },
    {
      "date": "2026-06-23",
      "value": 1003670.4086042023
    },
    {
      "date": "2026-06-24",
      "value": 1028642.2278996087
    },
    {
      "date": "2026-06-25",
      "value": 1087855.2699132538
    },
    {
      "date": "2026-06-26",
      "value": 1108818.5221582032
    },
    {
      "date": "2026-06-29",
      "value": 1139434.688639698
    },
    {
      "date": "2026-06-30",
      "value": 1157886.6066814042
    }
  ],
  "drawdown_curve": [
    {
      "date": "2026-06-01",
      "value": 0.0
    },
    {
      "date": "2026-06-02",
      "value": 0.0
    },
    {
      "date": "2026-06-03",
      "value": -0.009263665040986776
    },
    {
      "date": "2026-06-04",
      "value": -0.00014955749570802555
    },
    {
      "date": "2026-06-05",
      "value": -0.030649809473562682
    },
    {
      "date": "2026-06-08",
      "value": -0.03065678750836781
    },
    {
      "date": "2026-06-09",
      "value": -0.025310423579476604
    },
    {
      "date": "2026-06-10",
      "value": -0.038001728568240384
    },
    {
      "date": "2026-06-11",
      "value": -0.01425400480444075
    },
    {
      "date": "2026-06-12",
      "value": -0.008812306368259061
    },
    {
      "date": "2026-06-15",
      "value": 0.0
    },
    {
      "date": "2026-06-16",
      "value": 0.0
    },
    {
      "date": "2026-06-17",
      "value": -0.014684647034823809
    },
    {
      "date": "2026-06-18",
      "value": -0.01301725184854327
    },
    {
      "date": "2026-06-22",
      "value": -0.005963789553426265
    },
    {
      "date": "2026-06-23",
      "value": -0.015259944852545435
    },
    {
      "date": "2026-06-24",
      "value": 0.0
    },
    {
      "date": "2026-06-25",
      "value": 0.0
    },
    {
      "date": "2026-06-26",
      "value": 0.0
    },
    {
      "date": "2026-06-29",
      "value": 0.0
    },
    {
      "date": "2026-06-30",
      "value": 0.0
    }
  ],
  "benchmarks": {
    "SPY": [
      {
        "date": "2026-06-01",
        "value": 0.0
      },
      {
        "date": "2026-06-02",
        "value": 0.0013579397972762752
      },
      {
        "date": "2026-06-03",
        "value": -0.005668771434361286
      },
      {
        "date": "2026-06-04",
        "value": -0.0019115061781299625
      },
      {
        "date": "2026-06-05",
        "value": -0.027671542654459702
      },
      {
        "date": "2026-06-08",
        "value": -0.025470023194608782
      },
      {
        "date": "2026-06-09",
        "value": -0.02833070775180091
      },
      {
        "date": "2026-06-10",
        "value": -0.04364962071587053
      },
      {
        "date": "2026-06-11",
        "value": -0.027394678792744487
      },
      {
        "date": "2026-06-12",
        "value": -0.022134588105308994
      },
      {
        "date": "2026-06-15",
        "value": -0.0048909388718152425
      },
      {
        "date": "2026-06-16",
        "value": -0.010823344076597685
      },
      {
        "date": "2026-06-17",
        "value": -0.023176054438276084
      },
      {
        "date": "2026-06-18",
        "value": -0.013020023259145863
      },
      {
        "date": "2026-06-22",
        "value": -0.016126029204297176
      },
      {
        "date": "2026-06-23",
        "value": -0.030413801760312054
      },
      {
        "date": "2026-06-24",
        "value": -0.03086322150786902
      },
      {
        "date": "2026-06-25",
        "value": -0.029462203242598517
      },
      {
        "date": "2026-06-26",
        "value": -0.03648052466024476
      },
      {
        "date": "2026-06-29",
        "value": -0.02060667390341908
      },
      {
        "date": "2026-06-30",
        "value": -0.012398773667342544
      }
    ],
    "IWM": [
      {
        "date": "2026-06-01",
        "value": 0.0
      },
      {
        "date": "2026-06-02",
        "value": 0.009273902616242058
      },
      {
        "date": "2026-06-03",
        "value": -0.004533265755123028
      },
      {
        "date": "2026-06-04",
        "value": 0.010485102307313143
      },
      {
        "date": "2026-06-05",
        "value": -0.025365222965751943
      },
      {
        "date": "2026-06-08",
        "value": -0.016852527916236926
      },
      {
        "date": "2026-06-09",
        "value": -0.013703535746163342
      },
      {
        "date": "2026-06-10",
        "value": -0.023981055236295123
      },
      {
        "date": "2026-06-11",
        "value": 0.00494832553389335
      },
      {
        "date": "2026-06-12",
        "value": 0.01373793881377372
      },
      {
        "date": "2026-06-15",
        "value": 0.022010765090349826
      },
      {
        "date": "2026-06-16",
        "value": 0.013130856989941098
      },
      {
        "date": "2026-06-17",
        "value": 0.005499833171586088
      },
      {
        "date": "2026-06-18",
        "value": 0.025305943833869415
      },
      {
        "date": "2026-06-22",
        "value": 0.03428980212625787
      },
      {
        "date": "2026-06-23",
        "value": 0.02436943940571834
      },
      {
        "date": "2026-06-24",
        "value": 0.0291215086708434
      },
      {
        "date": "2026-06-25",
        "value": 0.036821973757975135
      },
      {
        "date": "2026-06-26",
        "value": 0.04001309645392226
      },
      {
        "date": "2026-06-29",
        "value": 0.03703008585311984
      },
      {
        "date": "2026-06-30",
        "value": 0.042579988720027995
      }
    ]
  },
  "holdings": [
    {
      "ticker": "GRPN",
      "company": "Groupon, Inc.",
      "sector": "Communication Services",
      "country": "United States",
      "shares": 11310.0,
      "price": 23.55500030517578,
      "cost_basis": 17.3017824933687,
      "market_value": 266407.0534515381,
      "unrealized_pnl": 70723.89345153807,
      "short_percent_of_float": 0.5577,
      "short_ratio": 7.12
    },
    {
      "ticker": "TENB",
      "company": "Tenable Holdings, Inc.",
      "sector": "Technology",
      "country": "United States",
      "shares": 4766.0,
      "price": 37.0099983215332,
      "cost_basis": 26.224616030214015,
      "market_value": 176389.65200042725,
      "unrealized_pnl": 51403.13200042725,
      "short_percent_of_float": 0.1225,
      "short_ratio": 3.03
    },
    {
      "ticker": "KSPI",
      "company": "Joint Stock Company Kaspi.kz",
      "sector": "Technology",
      "country": "Kazakhstan",
      "shares": 1515.0,
      "price": 86.38999938964844,
      "cost_basis": 82.53049504950495,
      "market_value": 130880.84907531738,
      "unrealized_pnl": 5847.149075317384,
      "short_percent_of_float": 0.019199999,
      "short_ratio": 3.76
    },
    {
      "ticker": "CMI",
      "company": "Cummins Inc.",
      "sector": "Industrials",
      "country": "United States",
      "shares": 153.0,
      "price": 708.8099975585938,
      "cost_basis": 651.1282352941176,
      "market_value": 108447.92962646484,
      "unrealized_pnl": 8825.309626464845,
      "short_percent_of_float": 0.0214,
      "short_ratio": 2.63
    },
    {
      "ticker": "JAKK",
      "company": "JAKKS Pacific, Inc.",
      "sector": "Consumer Cyclical",
      "country": "United States",
      "shares": 3436.0,
      "price": 23.31999969482422,
      "cost_basis": 21.83,
      "market_value": 80127.51895141602,
      "unrealized_pnl": 5119.638951416022,
      "short_percent_of_float": 0.0436,
      "short_ratio": 10.5
    },
    {
      "ticker": "VIA",
      "company": "Via Transportation, Inc.",
      "sector": "Technology",
      "country": "United States",
      "shares": 3280.0,
      "price": 18.530000686645508,
      "cost_basis": 15.241405487804878,
      "market_value": 60778.402252197266,
      "unrealized_pnl": 10786.592252197266,
      "short_percent_of_float": 0.16370001,
      "short_ratio": 7.41
    },
    {
      "ticker": "XNET",
      "company": "Xunlei Limited",
      "sector": "Technology",
      "country": "China",
      "shares": 10526.0,
      "price": 5.610000133514404,
      "cost_basis": 4.75,
      "market_value": 59050.86140537262,
      "unrealized_pnl": 9052.36140537262,
      "short_percent_of_float": 0.0537,
      "short_ratio": 5.2
    },
    {
      "ticker": "ZS",
      "company": "Zscaler, Inc.",
      "sector": "Technology",
      "country": "United States",
      "shares": 365.0,
      "price": 140.72000122070312,
      "cost_basis": 136.79813698630136,
      "market_value": 51362.80044555664,
      "unrealized_pnl": 1431.4804455566448,
      "short_percent_of_float": 0.1129,
      "short_ratio": 1.62
    },
    {
      "ticker": "CRWV",
      "company": "CoreWeave, Inc.",
      "sector": "Technology",
      "country": "United States",
      "shares": 468.0,
      "price": 97.72139739990234,
      "cost_basis": 106.78134615384614,
      "market_value": 45733.6139831543,
      "unrealized_pnl": -4240.056016845699,
      "short_percent_of_float": 0.2299,
      "short_ratio": 2.46
    },
    {
      "ticker": "ESI",
      "company": "Element Solutions Inc",
      "sector": "Basic Materials",
      "country": "United States",
      "shares": 557.0,
      "price": 47.560001373291016,
      "cost_basis": 44.92,
      "market_value": 26490.920764923096,
      "unrealized_pnl": 1470.4807649230947,
      "short_percent_of_float": 0.087,
      "short_ratio": 5.6
    },
    {
      "ticker": "GENC",
      "company": "Gencor Industries, Inc.",
      "sector": "Industrials",
      "country": "United States",
      "shares": 1746.0,
      "price": 15.029999732971191,
      "cost_basis": 14.32,
      "market_value": 26242.3795337677,
      "unrealized_pnl": 1239.6595337676997,
      "short_percent_of_float": 0.006,
      "short_ratio": 1.66
    },
    {
      "ticker": "OPEN",
      "company": "Opendoor Technologies Inc.",
      "sector": "Real Estate",
      "country": "United States",
      "shares": 5479.0,
      "price": 4.704999923706055,
      "cost_basis": 4.562927541522176,
      "market_value": 25778.694581985474,
      "unrealized_pnl": 778.4145819854729,
      "short_percent_of_float": 0.17889999,
      "short_ratio": 4.06
    },
    {
      "ticker": "VST",
      "company": "Vistra Corp.",
      "sector": "Utilities",
      "country": "United States",
      "shares": 162.0,
      "price": 158.38499450683594,
      "cost_basis": 154.76,
      "market_value": 25658.369110107422,
      "unrealized_pnl": 587.2491101074233,
      "short_percent_of_float": 0.052699998,
      "short_ratio": 3.04
    },
    {
      "ticker": "PYPL",
      "company": "PayPal Holdings, Inc.",
      "sector": "Financial Services",
      "country": "United States",
      "shares": 553.0,
      "price": 43.1349983215332,
      "cost_basis": 45.19,
      "market_value": 23853.65407180786,
      "unrealized_pnl": -1136.4159281921375,
      "short_percent_of_float": 0.0687,
      "short_ratio": 3.63
    },
    {
      "ticker": "CEG",
      "company": "Constellation Energy Corporation",
      "sector": "Utilities",
      "country": "United States",
      "shares": 94.0,
      "price": 249.16990661621094,
      "cost_basis": 265.7,
      "market_value": 23421.971221923828,
      "unrealized_pnl": -1553.8287780761707,
      "short_percent_of_float": 0.0356,
      "short_ratio": 2.75
    },
    {
      "ticker": "ZTS",
      "company": "Zoetis Inc.",
      "sector": "Healthcare",
      "country": "United States",
      "shares": 312.0,
      "price": 72.30999755859375,
      "cost_basis": 80.09,
      "market_value": 22560.71923828125,
      "unrealized_pnl": -2427.360761718751,
      "short_percent_of_float": 0.0434,
      "short_ratio": 2.25
    }
  ],
  "sector_exposure": [
    {
      "name": "Technology",
      "value": 524196.17916202545,
      "pct": 0.45270981382314956
    },
    {
      "name": "Communication Services",
      "value": 266407.0534515381,
      "pct": 0.2300762431386236
    },
    {
      "name": "Industrials",
      "value": 134690.30916023254,
      "pct": 0.11632214656960363
    },
    {
      "name": "Consumer Cyclical",
      "value": 80127.51895141602,
      "pct": 0.06920026438306837
    },
    {
      "name": "Utilities",
      "value": 49080.34033203125,
      "pct": 0.04238709211808829
    },
    {
      "name": "Basic Materials",
      "value": 26490.920764923096,
      "pct": 0.022878266351852368
    },
    {
      "name": "Real Estate",
      "value": 25778.694581985474,
      "pct": 0.02226316880727831
    },
    {
      "name": "Financial Services",
      "value": 23853.65407180786,
      "pct": 0.020600652433432027
    },
    {
      "name": "Healthcare",
      "value": 22560.71923828125,
      "pct": 0.01948403939610125
    },
    {
      "name": "Cash",
      "value": 4722.310000000056,
      "pct": 0.004078312978802602
    }
  ],
  "geographic_exposure": [
    {
      "name": "United States",
      "value": 963253.679233551,
      "pct": 0.8318915915934159
    },
    {
      "name": "Kazakhstan",
      "value": 130880.84907531738,
      "pct": 0.11303219514613931
    },
    {
      "name": "China",
      "value": 59050.86140537262,
      "pct": 0.05099790028164224
    },
    {
      "name": "Cash",
      "value": 4722.310000000056,
      "pct": 0.004078312978802602
    }
  ],
  "signals": [
    {
      "ticker": "CEG",
      "label": "SELL",
      "composite": -1.0,
      "rsi": 37.2,
      "subs": {
        "rsi": 0.0,
        "macd": 0.5,
        "trend": -0.5,
        "bb": -0.5,
        "vol": 0.0,
        "range": -0.5
      }
    },
    {
      "ticker": "CMI",
      "label": "STRONG BUY",
      "composite": 3.0,
      "rsi": 55.6,
      "subs": {
        "rsi": 0.5,
        "macd": 0.5,
        "trend": 0.5,
        "bb": 0.5,
        "vol": 0.5,
        "range": 0.5
      }
    },
    {
      "ticker": "CRWV",
      "label": "SELL",
      "composite": -1.5,
      "rsi": 43.2,
      "subs": {
        "rsi": 0.0,
        "macd": -0.5,
        "trend": 0.0,
        "bb": -0.5,
        "vol": 0.0,
        "range": -0.5
      }
    },
    {
      "ticker": "ESI",
      "label": "STRONG BUY",
      "composite": 3.0,
      "rsi": 60.1,
      "subs": {
        "rsi": 0.5,
        "macd": 0.5,
        "trend": 0.5,
        "bb": 0.5,
        "vol": 0.5,
        "range": 0.5
      }
    },
    {
      "ticker": "GENC",
      "label": "STRONG BUY",
      "composite": 2.5,
      "rsi": 54.1,
      "subs": {
        "rsi": 0.5,
        "macd": 0.5,
        "trend": 0.5,
        "bb": 0.5,
        "vol": 0.5,
        "range": 0.0
      }
    },
    {
      "ticker": "GRPN",
      "label": "STRONG BUY",
      "composite": 2.0,
      "rsi": 71.4,
      "subs": {
        "rsi": 0.0,
        "macd": 0.5,
        "trend": 0.5,
        "bb": 0.0,
        "vol": 0.5,
        "range": 0.5
      }
    },
    {
      "ticker": "JAKK",
      "label": "STRONG BUY",
      "composite": 3.0,
      "rsi": 60.7,
      "subs": {
        "rsi": 0.5,
        "macd": 0.5,
        "trend": 0.5,
        "bb": 0.5,
        "vol": 0.5,
        "range": 0.5
      }
    },
    {
      "ticker": "KSPI",
      "label": "STRONG BUY",
      "composite": 2.0,
      "rsi": 52.9,
      "subs": {
        "rsi": 0.5,
        "macd": 0.5,
        "trend": 0.0,
        "bb": 0.5,
        "vol": 0.0,
        "range": 0.5
      }
    },
    {
      "ticker": "OPEN",
      "label": "BUY",
      "composite": 1.5,
      "rsi": 53.6,
      "subs": {
        "rsi": 0.5,
        "macd": 0.5,
        "trend": -0.5,
        "bb": 0.5,
        "vol": 0.5,
        "range": 0.0
      }
    },
    {
      "ticker": "PYPL",
      "label": "BUY",
      "composite": 1.0,
      "rsi": 49.2,
      "subs": {
        "rsi": 0.5,
        "macd": 0.5,
        "trend": -0.5,
        "bb": 0.5,
        "vol": 0.0,
        "range": 0.0
      }
    },
    {
      "ticker": "TENB",
      "label": "BUY",
      "composite": 1.0,
      "rsi": 81.0,
      "subs": {
        "rsi": -0.5,
        "macd": 0.5,
        "trend": 0.5,
        "bb": 0.0,
        "vol": 0.0,
        "range": 0.5
      }
    },
    {
      "ticker": "VIA",
      "label": "STRONG BUY",
      "composite": 2.0,
      "rsi": 69.3,
      "subs": {
        "rsi": 0.5,
        "macd": 0.5,
        "trend": 0.0,
        "bb": 0.0,
        "vol": 0.5,
        "range": 0.5
      }
    },
    {
      "ticker": "VST",
      "label": "BUY",
      "composite": 1.5,
      "rsi": 51.4,
      "subs": {
        "rsi": 0.5,
        "macd": 0.5,
        "trend": 0.0,
        "bb": 0.5,
        "vol": 0.0,
        "range": 0.0
      }
    },
    {
      "ticker": "XNET",
      "label": "BUY",
      "composite": 1.5,
      "rsi": 56.1,
      "subs": {
        "rsi": 0.5,
        "macd": 0.5,
        "trend": -0.5,
        "bb": 0.5,
        "vol": 0.0,
        "range": 0.5
      }
    },
    {
      "ticker": "ZS",
      "label": "BUY",
      "composite": 1.0,
      "rsi": 54.9,
      "subs": {
        "rsi": 0.5,
        "macd": 0.5,
        "trend": -0.5,
        "bb": 0.5,
        "vol": -0.5,
        "range": 0.5
      }
    },
    {
      "ticker": "ZTS",
      "label": "LEAN BEAR",
      "composite": -0.5,
      "rsi": 30.0,
      "subs": {
        "rsi": 0.0,
        "macd": 0.5,
        "trend": -0.5,
        "bb": 0.0,
        "vol": 0.0,
        "range": -0.5
      }
    }
  ],
  "volatility": [
    {
      "ticker": "CEG",
      "hv20": 0.3675597702520413,
      "garch": 0.5208402364560477,
      "expansion": 0.41702187945895086,
      "regime": "LOW",
      "signal": "SIGNAL"
    },
    {
      "ticker": "CMI",
      "hv20": 0.5117343756949853,
      "garch": 0.39457184632252584,
      "expansion": -0.2289518448185961,
      "regime": "EXTREME",
      "signal": "WEAK"
    },
    {
      "ticker": "CRWV",
      "hv20": 0.7127160513636303,
      "garch": 0.8999875251740728,
      "expansion": 0.26275748027863055,
      "regime": "LOW",
      "signal": "SIGNAL"
    },
    {
      "ticker": "ESI",
      "hv20": 0.6017767410030518,
      "garch": 0.5385921793582121,
      "expansion": -0.10499668288861172,
      "regime": "EXTREME",
      "signal": "WEAK"
    },
    {
      "ticker": "GENC",
      "hv20": 0.31557837689456847,
      "garch": 0.3461891551143594,
      "expansion": 0.09699897223952597,
      "regime": "LOW",
      "signal": "WEAK"
    },
    {
      "ticker": "GRPN",
      "hv20": 1.0985611289058916,
      "garch": 0.8090840769999289,
      "expansion": -0.2635056386841818,
      "regime": "EXTREME",
      "signal": "WEAK"
    },
    {
      "ticker": "JAKK",
      "hv20": 0.23084691872206778,
      "garch": 0.4650443021238013,
      "expansion": 1.014513794241714,
      "regime": "LOW",
      "signal": "SIGNAL"
    },
    {
      "ticker": "KSPI",
      "hv20": 0.37877378346257456,
      "garch": 0.35380436376303714,
      "expansion": -0.06592172106337071,
      "regime": "HIGH",
      "signal": "WEAK"
    },
    {
      "ticker": "OPEN",
      "hv20": 0.7109651289206995,
      "garch": 0.6870127114210364,
      "expansion": -0.03369000324393516,
      "regime": "LOW",
      "signal": "WEAK"
    },
    {
      "ticker": "PYPL",
      "hv20": 0.3635362762576297,
      "garch": 0.417565068446915,
      "expansion": 0.1486200847559883,
      "regime": "NORMAL",
      "signal": "BASE"
    },
    {
      "ticker": "TENB",
      "hv20": 0.7268882398275069,
      "garch": 0.9143737103241241,
      "expansion": 0.25792888125567703,
      "regime": "EXTREME",
      "signal": "SIGNAL"
    },
    {
      "ticker": "VIA",
      "hv20": 0.7281031167135594,
      "garch": null,
      "expansion": null,
      "regime": "NORMAL",
      "signal": "WEAK"
    },
    {
      "ticker": "VST",
      "hv20": 0.451678159974206,
      "garch": 0.5436345328094699,
      "expansion": 0.2035882647957016,
      "regime": "NORMAL",
      "signal": "SIGNAL"
    },
    {
      "ticker": "XNET",
      "hv20": 0.7685050556282509,
      "garch": 0.6948467423749535,
      "expansion": -0.09584623121715437,
      "regime": "HIGH",
      "signal": "WEAK"
    },
    {
      "ticker": "ZS",
      "hv20": 0.5415517645603333,
      "garch": 0.6236042427769982,
      "expansion": 0.15151363837449677,
      "regime": "NORMAL",
      "signal": "BASE"
    },
    {
      "ticker": "ZTS",
      "hv20": 0.33278242530371993,
      "garch": 0.3266061991878456,
      "expansion": -0.0185593518354747,
      "regime": "HIGH",
      "signal": "WEAK"
    }
  ],
  "correlation": {
    "tickers": [
      "CEG",
      "CMI",
      "CRWV",
      "ESI",
      "GENC",
      "GRPN",
      "JAKK",
      "KSPI",
      "OPEN",
      "PYPL",
      "TENB",
      "VIA",
      "VST",
      "XNET",
      "ZS",
      "ZTS"
    ],
    "matrix": [
      [
        1.0,
        0.321,
        0.23,
        0.295,
        0.148,
        0.082,
        0.089,
        0.061,
        0.181,
        0.139,
        0.016,
        -0.006,
        0.797,
        0.237,
        0.032,
        0.125
      ],
      [
        0.321,
        1.0,
        0.367,
        0.631,
        0.316,
        0.221,
        0.114,
        0.224,
        0.178,
        0.052,
        -0.083,
        -0.032,
        0.36,
        0.283,
        -0.076,
        0.178
      ],
      [
        0.23,
        0.367,
        1.0,
        0.341,
        0.116,
        0.131,
        0.046,
        0.12,
        0.244,
        0.139,
        0.099,
        0.197,
        0.314,
        0.361,
        0.174,
        0.081
      ],
      [
        0.295,
        0.631,
        0.341,
        1.0,
        0.256,
        0.312,
        0.224,
        0.29,
        0.261,
        0.263,
        0.077,
        0.028,
        0.37,
        0.332,
        0.027,
        0.167
      ],
      [
        0.148,
        0.316,
        0.116,
        0.256,
        1.0,
        0.134,
        0.321,
        0.147,
        0.128,
        0.108,
        0.159,
        0.079,
        0.164,
        0.166,
        0.06,
        0.156
      ],
      [
        0.082,
        0.221,
        0.131,
        0.312,
        0.134,
        1.0,
        0.159,
        0.335,
        0.29,
        0.253,
        0.215,
        0.168,
        0.145,
        0.238,
        0.13,
        0.147
      ],
      [
        0.089,
        0.114,
        0.046,
        0.224,
        0.321,
        0.159,
        1.0,
        0.11,
        0.138,
        0.224,
        -0.029,
        0.156,
        0.06,
        0.2,
        -0.041,
        0.145
      ],
      [
        0.061,
        0.224,
        0.12,
        0.29,
        0.147,
        0.335,
        0.11,
        1.0,
        0.24,
        0.268,
        0.232,
        0.14,
        0.111,
        0.21,
        0.151,
        0.182
      ],
      [
        0.181,
        0.178,
        0.244,
        0.261,
        0.128,
        0.29,
        0.138,
        0.24,
        1.0,
        0.247,
        0.139,
        0.161,
        0.249,
        0.351,
        0.072,
        0.161
      ],
      [
        0.139,
        0.052,
        0.139,
        0.263,
        0.108,
        0.253,
        0.224,
        0.268,
        0.247,
        1.0,
        0.335,
        0.166,
        0.083,
        0.345,
        0.213,
        0.168
      ],
      [
        0.016,
        -0.083,
        0.099,
        0.077,
        0.159,
        0.215,
        -0.029,
        0.232,
        0.139,
        0.335,
        1.0,
        0.369,
        0.033,
        0.176,
        0.563,
        0.057
      ],
      [
        -0.006,
        -0.032,
        0.197,
        0.028,
        0.079,
        0.168,
        0.156,
        0.14,
        0.161,
        0.166,
        0.369,
        1.0,
        0.044,
        0.185,
        0.384,
        0.001
      ],
      [
        0.797,
        0.36,
        0.314,
        0.37,
        0.164,
        0.145,
        0.06,
        0.111,
        0.249,
        0.083,
        0.033,
        0.044,
        1.0,
        0.267,
        0.057,
        0.091
      ],
      [
        0.237,
        0.283,
        0.361,
        0.332,
        0.166,
        0.238,
        0.2,
        0.21,
        0.351,
        0.345,
        0.176,
        0.185,
        0.267,
        1.0,
        0.227,
        0.034
      ],
      [
        0.032,
        -0.076,
        0.174,
        0.027,
        0.06,
        0.13,
        -0.041,
        0.151,
        0.072,
        0.213,
        0.563,
        0.384,
        0.057,
        0.227,
        1.0,
        -0.045
      ],
      [
        0.125,
        0.178,
        0.081,
        0.167,
        0.156,
        0.147,
        0.145,
        0.182,
        0.161,
        0.168,
        0.057,
        0.001,
        0.091,
        0.034,
        -0.045,
        1.0
      ]
    ]
  },
  "residual_correlation": {
    "tickers": [
      "CEG",
      "CMI",
      "CRWV",
      "ESI",
      "GENC",
      "GRPN",
      "JAKK",
      "KSPI",
      "OPEN",
      "PYPL",
      "TENB",
      "VIA",
      "VST",
      "XNET",
      "ZS",
      "ZTS"
    ],
    "matrix": [
      [
        1.0,
        0.043,
        0.012,
        -0.042,
        0.028,
        -0.078,
        -0.014,
        -0.121,
        0.026,
        0.054,
        -0.051,
        -0.097,
        0.731,
        0.096,
        0.004,
        0.068
      ],
      [
        0.043,
        1.0,
        0.114,
        0.25,
        0.068,
        -0.037,
        -0.138,
        -0.013,
        -0.065,
        -0.1,
        -0.263,
        -0.158,
        0.025,
        -0.009,
        -0.151,
        0.08
      ],
      [
        0.012,
        0.114,
        1.0,
        0.031,
        0.016,
        -0.071,
        -0.045,
        -0.102,
        0.042,
        -0.032,
        -0.019,
        0.083,
        0.083,
        0.143,
        0.107,
        0.032
      ],
      [
        -0.042,
        0.25,
        0.031,
        1.0,
        -0.069,
        0.05,
        0.001,
        0.01,
        -0.007,
        0.128,
        -0.092,
        -0.126,
        -0.003,
        0.019,
        -0.053,
        -0.017
      ],
      [
        0.028,
        0.068,
        0.016,
        -0.069,
        1.0,
        -0.047,
        0.057,
        -0.083,
        -0.076,
        -0.003,
        0.104,
        0.0,
        0.027,
        -0.054,
        0.011,
        -0.043
      ],
      [
        -0.078,
        -0.037,
        -0.071,
        0.05,
        -0.047,
        1.0,
        0.041,
        0.2,
        0.125,
        0.127,
        0.108,
        0.084,
        -0.03,
        0.046,
        0.057,
        0.029
      ],
      [
        -0.014,
        -0.138,
        -0.045,
        0.001,
        0.057,
        0.041,
        1.0,
        -0.083,
        -0.031,
        0.118,
        -0.151,
        0.08,
        -0.054,
        0.023,
        -0.119,
        -0.026
      ],
      [
        -0.121,
        -0.013,
        -0.102,
        0.01,
        -0.083,
        0.2,
        -0.083,
        1.0,
        0.057,
        0.103,
        0.133,
        0.026,
        -0.09,
        -0.005,
        0.063,
        0.042
      ],
      [
        0.026,
        -0.065,
        0.042,
        -0.007,
        -0.076,
        0.125,
        -0.031,
        0.057,
        1.0,
        0.064,
        0.001,
        0.038,
        0.104,
        0.157,
        -0.04,
        0.026
      ],
      [
        0.054,
        -0.1,
        -0.032,
        0.128,
        -0.003,
        0.127,
        0.118,
        0.103,
        0.064,
        1.0,
        0.194,
        0.024,
        -0.018,
        0.198,
        0.071,
        0.021
      ],
      [
        -0.051,
        -0.263,
        -0.019,
        -0.092,
        0.104,
        0.108,
        -0.151,
        0.133,
        0.001,
        0.194,
        1.0,
        0.306,
        -0.028,
        0.025,
        0.519,
        -0.05
      ],
      [
        -0.097,
        -0.158,
        0.083,
        -0.126,
        0.0,
        0.084,
        0.08,
        0.026,
        0.038,
        0.024,
        0.306,
        1.0,
        -0.04,
        0.056,
        0.328,
        -0.087
      ],
      [
        0.731,
        0.025,
        0.083,
        -0.003,
        0.027,
        -0.03,
        -0.054,
        -0.09,
        0.104,
        -0.018,
        -0.028,
        -0.04,
        1.0,
        0.11,
        0.042,
        0.019
      ],
      [
        0.096,
        -0.009,
        0.143,
        0.019,
        -0.054,
        0.046,
        0.023,
        -0.005,
        0.157,
        0.198,
        0.025,
        0.056,
        0.11,
        1.0,
        0.144,
        -0.116
      ],
      [
        0.004,
        -0.151,
        0.107,
        -0.053,
        0.011,
        0.057,
        -0.119,
        0.063,
        -0.04,
        0.071,
        0.519,
        0.328,
        0.042,
        0.144,
        1.0,
        -0.131
      ],
      [
        0.068,
        0.08,
        0.032,
        -0.017,
        -0.043,
        0.029,
        -0.026,
        0.042,
        0.026,
        0.021,
        -0.05,
        -0.087,
        0.019,
        -0.116,
        -0.131,
        1.0
      ]
    ]
  },
  "factor_correlation": {
    "factors": [
      "Market",
      "Size",
      "Value (SMID)",
      "Momentum",
      "Quality",
      "Profitability",
      "Liquidity",
      "Credit"
    ],
    "matrix": [
      [
        1.0,
        0.284,
        -0.508,
        0.416,
        -0.251,
        -0.553,
        0.313,
        0.194
      ],
      [
        0.284,
        1.0,
        -0.125,
        0.191,
        0.164,
        0.187,
        0.276,
        0.03
      ],
      [
        -0.508,
        -0.125,
        1.0,
        -0.568,
        0.321,
        0.615,
        -0.354,
        -0.152
      ],
      [
        0.416,
        0.191,
        -0.568,
        1.0,
        -0.254,
        -0.574,
        0.249,
        0.062
      ],
      [
        -0.251,
        0.164,
        0.321,
        -0.254,
        1.0,
        0.437,
        -0.191,
        -0.121
      ],
      [
        -0.553,
        0.187,
        0.615,
        -0.574,
        0.437,
        1.0,
        -0.277,
        -0.127
      ],
      [
        0.313,
        0.276,
        -0.354,
        0.249,
        -0.191,
        -0.277,
        1.0,
        0.165
      ],
      [
        0.194,
        0.03,
        -0.152,
        0.062,
        -0.121,
        -0.127,
        0.165,
        1.0
      ]
    ]
  },
  "factor_exposures": [
    {
      "ticker": "CEG",
      "r_squared": 0.22871273804056336,
      "alpha_annual": -0.47818593737567344,
      "idio_vol_annual": 0.4109389680407648,
      "Market": 0.6617425601474055,
      "Size": 0.49760195779215183,
      "Value (SMID)": -0.5211218820522934,
      "Momentum": 0.38610472331788903,
      "Quality": -1.0794425307851343,
      "Profitability": -0.5377699714882755,
      "Liquidity": -0.45312644706556704,
      "Credit": -1.0444396229216413
    },
    {
      "ticker": "CMI",
      "r_squared": 0.49211950090976064,
      "alpha_annual": 0.33532082015296344,
      "idio_vol_annual": 0.2478868148516535,
      "Market": 1.1277133976623739,
      "Size": 0.806114518219109,
      "Value (SMID)": 0.40224910859736684,
      "Momentum": 0.7984360140531398,
      "Quality": -0.20517179092225443,
      "Profitability": -0.18201721299135537,
      "Liquidity": -0.4289195908131882,
      "Credit": 0.8653353802150732
    },
    {
      "ticker": "CRWV",
      "r_squared": 0.2693156878733173,
      "alpha_annual": -0.9103738370522609,
      "idio_vol_annual": 0.8024676721766104,
      "Market": 1.0274033100469384,
      "Size": 0.766130720573575,
      "Value (SMID)": -1.9895960062677667,
      "Momentum": 0.3064350013762986,
      "Quality": -3.838705605096443,
      "Profitability": -0.28076540584369025,
      "Liquidity": 0.4915736726169623,
      "Credit": 1.8828559678206624
    },
    {
      "ticker": "ESI",
      "r_squared": 0.5276459797598005,
      "alpha_annual": 0.24895099253230635,
      "idio_vol_annual": 0.2870012949576599,
      "Market": 1.676121931695459,
      "Size": 0.9590926118503804,
      "Value (SMID)": -0.175039063874994,
      "Momentum": 0.7439466531803943,
      "Quality": 0.26687737520108856,
      "Profitability": 0.2582307692000337,
      "Liquidity": -0.7276173134159709,
      "Credit": 0.2336672644484458
    },
    {
      "ticker": "GENC",
      "r_squared": 0.3269261489778368,
      "alpha_annual": -0.46286744503592253,
      "idio_vol_annual": 0.32033966777523,
      "Market": 1.262094353640155,
      "Size": 1.227424833207452,
      "Value (SMID)": 1.1624463809419918,
      "Momentum": -0.06667535292229498,
      "Quality": -0.6627944465338429,
      "Profitability": 0.046466967104217605,
      "Liquidity": -0.11115765688396984,
      "Credit": 0.6643297044051247
    },
    {
      "ticker": "GRPN",
      "r_squared": 0.1590832652096449,
      "alpha_annual": -0.7938578719411642,
      "idio_vol_annual": 0.6652588355891095,
      "Market": 1.9885041259886664,
      "Size": 0.28100419056219506,
      "Value (SMID)": -0.752069930473671,
      "Momentum": 0.40569356412888546,
      "Quality": -1.720500415037314,
      "Profitability": 1.723901940339951,
      "Liquidity": 0.06324419356722455,
      "Credit": 1.0239473073214447
    },
    {
      "ticker": "JAKK",
      "r_squared": 0.2712310548821474,
      "alpha_annual": -0.23488064766938532,
      "idio_vol_annual": 0.3526165145553388,
      "Market": 1.2371411772768577,
      "Size": 1.0937714902836047,
      "Value (SMID)": 0.8656498875987191,
      "Momentum": -0.3071633718939385,
      "Quality": 1.1459188569628065,
      "Profitability": -0.31190896352809905,
      "Liquidity": 0.23302528008257156,
      "Credit": -0.565017086132673
    },
    {
      "ticker": "KSPI",
      "r_squared": 0.21010303514940232,
      "alpha_annual": -0.17944106146891828,
      "idio_vol_annual": 0.3232260264723569,
      "Market": 1.1387990245885387,
      "Size": 0.5542205842601218,
      "Value (SMID)": -0.3067575987524975,
      "Momentum": -0.46451442510922714,
      "Quality": -0.06830596730214042,
      "Profitability": 0.11113714127978608,
      "Liquidity": -0.13244089640637408,
      "Credit": 0.4593670014783607
    },
    {
      "ticker": "OPEN",
      "r_squared": 0.12020818039391346,
      "alpha_annual": 1.5514420919106917,
      "idio_vol_annual": 1.342232480696111,
      "Market": 3.04732289577826,
      "Size": 1.177473223184039,
      "Value (SMID)": -1.5484707530133934,
      "Momentum": -1.6883043196351382,
      "Quality": 0.8241546540572371,
      "Profitability": 0.8601616704349233,
      "Liquidity": 1.6883538320495182,
      "Credit": -2.8619979948622296
    },
    {
      "ticker": "PYPL",
      "r_squared": 0.2918636276859887,
      "alpha_annual": -0.6631094213272585,
      "idio_vol_annual": 0.34041060406788193,
      "Market": 1.784703247948224,
      "Size": -0.2798196630664379,
      "Value (SMID)": -0.9375658609634071,
      "Momentum": -0.8752134609128873,
      "Quality": 1.2770406904204308,
      "Profitability": 0.7569374948070065,
      "Liquidity": 0.3075155898849088,
      "Credit": -0.14434399157179342
    },
    {
      "ticker": "TENB",
      "r_squared": 0.15140143314305143,
      "alpha_annual": -0.05463829382000043,
      "idio_vol_annual": 0.43942026150185814,
      "Market": 1.6410889526577495,
      "Size": -0.4410385785214188,
      "Value (SMID)": -0.7389146452202878,
      "Momentum": -0.3415045818518433,
      "Quality": 0.9342908039760607,
      "Profitability": 1.2444626047666505,
      "Liquidity": 0.4883881429223197,
      "Credit": -0.09837442311698784
    },
    {
      "ticker": "VIA",
      "r_squared": 0.11489055913879342,
      "alpha_annual": -1.302035630011859,
      "idio_vol_annual": 0.68916046697296,
      "Market": 1.1412364962714792,
      "Size": 0.2571383492918503,
      "Value (SMID)": -1.1934017005686224,
      "Momentum": -1.0262967955488111,
      "Quality": -0.5177599031824582,
      "Profitability": 0.5591702358602684,
      "Liquidity": 1.1997184902855837,
      "Credit": -0.869690774990544
    },
    {
      "ticker": "VST",
      "r_squared": 0.2916368837641654,
      "alpha_annual": -0.4621587618972171,
      "idio_vol_annual": 0.41365156521833046,
      "Market": 0.5993778142506649,
      "Size": 0.8637496767819359,
      "Value (SMID)": -0.6805292864565349,
      "Momentum": 0.5312300004103943,
      "Quality": -1.860805094975727,
      "Profitability": -0.46405954070123684,
      "Liquidity": -0.7117672861459732,
      "Credit": -0.9697444486663557
    },
    {
      "ticker": "XNET",
      "r_squared": 0.17336193058622784,
      "alpha_annual": -0.11342098431624828,
      "idio_vol_annual": 0.6713540358215321,
      "Market": 1.7853807242929298,
      "Size": 0.23613145514913514,
      "Value (SMID)": -0.7222088420458965,
      "Momentum": -0.366230495928598,
