{
  "generated_at": "2026-07-01T22:56:18.773745Z",
  "market_session": "AFTER",
  "fund_name": "Convex Capital",
  "tagline": "Lose small. Win big. \u2014 Paper-traded portfolio. Hypothetical performance for educational purposes only.",
  "summary": {
    "nav": 1184606.79,
    "cash": 4722.310000000056,
    "equity": 1179884.48,
    "deposits": 1000000.0,
    "total_return": 0.18460679000000013,
    "realized_pnl": 0.0,
    "open_positions": 16
  },
  "metrics": {
    "period_return": 0.18474561096391673,
    "calendar_days_since_inception": 30,
    "trading_days_observed": 21,
    "annualized_return": 6.866329848137793,
    "annualized_return_arithmetic": 2.0850405807761043,
    "annualized_vol": 0.3004909053802249,
    "sharpe": 6.793081321379798,
    "sortino": 15.134754562932997,
    "calmar": 180.68467164086502,
    "max_drawdown": -0.038001728568240384,
    "var_95_1d": -0.014684647034823861,
    "risk_free_rate": 0.044749999046325685,
    "beta_benchmark": 0.8099823852976208,
    "benchmark_annualized_return": 0.2636729704174008,
    "benchmark_annualized_return_arithmetic": 0.2341312337435333,
    "benchmark_period_return": 0.03824414364519235,
    "period_active_return": 0.14650146731872438,
    "treynor": 2.5189320394666264,
    "jensens_alpha": 1.886895117519126,
    "information_ratio": 6.503063533314291,
    "tracking_error": 0.2478569461254782,
    "annualized_active_return": 3.9863121718850394,
    "annualized_active_return_arithmetic": 1.611829467827242,
    "up_capture": 1.5808979325786108,
    "down_capture": 0.3284547855865489,
    "data_basis": "realized_nav",
    "days_of_live_nav": 22,
    "benchmark_ticker": "IWM",
    "benchmark_name": "Russell 2000",
    "beta_spy": 0.8099823852976208,
    "beta_spy_stress": 1.53326666917659
  },
  "nav_curve": [
    {
      "date": "2026-06-01",
      "value": 999882.8292976379
    },
    {
      "date": "2026-06-02",
      "value": 1005079.4966617966
    },
    {
      "date": "2026-06-03",
      "value": 995768.7768651581
    },
    {
      "date": "2026-06-04",
      "value": 1004929.1794892884
    },
    {
      "date": "2026-06-05",
      "value": 974274.0015833282
    },
    {
      "date": "2026-06-08",
      "value": 974266.9881036186
    },
    {
      "date": "2026-06-09",
      "value": 979640.5088702394
    },
    {
      "date": "2026-06-10",
      "value": 966884.7384401513
    },
    {
      "date": "2026-06-11",
      "value": 990753.0886875344
    },
    {
      "date": "2026-06-12",
      "value": 996222.4282127572
    },
    {
      "date": "2026-06-15",
      "value": 1017018.2685251809
    },
    {
      "date": "2026-06-16",
      "value": 1019223.7061524964
    },
    {
      "date": "2026-06-17",
      "value": 1004256.765778122
    },
    {
      "date": "2026-06-18",
      "value": 1005956.2144795037
    },
    {
      "date": "2026-06-22",
      "value": 1013145.2704611397
    },
    {
      "date": "2026-06-23",
      "value": 1003670.4086042023
    },
    {
      "date": "2026-06-24",
      "value": 1028642.2278996087
    },
    {
      "date": "2026-06-25",
      "value": 1087855.2699132538
    },
    {
      "date": "2026-06-26",
      "value": 1108818.5221582032
    },
    {
      "date": "2026-06-29",
      "value": 1139434.688639698
    },
    {
      "date": "2026-06-30",
      "value": 1162782.1880345917
    },
    {
      "date": "2026-07-01",
      "value": 1184606.7934885598
    }
  ],
  "drawdown_curve": [
    {
      "date": "2026-06-01",
      "value": 0.0
    },
    {
      "date": "2026-06-02",
      "value": 0.0
    },
    {
      "date": "2026-06-03",
      "value": -0.009263665040986776
    },
    {
      "date": "2026-06-04",
      "value": -0.00014955749570802555
    },
    {
      "date": "2026-06-05",
      "value": -0.030649809473562682
    },
    {
      "date": "2026-06-08",
      "value": -0.03065678750836781
    },
    {
      "date": "2026-06-09",
      "value": -0.025310423579476604
    },
    {
      "date": "2026-06-10",
      "value": -0.038001728568240384
    },
    {
      "date": "2026-06-11",
      "value": -0.01425400480444075
    },
    {
      "date": "2026-06-12",
      "value": -0.008812306368259061
    },
    {
      "date": "2026-06-15",
      "value": 0.0
    },
    {
      "date": "2026-06-16",
      "value": 0.0
    },
    {
      "date": "2026-06-17",
      "value": -0.014684647034823809
    },
    {
      "date": "2026-06-18",
      "value": -0.01301725184854327
    },
    {
      "date": "2026-06-22",
      "value": -0.005963789553426265
    },
    {
      "date": "2026-06-23",
      "value": -0.015259944852545435
    },
    {
      "date": "2026-06-24",
      "value": 0.0
    },
    {
      "date": "2026-06-25",
      "value": 0.0
    },
    {
      "date": "2026-06-26",
      "value": 0.0
    },
    {
      "date": "2026-06-29",
      "value": 0.0
    },
    {
      "date": "2026-06-30",
      "value": 0.0
    },
    {
      "date": "2026-07-01",
      "value": 0.0
    }
  ],
  "benchmarks": {
    "SPY": [
      {
        "date": "2026-06-01",
        "value": 0.0
      },
      {
        "date": "2026-06-02",
        "value": 0.0013579397972762752
      },
      {
        "date": "2026-06-03",
        "value": -0.005668771434361286
      },
      {
        "date": "2026-06-04",
        "value": -0.0019115061781299625
      },
      {
        "date": "2026-06-05",
        "value": -0.027671542654459702
      },
      {
        "date": "2026-06-08",
        "value": -0.025470023194608782
      },
      {
        "date": "2026-06-09",
        "value": -0.02833070775180091
      },
      {
        "date": "2026-06-10",
        "value": -0.04364962071587053
      },
      {
        "date": "2026-06-11",
        "value": -0.027394678792744487
      },
      {
        "date": "2026-06-12",
        "value": -0.022134588105308994
      },
      {
        "date": "2026-06-15",
        "value": -0.0048909388718152425
      },
      {
        "date": "2026-06-16",
        "value": -0.010823344076597685
      },
      {
        "date": "2026-06-17",
        "value": -0.023176054438276084
      },
      {
        "date": "2026-06-18",
        "value": -0.013020023259145863
      },
      {
        "date": "2026-06-22",
        "value": -0.016126029204297176
      },
      {
        "date": "2026-06-23",
        "value": -0.030413801760312054
      },
      {
        "date": "2026-06-24",
        "value": -0.03086322150786902
      },
      {
        "date": "2026-06-25",
        "value": -0.029462203242598517
      },
      {
        "date": "2026-06-26",
        "value": -0.03648052466024476
      },
      {
        "date": "2026-06-29",
        "value": -0.02060667390341908
      },
      {
        "date": "2026-06-30",
        "value": -0.012980332985263576
      },
      {
        "date": "2026-07-01",
        "value": -0.014315281465351992
      }
    ],
    "IWM": [
      {
        "date": "2026-06-01",
        "value": 0.0
      },
      {
        "date": "2026-06-02",
        "value": 0.009273902616242058
      },
      {
        "date": "2026-06-03",
        "value": -0.004533265755123028
      },
      {
        "date": "2026-06-04",
        "value": 0.010485102307313143
      },
      {
        "date": "2026-06-05",
        "value": -0.025365222965751943
      },
      {
        "date": "2026-06-08",
        "value": -0.016852527916236926
      },
      {
        "date": "2026-06-09",
        "value": -0.013703535746163342
      },
      {
        "date": "2026-06-10",
        "value": -0.023981055236295123
      },
      {
        "date": "2026-06-11",
        "value": 0.00494832553389335
      },
      {
        "date": "2026-06-12",
        "value": 0.01373793881377372
      },
      {
        "date": "2026-06-15",
        "value": 0.022010765090349826
      },
      {
        "date": "2026-06-16",
        "value": 0.013130856989941098
      },
      {
        "date": "2026-06-17",
        "value": 0.005499833171586088
      },
      {
        "date": "2026-06-18",
        "value": 0.025305943833869415
      },
      {
        "date": "2026-06-22",
        "value": 0.03428980212625787
      },
      {
        "date": "2026-06-23",
        "value": 0.02436943940571834
      },
      {
        "date": "2026-06-24",
        "value": 0.0291215086708434
      },
      {
        "date": "2026-06-25",
        "value": 0.036821973757975135
      },
      {
        "date": "2026-06-26",
        "value": 0.04001309645392226
      },
      {
        "date": "2026-06-29",
        "value": 0.03703008585311984
      },
      {
        "date": "2026-06-30",
        "value": 0.04216376452973858
      },
      {
        "date": "2026-07-01",
        "value": 0.03824414364519235
      }
    ]
  },
  "holdings": [
    {
      "ticker": "GRPN",
      "company": "Groupon, Inc.",
      "sector": "Communication Services",
      "country": "United States",
      "shares": 11310.0,
      "price": 25.68,
      "cost_basis": 17.3017824933687,
      "market_value": 290440.8,
      "unrealized_pnl": 94757.63999999998,
      "short_percent_of_float": 0.5577,
      "short_ratio": 7.12
    },
    {
      "ticker": "TENB",
      "company": "Tenable Holdings, Inc.",
      "sector": "Technology",
      "country": "United States",
      "shares": 4766.0,
      "price": 37.9,
      "cost_basis": 26.224616030214015,
      "market_value": 180631.4,
      "unrealized_pnl": 55644.88,
      "short_percent_of_float": 0.1225,
      "short_ratio": 3.03
    },
    {
      "ticker": "KSPI",
      "company": "Joint Stock Company Kaspi.kz",
      "sector": "Technology",
      "country": "Kazakhstan",
      "shares": 1515.0,
      "price": 88.34,
      "cost_basis": 82.53049504950495,
      "market_value": 133835.1,
      "unrealized_pnl": 8801.400000000007,
      "short_percent_of_float": 0.019199999,
      "short_ratio": 3.76
    },
    {
      "ticker": "CMI",
      "company": "Cummins Inc.",
      "sector": "Industrials",
      "country": "United States",
      "shares": 153.0,
      "price": 682.32,
      "cost_basis": 651.1282352941176,
      "market_value": 104394.96,
      "unrealized_pnl": 4772.340000000008,
      "short_percent_of_float": 0.0214,
      "short_ratio": 2.63
    },
    {
      "ticker": "JAKK",
      "company": "JAKKS Pacific, Inc.",
      "sector": "Consumer Cyclical",
      "country": "United States",
      "shares": 3436.0,
      "price": 23.34,
      "cost_basis": 21.83,
      "market_value": 80196.24,
      "unrealized_pnl": 5188.360000000005,
      "short_percent_of_float": 0.0436,
      "short_ratio": 10.5
    },
    {
      "ticker": "VIA",
      "company": "Via Transportation, Inc.",
      "sector": "Technology",
      "country": "United States",
      "shares": 3280.0,
      "price": 18.96,
      "cost_basis": 15.241405487804878,
      "market_value": 62188.8,
      "unrealized_pnl": 12196.990000000003,
      "short_percent_of_float": 0.16370001,
      "short_ratio": 7.41
    },
    {
      "ticker": "XNET",
      "company": "Xunlei Limited",
      "sector": "Technology",
      "country": "China",
      "shares": 10526.0,
      "price": 5.84,
      "cost_basis": 4.75,
      "market_value": 61471.84,
      "unrealized_pnl": 11473.339999999998,
      "short_percent_of_float": 0.0537,
      "short_ratio": 5.2
    },
    {
      "ticker": "ZS",
      "company": "Zscaler, Inc.",
      "sector": "Technology",
      "country": "United States",
      "shares": 365.0,
      "price": 146.45,
      "cost_basis": 136.79813698630136,
      "market_value": 53454.24999999999,
      "unrealized_pnl": 3522.9300000000003,
      "short_percent_of_float": 0.1129,
      "short_ratio": 1.62
    },
    {
      "ticker": "CRWV",
      "company": "CoreWeave, Inc.",
      "sector": "Technology",
      "country": "United States",
      "shares": 468.0,
      "price": 85.685,
      "cost_basis": 106.78134615384614,
      "market_value": 40100.58,
      "unrealized_pnl": -9873.089999999995,
      "short_percent_of_float": 0.2299,
      "short_ratio": 2.46
    },
    {
      "ticker": "OPEN",
      "company": "Opendoor Technologies Inc.",
      "sector": "Real Estate",
      "country": "United States",
      "shares": 5479.0,
      "price": 4.94,
      "cost_basis": 4.562927541522176,
      "market_value": 27066.260000000002,
      "unrealized_pnl": 2065.9800000000014,
      "short_percent_of_float": 0.17889999,
      "short_ratio": 4.06
    },
    {
      "ticker": "GENC",
      "company": "Gencor Industries, Inc.",
      "sector": "Industrials",
      "country": "United States",
      "shares": 1746.0,
      "price": 15.24,
      "cost_basis": 14.32,
      "market_value": 26609.04,
      "unrealized_pnl": 1606.32,
      "short_percent_of_float": 0.006,
      "short_ratio": 1.66
    },
    {
      "ticker": "ESI",
      "company": "Element Solutions Inc",
      "sector": "Basic Materials",
      "country": "United States",
      "shares": 557.0,
      "price": 45.74,
      "cost_basis": 44.92,
      "market_value": 25477.18,
      "unrealized_pnl": 456.7400000000002,
      "short_percent_of_float": 0.087,
      "short_ratio": 5.6
    },
    {
      "ticker": "VST",
      "company": "Vistra Corp.",
      "sector": "Utilities",
      "country": "United States",
      "shares": 162.0,
      "price": 153.16,
      "cost_basis": 154.76,
      "market_value": 24811.92,
      "unrealized_pnl": -259.1999999999991,
      "short_percent_of_float": 0.052699998,
      "short_ratio": 3.04
    },
    {
      "ticker": "PYPL",
      "company": "PayPal Holdings, Inc.",
      "sector": "Financial Services",
      "country": "United States",
      "shares": 553.0,
      "price": 44.07,
      "cost_basis": 45.19,
      "market_value": 24370.71,
      "unrealized_pnl": -619.3599999999985,
      "short_percent_of_float": 0.0687,
      "short_ratio": 3.63
    },
    {
      "ticker": "ZTS",
      "company": "Zoetis Inc.",
      "sector": "Healthcare",
      "country": "United States",
      "shares": 312.0,
      "price": 72.45,
      "cost_basis": 80.09,
      "market_value": 22604.4,
      "unrealized_pnl": -2383.6800000000003,
      "short_percent_of_float": 0.0434,
      "short_ratio": 2.25
    },
    {
      "ticker": "CEG",
      "company": "Constellation Energy Corporation",
      "sector": "Utilities",
      "country": "United States",
      "shares": 94.0,
      "price": 236.5,
      "cost_basis": 265.7,
      "market_value": 22231.0,
      "unrealized_pnl": -2744.799999999999,
      "short_percent_of_float": 0.0356,
      "short_ratio": 2.75
    }
  ],
  "sector_exposure": [
    {
      "name": "Technology",
      "value": 531681.97,
      "pct": 0.44882569852566856
    },
    {
      "name": "Communication Services",
      "value": 290440.8,
      "pct": 0.24517907752326829
    },
    {
      "name": "Industrials",
      "value": 131004.0,
      "pct": 0.1105885945495889
    },
    {
      "name": "Consumer Cyclical",
      "value": 80196.24,
      "pct": 0.06769861584197065
    },
    {
      "name": "Utilities",
      "value": 47042.92,
      "pct": 0.039711843961319854
    },
    {
      "name": "Real Estate",
      "value": 27066.260000000002,
      "pct": 0.022848307327362188
    },
    {
      "name": "Basic Materials",
      "value": 25477.18,
      "pct": 0.02150686642611596
    },
    {
      "name": "Financial Services",
      "value": 24370.71,
      "pct": 0.02057282653259146
    },
    {
      "name": "Healthcare",
      "value": 22604.4,
      "pct": 0.01908177480562981
    },
    {
      "name": "Cash",
      "value": 4722.310000000056,
      "pct": 0.0039863945064843465
    }
  ],
  "geographic_exposure": [
    {
      "name": "United States",
      "value": 984577.5400000002,
      "pct": 0.8311429145193403
    },
    {
      "name": "Kazakhstan",
      "value": 133835.1,
      "pct": 0.112978501499219
    },
    {
      "name": "China",
      "value": 61471.84,
      "pct": 0.05189218947495649
    },
    {
      "name": "Cash",
      "value": 4722.310000000056,
      "pct": 0.0039863945064843465
    }
  ],
  "signals": [
    {
      "ticker": "CEG",
      "label": "SELL",
      "composite": -1.5,
      "rsi": 31.9,
      "subs": {
        "rsi": 0.0,
        "macd": -0.5,
        "trend": -0.5,
        "bb": 0.0,
        "vol": 0.0,
        "range": -0.5
      }
    },
    {
      "ticker": "CMI",
      "label": "LEAN BULL",
      "composite": 0.5,
      "rsi": 49.6,
      "subs": {
        "rsi": 0.5,
        "macd": -0.5,
        "trend": 0.5,
        "bb": -0.5,
        "vol": 0.5,
        "range": 0.0
      }
    },
    {
      "ticker": "CRWV",
      "label": "SELL",
      "composite": -1.0,
      "rsi": 35.8,
      "subs": {
        "rsi": 0.0,
        "macd": -0.5,
        "trend": 0.0,
        "bb": 0.0,
        "vol": 0.0,
        "range": -0.5
      }
    },
    {
      "ticker": "ESI",
      "label": "STRONG BUY",
      "composite": 2.5,
      "rsi": 54.1,
      "subs": {
        "rsi": 0.5,
        "macd": 0.5,
        "trend": 0.5,
        "bb": 0.5,
        "vol": 0.5,
        "range": 0.0
      }
    },
    {
      "ticker": "GENC",
      "label": "STRONG BUY",
      "composite": 3.0,
      "rsi": 57.4,
      "subs": {
        "rsi": 0.5,
        "macd": 0.5,
        "trend": 0.5,
        "bb": 0.5,
        "vol": 0.5,
        "range": 0.5
      }
    },
    {
      "ticker": "GRPN",
      "label": "BUY",
      "composite": 1.5,
      "rsi": 76.1,
      "subs": {
        "rsi": -0.5,
        "macd": 0.5,
        "trend": 0.5,
        "bb": 0.0,
        "vol": 0.5,
        "range": 0.5
      }
    },
    {
      "ticker": "JAKK",
      "label": "STRONG BUY",
      "composite": 3.0,
      "rsi": 60.7,
      "subs": {
        "rsi": 0.5,
        "macd": 0.5,
        "trend": 0.5,
        "bb": 0.5,
        "vol": 0.5,
        "range": 0.5
      }
    },
    {
      "ticker": "KSPI",
      "label": "STRONG BUY",
      "composite": 2.5,
      "rsi": 57.1,
      "subs": {
        "rsi": 0.5,
        "macd": 0.5,
        "trend": 0.5,
        "bb": 0.5,
        "vol": 0.0,
        "range": 0.5
      }
    },
    {
      "ticker": "OPEN",
      "label": "STRONG BUY",
      "composite": 2.5,
      "rsi": 59.2,
      "subs": {
        "rsi": 0.5,
        "macd": 0.5,
        "trend": 0.0,
        "bb": 0.5,
        "vol": 0.5,
        "range": 0.5
      }
    },
    {
      "ticker": "PYPL",
      "label": "BUY",
      "composite": 1.5,
      "rsi": 53.9,
      "subs": {
        "rsi": 0.5,
        "macd": 0.5,
        "trend": -0.5,
        "bb": 0.5,
        "vol": 0.0,
        "range": 0.5
      }
    },
    {
      "ticker": "TENB",
      "label": "BUY",
      "composite": 1.5,
      "rsi": 82.0,
      "subs": {
        "rsi": -0.5,
        "macd": 0.5,
        "trend": 0.5,
        "bb": 0.0,
        "vol": 0.5,
        "range": 0.5
      }
    },
    {
      "ticker": "VIA",
      "label": "STRONG BUY",
      "composite": 2.0,
      "rsi": 69.3,
      "subs": {
        "rsi": 0.5,
        "macd": 0.5,
        "trend": 0.0,
        "bb": 0.0,
        "vol": 0.5,
        "range": 0.5
      }
    },
    {
      "ticker": "VST",
      "label": "SELL",
      "composite": -1.0,
      "rsi": 46.3,
      "subs": {
        "rsi": 0.5,
        "macd": -0.5,
        "trend": -0.5,
        "bb": -0.5,
        "vol": 0.0,
        "range": 0.0
      }
    },
    {
      "ticker": "XNET",
      "label": "BUY",
      "composite": 1.5,
      "rsi": 60.1,
      "subs": {
        "rsi": 0.5,
        "macd": 0.5,
        "trend": 0.0,
        "bb": 0.0,
        "vol": 0.0,
        "range": 0.5
      }
    },
    {
      "ticker": "ZS",
      "label": "BUY",
      "composite": 1.0,
      "rsi": 58.9,
      "subs": {
        "rsi": 0.5,
        "macd": 0.5,
        "trend": 0.0,
        "bb": 0.0,
        "vol": -0.5,
        "range": 0.5
      }
    },
    {
      "ticker": "ZTS",
      "label": "SELL",
      "composite": -1.0,
      "rsi": 31.4,
      "subs": {
        "rsi": 0.0,
        "macd": 0.5,
        "trend": -0.5,
        "bb": -0.5,
        "vol": 0.0,
        "range": -0.5
      }
    }
  ],
  "volatility": [
    {
      "ticker": "CEG",
      "hv20": 0.38768033413735425,
      "garch": 0.5307636113596885,
      "expansion": 0.3690754072958475,
      "regime": "LOW",
      "signal": "SIGNAL"
    },
    {
      "ticker": "CMI",
      "hv20": 0.5221926002195222,
      "garch": 0.43076749395631275,
      "expansion": -0.17507928343828627,
      "regime": "EXTREME",
      "signal": "WEAK"
    },
    {
      "ticker": "CRWV",
      "hv20": 0.8721293679397601,
      "garch": 1.0726735781345573,
      "expansion": 0.22994777789509,
      "regime": "NORMAL",
      "signal": "SIGNAL"
    },
    {
      "ticker": "ESI",
      "hv20": 0.6252931829972713,
      "garch": 0.5519773768532475,
      "expansion": -0.11725028856478628,
      "regime": "EXTREME",
      "signal": "WEAK"
    },
    {
      "ticker": "GENC",
      "hv20": 0.2710039123764152,
      "garch": 0.35681040383506246,
      "expansion": 0.31662454872409734,
      "regime": "LOW",
      "signal": "SIGNAL"
    },
    {
      "ticker": "GRPN",
      "hv20": 1.1113481337110744,
      "garch": 0.8275443321410626,
      "expansion": -0.2553689460226281,
      "regime": "EXTREME",
      "signal": "WEAK"
    },
    {
      "ticker": "JAKK",
      "hv20": 0.2320748304165242,
      "garch": 0.460117078083064,
      "expansion": 0.9826237824121349,
      "regime": "LOW",
      "signal": "SIGNAL"
    },
    {
      "ticker": "KSPI",
      "hv20": 0.38078222710102666,
      "garch": 0.3792707431492942,
      "expansion": -0.003969418329315653,
      "regime": "HIGH",
      "signal": "WEAK"
    },
    {
      "ticker": "OPEN",
      "hv20": 0.7470345981702774,
      "garch": 0.728717436382588,
      "expansion": -0.024519830584224443,
      "regime": "NORMAL",
      "signal": "WEAK"
    },
    {
      "ticker": "PYPL",
      "hv20": 0.3675327955194331,
      "garch": 0.41683940198972635,
      "expansion": 0.13415566466826012,
      "regime": "NORMAL",
      "signal": "BASE"
    },
    {
      "ticker": "TENB",
      "hv20": 0.7077166012984741,
      "garch": 0.8444301452997838,
      "expansion": 0.19317555042580065,
      "regime": "EXTREME",
      "signal": "BASE"
    },
    {
      "ticker": "VIA",
      "hv20": 0.6434664428808579,
      "garch": null,
      "expansion": null,
      "regime": "NORMAL",
      "signal": "WEAK"
    },
    {
      "ticker": "VST",
      "hv20": 0.461748545170036,
      "garch": 0.5436799039142278,
      "expansion": 0.17743717787788832,
      "regime": "NORMAL",
      "signal": "BASE"
    },
    {
      "ticker": "XNET",
      "hv20": 0.6915326591202798,
      "garch": 0.7048898202837082,
      "expansion": 0.019315300567901438,
      "regime": "HIGH",
      "signal": "WEAK"
    },
    {
      "ticker": "ZS",
      "hv20": 0.49081523902559154,
      "garch": 0.6521780951187803,
      "expansion": 0.3287649674723632,
      "regime": "NORMAL",
      "signal": "SIGNAL"
    },
    {
      "ticker": "ZTS",
      "hv20": 0.33555706046943534,
      "garch": 0.3195740363868749,
      "expansion": -0.0476313151039069,
      "regime": "HIGH",
      "signal": "WEAK"
    }
  ],
  "correlation": {
    "tickers": [
      "CEG",
      "CMI",
      "CRWV",
      "ESI",
      "GENC",
      "GRPN",
      "JAKK",
      "KSPI",
      "OPEN",
      "PYPL",
      "TENB",
      "VIA",
      "VST",
      "XNET",
      "ZS",
      "ZTS"
    ],
    "matrix": [
      [
        1.0,
        0.328,
        0.242,
        0.302,
        0.141,
        0.068,
        0.088,
        0.053,
        0.172,
        0.132,
        0.009,
        -0.011,
        0.798,
        0.226,
        0.024,
        0.123
      ],
      [
        0.328,
        1.0,
        0.384,
        0.637,
        0.3,
        0.206,
        0.111,
        0.213,
        0.162,
        0.042,
        -0.087,
        -0.045,
        0.365,
        0.269,
        -0.083,
        0.169
      ],
      [
        0.242,
        0.384,
        1.0,
        0.355,
        0.1,
        0.111,
        0.043,
        0.106,
        0.222,
        0.124,
        0.091,
        0.177,
        0.32,
        0.34,
        0.159,
        0.072
      ],
      [
        0.302,
        0.637,
        0.355,
        1.0,
        0.244,
        0.299,
        0.222,
        0.28,
        0.247,
        0.254,
        0.071,
        0.017,
        0.375,
        0.32,
        0.02,
        0.16
      ],
      [
        0.141,
        0.3,
        0.1,
        0.244,
        1.0,
        0.138,
        0.322,
        0.151,
        0.133,
        0.113,
        0.158,
        0.085,
        0.16,
        0.169,
        0.063,
        0.158
      ],
      [
        0.068,
        0.206,
        0.111,
        0.299,
        0.138,
        1.0,
        0.156,
        0.338,
        0.297,
        0.255,
        0.226,
        0.173,
        0.135,
        0.246,
        0.137,
        0.148
      ],
      [
        0.088,
        0.111,
        0.043,
        0.222,
        0.322,
        0.156,
        1.0,
        0.11,
        0.139,
        0.224,
        -0.029,
        0.157,
        0.06,
        0.199,
        -0.042,
        0.146
      ],
      [
        0.053,
        0.213,
        0.106,
        0.28,
        0.151,
        0.338,
        0.11,
        1.0,
        0.245,
        0.27,
        0.238,
        0.145,
        0.105,
        0.215,
        0.155,
        0.184
      ],
      [
        0.172,
        0.162,
        0.222,
        0.247,
        0.133,
        0.297,
        0.139,
        0.245,
        1.0,
        0.253,
        0.138,
        0.167,
        0.242,
        0.354,
        0.076,
        0.164
      ],
      [
        0.132,
        0.042,
        0.124,
        0.254,
        0.113,
        0.255,
        0.224,
        0.27,
        0.253,
        1.0,
        0.339,
        0.172,
        0.078,
        0.349,
        0.216,
        0.171
      ],
      [
        0.009,
        -0.087,
        0.091,
        0.071,
        0.158,
        0.226,
        -0.029,
        0.238,
        0.138,
        0.339,
        1.0,
        0.366,
        0.03,
        0.178,
        0.566,
        0.056
      ],
      [
        -0.011,
        -0.045,
        0.177,
        0.017,
        0.085,
        0.173,
        0.157,
        0.145,
        0.167,
        0.172,
        0.366,
        1.0,
        0.039,
        0.188,
        0.385,
        0.005
      ],
      [
        0.798,
        0.365,
        0.32,
        0.375,
        0.16,
        0.135,
        0.06,
        0.105,
        0.242,
        0.078,
        0.03,
        0.039,
        1.0,
        0.26,
        0.052,
        0.089
      ],
      [
        0.226,
        0.269,
        0.34,
        0.32,
        0.169,
        0.246,
        0.199,
        0.215,
        0.354,
        0.349,
        0.178,
        0.188,
        0.26,
        1.0,
        0.232,
        0.036
      ],
      [
        0.024,
        -0.083,
        0.159,
        0.02,
        0.063,
        0.137,
        -0.042,
        0.155,
        0.076,
        0.216,
        0.566,
        0.385,
        0.052,
        0.232,
        1.0,
        -0.043
      ],
      [
        0.123,
        0.169,
        0.072,
        0.16,
        0.158,
        0.148,
        0.146,
        0.184,
        0.164,
        0.171,
        0.056,
        0.005,
        0.089,
        0.036,
        -0.043,
        1.0
      ]
    ]
  },
  "residual_correlation": {
    "tickers": [
      "CEG",
      "CMI",
      "CRWV",
      "ESI",
      "GENC",
      "GRPN",
      "JAKK",
      "KSPI",
      "OPEN",
      "PYPL",
      "TENB",
      "VIA",
      "VST",
      "XNET",
      "ZS",
      "ZTS"
    ],
    "matrix": [
      [
        1.0,
        0.04,
        0.019,
        -0.045,
        0.029,
        -0.087,
        -0.013,
        -0.123,
        0.027,
        0.056,
        -0.053,
        -0.092,
        0.73,
        0.093,
        0.004,
        0.069
      ],
      [
        0.04,
        1.0,
        0.116,
        0.251,
        0.065,
        -0.038,
        -0.139,
        -0.015,
        -0.067,
        -0.102,
        -0.255,
        -0.159,
        0.022,
        -0.01,
        -0.148,
        0.08
      ],
      [
        0.019,
        0.116,
        1.0,
        0.033,
        0.008,
        -0.09,
        -0.037,
        -0.106,
        0.032,
        -0.026,
        -0.019,
        0.08,
        0.079,
        0.128,
        0.108,
        0.032
      ],
      [
        -0.045,
        0.251,
        0.033,
        1.0,
        -0.071,
        0.05,
        -0.0,
        0.008,
        -0.008,
        0.126,
        -0.086,
        -0.127,
        -0.005,
        0.018,
        -0.051,
        -0.017
      ],
      [
        0.029,
        0.065,
        0.008,
        -0.071,
        1.0,
        -0.043,
        0.056,
        -0.081,
        -0.074,
        -0.003,
        0.098,
        0.0,
        0.029,
        -0.053,
        0.01,
        -0.042
      ],
      [
        -0.087,
        -0.038,
        -0.09,
        0.05,
        -0.043,
        1.0,
        0.034,
        0.2,
        0.131,
        0.119,
        0.117,
        0.083,
        -0.032,
        0.055,
        0.057,
        0.028
      ],
      [
        -0.013,
        -0.139,
        -0.037,
        -0.0,
        0.056,
        0.034,
        1.0,
        -0.085,
        -0.031,
        0.118,
        -0.149,
        0.082,
        -0.055,
        0.021,
        -0.118,
        -0.025
      ],
      [
        -0.123,
        -0.015,
        -0.106,
        0.008,
        -0.081,
        0.2,
        -0.085,
        1.0,
        0.059,
        0.101,
        0.135,
        0.028,
        -0.09,
        -0.003,
        0.063,
        0.042
      ],
      [
        0.027,
        -0.067,
        0.032,
        -0.008,
        -0.074,
        0.131,
        -0.031,
        0.059,
        1.0,
        0.064,
        -0.004,
        0.039,
        0.107,
        0.159,
        -0.041,
        0.026
      ],
      [
        0.056,
        -0.102,
        -0.026,
        0.126,
        -0.003,
        0.119,
        0.118,
        0.101,
        0.064,
        1.0,
        0.196,
        0.027,
        -0.019,
        0.197,
        0.072,
        0.022
      ],
      [
        -0.053,
        -0.255,
        -0.019,
        -0.086,
        0.098,
        0.117,
        -0.149,
        0.135,
        -0.004,
        0.196,
        1.0,
        0.297,
        -0.028,
        0.023,
        0.518,
        -0.052
      ],
      [
        -0.092,
        -0.159,
        0.08,
        -0.127,
        0.0,
        0.083,
        0.082,
        0.028,
        0.039,
        0.027,
        0.297,
        1.0,
        -0.036,
        0.055,
        0.325,
        -0.086
      ],
      [
        0.73,
        0.022,
        0.079,
        -0.005,
        0.029,
        -0.032,
        -0.055,
        -0.09,
        0.107,
        -0.019,
        -0.028,
        -0.036,
        1.0,
        0.112,
        0.042,
        0.019
      ],
      [
        0.093,
        -0.01,
        0.128,
        0.018,
        -0.053,
        0.055,
        0.021,
        -0.003,
        0.159,
        0.197,
        0.023,
        0.055,
        0.112,
        1.0,
        0.143,
        -0.116
      ],
      [
        0.004,
        -0.148,
        0.108,
        -0.051,
        0.01,
        0.057,
        -0.118,
        0.063,
        -0.041,
        0.072,
        0.518,
        0.325,
        0.042,
        0.143,
        1.0,
        -0.131
      ],
      [
        0.069,
        0.08,
        0.032,
        -0.017,
        -0.042,
        0.028,
        -0.025,
        0.042,
        0.026,
        0.022,
        -0.052,
        -0.086,
        0.019,
        -0.116,
        -0.131,
        1.0
      ]
    ]
  },
  "factor_correlation": {
    "factors": [
      "Market",
      "Size",
      "Value (SMID)",
      "Momentum",
      "Quality",
      "Profitability",
      "Liquidity",
      "Credit"
    ],
    "matrix": [
      [
        1.0,
        0.286,
        -0.507,
        0.402,
        -0.257,
        -0.551,
        0.312,
        0.196
      ],
      [
        0.286,
        1.0,
        -0.127,
        0.193,
        0.169,
        0.183,
        0.274,
        0.027
      ],
      [
        -0.507,
        -0.127,
        1.0,
        -0.567,
        0.323,
        0.619,
        -0.348,
        -0.156
      ],
      [
        0.402,
        0.193,
        -0.567,
        1.0,
        -0.245,
        -0.572,
        0.225,
        0.056
      ],
      [
        -0.257,
        0.169,
        0.323,
        -0.245,
        1.0,
        0.441,
        -0.193,
        -0.123
      ],
      [
        -0.551,
        0.183,
        0.619,
        -0.572,
        0.441,
        1.0,
        -0.272,
        -0.133
      ],
      [
        0.312,
        0.274,
        -0.348,
        0.225,
        -0.193,
        -0.272,
        1.0,
        0.166
      ],
      [
        0.196,
        0.027,
        -0.156,
        0.056,
        -0.123,
        -0.133,
        0.166,
        1.0
      ]
    ]
  },
  "factor_exposures": [
    {
      "ticker": "CEG",
      "r_squared": 0.2343036345554821,
      "alpha_annual": -0.5053706685006988,
      "idio_vol_annual": 0.4117017927367318,
      "Market": 0.6744271198531754,
      "Size": 0.47564603992817694,
      "Value (SMID)": -0.5040578654269585,
      "Momentum": 0.4462115031312014,
      "Quality": -0.996254358554014,
      "Profitability": -0.505697719639393,
      "Liquidity": -0.4538232578762789,
      "Credit": -1.104805144769905
    },
    {
      "ticker": "CMI",
      "r_squared": 0.5011800720809592,
      "alpha_annual": 0.3360717247842825,
      "idio_vol_annual": 0.24825262664302516,
      "Market": 1.119389888373544,
      "Size": 0.8049365008620704,
      "Value (SMID)": 0.40220172088484296,
      "Momentum": 0.8199016478994426,
      "Quality": -0.158366785449886,
      "Profitability": -0.19710190994377558,
      "Liquidity": -0.439887763237205,
      "Credit": 0.8973194501786167
    },
    {
      "ticker": "CRWV",
      "r_squared": 0.27470384392869074,
      "alpha_annual": -1.0521753816897021,
      "idio_vol_annual": 0.8096752726584412,
      "Market": 0.960902606135426,
      "Size": 0.758719671190658,
      "Value (SMID)": -1.956050189082614,
      "Momentum": 0.5927055937891208,
      "Quality": -3.656214095811577,
      "Profitability": -0.2656161217197811,
      "Liquidity": 0.38426367387101934,
      "Credit": 1.930302733732823
    },
    {
      "ticker": "ESI",
      "r_squared": 0.5343598066872433,
      "alpha_annual": 0.26817490103281705,
      "idio_vol_annual": 0.2867638430321111,
      "Market": 1.6769635549609212,
      "Size": 0.9497106409069469,
      "Value (SMID)": -0.17938011608161544,
      "Momentum": 0.7592881905472587,
      "Quality": 0.33121984405413696,
      "Profitability": 0.24507495502134752,
      "Liquidity": -0.7360673846187962,
      "Credit": 0.24414831622535912
    },
    {
      "ticker": "GENC",
      "r_squared": 0.3411364703882953,
      "alpha_annual": -0.3699712563025906,
      "idio_vol_annual": 0.30853648942236567,
      "Market": 1.3145520897627851,
      "Size": 1.174371314317528,
      "Value (SMID)": 1.1431027390033335,
      "Momentum": -0.07227993401100419,
      "Quality": -0.5341907272234758,
      "Profitability": 0.06672859816859339,
      "Liquidity": -0.10296669393461721,
      "Credit": 0.5266740531413326
    },
    {
      "ticker": "GRPN",
      "r_squared": 0.15643851757348481,
      "alpha_annual": -0.6659496341372061,
      "idio_vol_annual": 0.6688589109331449,
      "Market": 2.024329834860657,
      "Size": 0.2806413688615841,
      "Value (SMID)": -0.7808679275261534,
      "Momentum": 0.2231571513827778,
      "Quality": -1.727174324235952,
      "Profitability": 1.6673721436481936,
      "Liquidity": 0.1248519850754648,
      "Credit": 1.071636385902335
    },
    {
      "ticker": "JAKK",
      "r_squared": 0.2716841514525916,
      "alpha_annual": -0.2557784584555068,
      "idio_vol_annual": 0.3524193994092952,
      "Market": 1.233166758950456,
      "Size": 1.0917539427226859,
      "Value (SMID)": 0.8745304027977994,
      "Momentum": -0.27881452779994276,
      "Quality": 1.176380081207683,
      "Profitability": -0.30750747354308094,
      "Liquidity": 0.22924956399376722,
      "Credit": -0.5598239261171092
    },
    {
      "ticker": "KSPI",
      "r_squared": 0.2122598159638751,
      "alpha_annual": -0.15907256650971657,
      "idio_vol_annual": 0.32288218831111565,
      "Market": 1.1534056830612913,
      "Size": 0.5401906603724004,
      "Value (SMID)": -0.30783690147957743,
      "Momentum": -0.46759240639765726,
      "Quality": -0.02203011847786431,
      "Profitability": 0.115158669158969,
      "Liquidity": -0.12501134118157742,
      "Credit": 0.4312151901534344
    },
    {
      "ticker": "OPEN",
      "r_squared": 0.12223272820962516,
      "alpha_annual": 1.5899488126447228,
      "idio_vol_annual": 1.340771567365136,
      "Market": 3.0756067033738073,
      "Size": 1.1473034896311058,
      "Value (SMID)": -1.5612509297968487,
      "Momentum": -1.6705665546372128,
      "Quality": 0.8525943816395942,
      "Profitability": 0.8929510342310987,
      "Liquidity": 1.680724703073298,
      "Credit": -2.98307372068991
    },
    {
      "ticker": "PYPL",
      "r_squared": 0.29365669006545936,
      "alpha_annual": -0.6799713667771891,
      "idio_vol_annual": 0.3403031897376894,
      "Market": 1.7865788637951212,
      "Size": -0.28999940149767856,
      "Value (SMID)": -0.9272069719288568,
      "Momentum": -0.836807838464794,
      "Quality": 1.3394581928136515,
      "Profitability": 0.7656081575234035,
      "Liquidity": 0.3042885077386576,
      "Credit": -0.154808954951971
    },
    {
      "ticker": "TENB",
      "r_squared": 0.15150470441516373,
      "alpha_annual": -0.06510971386497366,
      "idio_vol_annual": 0.4386126130677059,
      "Market": 1.5949813875841607,
      "Size": -0.3848860075305476,
      "Value (SMID)": -0.7588033694923585,
      "Momentum": -0.40562955753805796,
      "Quality": 0.7242631434135927,
      "Profitability": 1.2010608677563819,
      "Liquidity": 0.47088034402889006,
      "Credit": 0.024151852288705783
    },
    {
      "ticker": "VIA",
      "r_squared": 0.12036888374819077,
      "alpha_annual": -1.3191937704202612,
      "idio_vol_annual": 0.6877057909715442,
      "Market": 1.1617168616872362,
      "Size": 0.2692256291677195,
      "Value (SMID)": -1.1839640125226931,
      "Momentum": -1.0468148061907028,
      "Quality": -0.6562133456788031,
      "Profitability": 0.6126030659376756,
      "Liquidity": 1.2087296582633684,
      "Credit": -0.984974756941012
    },
    {
      "ticker": "VST",
      "r_squared": 0.29469475172934545,
      "alpha_annual": -0.4494964739952411,
      "idio_vol_annual": 0.4136486117506564,
      "Market": 0.6199499438580618,
      "Size": 0.8453231342685908,
      "Value (SMID)": -0.6760910918770576,
      "Momentum": 0.5328657606694409,
      "Quality": -1.8062362056911754,
      "Profitability": -0.4488588516325974,
      "Liquidity": -0.6982656798433329,
      "Credit": -1.0175473615086168
    },
    {
      "ticker": "XNET",
      "r_squared": 0.17503213815783636,
      "alpha_annual": -0.07952719543286677,
      "idio_vol_annual": 0.6715098732287343,
      "Market": 1.7992256029524754,
      "Size": 0.23894546347099066,
      "Value (SMID)": -0.7337830541887508,
      "Momentum": -0.4298311841000183,
      "Quality": 0.49426984292252796,
      "Profitability": 0.5995005293246473,
      "Liquidity": 1.1198653145411903,
      "Credit": 2.6116726087971243
