{
  "generated_at": "2026-06-05T16:46:08.064856Z",
  "market_session": "OPEN",
  "fund_name": "Convex Capital",
  "tagline": "Lose small. Win big. \u2014 Paper-traded portfolio. Hypothetical performance for educational purposes only.",
  "summary": {
    "nav": 964538.5690903091,
    "cash": 112261.69,
    "equity": 852276.8790903091,
    "deposits": 1000000.0,
    "total_return": -0.035461430909690894,
    "realized_pnl": 0.0,
    "open_positions": 17
  },
  "metrics": {
    "annualized_return": -0.27642883912714433,
    "annualized_vol": 0.28604876983033534,
    "sharpe": -0.9663696134442498,
    "sortino": -1.3443202003066244,
    "max_drawdown": -0.40015334921719586,
    "var_95_1d": -0.03529912402544545,
    "method": "Synthetic: current weights \u00d7 each holding's 252-day return history.",
    "beta_spy": 1.5802416610250782,
    "data_basis": "synthetic_252d",
    "days_of_live_nav": 5
  },
  "nav_curve": [
    {
      "date": "2026-06-01",
      "value": 999876.7626599121
    },
    {
      "date": "2026-06-02",
      "value": 1003056.6285483933
    },
    {
      "date": "2026-06-03",
      "value": 985610.7896986008
    },
    {
      "date": "2026-06-04",
      "value": 997714.9077720642
    },
    {
      "date": "2026-06-05",
      "value": 964686.9756602668
    }
  ],
  "drawdown_curve": [
    {
      "date": "2026-06-01",
      "value": 0.0
    },
    {
      "date": "2026-06-02",
      "value": 0.0
    },
    {
      "date": "2026-06-03",
      "value": -0.017392675900103283
    },
    {
      "date": "2026-06-04",
      "value": -0.005325442875602646
    },
    {
      "date": "2026-06-05",
      "value": -0.038252728506120694
    }
  ],
  "benchmarks": {
    "SPY": [
      {
        "date": "2026-06-01",
        "value": 0.0
      },
      {
        "date": "2026-06-02",
        "value": 0.0013579103629497435
      },
      {
        "date": "2026-06-03",
        "value": -0.005668768842152949
      },
      {
        "date": "2026-06-04",
        "value": -0.0019115026417536596
      },
      {
        "date": "2026-06-05",
        "value": -0.02105356496127786
      }
    ],
    "IWM": [
      {
        "date": "2026-06-01",
        "value": 0.0
      },
      {
        "date": "2026-06-02",
        "value": 0.009273972502921835
      },
      {
        "date": "2026-06-03",
        "value": -0.004533177066893157
      },
      {
        "date": "2026-06-04",
        "value": 0.010485150059186044
      },
      {
        "date": "2026-06-05",
        "value": -0.019620780718991093
      }
    ]
  },
  "holdings": [
    {
      "ticker": "GRPN",
      "company": "Groupon, Inc.",
      "sector": "Communication Services",
      "country": "United States",
      "shares": 9713.0,
      "price": 16.899999618530273,
      "cost_basis": 18.017072994955218,
      "market_value": 164149.69629478455,
      "unrealized_pnl": -10850.133705215481,
      "short_percent_of_float": 0.5812,
      "short_ratio": 4.89
    },
    {
      "ticker": "KSPI",
      "company": "Joint Stock Company Kaspi.kz",
      "sector": "Technology",
      "country": "Kazakhstan",
      "shares": 1515.0,
      "price": 81.66000366210938,
      "cost_basis": 82.53049504950495,
      "market_value": 123714.9055480957,
      "unrealized_pnl": -1318.7944519042956,
      "short_percent_of_float": 0.015700001,
      "short_ratio": 2.81
    },
    {
      "ticker": "JAKK",
      "company": "JAKKS Pacific, Inc.",
      "sector": "Consumer Cyclical",
      "country": "United States",
      "shares": 3436.0,
      "price": 21.59000015258789,
      "cost_basis": 21.83,
      "market_value": 74183.24052429199,
      "unrealized_pnl": -824.639475708002,
      "short_percent_of_float": 0.0339,
      "short_ratio": 6.7
    },
    {
      "ticker": "VIA",
      "company": "Via Transportation, Inc.",
      "sector": "Technology",
      "country": "United States",
      "shares": 4921.0,
      "price": 14.8100004196167,
      "cost_basis": 15.241408250355619,
      "market_value": 72880.01206493378,
      "unrealized_pnl": -2122.957935066223,
      "short_percent_of_float": 0.1248,
      "short_ratio": 7.65
    },
    {
      "ticker": "ZS",
      "company": "Zscaler, Inc.",
      "sector": "Technology",
      "country": "United States",
      "shares": 549.0,
      "price": 131.2050018310547,
      "cost_basis": 136.8013843351548,
      "market_value": 72031.54600524902,
      "unrealized_pnl": -3072.4139947509657,
      "short_percent_of_float": 0.1058,
      "short_ratio": 4.01
    },
    {
      "ticker": "CMI",
      "company": "Cummins Inc.",
      "sector": "Industrials",
      "country": "United States",
      "shares": 78.0,
      "price": 661.4400024414062,
      "cost_basis": 643.5,
      "market_value": 51592.32019042969,
      "unrealized_pnl": 1399.3201904296875,
      "short_percent_of_float": 0.014400001,
      "short_ratio": 1.92
    },
    {
      "ticker": "XNET",
      "company": "Xunlei Limited",
      "sector": "Technology",
      "country": "China",
      "shares": 10526.0,
      "price": 4.630000114440918,
      "cost_basis": 4.75,
      "market_value": 48735.3812046051,
      "unrealized_pnl": -1263.1187953948975,
      "short_percent_of_float": 0.0322,
      "short_ratio": 6.99
    },
    {
      "ticker": "CRWV",
      "company": "CoreWeave, Inc.",
      "sector": "Technology",
      "country": "United States",
      "shares": 468.0,
      "price": 98.17500305175781,
      "cost_basis": 106.78134615384614,
      "market_value": 45945.901428222656,
      "unrealized_pnl": -4027.7685717773393,
      "short_percent_of_float": 0.1714,
      "short_ratio": 1.75
    },
    {
      "ticker": "BABA",
      "company": "Alibaba Group Holding Limited",
      "sector": "Consumer Cyclical",
      "country": "Hong Kong",
      "shares": 299.0,
      "price": 121.61000061035156,
      "cost_basis": 125.39999999999999,
      "market_value": 36361.39018249512,
      "unrealized_pnl": -1133.2098175048802,
      "short_percent_of_float": 0.0197,
      "short_ratio": 3.3
    },
    {
      "ticker": "PYPL",
      "company": "PayPal Holdings, Inc.",
      "sector": "Financial Services",
      "country": "United States",
      "shares": 830.0,
      "price": 41.39500045776367,
      "cost_basis": 45.19,
      "market_value": 34357.85037994385,
      "unrealized_pnl": -3149.8496200561503,
      "short_percent_of_float": 0.0545,
      "short_ratio": 2.87
    },
    {
      "ticker": "ZTS",
      "company": "Zoetis Inc.",
      "sector": "Healthcare",
      "country": "United States",
      "shares": 312.0,
      "price": 80.3499984741211,
      "cost_basis": 80.09,
      "market_value": 25069.19952392578,
      "unrealized_pnl": 81.11952392578019,
      "short_percent_of_float": 0.036,
      "short_ratio": 1.79
    },
    {
      "ticker": "AVAV",
      "company": "AeroVironment, Inc.",
      "sector": "Industrials",
      "country": "United States",
      "shares": 122.0,
      "price": 185.5,
      "cost_basis": 204.09,
      "market_value": 22631.0,
      "unrealized_pnl": -2267.9800000000005,
      "short_percent_of_float": 0.12109999,
      "short_ratio": 3.92
    },
    {
      "ticker": "PRGS",
      "company": "Progress Software Corporation",
      "sector": "Technology",
      "country": "United States",
      "shares": 708.0,
      "price": 31.190000534057617,
      "cost_basis": 35.32,
      "market_value": 22082.520378112793,
      "unrealized_pnl": -2924.0396218872074,
      "short_percent_of_float": 0.1445,
      "short_ratio": 5.14
    },
    {
      "ticker": "OPEN",
      "company": "Opendoor Technologies Inc.",
      "sector": "Real Estate",
      "country": "United States",
      "shares": 4835.0,
      "price": 4.454999923706055,
      "cost_basis": 5.171470527404343,
      "market_value": 21539.924631118774,
      "unrealized_pnl": -3464.1353688812223,
      "short_percent_of_float": 0.14819999,
      "short_ratio": 3.26
    },
    {
      "ticker": "GENC",
      "company": "Gencor Industries, Inc.",
      "sector": "Industrials",
      "country": "United States",
      "shares": 873.0,
      "price": 14.770000457763672,
      "cost_basis": 14.32,
      "market_value": 12894.210399627686,
      "unrealized_pnl": 392.8503996276853,
      "short_percent_of_float": 0.0061000003,
      "short_ratio": 2.96
    },
    {
      "ticker": "VST",
      "company": "Vistra Corp.",
      "sector": "Utilities",
      "country": "United States",
      "shares": 81.0,
      "price": 148.83999633789062,
      "cost_basis": 154.76,
      "market_value": 12056.03970336914,
      "unrealized_pnl": -479.52029663085864,
      "short_percent_of_float": 0.0461,
      "short_ratio": 2.83
    },
    {
      "ticker": "CEG",
      "company": "Constellation Energy Corporation",
      "sector": "Utilities",
      "country": "United States",
      "shares": 47.0,
      "price": 256.4200134277344,
      "cost_basis": 265.7,
      "market_value": 12051.740631103516,
      "unrealized_pnl": -436.15936889648384,
      "short_percent_of_float": 0.0325,
      "short_ratio": 3.35
    }
  ],
  "sector_exposure": [
    {
      "name": "Technology",
      "value": 385390.26662921906,
      "pct": 0.3995592078735581
    },
    {
      "name": "Communication Services",
      "value": 164149.69629478455,
      "pct": 0.170184688881441
    },
    {
      "name": "Cash",
      "value": 112261.69,
      "pct": 0.11638901086752604
    },
    {
      "name": "Consumer Cyclical",
      "value": 110544.63070678711,
      "pct": 0.11460882358602385
    },
    {
      "name": "Industrials",
      "value": 87117.53059005737,
      "pct": 0.09032042199434392
    },
    {
      "name": "Financial Services",
      "value": 34357.85037994385,
      "pct": 0.03562102281959338
    },
    {
      "name": "Healthcare",
      "value": 25069.19952392578,
      "pct": 0.025990873073711757
    },
    {
      "name": "Utilities",
      "value": 24107.780334472656,
      "pct": 0.024994107137892442
    },
    {
      "name": "Real Estate",
      "value": 21539.924631118774,
      "pct": 0.02233184376590959
    }
  ],
  "geographic_exposure": [
    {
      "name": "United States",
      "value": 643465.2021551132,
      "pct": 0.6671223140013866
    },
    {
      "name": "Kazakhstan",
      "value": 123714.9055480957,
      "pct": 0.12826330590883023
    },
    {
      "name": "Cash",
      "value": 112261.69,
      "pct": 0.11638901086752604
    },
    {
      "name": "China",
      "value": 48735.3812046051,
      "pct": 0.0505271461052814
    },
    {
      "name": "Hong Kong",
      "value": 36361.39018249512,
      "pct": 0.03769822311697587
    }
  ],
  "signals": [
    {
      "ticker": "AVAV",
      "label": "BUY",
      "composite": 1.5,
      "rsi": 49.6,
      "subs": {
        "rsi": 0.5,
        "macd": 0.5,
        "trend": 0.0,
        "bb": 0.5,
        "vol": 0.0,
        "range": 0.0
      }
    },
    {
      "ticker": "BABA",
      "label": "STRONG SELL",
      "composite": -2.0,
      "rsi": 37.8,
      "subs": {
        "rsi": 0.0,
        "macd": -0.5,
        "trend": -0.5,
        "bb": -0.5,
        "vol": 0.0,
        "range": -0.5
      }
    },
    {
      "ticker": "CEG",
      "label": "SELL",
      "composite": -1.5,
      "rsi": 37.0,
      "subs": {
        "rsi": 0.0,
        "macd": -0.5,
        "trend": -0.5,
        "bb": -0.5,
        "vol": 0.5,
        "range": -0.5
      }
    },
    {
      "ticker": "CMI",
      "label": "NEUTRAL",
      "composite": 0.0,
      "rsi": 50.2,
      "subs": {
        "rsi": 0.5,
        "macd": -0.5,
        "trend": 0.5,
        "bb": -0.5,
        "vol": 0.0,
        "range": 0.0
      }
    },
    {
      "ticker": "CRWV",
      "label": "SELL",
      "composite": -1.5,
      "rsi": 42.1,
      "subs": {
        "rsi": 0.0,
        "macd": -0.5,
        "trend": 0.0,
        "bb": -0.5,
        "vol": 0.0,
        "range": -0.5
      }
    },
    {
      "ticker": "GENC",
      "label": "STRONG BUY",
      "composite": 2.0,
      "rsi": 51.8,
      "subs": {
        "rsi": 0.5,
        "macd": 0.5,
        "trend": 0.0,
        "bb": 0.5,
        "vol": 0.5,
        "range": 0.0
      }
    },
    {
      "ticker": "GRPN",
      "label": "SELL",
      "composite": -1.0,
      "rsi": 47.1,
      "subs": {
        "rsi": 0.5,
        "macd": -0.5,
        "trend": 0.0,
        "bb": -0.5,
        "vol": 0.0,
        "range": -0.5
      }
    },
    {
      "ticker": "JAKK",
      "label": "SELL",
      "composite": -1.0,
      "rsi": 47.0,
      "subs": {
        "rsi": 0.5,
        "macd": -0.5,
        "trend": 0.0,
        "bb": -0.5,
        "vol": 0.0,
        "range": -0.5
      }
    },
    {
      "ticker": "KSPI",
      "label": "SELL",
      "composite": -1.0,
      "rsi": 35.4,
      "subs": {
        "rsi": 0.0,
        "macd": -0.5,
        "trend": 0.0,
        "bb": 0.0,
        "vol": 0.0,
        "range": -0.5
      }
    },
    {
      "ticker": "OPEN",
      "label": "SELL",
      "composite": -1.0,
      "rsi": 41.6,
      "subs": {
        "rsi": 0.0,
        "macd": 0.5,
        "trend": -0.5,
        "bb": -0.5,
        "vol": 0.0,
        "range": -0.5
      }
    },
    {
      "ticker": "PRGS",
      "label": "BUY",
      "composite": 1.5,
      "rsi": 53.4,
      "subs": {
        "rsi": 0.5,
        "macd": 0.5,
        "trend": 0.0,
        "bb": 0.5,
        "vol": 0.0,
        "range": 0.0
      }
    },
    {
      "ticker": "PYPL",
      "label": "STRONG SELL",
      "composite": -2.0,
      "rsi": 29.6,
      "subs": {
        "rsi": -0.5,
        "macd": -0.5,
        "trend": -0.5,
        "bb": 0.0,
        "vol": 0.0,
        "range": -0.5
      }
    },
    {
      "ticker": "VIA",
      "label": "NEUTRAL",
      "composite": 0.0,
      "rsi": 46.8,
      "subs": {
        "rsi": 0.5,
        "macd": 0.5,
        "trend": -0.5,
        "bb": -0.5,
        "vol": 0.0,
        "range": 0.0
      }
    },
    {
      "ticker": "VST",
      "label": "LEAN BEAR",
      "composite": -0.5,
      "rsi": 45.2,
      "subs": {
        "rsi": 0.5,
        "macd": 0.5,
        "trend": -0.5,
        "bb": -0.5,
        "vol": -0.5,
        "range": 0.0
      }
    },
    {
      "ticker": "XNET",
      "label": "SELL",
      "composite": -1.0,
      "rsi": 30.2,
      "subs": {
        "rsi": 0.0,
        "macd": -0.5,
        "trend": -0.5,
        "bb": 0.0,
        "vol": 0.5,
        "range": -0.5
      }
    },
    {
      "ticker": "ZS",
      "label": "STRONG SELL",
      "composite": -2.0,
      "rsi": 42.1,
      "subs": {
        "rsi": 0.0,
        "macd": -0.5,
        "trend": -0.5,
        "bb": -0.5,
        "vol": 0.0,
        "range": -0.5
      }
    },
    {
      "ticker": "ZTS",
      "label": "LEAN BULL",
      "composite": 0.5,
      "rsi": 36.0,
      "subs": {
        "rsi": 0.0,
        "macd": 0.5,
        "trend": -0.5,
        "bb": 0.5,
        "vol": 0.0,
        "range": 0.0
      }
    }
  ],
  "volatility": [
    {
      "ticker": "AVAV",
      "hv20": 0.8882314182579206,
      "garch": 0.8123346682566883,
      "expansion": -0.08544704503932977,
      "regime": "HIGH",
      "signal": "WEAK"
    },
    {
      "ticker": "BABA",
      "hv20": 0.4668871936158239,
      "garch": 0.4386082353069282,
      "expansion": -0.06056914538582295,
      "regime": "HIGH",
      "signal": "WEAK"
    },
    {
      "ticker": "CEG",
      "hv20": 0.550439913825965,
      "garch": 0.5689764135750734,
      "expansion": 0.03367579145971815,
      "regime": "HIGH",
      "signal": "WEAK"
    },
    {
      "ticker": "CMI",
      "hv20": 0.39953466209002236,
      "garch": 0.3327856038740111,
      "expansion": -0.16706700206394476,
      "regime": "HIGH",
      "signal": "WEAK"
    },
    {
      "ticker": "CRWV",
      "hv20": 0.9120107737453561,
      "garch": 1.0465001840967207,
      "expansion": 0.14746471667111646,
      "regime": "NORMAL",
      "signal": "BASE"
    },
    {
      "ticker": "GENC",
      "hv20": 0.42257563279683835,
      "garch": 0.4596295917931464,
      "expansion": 0.08768598120782431,
      "regime": "HIGH",
      "signal": "WEAK"
    },
    {
      "ticker": "GRPN",
      "hv20": 0.977496182749758,
      "garch": 0.8311639563972105,
      "expansion": -0.14970107191713605,
      "regime": "EXTREME",
      "signal": "WEAK"
    },
    {
      "ticker": "JAKK",
      "hv20": 0.2604543283347077,
      "garch": 0.4594273857763072,
      "expansion": 0.7639460580816336,
      "regime": "LOW",
      "signal": "SIGNAL"
    },
    {
      "ticker": "KSPI",
      "hv20": 0.2589031792494982,
      "garch": 0.38453689396742136,
      "expansion": 0.4852536576882019,
      "regime": "LOW",
      "signal": "SIGNAL"
    },
    {
      "ticker": "OPEN",
      "hv20": 0.7472049159966789,
      "garch": 0.9500668232759404,
      "expansion": 0.2714943423634583,
      "regime": "NORMAL",
      "signal": "SIGNAL"
    },
    {
      "ticker": "PRGS",
      "hv20": 0.605477992130082,
      "garch": 0.5117721723530625,
      "expansion": -0.15476337867766396,
      "regime": "HIGH",
      "signal": "WEAK"
    },
    {
      "ticker": "PYPL",
      "hv20": 0.23449622064998032,
      "garch": 0.39168304056993747,
      "expansion": 0.6703170715684211,
      "regime": "LOW",
      "signal": "SIGNAL"
    },
    {
      "ticker": "VIA",
      "hv20": 1.019423786214263,
      "garch": null,
      "expansion": null,
      "regime": "NORMAL",
      "signal": "WEAK"
    },
    {
      "ticker": "VST",
      "hv20": 0.5170396106304259,
      "garch": 0.568740994377812,
      "expansion": 0.09999501524524715,
      "regime": "HIGH",
      "signal": "WEAK"
    },
    {
      "ticker": "XNET",
      "hv20": 0.7592050617697876,
      "garch": 0.9656133419384302,
      "expansion": 0.27187421496832875,
      "regime": "HIGH",
      "signal": "SIGNAL"
    },
    {
      "ticker": "ZS",
      "hv20": 1.578781423887579,
      "garch": 0.758262140864349,
      "expansion": -0.5197168338874864,
      "regime": "EXTREME",
      "signal": "WEAK"
    },
    {
      "ticker": "ZTS",
      "hv20": 0.4398486315098876,
      "garch": 0.3168673957206785,
      "expansion": -0.2795989960615452,
      "regime": "HIGH",
      "signal": "WEAK"
    }
  ],
  "correlation": {
    "tickers": [
      "AVAV",
      "BABA",
      "CEG",
      "CMI",
      "CRWV",
      "GENC",
      "GRPN",
      "JAKK",
      "KSPI",
      "OPEN",
      "PRGS",
      "PYPL",
      "VIA",
      "VST",
      "XNET",
      "ZS",
      "ZTS"
    ],
    "matrix": [
      [
        1.0,
        0.129,
        0.261,
        0.243,
        0.31,
        0.095,
        0.228,
        0.085,
        0.09,
        0.336,
        0.175,
        0.199,
        0.032,
        0.301,
        0.334,
        0.173,
        0.064
      ],
      [
        0.129,
        1.0,
        0.179,
        0.334,
        0.354,
        0.13,
        0.186,
        0.118,
        0.211,
        0.193,
        0.022,
        0.243,
        -0.038,
        0.225,
        0.48,
        0.037,
        0.074
      ],
      [
        0.261,
        0.179,
        1.0,
        0.313,
        0.219,
        0.149,
        0.074,
        0.09,
        0.048,
        0.187,
        -0.005,
        0.123,
        0.006,
        0.796,
        0.249,
        0.039,
        0.119
      ],
      [
        0.243,
        0.334,
        0.313,
        1.0,
        0.365,
        0.359,
        0.178,
        0.156,
        0.233,
        0.198,
        -0.167,
        0.061,
        0.001,
        0.323,
        0.306,
        -0.059,
        0.202
      ],
      [
        0.31,
        0.354,
        0.219,
        0.365,
        1.0,
        0.118,
        0.168,
        0.063,
        0.133,
        0.245,
        -0.022,
        0.133,
        0.224,
        0.311,
        0.374,
        0.182,
        0.084
      ],
      [
        0.095,
        0.13,
        0.149,
        0.359,
        0.118,
        1.0,
        0.158,
        0.315,
        0.159,
        0.129,
        0.159,
        0.096,
        0.064,
        0.173,
        0.163,
        0.052,
        0.152
      ],
      [
        0.228,
        0.186,
        0.074,
        0.178,
        0.168,
        0.158,
        1.0,
        0.151,
        0.332,
        0.301,
        0.151,
        0.259,
        0.178,
        0.112,
        0.221,
        0.147,
        0.156
      ],
      [
        0.085,
        0.118,
        0.09,
        0.156,
        0.063,
        0.315,
        0.151,
        1.0,
        0.108,
        0.139,
        0.352,
        0.215,
        0.144,
        0.061,
        0.198,
        -0.051,
        0.134
      ],
      [
        0.09,
        0.211,
        0.048,
        0.233,
        0.133,
        0.159,
        0.332,
        0.108,
        1.0,
        0.245,
        0.104,
        0.253,
        0.149,
        0.081,
        0.193,
        0.153,
        0.202
      ],
      [
        0.336,
        0.193,
        0.187,
        0.198,
        0.245,
        0.129,
        0.301,
        0.139,
        0.245,
        1.0,
        0.158,
        0.238,
        0.163,
        0.262,
        0.345,
        0.062,
        0.159
      ],
      [
        0.175,
        0.022,
        -0.005,
        -0.167,
        -0.022,
        0.159,
        0.151,
        0.352,
        0.104,
        0.158,
        1.0,
        0.296,
        0.386,
        0.021,
        0.158,
        0.295,
        0.1
      ],
      [
        0.199,
        0.243,
        0.123,
        0.061,
        0.133,
        0.096,
        0.259,
        0.215,
        0.253,
        0.238,
        0.296,
        1.0,
        0.158,
        0.063,
        0.327,
        0.205,
        0.167
      ],
      [
        0.032,
        -0.038,
        0.006,
        0.001,
        0.224,
        0.064,
        0.178,
        0.144,
        0.149,
        0.163,
        0.386,
        0.158,
        1.0,
        0.061,
        0.188,
        0.369,
        0.024
      ],
      [
        0.301,
        0.225,
        0.796,
        0.323,
        0.311,
        0.173,
        0.112,
        0.061,
        0.081,
        0.262,
        0.021,
        0.063,
        0.061,
        1.0,
        0.272,
        0.069,
        0.089
      ],
      [
        0.334,
        0.48,
        0.249,
        0.306,
        0.374,
        0.163,
        0.221,
        0.198,
        0.193,
        0.345,
        0.158,
        0.327,
        0.188,
        0.272,
        1.0,
        0.222,
        0.036
      ],
      [
        0.173,
        0.037,
        0.039,
        -0.059,
        0.182,
        0.052,
        0.147,
        -0.051,
        0.153,
        0.062,
        0.295,
        0.205,
        0.369,
        0.069,
        0.222,
        1.0,
        -0.034
      ],
      [
        0.064,
        0.074,
        0.119,
        0.202,
        0.084,
        0.152,
        0.156,
        0.134,
        0.202,
        0.159,
        0.1,
        0.167,
        0.024,
        0.089,
        0.036,
        -0.034,
        1.0
      ]
    ]
  },
  "residual_correlation": {
    "tickers": [
      "AVAV",
      "BABA",
      "CEG",
      "CMI",
      "CRWV",
      "GENC",
      "GRPN",
      "JAKK",
      "KSPI",
      "OPEN",
      "PRGS",
      "PYPL",
      "VIA",
      "VST",
      "XNET",
      "ZS",
      "ZTS"
    ],
    "matrix": [
      [
        1.0,
        -0.01,
        0.119,
        0.061,
        0.121,
        -0.034,
        0.086,
        -0.054,
        -0.123,
        0.152,
        0.122,
        0.009,
        -0.145,
        0.15,
        0.165,
        0.098,
        -0.054
      ],
      [
        -0.01,
        1.0,
        0.004,
        0.101,
        0.185,
        -0.081,
        0.024,
        -0.046,
        0.038,
        0.041,
        -0.065,
        0.127,
        -0.158,
        0.051,
        0.348,
        -0.045,
        -0.025
      ],
      [
        0.119,
        0.004,
        1.0,
        0.032,
        -0.042,
        0.032,
        -0.058,
        -0.019,
        -0.122,
        0.026,
        0.032,
        0.047,
        -0.086,
        0.73,
        0.084,
        0.022,
        0.083
      ],
      [
        0.061,
        0.101,
        0.032,
        1.0,
        0.095,
        0.072,
        -0.063,
        -0.147,
        -0.013,
        -0.068,
        -0.28,
        -0.107,
        -0.115,
        -0.005,
        0.015,
        -0.121,
        0.073
      ],
      [
        0.121,
        0.185,
        -0.042,
        0.095,
        1.0,
        0.011,
        -0.034,
        -0.04,
        -0.094,
        0.013,
        -0.044,
        -0.038,
        0.108,
        0.053,
        0.104,
        0.13,
        0.042
      ],
      [
        -0.034,
        -0.081,
        0.032,
        0.072,
        0.011,
        1.0,
        -0.027,
        0.061,
        -0.071,
        -0.078,
        0.05,
        0.002,
        -0.011,
        0.034,
        -0.044,
        0.011,
        -0.047
      ],
      [
        0.086,
        0.024,
        -0.058,
        -0.063,
        -0.034,
        -0.027,
        1.0,
        0.011,
        0.169,
        0.108,
        0.027,
        0.092,
        0.057,
        -0.036,
        -0.009,
        0.048,
        0.032
      ],
      [
        -0.054,
        -0.046,
        -0.019,
        -0.147,
        -0.04,
        0.061,
        0.011,
        1.0,
        -0.092,
        -0.027,
        0.309,
        0.107,
        0.084,
        -0.057,
        0.028,
        -0.116,
        -0.053
      ],
      [
        -0.123,
        0.038,
        -0.122,
        -0.013,
        -0.094,
        -0.071,
        0.169,
        -0.092,
        1.0,
        0.067,
        -0.037,
        0.075,
        0.019,
        -0.112,
        -0.025,
        0.055,
        0.072
      ],
      [
        0.152,
        0.041,
        0.026,
        -0.068,
        0.013,
        -0.078,
        0.108,
        -0.027,
        0.067,
        1.0,
        0.026,
        0.067,
        0.035,
        0.104,
        0.159,
        -0.041,
        0.019
      ],
      [
        0.122,
        -0.065,
        0.032,
        -0.28,
        -0.044,
        0.05,
        0.027,
        0.309,
        -0.037,
        0.026,
        1.0,
        0.13,
        0.326,
        0.071,
        0.069,
        0.203,
        -0.052
      ],
      [
        0.009,
        0.127,
        0.047,
        -0.107,
        -0.038,
        0.002,
        0.092,
        0.107,
        0.075,
        0.067,
        0.13,
        1.0,
        -0.007,
        -0.036,
        0.179,
        0.062,
        0.021
      ],
      [
        -0.145,
        -0.158,
        -0.086,
        -0.115,
        0.108,
        -0.011,
        0.057,
        0.084,
        0.019,
        0.035,
        0.326,
        -0.007,
        1.0,
        -0.031,
        0.051,
        0.299,
        -0.062
      ],
      [
        0.15,
        0.051,
        0.73,
        -0.005,
        0.053,
        0.034,
        -0.036,
        -0.057,
        -0.112,
        0.104,
        0.071,
        -0.036,
        -0.031,
        1.0,
        0.089,
        0.054,
        0.04
      ],
      [
        0.165,
        0.348,
        0.084,
        0.015,
        0.104,
        -0.044,
        -0.009,
        0.028,
        -0.025,
        0.159,
        0.069,
        0.179,
        0.051,
        0.089,
        1.0,
        0.141,
        -0.111
      ],
      [
        0.098,
        -0.045,
        0.022,
        -0.121,
        0.13,
        0.011,
        0.048,
        -0.116,
        0.055,
        -0.041,
        0.203,
        0.062,
        0.299,
        0.054,
        0.141,
        1.0,
        -0.11
      ],
      [
        -0.054,
        -0.025,
        0.083,
        0.073,
        0.042,
        -0.047,
        0.032,
        -0.053,
        0.072,
        0.019,
        -0.052,
        0.021,
        -0.062,
        0.04,
        -0.111,
        -0.11,
        1.0
      ]
    ]
  },
  "factor_correlation": {
    "factors": [
      "Market",
      "Size",
      "Value (SMID)",
      "Momentum",
      "Quality",
      "Profitability",
      "Liquidity",
      "Credit"
    ],
    "matrix": [
      [
        1.0,
        0.354,
        -0.464,
        0.363,
        -0.187,
        -0.517,
        0.309,
        0.196
      ],
      [
        0.354,
        1.0,
        -0.158,
        0.223,
        0.125,
        0.167,
        0.337,
        0.057
      ],
      [
        -0.464,
        -0.158,
        1.0,
        -0.527,
        0.264,
        0.557,
        -0.362,
        -0.14
      ],
      [
        0.363,
        0.223,
        -0.527,
        1.0,
        -0.202,
        -0.504,
        0.244,
        0.017
      ],
      [
        -0.187,
        0.125,
        0.264,
        -0.202,
        1.0,
        0.395,
        -0.219,
        -0.137
      ],
      [
        -0.517,
        0.167,
        0.557,
        -0.504,
        0.395,
        1.0,
        -0.258,
        -0.084
      ],
      [
        0.309,
        0.337,
        -0.362,
        0.244,
        -0.219,
        -0.258,
        1.0,
        0.173
      ],
      [
        0.196,
        0.057,
        -0.14,
        0.017,
        -0.137,
        -0.084,
        0.173,
        1.0
      ]
    ]
  },
  "factor_exposures": [
    {
      "ticker": "AVAV",
      "r_squared": 0.17829394301928092,
      "alpha_annual": -0.1985272023817688,
      "idio_vol_annual": 0.6630580408042085,
      "Market": 0.9937776891631017,
      "Size": 0.8349175774773652,
      "Value (SMID)": -2.1952114715828905,
      "Momentum": -0.6430928892409087,
      "Quality": -1.4173965073732857,
      "Profitability": 0.018352184358868706,
      "Liquidity": 0.023323411907117286,
      "Credit": -1.6779654460203342
    },
    {
      "ticker": "BABA",
      "r_squared": 0.14795160521187978,
      "alpha_annual": -0.29942220417073906,
      "idio_vol_annual": 0.39740667406309504,
      "Market": 1.1655939212221946,
      "Size": 0.1863020860518611,
      "Value (SMID)": 0.22935665230574884,
      "Momentum": -0.09248576567501032,
      "Quality": -0.16090952601952485,
      "Profitability": -0.24943577725209076,
      "Liquidity": 0.19037442308112323,
      "Credit": 0.9335463125421012
    },
    {
      "ticker": "CEG",
      "r_squared": 0.2552812110221775,
      "alpha_annual": -0.4015350367431982,
      "idio_vol_annual": 0.4031811541584423,
      "Market": 0.7484289163610232,
      "Size": 0.3275200128996524,
      "Value (SMID)": -0.3830311122083771,
      "Momentum": 0.8129056283909002,
      "Quality": -0.7043327202070041,
      "Profitability": -0.612179680801482,
      "Liquidity": -0.28036584392417363,
      "Credit": -0.7700928121858652
    },
    {
      "ticker": "CMI",
      "r_squared": 0.4882955703878932,
      "alpha_annual": 0.3657001048611982,
      "idio_vol_annual": 0.2332067621622582,
      "Market": 1.129114517132424,
      "Size": 0.8491559086224149,
      "Value (SMID)": 0.4186118171975737,
      "Momentum": 0.7717089181693673,
      "Quality": 0.42676381826857723,
      "Profitability": -0.21952983258637146,
      "Liquidity": -0.32446295179094664,
      "Credit": 0.9155067840852484
    },
    {
      "ticker": "CRWV",
      "r_squared": 0.2895319435247673,
      "alpha_annual": -1.0913868538754294,
      "idio_vol_annual": 0.8197997591986851,
      "Market": 1.160310722544447,
      "Size": 0.5368189328112719,
      "Value (SMID)": -1.9487793164230407,
      "Momentum": 1.289344854622322,
      "Quality": -4.894495496621564,
      "Profitability": 0.15625578996952288,
      "Liquidity": 0.6524818828501083,
      "Credit": 1.2685252416860295
    },
    {
      "ticker": "GENC",
      "r_squared": 0.3333736317848145,
      "alpha_annual": -0.45324648074806884,
      "idio_vol_annual": 0.32712084697580296,
      "Market": 1.4267034368341498,
      "Size": 1.15912687913739,
      "Value (SMID)": 1.1730679308297602,
      "Momentum": 0.0010600792595980568,
      "Quality": -0.4950032736514161,
      "Profitability": 0.13611720288533077,
      "Liquidity": -0.15552167503862113,
      "Credit": 0.5588590797411686
    },
    {
      "ticker": "GRPN",
      "r_squared": 0.1533746485623273,
      "alpha_annual": -1.108038198992963,
      "idio_vol_annual": 0.6279175526285642,
      "Market": 1.8072474676100119,
      "Size": 0.2545538283144791,
      "Value (SMID)": -0.8665071276007676,
      "Momentum": -0.12663387284184624,
      "Quality": -1.8963658187855115,
      "Profitability": 1.4051208015481187,
      "Liquidity": 0.1552980237518471,
      "Credit": 1.7082055847492776
    },
    {
      "ticker": "JAKK",
      "r_squared": 0.2889765525257335,
      "alpha_annual": -0.32089891918723257,
      "idio_vol_annual": 0.3607404198961537,
      "Market": 1.4199965000001478,
      "Size": 0.9777380563310482,
      "Value (SMID)": 0.8306308414698864,
      "Momentum": -0.3568655148294854,
      "Quality": 1.5393225243204582,
      "Profitability": -0.2474509303796049,
      "Liquidity": 0.43660745196386047,
      "Credit": -0.3271748350881714
    },
    {
      "ticker": "KSPI",
      "r_squared": 0.2265188286373272,
      "alpha_annual": -0.2589677119745024,
      "idio_vol_annual": 0.31617041405437274,
      "Market": 1.27194123743063,
      "Size": 0.3998805324235927,
      "Value (SMID)": -0.32948332295374405,
      "Momentum": -0.6220245510215408,
      "Quality": 0.14511914277809498,
      "Profitability": 0.12602564633528868,
      "Liquidity": -0.0607891176966433,
      "Credit": 0.4194457143404444
    },
    {
      "ticker": "OPEN",
      "r_squared": 0.11730777975634044,
      "alpha_annual": 1.317354439586279,
      "idio_vol_annual": 1.360553479919372,
      "Market": 2.936725104998358,
      "Size": 1.22776157789257,
      "Value (SMID)": -1.7795284954045625,
      "Momentum": -1.64857293166216,
      "Quality": 1.5505114746717223,
      "Profitability": 1.0470715497362657,
      "Liquidity": 1.7528672810459833,
      "Credit": -2.973199868232176
    },
    {
      "ticker": "PRGS",
      "r_squared": 0.18940748516959804,
      "alpha_annual": -1.0097504276855362,
      "idio_vol_annual": 0.4441141500518946,
      "Market": 1.9078637069880087,
      "Size": -0.3953104258237674,
      "Value (SMID)": -0.5437245145628318,
      "Momentum": -1.0854623921849513,
      "Quality": -0.8462799670360177,
      "Profitability": 1.526894511036051,
      "Liquidity": 0.1664616936681414,
      "Credit": -0.5029622665743011
    },
    {
      "ticker": "PYPL",
      "r_squared": 0.31139081860879014,
      "alpha_annual": -0.8065825592276177,
      "idio_vol_annual": 0.3357746825073433,
      "Market": 1.9063398744726183,
      "Size": -0.42618428723930735,
      "Value (SMID)": -0.9575754581308089,
      "Momentum": -0.989622543945311,
      "Quality": 1.4783157183798812,
      "Profitability": 0.7809751276204072,
      "Liquidity": 0.4582555926502646,
      "Credit": -0.16579847683926308
    },
    {
      "ticker": "VIA",
      "r_squared": 0.13144660520510043,
      "alpha_annual": -1.7188940245536453,
      "idio_vol_annual": 0.6843751533724444,
      "Market": 1.3069458875004287,
      "Size": 0.32514070518598664,
      "Value (SMID)": -1.6031552768308621,
      "Momentum": -1.428818678630867,
      "Quality": -1.8238257379749727,
      "Profitability": 0.6420827654561054,
      "Liquidity": 0.5222501746404842,
      "Credit": -1.1225730046760036
    },
    {
      "ticker": "VST",
      "r_squared": 0.2794379995644396,
      "alpha_annual": -0.3859407645116675,
      "idio_vol_annual": 0.41102314545412627,
      "Market": 0.5915095160377879,
      "Size": 0.7094552091455338,
      "Value (SMID)": -0.6257760179699583,
      "Momentum": 0.8441538392105542,
      "Quality": -1.642052309330863,
      "Profitability": -0.4967186038356767,
      "Liquidity": -0.6432712361454886,
      "Credit": -0.6237406978090604
    },
    {
      "ticker": "XNET",
      "r_squared": 0.1704526921544831,
      "alpha_annual": -0.8049811511247827,
      "idio_vol_annual": 0.7252979391004722,
      "Market": 2.0606959994379457,
      "Size": 0.13289503953315762,
      "Value (SMID)": -0.7190295902257702,
      "Momentum": -0.5865759777082213,
      "Quality": 0.09897377749130559,
      "Profitability": 0.5752565336721407,
      "Liquidity": 1.3195048760906656,
      "Credit": 2.2164862911236973
    },
    {
      "ticker": "ZS",
      "r_squared": 0.09434456353275056,
      "alpha_annual": -0.9902776359298687,
      "idio_vol_annual": 0.5952429253297404,
      "Market": 1.344611279089016,
      "Size": -0.4127819080285587,
      "Value (SMID)": -1.2362778452534395,
      "Momentum": -1.1369277376631297,
      "Quality": -1.0378576443358136,
      "Profitability": 0.8366612705730709,
      "Liquidity": 0.1023024219430802,
      "Credit": -0.023193471222322154
    },
    {
      "ticker": "ZTS",
      "r_squared": 0.17604998323862753,
      "alpha_annual": -0.9655270388436931,
      "idio_vol_annual": 0.3416887708754419,
      "Market": 1.4222077112507348,
      "Size": -0.011141553615349464,
      "Value (SMID)": 0.09193475974087462,
      "Momentum": -0.11731129838618887,
      "Quality": 1.3781950774330367,
      "Profitability": 0.9285533354447795,
      "Liquidity": 0.16910481378252257,
      "Credit": -0.6254215635133062
    }
  ],
  "portfolio_factor_exposure": {
    "loadings": {
      "Market": 1.489439152649301,
      "Size": 0.33863653226990814,
      "Value (SMID)": -0.6448145519150107,
      "Momentum": -0.3920378174863009,
      "Quality": -0.65401993538293,
      "Profitability": 0.5220731441523919,
      "Liquidity": 0.26876701006977666,
      "Credit": 0.3847671747693524
    },
    "alpha_annual": -0.6821686458611335,
    "r_squared_weighted": 0.21095903184114428
  },
  "stress_tests": [
    {
      "scenario": "COVID Crash (Feb-Mar 2020)",
      "market_move": -0.339,
      "portfolio_impact": -0.5357019230875015,
      "stressed_nav": 447833.4027365635,
      "pnl": -516705.16635374556,
      "description": "Rapid 33.9% selloff in SPY over 23 trading days as COVID-19 spread."
    },
    {
      "scenario": "2022 Rate Shock (Jan-Oct)",
      "market_move": -0.252,
      "portfolio_impact": -0.3982208985783197,
      "stressed_nav": 580439.1533937195,
      "pnl": -384099.4156965896,
      "description": "Grinding 9-month decline as the Fed hiked rates aggressively."
    },
    {
      "scenario": "GFC 2008-09",
      "market_move": -0.565,
      "portfolio_impact": -0.8928365384791691,
      "stressed_nav": 103363.29183406662,
      "pnl": -861175.2772562425,
      "description": "Credit crisis bear market; SPY drew down 56.5% from Oct 2007 peak."
    },
    {
      "scenario": "Dot-Com Bust (2000-02)",
      "market_move": -0.491,
      "portfolio_impact": -0.7758986555633134,
      "stressed_nav": 216154.3900941762,
      "pnl": -748384.1789961329,
      "description": "Tech bubble burst; SPY -49.1% peak-to-trough over 30 months."
    },
    {
      "scenario": "Black Monday (Oct 1987)",
      "market_move": -0.204,
      "portfolio_impact": -0.3223692988491159,
      "stressed_nav": 653600.9468597366,
      "pnl": -310937.6222305725,
      "description": "Flash crash; -20.4% on a single trading day."
    },
    {
      "scenario": "Aug 2024 Yen Carry Unwind",
      "market_move": -0.084,
      "portfolio_impact": -0.13274029952610658,
      "stressed_nav": 836505.4305247793,
      "pnl": -128033.13856552984,
      "description": "Yen carry unwind shock; SPY -8.4% in one week."
    }
  ],
  "monte_carlo": {
    "horizon_days": 21,
    "n_paths": 10000,
    "current_nav": 964538.5690903091,
    "terminal_return": {
      "p5": -0.15661802331845107,
      "p25": -0.0827414234866651,
      "p50": -0.029359001430874276,
