{
  "generated_at": "2026-06-10T21:25:25.569491Z",
  "market_session": "AFTER",
  "fund_name": "Convex Capital",
  "tagline": "Lose small. Win big. \u2014 Paper-traded portfolio. Hypothetical performance for educational purposes only.",
  "summary": {
    "nav": 952696.1350000001,
    "cash": 49780.460000000036,
    "equity": 902915.675,
    "deposits": 1000000.0,
    "total_return": -0.047303864999999834,
    "realized_pnl": 0.0,
    "open_positions": 17
  },
  "metrics": {
    "annualized_return": -0.3018068373512325,
    "annualized_vol": 0.28691220342345,
    "sharpe": -1.051913560141601,
    "sortino": -1.4185868690953385,
    "max_drawdown": -0.4237169082498721,
    "var_95_1d": -0.036798873422229976,
    "method": "Synthetic: current weights \u00d7 each holding's 252-day return history.",
    "beta_spy": 1.5274385869985168,
    "data_basis": "synthetic_252d",
    "days_of_live_nav": 8
  },
  "nav_curve": [
    {
      "date": "2026-06-01",
      "value": 999876.7628759766
    },
    {
      "date": "2026-06-02",
      "value": 1004058.1192620469
    },
    {
      "date": "2026-06-03",
      "value": 988718.7906235124
    },
    {
      "date": "2026-06-04",
      "value": 1000919.7487734223
    },
    {
      "date": "2026-06-05",
      "value": 963668.4124958802
    },
    {
      "date": "2026-06-08",
      "value": 962233.467066555
    },
    {
      "date": "2026-06-09",
      "value": 964786.7426919556
    },
    {
      "date": "2026-06-10",
      "value": 952696.133128605
    }
  ],
  "drawdown_curve": [
    {
      "date": "2026-06-01",
      "value": 0.0
    },
    {
      "date": "2026-06-02",
      "value": 0.0
    },
    {
      "date": "2026-06-03",
      "value": -0.015277331405684446
    },
    {
      "date": "2026-06-04",
      "value": -0.003125686081729177
    },
    {
      "date": "2026-06-05",
      "value": -0.040226462981895875
    },
    {
      "date": "2026-06-08",
      "value": -0.04165560876718144
    },
    {
      "date": "2026-06-09",
      "value": -0.03911265276053396
    },
    {
      "date": "2026-06-10",
      "value": -0.05115439549574227
    }
  ],
  "benchmarks": {
    "SPY": [
      {
        "date": "2026-06-01",
        "value": 0.0
      },
      {
        "date": "2026-06-02",
        "value": 0.0013579103629497435
      },
      {
        "date": "2026-06-03",
        "value": -0.005668768842152949
      },
      {
        "date": "2026-06-04",
        "value": -0.0019115026417536596
      },
      {
        "date": "2026-06-05",
        "value": -0.027671567540792585
      },
      {
        "date": "2026-06-08",
        "value": -0.02546999220062507
      },
      {
        "date": "2026-06-09",
        "value": -0.028330728579740505
      },
      {
        "date": "2026-06-10",
        "value": -0.04364962468776956
      }
    ],
    "IWM": [
      {
        "date": "2026-06-01",
        "value": 0.0
      },
      {
        "date": "2026-06-02",
        "value": 0.009273972502921835
      },
      {
        "date": "2026-06-03",
        "value": -0.004533177066893157
      },
      {
        "date": "2026-06-04",
        "value": 0.010485150059186044
      },
      {
        "date": "2026-06-05",
        "value": -0.02536513534214846
      },
      {
        "date": "2026-06-08",
        "value": -0.01685246539421037
      },
      {
        "date": "2026-06-09",
        "value": -0.01370344598970763
      },
      {
        "date": "2026-06-10",
        "value": -0.023980977679758042
      }
    ]
  },
  "holdings": [
    {
      "ticker": "GRPN",
      "company": "Groupon, Inc.",
      "sector": "Communication Services",
      "country": "United States",
      "shares": 11310.0,
      "price": 16.09,
      "cost_basis": 17.682836427939876,
      "market_value": 181977.9,
      "unrealized_pnl": -18014.979999999992,
      "short_percent_of_float": 0.56310004,
      "short_ratio": 5.75
    },
    {
      "ticker": "KSPI",
      "company": "Joint Stock Company Kaspi.kz",
      "sector": "Technology",
      "country": "Kazakhstan",
      "shares": 1515.0,
      "price": 78.575,
      "cost_basis": 82.53049504950495,
      "market_value": 119041.125,
      "unrealized_pnl": -5992.574999999994,
      "short_percent_of_float": 0.0159,
      "short_ratio": 3.24
    },
    {
      "ticker": "TENB",
      "company": "Tenable Holdings, Inc.",
      "sector": "Technology",
      "country": "United States",
      "shares": 2916.0,
      "price": 26.8,
      "cost_basis": 25.719999999999995,
      "market_value": 78148.8,
      "unrealized_pnl": 3149.2800000000157,
      "short_percent_of_float": 0.129,
      "short_ratio": 3.05
    },
    {
      "ticker": "JAKK",
      "company": "JAKKS Pacific, Inc.",
      "sector": "Consumer Cyclical",
      "country": "United States",
      "shares": 3436.0,
      "price": 22.02,
      "cost_basis": 21.83,
      "market_value": 75660.72,
      "unrealized_pnl": 652.8400000000044,
      "short_percent_of_float": 0.039100002,
      "short_ratio": 7.32
    },
    {
      "ticker": "VIA",
      "company": "Via Transportation, Inc.",
      "sector": "Technology",
      "country": "United States",
      "shares": 4921.0,
      "price": 14.74,
      "cost_basis": 15.241408250355619,
      "market_value": 72535.54000000001,
      "unrealized_pnl": -2467.429999999999,
      "short_percent_of_float": 0.13520001,
      "short_ratio": 6.88
    },
    {
      "ticker": "ZS",
      "company": "Zscaler, Inc.",
      "sector": "Technology",
      "country": "United States",
      "shares": 549.0,
      "price": 124.73,
      "cost_basis": 136.8013843351548,
      "market_value": 68476.77,
      "unrealized_pnl": -6627.189999999987,
      "short_percent_of_float": 0.114700004,
      "short_ratio": 2.09
    },
    {
      "ticker": "XNET",
      "company": "Xunlei Limited",
      "sector": "Technology",
      "country": "China",
      "shares": 10526.0,
      "price": 4.94,
      "cost_basis": 4.75,
      "market_value": 51998.44,
      "unrealized_pnl": 1999.9400000000041,
      "short_percent_of_float": 0.0377,
      "short_ratio": 6.03
    },
    {
      "ticker": "CMI",
      "company": "Cummins Inc.",
      "sector": "Industrials",
      "country": "United States",
      "shares": 78.0,
      "price": 630.52,
      "cost_basis": 643.5,
      "market_value": 49180.56,
      "unrealized_pnl": -1012.4400000000014,
      "short_percent_of_float": 0.0171,
      "short_ratio": 2.07
    },
    {
      "ticker": "CRWV",
      "company": "CoreWeave, Inc.",
      "sector": "Technology",
      "country": "United States",
      "shares": 468.0,
      "price": 95.61,
      "cost_basis": 106.78134615384614,
      "market_value": 44745.48,
      "unrealized_pnl": -5228.189999999996,
      "short_percent_of_float": 0.18190001,
      "short_ratio": 1.91
    },
    {
      "ticker": "BABA",
      "company": "Alibaba Group Holding Limited",
      "sector": "Consumer Cyclical",
      "country": "Hong Kong",
      "shares": 299.0,
      "price": 115.38,
      "cost_basis": 125.39999999999999,
      "market_value": 34498.619999999995,
      "unrealized_pnl": -2995.9799999999987,
      "short_percent_of_float": 0.0165,
      "short_ratio": 3.21
    },
    {
      "ticker": "PYPL",
      "company": "PayPal Holdings, Inc.",
      "sector": "Financial Services",
      "country": "United States",
      "shares": 830.0,
      "price": 40.7,
      "cost_basis": 45.19,
      "market_value": 33781.0,
      "unrealized_pnl": -3726.6999999999957,
      "short_percent_of_float": 0.0626,
      "short_ratio": 3.16
    },
    {
      "ticker": "ZTS",
      "company": "Zoetis Inc.",
      "sector": "Healthcare",
      "country": "United States",
      "shares": 312.0,
      "price": 81.29,
      "cost_basis": 80.09,
      "market_value": 25362.480000000003,
      "unrealized_pnl": 374.4000000000009,
      "short_percent_of_float": 0.0363,
      "short_ratio": 1.45
    },
    {
      "ticker": "AVAV",
      "company": "AeroVironment, Inc.",
      "sector": "Industrials",
      "country": "United States",
      "shares": 122.0,
      "price": 172.93,
      "cost_basis": 204.09,
      "market_value": 21097.46,
      "unrealized_pnl": -3801.5199999999995,
      "short_percent_of_float": 0.120699994,
      "short_ratio": 3.48
    },
    {
      "ticker": "GENC",
      "company": "Gencor Industries, Inc.",
      "sector": "Industrials",
      "country": "United States",
      "shares": 873.0,
      "price": 14.86,
      "cost_basis": 14.32,
      "market_value": 12972.779999999999,
      "unrealized_pnl": 471.4199999999993,
      "short_percent_of_float": 0.0064,
      "short_ratio": 2.39
    },
    {
      "ticker": "CEG",
      "company": "Constellation Energy Corporation",
      "sector": "Utilities",
      "country": "United States",
      "shares": 47.0,
      "price": 242.3,
      "cost_basis": 265.7,
      "market_value": 11388.1,
      "unrealized_pnl": -1099.7999999999988,
      "short_percent_of_float": 0.036,
      "short_ratio": 3.46
    },
    {
      "ticker": "VST",
      "company": "Vistra Corp.",
      "sector": "Utilities",
      "country": "United States",
      "shares": 81.0,
      "price": 138.54,
      "cost_basis": 154.76,
      "market_value": 11221.74,
      "unrealized_pnl": -1313.82,
      "short_percent_of_float": 0.0539,
      "short_ratio": 2.73
    },
    {
      "ticker": "OPEN",
      "company": "Opendoor Technologies Inc.",
      "sector": "Real Estate",
      "country": "United States",
      "shares": 2417.0,
      "price": 4.48,
      "cost_basis": 5.171402565163425,
      "market_value": 10828.160000000002,
      "unrealized_pnl": -1671.1199999999972,
      "short_percent_of_float": 0.16149999,
      "short_ratio": 3.77
    }
  ],
  "sector_exposure": [
    {
      "name": "Technology",
      "value": 434946.155,
      "pct": 0.45654237381785956
    },
    {
      "name": "Communication Services",
      "value": 181977.9,
      "pct": 0.19101358063135207
    },
    {
      "name": "Consumer Cyclical",
      "value": 110159.34,
      "pct": 0.11562904052297848
    },
    {
      "name": "Industrials",
      "value": 83250.79999999999,
      "pct": 0.08738442084684218
    },
    {
      "name": "Cash",
      "value": 49780.460000000036,
      "pct": 0.05225219056861192
    },
    {
      "name": "Financial Services",
      "value": 33781.0,
      "pct": 0.03545831536306169
    },
    {
      "name": "Healthcare",
      "value": 25362.480000000003,
      "pct": 0.02662179373699254
    },
    {
      "name": "Utilities",
      "value": 22609.84,
      "pct": 0.02373247793222127
    },
    {
      "name": "Real Estate",
      "value": 10828.160000000002,
      "pct": 0.011365806580080228
    }
  ],
  "geographic_exposure": [
    {
      "name": "United States",
      "value": 697377.49,
      "pct": 0.7320041137775791
    },
    {
      "name": "Kazakhstan",
      "value": 119041.125,
      "pct": 0.12495182947288852
    },
    {
      "name": "China",
      "value": 51998.44,
      "pct": 0.05458029910030022
    },
    {
      "name": "Cash",
      "value": 49780.460000000036,
      "pct": 0.05225219056861192
    },
    {
      "name": "Hong Kong",
      "value": 34498.619999999995,
      "pct": 0.03621156708062009
    }
  ],
  "signals": [
    {
      "ticker": "AVAV",
      "label": "STRONG SELL",
      "composite": -2.0,
      "rsi": 43.8,
      "subs": {
        "rsi": 0.0,
        "macd": -0.5,
        "trend": -0.5,
        "bb": -0.5,
        "vol": 0.0,
        "range": -0.5
      }
    },
    {
      "ticker": "BABA",
      "label": "STRONG SELL",
      "composite": -2.0,
      "rsi": 31.7,
      "subs": {
        "rsi": 0.0,
        "macd": -0.5,
        "trend": -0.5,
        "bb": -0.5,
        "vol": 0.0,
        "range": -0.5
      }
    },
    {
      "ticker": "CEG",
      "label": "STRONG SELL",
      "composite": -2.0,
      "rsi": 32.2,
      "subs": {
        "rsi": 0.0,
        "macd": -0.5,
        "trend": -0.5,
        "bb": -0.5,
        "vol": 0.0,
        "range": -0.5
      }
    },
    {
      "ticker": "CMI",
      "label": "SELL",
      "composite": -1.5,
      "rsi": 42.9,
      "subs": {
        "rsi": 0.0,
        "macd": -0.5,
        "trend": 0.0,
        "bb": -0.5,
        "vol": 0.0,
        "range": -0.5
      }
    },
    {
      "ticker": "CRWV",
      "label": "SELL",
      "composite": -1.5,
      "rsi": 40.5,
      "subs": {
        "rsi": 0.0,
        "macd": -0.5,
        "trend": 0.0,
        "bb": -0.5,
        "vol": 0.0,
        "range": -0.5
      }
    },
    {
      "ticker": "GENC",
      "label": "STRONG BUY",
      "composite": 2.0,
      "rsi": 52.5,
      "subs": {
        "rsi": 0.5,
        "macd": 0.5,
        "trend": 0.5,
        "bb": 0.5,
        "vol": 0.0,
        "range": 0.0
      }
    },
    {
      "ticker": "GRPN",
      "label": "SELL",
      "composite": -1.5,
      "rsi": 44.4,
      "subs": {
        "rsi": 0.0,
        "macd": -0.5,
        "trend": 0.0,
        "bb": -0.5,
        "vol": 0.0,
        "range": -0.5
      }
    },
    {
      "ticker": "JAKK",
      "label": "LEAN BULL",
      "composite": 0.5,
      "rsi": 52.7,
      "subs": {
        "rsi": 0.5,
        "macd": -0.5,
        "trend": 0.5,
        "bb": 0.5,
        "vol": -0.5,
        "range": 0.0
      }
    },
    {
      "ticker": "KSPI",
      "label": "SELL",
      "composite": -1.5,
      "rsi": 31.2,
      "subs": {
        "rsi": 0.0,
        "macd": -0.5,
        "trend": 0.0,
        "bb": -0.5,
        "vol": 0.0,
        "range": -0.5
      }
    },
    {
      "ticker": "OPEN",
      "label": "STRONG SELL",
      "composite": -2.0,
      "rsi": 43.7,
      "subs": {
        "rsi": 0.0,
        "macd": -0.5,
        "trend": -0.5,
        "bb": -0.5,
        "vol": 0.0,
        "range": -0.5
      }
    },
    {
      "ticker": "PYPL",
      "label": "STRONG SELL",
      "composite": -2.0,
      "rsi": 28.1,
      "subs": {
        "rsi": -0.5,
        "macd": -0.5,
        "trend": -0.5,
        "bb": 0.0,
        "vol": 0.0,
        "range": -0.5
      }
    },
    {
      "ticker": "TENB",
      "label": "LEAN BULL",
      "composite": 0.5,
      "rsi": 56.9,
      "subs": {
        "rsi": 0.5,
        "macd": -0.5,
        "trend": 0.0,
        "bb": 0.5,
        "vol": 0.0,
        "range": 0.0
      }
    },
    {
      "ticker": "VIA",
      "label": "NEUTRAL",
      "composite": 0.0,
      "rsi": 46.6,
      "subs": {
        "rsi": 0.5,
        "macd": 0.5,
        "trend": -0.5,
        "bb": -0.5,
        "vol": 0.0,
        "range": 0.0
      }
    },
    {
      "ticker": "VST",
      "label": "STRONG SELL",
      "composite": -2.0,
      "rsi": 36.5,
      "subs": {
        "rsi": 0.0,
        "macd": -0.5,
        "trend": -0.5,
        "bb": -0.5,
        "vol": 0.0,
        "range": -0.5
      }
    },
    {
      "ticker": "XNET",
      "label": "SELL",
      "composite": -1.5,
      "rsi": 37.3,
      "subs": {
        "rsi": 0.0,
        "macd": -0.5,
        "trend": -0.5,
        "bb": -0.5,
        "vol": 0.5,
        "range": -0.5
      }
    },
    {
      "ticker": "ZS",
      "label": "STRONG SELL",
      "composite": -2.0,
      "rsi": 39.6,
      "subs": {
        "rsi": 0.0,
        "macd": -0.5,
        "trend": -0.5,
        "bb": -0.5,
        "vol": 0.0,
        "range": -0.5
      }
    },
    {
      "ticker": "ZTS",
      "label": "BUY",
      "composite": 1.0,
      "rsi": 40.4,
      "subs": {
        "rsi": 0.0,
        "macd": 0.5,
        "trend": -0.5,
        "bb": 0.5,
        "vol": 0.0,
        "range": 0.5
      }
    }
  ],
  "volatility": [
    {
      "ticker": "AVAV",
      "hv20": 0.9067625310469881,
      "garch": 0.7323234593549652,
      "expansion": -0.19237569453890846,
      "regime": "HIGH",
      "signal": "WEAK"
    },
    {
      "ticker": "BABA",
      "hv20": 0.4795099779082194,
      "garch": 0.43499651317729826,
      "expansion": -0.09283115426524295,
      "regime": "HIGH",
      "signal": "WEAK"
    },
    {
      "ticker": "CEG",
      "hv20": 0.5626367767837654,
      "garch": 0.5660511164792635,
      "expansion": 0.006068461637036398,
      "regime": "HIGH",
      "signal": "WEAK"
    },
    {
      "ticker": "CMI",
      "hv20": 0.46052124554993196,
      "garch": 0.4242712309831171,
      "expansion": -0.07871518397273262,
      "regime": "HIGH",
      "signal": "WEAK"
    },
    {
      "ticker": "CRWV",
      "hv20": 0.7852091353625715,
      "garch": 0.9623497550563807,
      "expansion": 0.22559673813781364,
      "regime": "LOW",
      "signal": "SIGNAL"
    },
    {
      "ticker": "GENC",
      "hv20": 0.3943765339121875,
      "garch": 0.41907764426549554,
      "expansion": 0.06263331671454876,
      "regime": "NORMAL",
      "signal": "WEAK"
    },
    {
      "ticker": "GRPN",
      "hv20": 0.8643744754856382,
      "garch": 0.7912161921432831,
      "expansion": -0.0846372555150382,
      "regime": "HIGH",
      "signal": "WEAK"
    },
    {
      "ticker": "JAKK",
      "hv20": 0.22510934069464156,
      "garch": 0.4607387383579973,
      "expansion": 1.0467330983967675,
      "regime": "LOW",
      "signal": "SIGNAL"
    },
    {
      "ticker": "KSPI",
      "hv20": 0.2779939726356587,
      "garch": 0.33667253986764617,
      "expansion": 0.2110785592783052,
      "regime": "NORMAL",
      "signal": "SIGNAL"
    },
    {
      "ticker": "OPEN",
      "hv20": 0.7374688151785717,
      "garch": 0.8666351635796024,
      "expansion": 0.17514821744666476,
      "regime": "NORMAL",
      "signal": "BASE"
    },
    {
      "ticker": "PYPL",
      "hv20": 0.2369795701655995,
      "garch": 0.4195659616930136,
      "expansion": 0.7704731315016906,
      "regime": "LOW",
      "signal": "SIGNAL"
    },
    {
      "ticker": "TENB",
      "hv20": 0.7000650688420246,
      "garch": 0.5512457571982522,
      "expansion": -0.2125792562253305,
      "regime": "EXTREME",
      "signal": "WEAK"
    },
    {
      "ticker": "VIA",
      "hv20": 0.768855776883299,
      "garch": null,
      "expansion": null,
      "regime": "NORMAL",
      "signal": "WEAK"
    },
    {
      "ticker": "VST",
      "hv20": 0.5075848017357636,
      "garch": 0.5740396457433925,
      "expansion": 0.1309236284860706,
      "regime": "HIGH",
      "signal": "BASE"
    },
    {
      "ticker": "XNET",
      "hv20": 0.7203825695099522,
      "garch": 0.7119820418544247,
      "expansion": -0.011661203381478266,
      "regime": "HIGH",
      "signal": "WEAK"
    },
    {
      "ticker": "ZS",
      "hv20": 1.57968530999955,
      "garch": 0.43877862092367637,
      "expansion": -0.7222366897089134,
      "regime": "EXTREME",
      "signal": "WEAK"
    },
    {
      "ticker": "ZTS",
      "hv20": 0.3227491472401234,
      "garch": 0.3248664135346357,
      "expansion": 0.006560098803102574,
      "regime": "HIGH",
      "signal": "WEAK"
    }
  ],
  "correlation": {
    "tickers": [
      "AVAV",
      "BABA",
      "CEG",
      "CMI",
      "CRWV",
      "GENC",
      "GRPN",
      "JAKK",
      "KSPI",
      "OPEN",
      "PYPL",
      "TENB",
      "VIA",
      "VST",
      "XNET",
      "ZS",
      "ZTS"
    ],
    "matrix": [
      [
        1.0,
        0.133,
        0.263,
        0.249,
        0.31,
        0.096,
        0.23,
        0.081,
        0.097,
        0.333,
        0.199,
        0.194,
        0.033,
        0.302,
        0.327,
        0.176,
        0.06
      ],
      [
        0.133,
        1.0,
        0.188,
        0.345,
        0.354,
        0.133,
        0.195,
        0.115,
        0.21,
        0.19,
        0.247,
        0.063,
        -0.038,
        0.235,
        0.473,
        0.039,
        0.077
      ],
      [
        0.263,
        0.188,
        1.0,
        0.321,
        0.219,
        0.151,
        0.085,
        0.089,
        0.049,
        0.186,
        0.127,
        0.061,
        0.004,
        0.797,
        0.245,
        0.041,
        0.124
      ],
      [
        0.249,
        0.345,
        0.321,
        1.0,
        0.367,
        0.36,
        0.191,
        0.146,
        0.225,
        0.187,
        0.072,
        -0.054,
        0.003,
        0.336,
        0.304,
        -0.053,
        0.197
      ],
      [
        0.31,
        0.354,
        0.219,
        0.367,
        1.0,
        0.119,
        0.166,
        0.059,
        0.134,
        0.238,
        0.132,
        0.12,
        0.224,
        0.311,
        0.369,
        0.183,
        0.082
      ],
      [
        0.096,
        0.133,
        0.151,
        0.36,
        0.119,
        1.0,
        0.162,
        0.315,
        0.154,
        0.13,
        0.1,
        0.164,
        0.065,
        0.175,
        0.168,
        0.051,
        0.156
      ],
      [
        0.23,
        0.195,
        0.085,
        0.191,
        0.166,
        0.162,
        1.0,
        0.15,
        0.329,
        0.303,
        0.264,
        0.249,
        0.177,
        0.119,
        0.221,
        0.147,
        0.165
      ],
      [
        0.081,
        0.115,
        0.089,
        0.146,
        0.059,
        0.315,
        0.15,
        1.0,
        0.105,
        0.139,
        0.214,
        -0.035,
        0.143,
        0.059,
        0.197,
        -0.052,
        0.138
      ],
      [
        0.097,
        0.21,
        0.049,
        0.225,
        0.134,
        0.154,
        0.329,
        0.105,
        1.0,
        0.247,
        0.251,
        0.268,
        0.151,
        0.08,
        0.187,
        0.157,
        0.19
      ],
      [
        0.333,
        0.19,
        0.186,
        0.187,
        0.238,
        0.13,
        0.303,
        0.139,
        0.247,
        1.0,
        0.237,
        0.119,
        0.164,
        0.255,
        0.343,
        0.063,
        0.163
      ],
      [
        0.199,
        0.247,
        0.127,
        0.072,
        0.132,
        0.1,
        0.264,
        0.214,
        0.251,
        0.237,
        1.0,
        0.36,
        0.158,
        0.068,
        0.326,
        0.205,
        0.171
      ],
      [
        0.194,
        0.063,
        0.061,
        -0.054,
        0.12,
        0.164,
        0.249,
        -0.035,
        0.268,
        0.119,
        0.36,
        1.0,
        0.336,
        0.074,
        0.161,
        0.561,
        0.092
      ],
      [
        0.033,
        -0.038,
        0.004,
        0.003,
        0.224,
        0.065,
        0.177,
        0.143,
        0.151,
        0.164,
        0.158,
        0.336,
        1.0,
        0.058,
        0.189,
        0.369,
        0.022
      ],
      [
        0.302,
        0.235,
        0.797,
        0.336,
        0.311,
        0.175,
        0.119,
        0.059,
        0.08,
        0.255,
        0.068,
        0.074,
        0.058,
        1.0,
        0.265,
        0.07,
        0.092
      ],
      [
        0.327,
        0.473,
        0.245,
        0.304,
        0.369,
        0.168,
        0.221,
        0.197,
        0.187,
        0.343,
        0.326,
        0.161,
        0.189,
        0.265,
        1.0,
        0.219,
        0.043
      ],
      [
        0.176,
        0.039,
        0.041,
        -0.053,
        0.183,
        0.051,
        0.147,
        -0.052,
        0.157,
        0.063,
        0.205,
        0.561,
        0.369,
        0.07,
        0.219,
        1.0,
        -0.036
      ],
      [
        0.06,
        0.077,
        0.124,
        0.197,
        0.082,
        0.156,
        0.165,
        0.138,
        0.19,
        0.163,
        0.171,
        0.092,
        0.022,
        0.092,
        0.043,
        -0.036,
        1.0
      ]
    ]
  },
  "residual_correlation": {
    "tickers": [
      "AVAV",
      "BABA",
      "CEG",
      "CMI",
      "CRWV",
      "GENC",
      "GRPN",
      "JAKK",
      "KSPI",
      "OPEN",
      "PYPL",
      "TENB",
      "VIA",
      "VST",
      "XNET",
      "ZS",
      "ZTS"
    ],
    "matrix": [
      [
        1.0,
        -0.014,
        0.114,
        0.058,
        0.118,
        -0.035,
        0.079,
        -0.058,
        -0.109,
        0.149,
        0.008,
        0.081,
        -0.138,
        0.146,
        0.156,
        0.103,
        -0.062
      ],
      [
        -0.014,
        1.0,
        0.012,
        0.107,
        0.186,
        -0.079,
        0.025,
        -0.046,
        0.033,
        0.035,
        0.122,
        -0.055,
        -0.164,
        0.059,
        0.341,
        -0.051,
        -0.021
      ],
      [
        0.114,
        0.012,
        1.0,
        0.037,
        -0.041,
        0.031,
        -0.059,
        -0.014,
        -0.124,
        0.025,
        0.039,
        -0.018,
        -0.095,
        0.731,
        0.081,
        0.016,
        0.083
      ],
      [
        0.058,
        0.107,
        0.037,
        1.0,
        0.083,
        0.069,
        -0.066,
        -0.143,
        -0.028,
        -0.087,
        -0.105,
        -0.272,
        -0.129,
        0.01,
        -0.003,
        -0.128,
        0.068
      ],
      [
        0.118,
        0.186,
        -0.041,
        0.083,
        1.0,
        0.016,
        -0.04,
        -0.034,
        -0.087,
        0.023,
        -0.043,
        -0.002,
        0.11,
        0.054,
        0.107,
        0.132,
        0.045
      ],
      [
        -0.035,
        -0.079,
        0.031,
        0.069,
        0.016,
        1.0,
        -0.026,
        0.063,
        -0.075,
        -0.076,
        0.006,
        0.085,
        -0.011,
        0.033,
        -0.035,
        0.01,
        -0.046
      ],
      [
        0.079,
        0.025,
        -0.059,
        -0.066,
        -0.04,
        -0.026,
        1.0,
        0.009,
        0.161,
        0.113,
        0.091,
        0.114,
        0.056,
        -0.04,
        -0.006,
        0.046,
        0.039
      ],
      [
        -0.058,
        -0.046,
        -0.014,
        -0.143,
        -0.034,
        0.063,
        0.009,
        1.0,
        -0.094,
        -0.027,
        0.103,
        -0.133,
        0.081,
        -0.052,
        0.029,
        -0.118,
        -0.049
      ],
      [
        -0.109,
        0.033,
        -0.124,
        -0.028,
        -0.087,
        -0.075,
        0.161,
        -0.094,
        1.0,
        0.072,
        0.074,
        0.162,
        0.025,
        -0.114,
        -0.027,
        0.061,
        0.057
      ],
      [
        0.149,
        0.035,
        0.025,
        -0.087,
        0.023,
        -0.076,
        0.113,
        -0.027,
        0.072,
        1.0,
        0.066,
        -0.016,
        0.041,
        0.099,
        0.163,
        -0.039,
        0.022
      ],
      [
        0.008,
        0.122,
        0.039,
        -0.105,
        -0.043,
        0.006,
        0.091,
        0.103,
        0.074,
        0.066,
        1.0,
        0.25,
        0.003,
        -0.044,
        0.182,
        0.067,
        0.026
      ],
      [
        0.081,
        -0.055,
        -0.018,
        -0.272,
        -0.002,
        0.085,
        0.114,
        -0.133,
        0.162,
        -0.016,
        0.25,
        1.0,
        0.269,
        -0.02,
        0.031,
        0.523,
        -0.019
      ],
      [
        -0.138,
        -0.164,
        -0.095,
        -0.129,
        0.11,
        -0.011,
        0.056,
        0.081,
        0.025,
        0.041,
        0.003,
        0.269,
        1.0,
        -0.042,
        0.061,
        0.305,
        -0.063
      ],
      [
        0.146,
        0.059,
        0.731,
        0.01,
        0.054,
        0.033,
        -0.04,
        -0.052,
        -0.114,
        0.099,
        -0.044,
        -0.02,
        -0.042,
        1.0,
        0.081,
        0.046,
        0.038
      ],
      [
        0.156,
        0.341,
        0.081,
        -0.003,
        0.107,
        -0.035,
        -0.006,
        0.029,
        -0.027,
        0.163,
        0.182,
        0.031,
        0.061,
        0.081,
        1.0,
        0.142,
        -0.096
      ],
      [
        0.103,
        -0.051,
        0.016,
        -0.128,
        0.132,
        0.01,
        0.046,
        -0.118,
        0.061,
        -0.039,
        0.067,
        0.523,
        0.305,
        0.046,
        0.142,
        1.0,
        -0.113
      ],
      [
        -0.062,
        -0.021,
        0.083,
        0.068,
        0.045,
        -0.046,
        0.039,
        -0.049,
        0.057,
        0.022,
        0.026,
        -0.019,
        -0.063,
        0.038,
        -0.096,
        -0.113,
        1.0
      ]
    ]
  },
  "factor_correlation": {
    "factors": [
      "Market",
      "Size",
      "Value (SMID)",
      "Momentum",
      "Quality",
      "Profitability",
      "Liquidity",
      "Credit"
    ],
    "matrix": [
      [
        1.0,
        0.343,
        -0.48,
        0.381,
        -0.21,
        -0.526,
        0.315,
        0.181
      ],
      [
        0.343,
        1.0,
        -0.155,
        0.23,
        0.149,
        0.16,
        0.331,
        0.052
      ],
      [
        -0.48,
        -0.155,
        1.0,
        -0.527,
        0.284,
        0.565,
        -0.373,
        -0.134
      ],
      [
        0.381,
        0.23,
        -0.527,
        1.0,
        -0.216,
        -0.51,
        0.277,
        0.031
      ],
      [
        -0.21,
        0.149,
        0.284,
        -0.216,
        1.0,
        0.408,
        -0.22,
        -0.134
      ],
      [
        -0.526,
        0.16,
        0.565,
        -0.51,
        0.408,
        1.0,
        -0.272,
        -0.087
      ],
      [
        0.315,
        0.331,
        -0.373,
        0.277,
        -0.22,
        -0.272,
        1.0,
        0.16
      ],
      [
        0.181,
        0.052,
        -0.134,
        0.031,
        -0.134,
        -0.087,
        0.16,
        1.0
      ]
    ]
  },
  "factor_exposures": [
    {
      "ticker": "AVAV",
      "r_squared": 0.17746564531081965,
      "alpha_annual": -0.2539065158106339,
      "idio_vol_annual": 0.6639391644320234,
      "Market": 0.9954108862174461,
      "Size": 0.7594072736813444,
      "Value (SMID)": -2.1393755332051443,
      "Momentum": -0.5684122366355626,
      "Quality": -1.2722639656468875,
      "Profitability": 0.025542326073020816,
      "Liquidity": 0.10797349340230464,
      "Credit": -1.6067145362510435
    },
    {
      "ticker": "BABA",
      "r_squared": 0.15814199408628193,
      "alpha_annual": -0.3365288358013263,
      "idio_vol_annual": 0.39657677485358866,
      "Market": 1.229273508551475,
      "Size": 0.14227589113313727,
      "Value (SMID)": 0.2214890775158922,
      "Momentum": -0.11752546492635962,
      "Quality": -0.22695576033135967,
      "Profitability": -0.20777383516326361,
      "Liquidity": 0.22120550931692262,
      "Credit": 0.9886015649161557
    },
    {
      "ticker": "CEG",
      "r_squared": 0.25462218548509286,
      "alpha_annual": -0.4178013807262998,
      "idio_vol_annual": 0.4034880186350017,
      "Market": 0.7107509720382748,
      "Size": 0.36856179429133656,
      "Value (SMID)": -0.48796004273992033,
      "Momentum": 0.6954551473648685,
      "Quality": -0.6920506879157511,
      "Profitability": -0.6520185269028838,
      "Liquidity": -0.40385689995773777,
      "Credit": -0.9334148544775434
    },
    {
      "ticker": "CMI",
      "r_squared": 0.49676163307092613,
      "alpha_annual": 0.2892768299741641,
      "idio_vol_annual": 0.2375393559176336,
      "Market": 1.2299010571335347,
      "Size": 0.7904926658259097,
      "Value (SMID)": 0.4034025739463628,
      "Momentum": 0.8009186897389206,
      "Quality": 0.10487501751126821,
      "Profitability": -0.105081786187984,
      "Liquidity": -0.3245337511713094,
      "Credit": 0.8479786636048579
    },
    {
      "ticker": "CRWV",
      "r_squared": 0.29173195464774737,
      "alpha_annual": -0.8714561766353552,
      "idio_vol_annual": 0.7926849619614308,
      "Market": 0.8303039391129177,
      "Size": 0.6773402073610821,
      "Value (SMID)": -2.1875706880769656,
      "Momentum": 1.1114123184394162,
      "Quality": -3.744107165102376,
      "Profitability": -0.11232654207936407,
      "Liquidity": 0.44919483624789613,
      "Credit": 1.9344963495438567
    },
    {
      "ticker": "GENC",
      "r_squared": 0.3381534957859118,
      "alpha_annual": -0.4074548482110408,
      "idio_vol_annual": 0.3261107016466171,
      "Market": 1.4173920260993698,
      "Size": 1.20398534217495,
      "Value (SMID)": 1.177171471766207,
      "Momentum": -0.027393287232043817,
      "Quality": -0.6182430371237151,
      "Profitability": 0.1340391550812245,
      "Liquidity": -0.16740159628634377,
      "Credit": 0.5566457487770362
    },
    {
      "ticker": "GRPN",
      "r_squared": 0.1585476632467384,
      "alpha_annual": -1.0153023400745094,
      "idio_vol_annual": 0.6285326402646867,
      "Market": 1.822203061949565,
      "Size": 0.3392738627652237,
      "Value (SMID)": -0.8845213218349156,
      "Momentum": -0.18748013495358196,
      "Quality": -2.0173815061727725,
      "Profitability": 1.3885080626577442,
      "Liquidity": 0.1418577666808069,
      "Credit": 1.4758724103853105
    },
    {
      "ticker": "JAKK",
      "r_squared": 0.2855179027388557,
      "alpha_annual": -0.3174792968233015,
      "idio_vol_annual": 0.36071276781689854,
      "Market": 1.3810321567530404,
      "Size": 1.001607231350249,
      "Value (SMID)": 0.8250876941541205,
      "Momentum": -0.3996167011982694,
      "Quality": 1.6113437369084933,
      "Profitability": -0.3042020238594514,
      "Liquidity": 0.38821174545578796,
      "Credit": -0.3756074053585359
    },
    {
      "ticker": "KSPI",
      "r_squared": 0.2235314759380742,
      "alpha_annual": -0.28569779121559324,
      "idio_vol_annual": 0.3174336156523364,
      "Market": 1.2758255258060869,
      "Size": 0.3723976241571016,
      "Value (SMID)": -0.27733380580522593,
      "Momentum": -0.5917329239900556,
      "Quality": 0.12745365244163492,
      "Profitability": 0.13883016586468883,
      "Liquidity": 0.014221773202874266,
      "Credit": 0.4535703719629682
    },
    {
      "ticker": "OPEN",
      "r_squared": 0.12354548354058892,
      "alpha_annual": 1.5375971565320503,
      "idio_vol_annual": 1.3440891469956169,
      "Market": 2.8968484807036496,
      "Size": 1.415824164167586,
      "Value (SMID)": -1.6252237596681463,
      "Momentum": -1.804774309530287,
      "Quality": 0.9173857415659278,
      "Profitability": 0.9781829662280239,
      "Liquidity": 1.8214758501001853,
      "Credit": -3.352081137805077
    },
    {
      "ticker": "PYPL",
      "r_squared": 0.31023826845345026,
      "alpha_annual": -0.7628580912400317,
      "idio_vol_annual": 0.3362855012811818,
      "Market": 1.883677847851979,
      "Size": -0.42385707958669666,
      "Value (SMID)": -0.923584007947621,
      "Momentum": -0.9422239032332698,
      "Quality": 1.6329654968254428,
      "Profitability": 0.7493471935176362,
      "Liquidity": 0.4735704569782873,
      "Credit": -0.06573272395451116
    },
    {
      "ticker": "TENB",
      "r_squared": 0.14559413675219546,
      "alpha_annual": -0.36526099672956663,
      "idio_vol_annual": 0.4097615301309149,
      "Market": 1.5083627867920864,
      "Size": -0.12204917849953761,
      "Value (SMID)": -0.7501362586458152,
      "Momentum": -0.2733434681304645,
      "Quality": -0.45895892707939073,
      "Profitability": 1.3288641125893503,
      "Liquidity": -0.18508939143253628,
      "Credit": -0.23083363025648274
    },
    {
      "ticker": "VIA",
      "r_squared": 0.12118187208591247,
      "alpha_annual": -1.6210264192327295,
      "idio_vol_annual": 0.683585707126368,
      "Market": 1.1891286908584215,
      "Size": 0.3454681485273477,
      "Value (SMID)": -1.4921090771797767,
      "Momentum": -1.2772518048528254,
      "Quality": -1.461204478040203,
      "Profitability": 0.5678080738480702,
      "Liquidity": 0.601103331495553,
      "Credit": -0.8604001397002286
    },
    {
      "ticker": "VST",
      "r_squared": 0.28161009250485347,
      "alpha_annual": -0.4053902798599384,
      "idio_vol_annual": 0.41221426025926206,
      "Market": 0.5964119806140306,
      "Size": 0.746590109852163,
      "Value (SMID)": -0.6905371953809747,
      "Momentum": 0.7172390242656187,
      "Quality": -1.9033131466921802,
      "Profitability": -0.4927204765354514,
      "Liquidity": -0.7361983776640804,
      "Credit": -0.8190225213497677
    },
    {
      "ticker": "XNET",
      "r_squared": 0.1706945372662948,
      "alpha_annual": -0.6290788575503006,
      "idio_vol_annual": 0.7242987531493497,
      "Market": 1.9401924458277418,
      "Size": 0.20363503190320997,
      "Value (SMID)": -0.6814723262853069,
      "Momentum": -0.5930797968337679,
      "Quality": 0.6826308279218367,
      "Profitability": 0.4166228243642173,
      "Liquidity": 1.3361531823642663,
      "Credit": 2.649249923827486
    },
    {
      "ticker": "ZS",
      "r_squared": 0.09277730882917623,
      "alpha_annual": -0.9641922340680176,
      "idio_vol_annual": 0.5960519914903647,
      "Market": 1.3301530487603,
      "Size": -0.41976217472427235,
      "Value (SMID)": -1.151534338806003,
      "Momentum": -1.063549267167633,
      "Quality": -0.9998999984419445,
      "Profitability": 0.83090465963012,
      "Liquidity": 0.1865513396412935,
      "Credit": 0.06656153007172635
    },
    {
      "ticker": "ZTS",
      "r_squared": 0.17791999273183412,
      "alpha_annual": -0.9031445970846443,
      "idio_vol_annual": 0.34232223262173034,
      "Market": 1.3971533976312287,
      "Size": 0.07245531905498809,
      "Value (SMID)": 0.07742355442312682,
      "Momentum": -0.1722070772477559,
      "Quality": 1.286978343874834,
      "Profitability": 0.8854051098949308,
      "Liquidity": 0.09588047002398559,
      "Credit": -0.7580944204446536
    }
  ],
  "portfolio_factor_exposure": {
    "loadings": {
      "Market": 1.4494452804418376,
      "Size": 0.33267540448733257,
      "Value (SMID)": -0.6347218716294057,
      "Momentum": -0.35387644020536696,
      "Quality": -0.599645336495527,
      "Profitability": 0.5538811128346128,
      "Liquidity": 0.2275271789263222,
      "Credit": 0.45867476208990016
    },
    "alpha_annual": -0.6379432059167424,
    "r_squared_weighted": 0.2059134991172191
  },
  "stress_tests": [
    {
      "scenario": "COVID Crash (Feb-Mar 2020)",
      "market_move": -0.339,
      "portfolio_impact": -0.5178016809924972,
      "stressed_nav": 459388.47482194495,
      "pnl": -493307.6601780552,
      "description": "Rapid 33.9% selloff in SPY over 23 trading days as COVID-19 spread."
    },
    {
      "scenario": "2022 Rate Shock (Jan-Oct)",
      "market_move": -0.252,
      "portfolio_impact": -0.38491452392362624,
      "stressed_nav": 585989.5557525964,
      "pnl": -366706.5792474038,
      "description": "Grinding 9-month decline as the Fed hiked rates aggressively."
    },
    {
      "scenario": "GFC 2008-09",
      "market_move": -0.565,
      "portfolio_impact": -0.8630028016541619,
      "stressed_nav": 130516.70136990839,
      "pnl": -822179.4336300917,
      "description": "Credit crisis bear market; SPY drew down 56.5% from Oct 2007 peak."
    },
    {
      "scenario": "Dot-Com Bust (2000-02)",
      "market_move": -0.491,
      "portfolio_impact": -0.7499723462162717,
      "stressed_nav": 238200.37940287607,
      "pnl": -714495.7555971241,
      "description": "Tech bubble burst; SPY -49.1% peak-to-trough over 30 months."
    },
    {
      "scenario": "Black Monday (Oct 1987)",
      "market_move": -0.204,
      "portfolio_impact": -0.3115974717476974,
