{
  "generated_at": "2026-06-20T10:13:17.714350Z",
  "market_session": "CLOSED",
  "fund_name": "Convex Capital",
  "tagline": "Lose small. Win big. \u2014 Paper-traded portfolio. Hypothetical performance for educational purposes only.",
  "summary": {
    "nav": 1001766.755,
    "cash": 4788.150000000078,
    "equity": 996978.605,
    "deposits": 1000000.0,
    "total_return": 0.0017667550000000087,
    "realized_pnl": 0.0,
    "open_positions": 16
  },
  "metrics": {
    "annualized_return": -0.1639688697925631,
    "annualized_vol": 0.2791912598532936,
    "sharpe": -0.7480136369163581,
    "sortino": -0.9739412794147061,
    "calmar": -0.4487351768093105,
    "max_drawdown": -0.36540230912684046,
    "var_95_1d": -0.03191234133437254,
    "risk_free_rate": 0.044869999885559085,
    "method": "Synthetic: current weights \u00d7 each holding's 252-day return history. Sortino uses Frank Sortino downside deviation (RMS of shortfalls vs MAR=RF).",
    "beta_spy": 1.5504747538817516,
    "benchmark_annualized_return": 0.2256596315565953,
    "treynor": -0.1346934989784745,
    "jensens_alpha": -0.4891486293476445,
    "information_ratio": -1.499299124383179,
    "tracking_error": 0.2121683532615295,
    "annualized_active_return": -0.3181038262668322,
    "up_capture": 1.3777662192403928,
    "down_capture": 1.5106453554851003,
    "data_basis": "synthetic_252d",
    "days_of_live_nav": 15
  },
  "nav_curve": [
    {
      "date": "2026-06-01",
      "value": 999690.7946434022
    },
    {
      "date": "2026-06-02",
      "value": 1005956.9559421922
    },
    {
      "date": "2026-06-03",
      "value": 995933.4362950898
    },
    {
      "date": "2026-06-04",
      "value": 1004845.355703888
    },
    {
      "date": "2026-06-05",
      "value": 973224.8065592195
    },
    {
      "date": "2026-06-08",
      "value": 973022.1538583185
    },
    {
      "date": "2026-06-09",
      "value": 978322.5603671265
    },
    {
      "date": "2026-06-10",
      "value": 964713.1933031273
    },
    {
      "date": "2026-06-11",
      "value": 988256.9600315285
    },
    {
      "date": "2026-06-12",
      "value": 993752.5422706795
    },
    {
      "date": "2026-06-15",
      "value": 1014406.7780808449
    },
    {
      "date": "2026-06-16",
      "value": 1016588.5875152588
    },
    {
      "date": "2026-06-17",
      "value": 1000534.9000591278
    },
    {
      "date": "2026-06-18",
      "value": 1001766.7508054924
    },
    {
      "date": "2026-06-19",
      "value": 1001766.755
    }
  ],
  "drawdown_curve": [
    {
      "date": "2026-06-01",
      "value": 0.0
    },
    {
      "date": "2026-06-02",
      "value": 0.0
    },
    {
      "date": "2026-06-03",
      "value": -0.009964163563752383
    },
    {
      "date": "2026-06-04",
      "value": -0.0011050176965704233
    },
    {
      "date": "2026-06-05",
      "value": -0.03253832004403746
    },
    {
      "date": "2026-06-08",
      "value": -0.03273977270034045
    },
    {
      "date": "2026-06-09",
      "value": -0.02747075350672735
    },
    {
      "date": "2026-06-10",
      "value": -0.040999530243752316
    },
    {
      "date": "2026-06-11",
      "value": -0.01759518218558934
    },
    {
      "date": "2026-06-12",
      "value": -0.012132143029998663
    },
    {
      "date": "2026-06-15",
      "value": 0.0
    },
    {
      "date": "2026-06-16",
      "value": 0.0
    },
    {
      "date": "2026-06-17",
      "value": -0.015791725043234384
    },
    {
      "date": "2026-06-18",
      "value": -0.01457997551004766
    },
    {
      "date": "2026-06-19",
      "value": -0.014579971383985594
    }
  ],
  "benchmarks": {
    "SPY": [
      {
        "date": "2026-06-01",
        "value": 0.0
      },
      {
        "date": "2026-06-02",
        "value": 0.0013579397972762752
      },
      {
        "date": "2026-06-03",
        "value": -0.005668771434361286
      },
      {
        "date": "2026-06-04",
        "value": -0.0019115061781299625
      },
      {
        "date": "2026-06-05",
        "value": -0.027671542654459702
      },
      {
        "date": "2026-06-08",
        "value": -0.025470023194608782
      },
      {
        "date": "2026-06-09",
        "value": -0.02833070775180091
      },
      {
        "date": "2026-06-10",
        "value": -0.04364962071587053
      },
      {
        "date": "2026-06-11",
        "value": -0.027394678792744487
      },
      {
        "date": "2026-06-12",
        "value": -0.022134588105308994
      },
      {
        "date": "2026-06-15",
        "value": -0.0048909388718152425
      },
      {
        "date": "2026-06-16",
        "value": -0.010823344076597685
      },
      {
        "date": "2026-06-17",
        "value": -0.023176054438276084
      },
      {
        "date": "2026-06-18",
        "value": -0.013020023259145863
      },
      {
        "date": "2026-06-19",
        "value": -0.01302001035173972
      }
    ],
    "IWM": [
      {
        "date": "2026-06-01",
        "value": 0.0
      },
      {
        "date": "2026-06-02",
        "value": 0.009273902616242058
      },
      {
        "date": "2026-06-03",
        "value": -0.004533265755123028
      },
      {
        "date": "2026-06-04",
        "value": 0.010485102307313143
      },
      {
        "date": "2026-06-05",
        "value": -0.025365222965751943
      },
      {
        "date": "2026-06-08",
        "value": -0.016852527916236926
      },
      {
        "date": "2026-06-09",
        "value": -0.013703535746163342
      },
      {
        "date": "2026-06-10",
        "value": -0.023981055236295123
      },
      {
        "date": "2026-06-11",
        "value": 0.00494832553389335
      },
      {
        "date": "2026-06-12",
        "value": 0.01373793881377372
      },
      {
        "date": "2026-06-15",
        "value": 0.022010765090349826
      },
      {
        "date": "2026-06-16",
        "value": 0.013130856989941098
      },
      {
        "date": "2026-06-17",
        "value": 0.005499833171586088
      },
      {
        "date": "2026-06-18",
        "value": 0.025305943833869415
      },
      {
        "date": "2026-06-19",
        "value": 0.02530595653654033
      }
    ]
  },
  "holdings": [
    {
      "ticker": "GRPN",
      "company": "Groupon, Inc.",
      "sector": "Communication Services",
      "country": "United States",
      "shares": 11310.0,
      "price": 16.19,
      "cost_basis": 17.3017824933687,
      "market_value": 183108.90000000002,
      "unrealized_pnl": -12574.260000000002,
      "short_percent_of_float": 0.56310004,
      "short_ratio": 5.75
    },
    {
      "ticker": "TENB",
      "company": "Tenable Holdings, Inc.",
      "sector": "Technology",
      "country": "United States",
      "shares": 4766.0,
      "price": 26.87,
      "cost_basis": 26.224616030214015,
      "market_value": 128062.42,
      "unrealized_pnl": 3075.9000000000074,
      "short_percent_of_float": 0.129,
      "short_ratio": 3.05
    },
    {
      "ticker": "KSPI",
      "company": "Joint Stock Company Kaspi.kz",
      "sector": "Technology",
      "country": "Kazakhstan",
      "shares": 1515.0,
      "price": 82.205,
      "cost_basis": 82.53049504950495,
      "market_value": 124540.575,
      "unrealized_pnl": -493.12500000000125,
      "short_percent_of_float": 0.0159,
      "short_ratio": 3.24
    },
    {
      "ticker": "CMI",
      "company": "Cummins Inc.",
      "sector": "Industrials",
      "country": "United States",
      "shares": 153.0,
      "price": 716.86,
      "cost_basis": 651.1282352941176,
      "market_value": 109679.58,
      "unrealized_pnl": 10056.960000000003,
      "short_percent_of_float": 0.0171,
      "short_ratio": 2.07
    },
    {
      "ticker": "JAKK",
      "company": "JAKKS Pacific, Inc.",
      "sector": "Consumer Cyclical",
      "country": "United States",
      "shares": 3436.0,
      "price": 22.15,
      "cost_basis": 21.83,
      "market_value": 76107.4,
      "unrealized_pnl": 1099.520000000001,
      "short_percent_of_float": 0.039100002,
      "short_ratio": 7.32
    },
    {
      "ticker": "CRWV",
      "company": "CoreWeave, Inc.",
      "sector": "Technology",
      "country": "United States",
      "shares": 468.0,
      "price": 117.95,
      "cost_basis": 106.78134615384614,
      "market_value": 55200.6,
      "unrealized_pnl": 5226.930000000006,
      "short_percent_of_float": 0.18190001,
      "short_ratio": 1.91
    },
    {
      "ticker": "XNET",
      "company": "Xunlei Limited",
      "sector": "Technology",
      "country": "China",
      "shares": 10526.0,
      "price": 4.96,
      "cost_basis": 4.75,
      "market_value": 52208.96,
      "unrealized_pnl": 2210.4599999999996,
      "short_percent_of_float": 0.0377,
      "short_ratio": 6.03
    },
    {
      "ticker": "VIA",
      "company": "Via Transportation, Inc.",
      "sector": "Technology",
      "country": "United States",
      "shares": 3280.0,
      "price": 15.29,
      "cost_basis": 15.241405487804878,
      "market_value": 50151.2,
      "unrealized_pnl": 159.38999999999837,
      "short_percent_of_float": 0.13520001,
      "short_ratio": 6.88
    },
    {
      "ticker": "ZS",
      "company": "Zscaler, Inc.",
      "sector": "Technology",
      "country": "United States",
      "shares": 365.0,
      "price": 124.85,
      "cost_basis": 136.79813698630136,
      "market_value": 45570.25,
      "unrealized_pnl": -4361.069999999998,
      "short_percent_of_float": 0.114700004,
      "short_ratio": 2.09
    },
    {
      "ticker": "VST",
      "company": "Vistra Corp.",
      "sector": "Utilities",
      "country": "United States",
      "shares": 162.0,
      "price": 163.75,
      "cost_basis": 154.76,
      "market_value": 26527.5,
      "unrealized_pnl": 1456.3800000000015,
      "short_percent_of_float": 0.0539,
      "short_ratio": 2.73
    },
    {
      "ticker": "GENC",
      "company": "Gencor Industries, Inc.",
      "sector": "Industrials",
      "country": "United States",
      "shares": 1746.0,
      "price": 15.0,
      "cost_basis": 14.32,
      "market_value": 26190.0,
      "unrealized_pnl": 1187.2799999999995,
      "short_percent_of_float": 0.0064,
      "short_ratio": 2.39
    },
    {
      "ticker": "CEG",
      "company": "Constellation Energy Corporation",
      "sector": "Utilities",
      "country": "United States",
      "shares": 94.0,
      "price": 274.06,
      "cost_basis": 265.7,
      "market_value": 25761.64,
      "unrealized_pnl": 785.8400000000013,
      "short_percent_of_float": 0.036,
      "short_ratio": 3.46
    },
    {
      "ticker": "ZTS",
      "company": "Zoetis Inc.",
      "sector": "Healthcare",
      "country": "United States",
      "shares": 312.0,
      "price": 78.71,
      "cost_basis": 80.09,
      "market_value": 24557.519999999997,
      "unrealized_pnl": -430.560000000003,
      "short_percent_of_float": 0.0363,
      "short_ratio": 1.45
    },
    {
      "ticker": "OPEN",
      "company": "Opendoor Technologies Inc.",
      "sector": "Real Estate",
      "country": "United States",
      "shares": 5479.0,
      "price": 4.47,
      "cost_basis": 4.562927541522176,
      "market_value": 24491.129999999997,
      "unrealized_pnl": -509.15000000000214,
      "short_percent_of_float": 0.16149999,
      "short_ratio": 3.77
    },
    {
      "ticker": "PYPL",
      "company": "PayPal Holdings, Inc.",
      "sector": "Financial Services",
      "country": "United States",
      "shares": 553.0,
      "price": 42.51,
      "cost_basis": 45.19,
      "market_value": 23508.03,
      "unrealized_pnl": -1482.0399999999997,
      "short_percent_of_float": 0.0626,
      "short_ratio": 3.16
    },
    {
      "ticker": "BABA",
      "company": "Alibaba Group Holding Limited",
      "sector": "Consumer Cyclical",
      "country": "China",
      "shares": 199.0,
      "price": 107.1,
      "cost_basis": 125.4,
      "market_value": 21312.899999999998,
      "unrealized_pnl": -3641.700000000002,
      "short_percent_of_float": 0.0165,
      "short_ratio": 3.21
    }
  ],
  "sector_exposure": [
    {
      "name": "Technology",
      "value": 455734.005,
      "pct": 0.4549302546978613
    },
    {
      "name": "Communication Services",
      "value": 183108.90000000002,
      "pct": 0.1827859619877284
    },
    {
      "name": "Industrials",
      "value": 135869.58000000002,
      "pct": 0.13562995509867964
    },
    {
      "name": "Consumer Cyclical",
      "value": 97420.29999999999,
      "pct": 0.097248485751556
    },
    {
      "name": "Utilities",
      "value": 52289.14,
      "pct": 0.052196920829140514
    },
    {
      "name": "Healthcare",
      "value": 24557.519999999997,
      "pct": 0.02451420939797508
    },
    {
      "name": "Real Estate",
      "value": 24491.129999999997,
      "pct": 0.02444793648597372
    },
    {
      "name": "Financial Services",
      "value": 23508.03,
      "pct": 0.023466570319555072
    },
    {
      "name": "Cash",
      "value": 4788.150000000078,
      "pct": 0.004779705431530394
    }
  ],
  "geographic_exposure": [
    {
      "name": "United States",
      "value": 798916.17,
      "pct": 0.7975071702194789
    },
    {
      "name": "Kazakhstan",
      "value": 124540.575,
      "pct": 0.12432093037465593
    },
    {
      "name": "China",
      "value": 73521.86,
      "pct": 0.07339219397433487
    },
    {
      "name": "Cash",
      "value": 4788.150000000078,
      "pct": 0.004779705431530394
    }
  ],
  "signals": [
    {
      "ticker": "BABA",
      "label": "STRONG SELL",
      "composite": -2.5,
      "rsi": 25.2,
      "subs": {
        "rsi": -0.5,
        "macd": -0.5,
        "trend": -0.5,
        "bb": -0.5,
        "vol": 0.0,
        "range": -0.5
      }
    },
    {
      "ticker": "CEG",
      "label": "BUY",
      "composite": 1.0,
      "rsi": 51.7,
      "subs": {
        "rsi": 0.5,
        "macd": 0.5,
        "trend": -0.5,
        "bb": 0.5,
        "vol": 0.0,
        "range": 0.0
      }
    },
    {
      "ticker": "CMI",
      "label": "STRONG BUY",
      "composite": 2.0,
      "rsi": 61.8,
      "subs": {
        "rsi": 0.5,
        "macd": 0.5,
        "trend": 0.5,
        "bb": 0.0,
        "vol": 0.0,
        "range": 0.5
      }
    },
    {
      "ticker": "CRWV",
      "label": "STRONG BUY",
      "composite": 2.0,
      "rsi": 58.1,
      "subs": {
        "rsi": 0.5,
        "macd": 0.5,
        "trend": 0.5,
        "bb": 0.5,
        "vol": 0.0,
        "range": 0.0
      }
    },
    {
      "ticker": "GENC",
      "label": "BUY",
      "composite": 1.5,
      "rsi": 54.5,
      "subs": {
        "rsi": 0.5,
        "macd": 0.5,
        "trend": 0.5,
        "bb": 0.5,
        "vol": -0.5,
        "range": 0.0
      }
    },
    {
      "ticker": "GRPN",
      "label": "STRONG SELL",
      "composite": -2.5,
      "rsi": 44.7,
      "subs": {
        "rsi": 0.0,
        "macd": -0.5,
        "trend": -0.5,
        "bb": -0.5,
        "vol": -0.5,
        "range": -0.5
      }
    },
    {
      "ticker": "JAKK",
      "label": "BUY",
      "composite": 1.0,
      "rsi": 53.0,
      "subs": {
        "rsi": 0.5,
        "macd": -0.5,
        "trend": 0.5,
        "bb": 0.5,
        "vol": 0.0,
        "range": 0.0
      }
    },
    {
      "ticker": "KSPI",
      "label": "STRONG SELL",
      "composite": -2.0,
      "rsi": 44.3,
      "subs": {
        "rsi": 0.0,
        "macd": -0.5,
        "trend": 0.0,
        "bb": -0.5,
        "vol": -0.5,
        "range": -0.5
      }
    },
    {
      "ticker": "OPEN",
      "label": "STRONG SELL",
      "composite": -2.0,
      "rsi": 44.7,
      "subs": {
        "rsi": 0.0,
        "macd": -0.5,
        "trend": -0.5,
        "bb": -0.5,
        "vol": 0.0,
        "range": -0.5
      }
    },
    {
      "ticker": "PYPL",
      "label": "LEAN BEAR",
      "composite": -0.5,
      "rsi": 44.8,
      "subs": {
        "rsi": 0.0,
        "macd": 0.5,
        "trend": -0.5,
        "bb": -0.5,
        "vol": 0.0,
        "range": 0.0
      }
    },
    {
      "ticker": "TENB",
      "label": "SELL",
      "composite": -1.0,
      "rsi": 55.7,
      "subs": {
        "rsi": 0.5,
        "macd": -0.5,
        "trend": 0.0,
        "bb": -0.5,
        "vol": -0.5,
        "range": 0.0
      }
    },
    {
      "ticker": "VIA",
      "label": "BUY",
      "composite": 1.0,
      "rsi": 51.5,
      "subs": {
        "rsi": 0.5,
        "macd": 0.5,
        "trend": -0.5,
        "bb": 0.5,
        "vol": 0.0,
        "range": 0.0
      }
    },
    {
      "ticker": "VST",
      "label": "STRONG BUY",
      "composite": 2.0,
      "rsi": 60.7,
      "subs": {
        "rsi": 0.5,
        "macd": 0.5,
        "trend": 0.0,
        "bb": 0.5,
        "vol": 0.0,
        "range": 0.5
      }
    },
    {
      "ticker": "XNET",
      "label": "LEAN BEAR",
      "composite": -0.5,
      "rsi": 40.5,
      "subs": {
        "rsi": 0.0,
        "macd": 0.5,
        "trend": -0.5,
        "bb": -0.5,
        "vol": 0.5,
        "range": -0.5
      }
    },
    {
      "ticker": "ZS",
      "label": "STRONG SELL",
      "composite": -2.0,
      "rsi": 40.5,
      "subs": {
        "rsi": 0.0,
        "macd": -0.5,
        "trend": -0.5,
        "bb": -0.5,
        "vol": 0.0,
        "range": -0.5
      }
    },
    {
      "ticker": "ZTS",
      "label": "SELL",
      "composite": -1.0,
      "rsi": 38.2,
      "subs": {
        "rsi": 0.0,
        "macd": 0.5,
        "trend": -0.5,
        "bb": -0.5,
        "vol": -0.5,
        "range": 0.0
      }
    }
  ],
  "volatility": [
    {
      "ticker": "BABA",
      "hv20": 0.2827892173865999,
      "garch": 0.3965801330410864,
      "expansion": 0.4023877455657139,
      "regime": "LOW",
      "signal": "SIGNAL"
    },
    {
      "ticker": "CEG",
      "hv20": 0.47970796165633384,
      "garch": 0.5388577263773405,
      "expansion": 0.12330369610038285,
      "regime": "NORMAL",
      "signal": "BASE"
    },
    {
      "ticker": "CMI",
      "hv20": 0.48325619835123157,
      "garch": 0.3443098859187212,
      "expansion": -0.2875210145396292,
      "regime": "EXTREME",
      "signal": "WEAK"
    },
    {
      "ticker": "CRWV",
      "hv20": 0.8137623531442026,
      "garch": 0.9376833482848834,
      "expansion": 0.15228155328380175,
      "regime": "LOW",
      "signal": "BASE"
    },
    {
      "ticker": "GENC",
      "hv20": 0.3609283845098785,
      "garch": 0.3700345281637216,
      "expansion": 0.025229779769770002,
      "regime": "NORMAL",
      "signal": "WEAK"
    },
    {
      "ticker": "GRPN",
      "hv20": 0.8310476454059749,
      "garch": 0.7842955253726078,
      "expansion": -0.05625684675459031,
      "regime": "HIGH",
      "signal": "WEAK"
    },
    {
      "ticker": "JAKK",
      "hv20": 0.21961545269211458,
      "garch": 0.470499641436945,
      "expansion": 1.1423794895551016,
      "regime": "LOW",
      "signal": "SIGNAL"
    },
    {
      "ticker": "KSPI",
      "hv20": 0.3302630017823004,
      "garch": 0.35520075738645174,
      "expansion": 0.0755087777606696,
      "regime": "HIGH",
      "signal": "WEAK"
    },
    {
      "ticker": "OPEN",
      "hv20": 0.758967229749226,
      "garch": 0.7493082156510988,
      "expansion": -0.012726523253604342,
      "regime": "NORMAL",
      "signal": "WEAK"
    },
    {
      "ticker": "PYPL",
      "hv20": 0.3068082097662908,
      "garch": 0.3996656314728006,
      "expansion": 0.3026562482706813,
      "regime": "NORMAL",
      "signal": "SIGNAL"
    },
    {
      "ticker": "TENB",
      "hv20": 0.5832922655435604,
      "garch": 0.4113630649681493,
      "expansion": -0.29475652384177103,
      "regime": "HIGH",
      "signal": "WEAK"
    },
    {
      "ticker": "VIA",
      "hv20": 0.689490544976812,
      "garch": null,
      "expansion": null,
      "regime": "NORMAL",
      "signal": "WEAK"
    },
    {
      "ticker": "VST",
      "hv20": 0.4909434623135735,
      "garch": 0.565965826889634,
      "expansion": 0.15281263594491568,
      "regime": "NORMAL",
      "signal": "BASE"
    },
    {
      "ticker": "XNET",
      "hv20": 0.7694005118120386,
      "garch": 0.7466293247363345,
      "expansion": -0.029596012383816876,
      "regime": "HIGH",
      "signal": "WEAK"
    },
    {
      "ticker": "ZS",
      "hv20": 1.5253692926816054,
      "garch": 0.3423205127014603,
      "expansion": -0.7755818775532975,
      "regime": "EXTREME",
      "signal": "WEAK"
    },
    {
      "ticker": "ZTS",
      "hv20": 0.26984412755791587,
      "garch": 0.3255095537165046,
      "expansion": 0.2062873358125661,
      "regime": "NORMAL",
      "signal": "SIGNAL"
    }
  ],
  "correlation": {
    "tickers": [
      "BABA",
      "CEG",
      "CMI",
      "CRWV",
      "GENC",
      "GRPN",
      "JAKK",
      "KSPI",
      "OPEN",
      "PYPL",
      "TENB",
      "VIA",
      "VST",
      "XNET",
      "ZS",
      "ZTS"
    ],
    "matrix": [
      [
        1.0,
        0.183,
        0.326,
        0.346,
        0.133,
        0.196,
        0.118,
        0.2,
        0.193,
        0.246,
        0.064,
        -0.042,
        0.222,
        0.47,
        0.042,
        0.081
      ],
      [
        0.183,
        1.0,
        0.328,
        0.232,
        0.152,
        0.089,
        0.089,
        0.057,
        0.19,
        0.14,
        0.063,
        0.007,
        0.798,
        0.249,
        0.045,
        0.124
      ],
      [
        0.326,
        0.328,
        1.0,
        0.372,
        0.349,
        0.194,
        0.137,
        0.243,
        0.186,
        0.081,
        -0.051,
        0.003,
        0.352,
        0.298,
        -0.052,
        0.189
      ],
      [
        0.346,
        0.232,
        0.372,
        1.0,
        0.117,
        0.166,
        0.055,
        0.136,
        0.245,
        0.148,
        0.116,
        0.213,
        0.321,
        0.371,
        0.182,
        0.08
      ],
      [
        0.133,
        0.152,
        0.349,
        0.117,
        1.0,
        0.159,
        0.319,
        0.145,
        0.128,
        0.099,
        0.16,
        0.068,
        0.173,
        0.164,
        0.053,
        0.157
      ],
      [
        0.196,
        0.089,
        0.194,
        0.166,
        0.159,
        1.0,
        0.151,
        0.338,
        0.306,
        0.27,
        0.252,
        0.169,
        0.127,
        0.234,
        0.151,
        0.166
      ],
      [
        0.118,
        0.089,
        0.137,
        0.055,
        0.319,
        0.151,
        1.0,
        0.1,
        0.139,
        0.213,
        -0.035,
        0.145,
        0.061,
        0.2,
        -0.047,
        0.142
      ],
      [
        0.2,
        0.057,
        0.243,
        0.136,
        0.145,
        0.338,
        0.1,
        1.0,
        0.25,
        0.258,
        0.268,
        0.137,
        0.103,
        0.201,
        0.154,
        0.192
      ],
      [
        0.193,
        0.19,
        0.186,
        0.245,
        0.128,
        0.306,
        0.139,
        0.25,
        1.0,
        0.248,
        0.119,
        0.152,
        0.257,
        0.352,
        0.064,
        0.168
      ],
      [
        0.246,
        0.14,
        0.081,
        0.148,
        0.099,
        0.27,
        0.213,
        0.258,
        0.248,
        1.0,
        0.354,
        0.145,
        0.085,
        0.343,
        0.206,
        0.176
      ],
      [
        0.064,
        0.063,
        -0.051,
        0.116,
        0.16,
        0.252,
        -0.035,
        0.268,
        0.119,
        0.354,
        1.0,
        0.336,
        0.075,
        0.156,
        0.56,
        0.094
      ],
      [
        -0.042,
        0.007,
        0.003,
        0.213,
        0.068,
        0.169,
        0.145,
        0.137,
        0.152,
        0.145,
        0.336,
        1.0,
        0.058,
        0.166,
        0.368,
        0.019
      ],
      [
        0.222,
        0.798,
        0.352,
        0.321,
        0.173,
        0.127,
        0.061,
        0.103,
        0.257,
        0.085,
        0.075,
        0.058,
        1.0,
        0.272,
        0.073,
        0.095
      ],
      [
        0.47,
        0.249,
        0.298,
        0.371,
        0.164,
        0.234,
        0.2,
        0.201,
        0.352,
        0.343,
        0.156,
        0.166,
        0.272,
        1.0,
        0.221,
        0.053
      ],
      [
        0.042,
        0.045,
        -0.052,
        0.182,
        0.053,
        0.151,
        -0.047,
        0.154,
        0.064,
        0.206,
        0.56,
        0.368,
        0.073,
        0.221,
        1.0,
        -0.035
      ],
      [
        0.081,
        0.124,
        0.189,
        0.08,
        0.157,
        0.166,
        0.142,
        0.192,
        0.168,
        0.176,
        0.094,
        0.019,
        0.095,
        0.053,
        -0.035,
        1.0
      ]
    ]
  },
  "residual_correlation": {
    "tickers": [
      "BABA",
      "CEG",
      "CMI",
      "CRWV",
      "GENC",
      "GRPN",
      "JAKK",
      "KSPI",
      "OPEN",
      "PYPL",
      "TENB",
      "VIA",
      "VST",
      "XNET",
      "ZS",
      "ZTS"
    ],
    "matrix": [
      [
        1.0,
        0.018,
        0.096,
        0.191,
        -0.075,
        0.023,
        -0.044,
        0.012,
        0.038,
        0.112,
        -0.059,
        -0.161,
        0.055,
        0.336,
        -0.054,
        -0.022
      ],
      [
        0.018,
        1.0,
        0.05,
        -0.005,
        0.028,
        -0.06,
        -0.016,
        -0.132,
        0.034,
        0.048,
        -0.026,
        -0.1,
        0.73,
        0.097,
        0.012,
        0.077
      ],
      [
        0.096,
        0.05,
        1.0,
        0.109,
        0.079,
        -0.063,
        -0.141,
        -0.01,
        -0.068,
        -0.081,
        -0.262,
        -0.135,
        0.031,
        0.001,
        -0.136,
        0.075
      ],
      [
        0.191,
        -0.005,
        0.109,
        1.0,
        0.012,
        -0.04,
        -0.036,
        -0.1,
        0.04,
        -0.022,
        -0.021,
        0.088,
        0.078,
        0.145,
        0.118,
        0.034
      ],
      [
        -0.075,
        0.028,
        0.079,
        0.012,
        1.0,
        -0.028,
        0.066,
        -0.076,
        -0.074,
        0.003,
        0.092,
        -0.004,
        0.027,
        -0.053,
        0.007,
        -0.038
      ],
      [
        0.023,
        -0.06,
        -0.063,
        -0.04,
        -0.028,
        1.0,
        0.01,
        0.166,
        0.114,
        0.094,
        0.112,
        0.053,
        -0.038,
        0.003,
        0.047,
        0.037
      ],
      [
        -0.044,
        -0.016,
        -0.141,
        -0.036,
        0.066,
        0.01,
        1.0,
        -0.097,
        -0.034,
        0.098,
        -0.13,
        0.087,
        -0.055,
        0.021,
        -0.116,
        -0.046
      ],
      [
        0.012,
        -0.132,
        -0.01,
        -0.1,
        -0.076,
        0.166,
        -0.097,
        1.0,
        0.067,
        0.078,
        0.162,
        0.017,
        -0.105,
        -0.033,
        0.058,
        0.064
      ],
      [
        0.038,
        0.034,
        -0.068,
        0.04,
        -0.074,
        0.114,
        -0.034,
        0.067,
        1.0,
        0.067,
        -0.017,
        0.03,
        0.105,
        0.164,
        -0.045,
        0.024
      ],
      [
        0.112,
        0.048,
        -0.081,
        -0.022,
        0.003,
        0.094,
        0.098,
        0.078,
        0.067,
        1.0,
        0.242,
        0.002,
        -0.029,
        0.186,
        0.068,
        0.021
      ],
      [
        -0.059,
        -0.026,
        -0.262,
        -0.021,
        0.092,
        0.112,
        -0.13,
        0.162,
        -0.017,
        0.242,
        1.0,
        0.273,
        -0.03,
        0.005,
        0.519,
        -0.012
      ],
      [
        -0.161,
        -0.1,
        -0.135,
        0.088,
        -0.004,
        0.053,
        0.087,
        0.017,
        0.03,
        0.002,
        0.273,
        1.0,
        -0.055,
        0.031,
        0.313,
        -0.065
      ],
      [
        0.055,
        0.73,
        0.031,
        0.078,
        0.027,
        -0.038,
        -0.055,
        -0.105,
        0.105,
        -0.029,
        -0.03,
        -0.055,
        1.0,
        0.105,
        0.04,
        0.034
      ],
      [
        0.336,
        0.097,
        0.001,
        0.145,
        -0.053,
        0.003,
        0.021,
        -0.033,
        0.164,
        0.186,
        0.005,
        0.031,
        0.105,
        1.0,
        0.133,
        -0.101
      ],
      [
        -0.054,
        0.012,
        -0.136,
        0.118,
        0.007,
        0.047,
        -0.116,
        0.058,
        -0.045,
        0.068,
        0.519,
        0.313,
        0.04,
        0.133,
        1.0,
        -0.118
      ],
      [
        -0.022,
        0.077,
        0.075,
        0.034,
        -0.038,
        0.037,
        -0.046,
        0.064,
        0.024,
        0.021,
        -0.012,
        -0.065,
        0.034,
        -0.101,
        -0.118,
        1.0
      ]
    ]
  },
  "factor_correlation": {
    "factors": [
      "Market",
      "Size",
      "Value (SMID)",
      "Momentum",
      "Quality",
      "Profitability",
      "Liquidity",
      "Credit"
    ],
    "matrix": [
      [
        1.0,
        0.33,
        -0.489,
        0.398,
        -0.23,
        -0.528,
        0.311,
        0.182
      ],
      [
        0.33,
        1.0,
        -0.148,
        0.243,
        0.148,
        0.16,
        0.332,
        0.036
      ],
      [
        -0.489,
        -0.148,
        1.0,
        -0.54,
        0.302,
        0.584,
        -0.383,
        -0.129
      ],
      [
        0.398,
        0.243,
        -0.54,
        1.0,
        -0.222,
        -0.52,
        0.306,
        0.023
      ],
      [
        -0.23,
        0.148,
        0.302,
        -0.222,
        1.0,
        0.427,
        -0.233,
        -0.131
      ],
      [
        -0.528,
        0.16,
        0.584,
        -0.52,
        0.427,
        1.0,
        -0.283,
        -0.087
      ],
      [
        0.311,
        0.332,
        -0.383,
        0.306,
        -0.233,
        -0.283,
        1.0,
        0.159
      ],
      [
        0.182,
        0.036,
        -0.129,
        0.023,
        -0.131,
        -0.087,
        0.159,
        1.0
      ]
    ]
  },
  "factor_exposures": [
    {
      "ticker": "BABA",
      "r_squared": 0.14977017884426258,
      "alpha_annual": -0.377922420319682,
      "idio_vol_annual": 0.3977573122208529,
      "Market": 1.2186243018339737,
      "Size": 0.12900943381578345,
      "Value (SMID)": 0.2466119021603998,
      "Momentum": -0.16519151464322857,
      "Quality": -0.28533367617085836,
      "Profitability": -0.17151864640899284,
      "Liquidity": 0.19480328065940689,
      "Credit": 1.0201802798242294
    },
    {
      "ticker": "CEG",
      "r_squared": 0.2506925989517531,
      "alpha_annual": -0.4312435154177569,
      "idio_vol_annual": 0.4042371572997481,
      "Market": 0.706037743737983,
      "Size": 0.4019304067179521,
      "Value (SMID)": -0.4380784979477171,
      "Momentum": 0.624683610245166,
      "Quality": -0.7558482131549106,
      "Profitability": -0.6674908465970744,
      "Liquidity": -0.4958302236583992,
      "Credit": -0.8624880096933445
    },
    {
      "ticker": "CMI",
      "r_squared": 0.4829106319605826,
      "alpha_annual": 0.38042820180636183,
      "idio_vol_annual": 0.24362546370617827,
      "Market": 1.1206649196847307,
      "Size": 0.8596191605274737,
      "Value (SMID)": 0.3690980057970394,
      "Momentum": 0.7301128904056378,
      "Quality": -0.00379503696944708,
      "Profitability": -0.22565362937961192,
      "Liquidity": -0.3656909650899643,
      "Credit": 0.863297666783669
    },
    {
      "ticker": "CRWV",
      "r_squared": 0.26943197740473335,
      "alpha_annual": -0.8094369944078109,
      "idio_vol_annual": 0.8080251121221886,
      "Market": 0.8320175434786197,
      "Size": 0.734288451289719,
      "Value (SMID)": -2.0866376025855726,
      "Momentum": 0.8479535680570569,
      "Quality": -4.014726753264126,
      "Profitability": -0.14794073811912412,
      "Liquidity": 0.22009746175146785,
      "Credit": 1.9035699937724144
    },
    {
      "ticker": "GENC",
      "r_squared": 0.32769206923594807,
      "alpha_annual": -0.4349252054463149,
      "idio_vol_annual": 0.3257785218614963,
      "Market": 1.2863509538124767,
      "Size": 1.2537164617325638,
      "Value (SMID)": 1.1619111753133575,
      "Momentum": -0.0355455332534107,
      "Quality": -0.7148438781620571,
      "Profitability": 0.06139071968817483,
      "Liquidity": -0.1772848652782011,
      "Credit": 0.5991058668459016
    },
    {
      "ticker": "GRPN",
      "r_squared": 0.1664058418499773,
      "alpha_annual": -1.1356052070697589,
      "idio_vol_annual": 0.6245488810134259,
      "Market": 1.8878188001587244,
      "Size": 0.34923258934208684,
      "Value (SMID)": -0.8855561997340109,
      "Momentum": -0.19582305825397528,
      "Quality": -1.7893714136546135,
      "Profitability": 1.3550799426415445,
      "Liquidity": 0.207550027665155,
      "Credit": 1.2177574306425223
    },
    {
      "ticker": "JAKK",
      "r_squared": 0.2720394116606497,
      "alpha_annual": -0.33611964945825124,
      "idio_vol_annual": 0.35391287326802445,
      "Market": 1.2710562850386427,
      "Size": 1.020788405437921,
      "Value (SMID)": 0.8394204011168168,
      "Momentum": -0.35581101678804683,
      "Quality": 1.3744358040657179,
      "Profitability": -0.3108511658864834,
      "Liquidity": 0.3493333549260169,
      "Credit": -0.31066693450045535
    },
    {
      "ticker": "KSPI",
      "r_squared": 0.22358353181627666,
      "alpha_annual": -0.23773461277814562,
      "idio_vol_annual": 0.32064960593603864,
      "Market": 1.2264193755207435,
      "Size": 0.41063565867241686,
      "Value (SMID)": -0.3303720040930096,
      "Momentum": -0.5599434998570796,
      "Quality": 0.09545013140753014,
      "Profitability": 0.0744649901279581,
      "Liquidity": 0.016394005248245802,
      "Credit": 0.4609954621084138
    },
    {
      "ticker": "OPEN",
      "r_squared": 0.1253134192178279,
      "alpha_annual": 1.5398342087558683,
      "idio_vol_annual": 1.3424506180394813,
      "Market": 2.965099789271868,
      "Size": 1.3791487851794701,
      "Value (SMID)": -1.6677452481230632,
      "Momentum": -2.02031743475482,
      "Quality": 0.9221745883547421,
      "Profitability": 0.9360330279486774,
      "Liquidity": 1.8346287119181337,
      "Credit": -3.2494401088134586
    },
    {
      "ticker": "PYPL",
      "r_squared": 0.3017399131392706,
      "alpha_annual": -0.6780201585690735,
      "idio_vol_annual": 0.3377027523031836,
      "Market": 1.8437884068996615,
      "Size": -0.395871744486023,
      "Value (SMID)": -0.9062736342031184,
      "Momentum": -0.9352355786165896,
      "Quality": 1.4756131040916352,
      "Profitability": 0.7183452507371523,
      "Liquidity": 0.4281575503418582,
      "Credit": -0.046047616060009726
    },
    {
      "ticker": "TENB",
      "r_squared": 0.14393753283624533,
      "alpha_annual": -0.3329296660375087,
      "idio_vol_annual": 0.4107958496138467,
      "Market": 1.4554268278551745,
      "Size": -0.12726074492779377,
      "Value (SMID)": -0.7890197093200033,
      "Momentum": -0.22714340664441612,
      "Quality": -0.4176096434044305,
      "Profitability": 1.290690685916617,
      "Liquidity": -0.1377482851448371,
      "Credit": -0.2766150850671962
    },
    {
      "ticker": "VIA",
      "r_squared": 0.11049012204751418,
      "alpha_annual": -1.5987610235631142,
      "idio_vol_annual": 0.6835648385504501,
      "Market": 1.0001752592229958,
      "Size": 0.38164948975275476,
      "Value (SMID)": -1.4280508261726672,
      "Momentum": -1.0396915487652894,
      "Quality": -1.504895040677048,
      "Profitability": 0.5798622428871346,
      "Liquidity": 0.7135121152138874,
      "Credit": -0.7768848735463799
    },
    {
      "ticker": "VST",
      "r_squared": 0.2891924433338401,
      "alpha_annual": -0.41131002493780905,
      "idio_vol_annual": 0.41226267409103884,
      "Market": 0.5958233412277693,
      "Size": 0.8129028301597201,
      "Value (SMID)": -0.6691432705244877,
      "Momentum": 0.6555194621674243,
      "Quality": -1.9082066533316733,
      "Profitability": -0.5366800016291697,
      "Liquidity": -0.8272678804150009,
      "Credit": -0.7296642700975831
    },
    {
      "ticker": "XNET",
      "r_squared": 0.17835704326127422,
      "alpha_annual": -0.46287759412534396,
      "idio_vol_annual": 0.6789040377127493,
      "Market": 1.8819843804558731,
      "Size": 0.20391763122463646,
      "Value (SMID)": -0.7292116755739189,
      "Momentum": -0.46646360393759856,
      "Quality": 0.4078576057527012,
      "Profitability": 0.5907544123397022,
      "Liquidity": 1.227200349840211,
      "Credit": 2.4714366279410154
    },
    {
      "ticker": "ZS",
      "r_squared": 0.09125335866101514,
      "alpha_annual": -0.9719092011280974,
      "idio_vol_annual": 0.5978109927269217,
      "Market": 1.370543238753132,
      "Size": -0.42194998605482015,
      "Value (SMID)": -1.0845775005280631,
      "Momentum": -0.9484061399191321,
      "Quality": -0.8945174019114647,
      "Profitability": 0.8820758096861783,
      "Liquidity": 0.23645379141847492,
      "Credit": 0.06512013017384931
    },
    {
      "ticker": "ZTS",
      "r_squared": 0.17125920027988362,
      "alpha_annual": -0.9163679449336934,
      "idio_vol_annual": 0.34349693630647543,
      "Market": 1.343878904129876,
      "Size": 0.0935892875384085,
      "Value (SMID)": 0.02680064128433493,
      "Momentum": -0.21420184192643427,
      "Quality": 1.2808034478113113,
      "Profitability": 0.8235477039519372,
      "Liquidity": 0.09607113564646591,
      "Credit": -0.6921245644544539
    }
  ],
  "portfolio_factor_exposure": {
    "loadings": {
      "Market": 1.408127692828382,
      "Size": 0.41738782861328005,
      "Value (SMID)": -0.5307159259657662,
      "Momentum": -0.2028976422372212,
      "Quality": -0.5895601729446137,
      "Profitability": 0.49428480492389854,
      "Liquidity": 0.15427538270157087,
      "Credit": 0.4135741806196997
    },
    "alpha_annual": -0.5010666498934028,
    "r_squared_weighted": 0.22525530360566637
  },
  "stress_tests": [
    {
      "scenario": "COVID Crash (Feb-Mar 2020)",
      "market_move": -0.339,
      "portfolio_impact": -0.5256109415659138,
      "stressed_nav": 475227.1876750199,
      "pnl": -526539.5673249802,
      "description": "Rapid 33.9% selloff in SPY over 23 trading days as COVID-19 spread."
    },
    {
      "scenario": "2022 Rate Shock (Jan-Oct)",
      "market_move": -0.252,
      "portfolio_impact": -0.3907196379782014,
      "stressed_nav": 610356.8111478024,
      "pnl": -391409.9438521976,
      "description": "Grinding 9-month decline as the Fed hiked rates aggressively."
    },
    {
      "scenario": "GFC 2008-09",
      "market_move": -0.565,
      "portfolio_impact": -0.8760182359431896,
      "stressed_nav": 124200.80945836658,
      "pnl": -877565.9455416334,
      "description": "Credit crisis bear market; SPY drew down 56.5% from Oct 2007 peak."
    },
    {
      "scenario": "Dot-Com Bust (2000-02)",
      "market_move": -0.491,
      "portfolio_impact": -0.76128310415594,
      "stressed_nav": 239138.65011337693,
