{
  "generated_at": "2026-06-23T16:31:58.600963Z",
  "market_session": "OPEN",
  "fund_name": "Convex Capital",
  "tagline": "Lose small. Win big. \u2014 Paper-traded portfolio. Hypothetical performance for educational purposes only.",
  "summary": {
    "nav": 1016593.9555969811,
    "cash": 4722.310000000056,
    "equity": 1011871.645596981,
    "deposits": 1000000.0,
    "total_return": 0.01659395559698118,
    "realized_pnl": 0.0,
    "open_positions": 16
  },
  "metrics": {
    "annualized_return": -0.15842595029660256,
    "annualized_vol": 0.2811759172824936,
    "sharpe": -0.72273597673716,
    "sortino": -0.9430079778231901,
    "calmar": -0.43460617588696504,
    "max_drawdown": -0.36452760933108996,
    "var_95_1d": -0.03192493202819274,
    "risk_free_rate": 0.044790000915527345,
    "method": "Synthetic: current weights \u00d7 each holding's 252-day return history. Sortino uses Frank Sortino downside deviation (RMS of shortfalls vs MAR=RF).",
    "beta_benchmark": 0.9830391694655733,
    "benchmark_annualized_return": 0.3621605161627335,
    "treynor": -0.20672213023068828,
    "jensens_alpha": -0.5152035989336046,
    "information_ratio": -1.884921428029697,
    "tracking_error": 0.20294872177764037,
    "annualized_active_return": -0.38254239446991156,
    "up_capture": 0.6392710502044288,
    "down_capture": 1.0846913792526995,
    "data_basis": "synthetic_252d",
    "days_of_live_nav": 16,
    "benchmark_ticker": "IWM",
    "benchmark_name": "Russell 2000",
    "beta_spy": 0.9830391694655733,
    "beta_spy_stress": 1.5331806336821205
  },
  "nav_curve": [
    {
      "date": "2026-06-01",
      "value": 999882.8292976379
    },
    {
      "date": "2026-06-02",
      "value": 1005079.4966617966
    },
    {
      "date": "2026-06-03",
      "value": 995768.7768651581
    },
    {
      "date": "2026-06-04",
      "value": 1004929.1794892884
    },
    {
      "date": "2026-06-05",
      "value": 974274.0015833282
    },
    {
      "date": "2026-06-08",
      "value": 974266.9881036186
    },
    {
      "date": "2026-06-09",
      "value": 979640.5088702394
    },
    {
      "date": "2026-06-10",
      "value": 966884.7384401513
    },
    {
      "date": "2026-06-11",
      "value": 990753.0886875344
    },
    {
      "date": "2026-06-12",
      "value": 996222.4282127572
    },
    {
      "date": "2026-06-15",
      "value": 1017018.2685251809
    },
    {
      "date": "2026-06-16",
      "value": 1019223.7061524964
    },
    {
      "date": "2026-06-17",
      "value": 1004256.765778122
    },
    {
      "date": "2026-06-18",
      "value": 1005956.2144795037
    },
    {
      "date": "2026-06-22",
      "value": 1013145.2704611397
    },
    {
      "date": "2026-06-23",
      "value": 1015894.506317196
    }
  ],
  "drawdown_curve": [
    {
      "date": "2026-06-01",
      "value": 0.0
    },
    {
      "date": "2026-06-02",
      "value": 0.0
    },
    {
      "date": "2026-06-03",
      "value": -0.009263665040986776
    },
    {
      "date": "2026-06-04",
      "value": -0.00014955749570802555
    },
    {
      "date": "2026-06-05",
      "value": -0.030649809473562682
    },
    {
      "date": "2026-06-08",
      "value": -0.03065678750836781
    },
    {
      "date": "2026-06-09",
      "value": -0.025310423579476604
    },
    {
      "date": "2026-06-10",
      "value": -0.038001728568240384
    },
    {
      "date": "2026-06-11",
      "value": -0.01425400480444075
    },
    {
      "date": "2026-06-12",
      "value": -0.008812306368259061
    },
    {
      "date": "2026-06-15",
      "value": 0.0
    },
    {
      "date": "2026-06-16",
      "value": 0.0
    },
    {
      "date": "2026-06-17",
      "value": -0.014684647034823809
    },
    {
      "date": "2026-06-18",
      "value": -0.01301725184854327
    },
    {
      "date": "2026-06-22",
      "value": -0.005963789553426265
    },
    {
      "date": "2026-06-23",
      "value": -0.003266407379659525
    }
  ],
  "benchmarks": {
    "SPY": [
      {
        "date": "2026-06-01",
        "value": 0.0
      },
      {
        "date": "2026-06-02",
        "value": 0.0013579397972762752
      },
      {
        "date": "2026-06-03",
        "value": -0.005668771434361286
      },
      {
        "date": "2026-06-04",
        "value": -0.0019115061781299625
      },
      {
        "date": "2026-06-05",
        "value": -0.027671542654459702
      },
      {
        "date": "2026-06-08",
        "value": -0.025470023194608782
      },
      {
        "date": "2026-06-09",
        "value": -0.02833070775180091
      },
      {
        "date": "2026-06-10",
        "value": -0.04364962071587053
      },
      {
        "date": "2026-06-11",
        "value": -0.027394678792744487
      },
      {
        "date": "2026-06-12",
        "value": -0.022134588105308994
      },
      {
        "date": "2026-06-15",
        "value": -0.0048909388718152425
      },
      {
        "date": "2026-06-16",
        "value": -0.010823344076597685
      },
      {
        "date": "2026-06-17",
        "value": -0.023176054438276084
      },
      {
        "date": "2026-06-18",
        "value": -0.013020023259145863
      },
      {
        "date": "2026-06-22",
        "value": -0.016126029204297176
      },
      {
        "date": "2026-06-23",
        "value": -0.025497048076215667
      }
    ],
    "IWM": [
      {
        "date": "2026-06-01",
        "value": 0.0
      },
      {
        "date": "2026-06-02",
        "value": 0.009273902616242058
      },
      {
        "date": "2026-06-03",
        "value": -0.004533265755123028
      },
      {
        "date": "2026-06-04",
        "value": 0.010485102307313143
      },
      {
        "date": "2026-06-05",
        "value": -0.025365222965751943
      },
      {
        "date": "2026-06-08",
        "value": -0.016852527916236926
      },
      {
        "date": "2026-06-09",
        "value": -0.013703535746163342
      },
      {
        "date": "2026-06-10",
        "value": -0.023981055236295123
      },
      {
        "date": "2026-06-11",
        "value": 0.00494832553389335
      },
      {
        "date": "2026-06-12",
        "value": 0.01373793881377372
      },
      {
        "date": "2026-06-15",
        "value": 0.022010765090349826
      },
      {
        "date": "2026-06-16",
        "value": 0.013130856989941098
      },
      {
        "date": "2026-06-17",
        "value": 0.005499833171586088
      },
      {
        "date": "2026-06-18",
        "value": 0.025305943833869415
      },
      {
        "date": "2026-06-22",
        "value": 0.03428980212625787
      },
      {
        "date": "2026-06-23",
        "value": 0.03193112781088936
      }
    ]
  },
  "holdings": [
    {
      "ticker": "GRPN",
      "company": "Groupon, Inc.",
      "sector": "Communication Services",
      "country": "United States",
      "shares": 11310.0,
      "price": 17.079999923706055,
      "cost_basis": 17.3017824933687,
      "market_value": 193174.79913711548,
      "unrealized_pnl": -2508.3608628845373,
      "short_percent_of_float": 0.56310004,
      "short_ratio": 5.75
    },
    {
      "ticker": "TENB",
      "company": "Tenable Holdings, Inc.",
      "sector": "Technology",
      "country": "United States",
      "shares": 4766.0,
      "price": 27.6299991607666,
      "cost_basis": 26.224616030214015,
      "market_value": 131684.57600021362,
      "unrealized_pnl": 6698.056000213625,
      "short_percent_of_float": 0.129,
      "short_ratio": 3.05
    },
    {
      "ticker": "KSPI",
      "company": "Joint Stock Company Kaspi.kz",
      "sector": "Technology",
      "country": "Kazakhstan",
      "shares": 1515.0,
      "price": 83.63999938964844,
      "cost_basis": 82.53049504950495,
      "market_value": 126714.59907531738,
      "unrealized_pnl": 1680.8990753173841,
      "short_percent_of_float": 0.0159,
      "short_ratio": 3.24
    },
    {
      "ticker": "CMI",
      "company": "Cummins Inc.",
      "sector": "Industrials",
      "country": "United States",
      "shares": 153.0,
      "price": 710.3499755859375,
      "cost_basis": 651.1282352941176,
      "market_value": 108683.54626464844,
      "unrealized_pnl": 9060.926264648439,
      "short_percent_of_float": 0.0171,
      "short_ratio": 2.07
    },
    {
      "ticker": "JAKK",
      "company": "JAKKS Pacific, Inc.",
      "sector": "Consumer Cyclical",
      "country": "United States",
      "shares": 3436.0,
      "price": 22.260000228881836,
      "cost_basis": 21.83,
      "market_value": 76485.36078643799,
      "unrealized_pnl": 1477.480786437994,
      "short_percent_of_float": 0.039100002,
      "short_ratio": 7.32
    },
    {
      "ticker": "XNET",
      "company": "Xunlei Limited",
      "sector": "Technology",
      "country": "China",
      "shares": 10526.0,
      "price": 5.051000118255615,
      "cost_basis": 4.75,
      "market_value": 53166.827244758606,
      "unrealized_pnl": 3168.327244758606,
      "short_percent_of_float": 0.0377,
      "short_ratio": 6.03
    },
    {
      "ticker": "CRWV",
      "company": "CoreWeave, Inc.",
      "sector": "Technology",
      "country": "United States",
      "shares": 468.0,
      "price": 107.01000213623047,
      "cost_basis": 106.78134615384614,
      "market_value": 50080.68099975586,
      "unrealized_pnl": 107.01099975586402,
      "short_percent_of_float": 0.18190001,
      "short_ratio": 1.91
    },
    {
      "ticker": "VIA",
      "company": "Via Transportation, Inc.",
      "sector": "Technology",
      "country": "United States",
      "shares": 3280.0,
      "price": 15.050000190734863,
      "cost_basis": 15.241405487804878,
      "market_value": 49364.00062561035,
      "unrealized_pnl": -627.8093743896472,
      "short_percent_of_float": 0.13520001,
      "short_ratio": 6.88
    },
    {
      "ticker": "ZS",
      "company": "Zscaler, Inc.",
      "sector": "Technology",
      "country": "United States",
      "shares": 365.0,
      "price": 129.02000427246094,
      "cost_basis": 136.79813698630136,
      "market_value": 47092.30155944824,
      "unrealized_pnl": -2839.0184405517534,
      "short_percent_of_float": 0.114700004,
      "short_ratio": 2.09
    },
    {
      "ticker": "VST",
      "company": "Vistra Corp.",
      "sector": "Utilities",
      "country": "United States",
      "shares": 162.0,
      "price": 164.06500244140625,
      "cost_basis": 154.76,
      "market_value": 26578.530395507812,
      "unrealized_pnl": 1507.410395507814,
      "short_percent_of_float": 0.0539,
      "short_ratio": 2.73
    },
    {
      "ticker": "GENC",
      "company": "Gencor Industries, Inc.",
      "sector": "Industrials",
      "country": "United States",
      "shares": 1746.0,
      "price": 15.074999809265137,
      "cost_basis": 14.32,
      "market_value": 26320.94966697693,
      "unrealized_pnl": 1318.2296669769282,
      "short_percent_of_float": 0.0064,
      "short_ratio": 2.39
    },
    {
      "ticker": "CEG",
      "company": "Constellation Energy Corporation",
      "sector": "Utilities",
      "country": "United States",
      "shares": 94.0,
      "price": 274.875,
      "cost_basis": 265.7,
      "market_value": 25838.25,
      "unrealized_pnl": 862.4500000000011,
      "short_percent_of_float": 0.036,
      "short_ratio": 3.46
    },
    {
      "ticker": "ESI",
      "company": "Element Solutions Inc",
      "sector": "Basic Materials",
      "country": "United States",
      "shares": 557.0,
      "price": 46.29999923706055,
      "cost_basis": 44.92,
      "market_value": 25789.099575042725,
      "unrealized_pnl": 768.6595750427236,
      "short_percent_of_float": 0.0838,
      "short_ratio": 4.45
    },
    {
      "ticker": "ZTS",
      "company": "Zoetis Inc.",
      "sector": "Healthcare",
      "country": "United States",
      "shares": 312.0,
      "price": 77.0199966430664,
      "cost_basis": 80.09,
      "market_value": 24030.23895263672,
      "unrealized_pnl": -957.8410473632823,
      "short_percent_of_float": 0.0363,
      "short_ratio": 1.45
    },
    {
      "ticker": "OPEN",
      "company": "Opendoor Technologies Inc.",
      "sector": "Real Estate",
      "country": "United States",
      "shares": 5479.0,
      "price": 4.315000057220459,
      "cost_basis": 4.562927541522176,
      "market_value": 23641.885313510895,
      "unrealized_pnl": -1358.394686489106,
      "short_percent_of_float": 0.16149999,
      "short_ratio": 3.77
    },
    {
      "ticker": "PYPL",
      "company": "PayPal Holdings, Inc.",
      "sector": "Financial Services",
      "country": "United States",
      "shares": 553.0,
      "price": 42.0,
      "cost_basis": 45.19,
      "market_value": 23226.0,
      "unrealized_pnl": -1764.0699999999988,
      "short_percent_of_float": 0.0626,
      "short_ratio": 3.16
    }
  ],
  "sector_exposure": [
    {
      "name": "Technology",
      "value": 458102.98550510406,
      "pct": 0.4506253288079893
    },
    {
      "name": "Communication Services",
      "value": 193174.79913711548,
      "pct": 0.1900215893214476
    },
    {
      "name": "Industrials",
      "value": 135004.49593162537,
      "pct": 0.13280080526580132
    },
    {
      "name": "Consumer Cyclical",
      "value": 76485.36078643799,
      "pct": 0.07523688328593592
    },
    {
      "name": "Utilities",
      "value": 52416.78039550781,
      "pct": 0.05156117652177734
    },
    {
      "name": "Basic Materials",
      "value": 25789.099575042725,
      "pct": 0.02536814175714671
    },
    {
      "name": "Healthcare",
      "value": 24030.23895263672,
      "pct": 0.023637991176649564
    },
    {
      "name": "Real Estate",
      "value": 23641.885313510895,
      "pct": 0.023255976669296165
    },
    {
      "name": "Financial Services",
      "value": 23226.0,
      "pct": 0.022846879889582703
    },
    {
      "name": "Cash",
      "value": 4722.310000000056,
      "pct": 0.0046452273043734
    }
  ],
  "geographic_exposure": [
    {
      "name": "United States",
      "value": 831990.2192769051,
      "pct": 0.8184095672576865
    },
    {
      "name": "Kazakhstan",
      "value": 126714.59907531738,
      "pct": 0.12464622514984947
    },
    {
      "name": "China",
      "value": 53166.827244758606,
      "pct": 0.05229898028809064
    },
    {
      "name": "Cash",
      "value": 4722.310000000056,
      "pct": 0.0046452273043734
    }
  ],
  "signals": [
    {
      "ticker": "CEG",
      "label": "BUY",
      "composite": 1.0,
      "rsi": 52.0,
      "subs": {
        "rsi": 0.5,
        "macd": 0.5,
        "trend": -0.5,
        "bb": 0.5,
        "vol": 0.0,
        "range": 0.0
      }
    },
    {
      "ticker": "CMI",
      "label": "STRONG BUY",
      "composite": 3.0,
      "rsi": 59.0,
      "subs": {
        "rsi": 0.5,
        "macd": 0.5,
        "trend": 0.5,
        "bb": 0.5,
        "vol": 0.5,
        "range": 0.5
      }
    },
    {
      "ticker": "CRWV",
      "label": "BUY",
      "composite": 1.0,
      "rsi": 48.9,
      "subs": {
        "rsi": 0.5,
        "macd": 0.5,
        "trend": 0.0,
        "bb": -0.5,
        "vol": 0.5,
        "range": 0.0
      }
    },
    {
      "ticker": "ESI",
      "label": "STRONG BUY",
      "composite": 3.0,
      "rsi": 59.4,
      "subs": {
        "rsi": 0.5,
        "macd": 0.5,
        "trend": 0.5,
        "bb": 0.5,
        "vol": 0.5,
        "range": 0.5
      }
    },
    {
      "ticker": "GENC",
      "label": "STRONG BUY",
      "composite": 2.5,
      "rsi": 55.4,
      "subs": {
        "rsi": 0.5,
        "macd": 0.5,
        "trend": 0.5,
        "bb": 0.5,
        "vol": 0.0,
        "range": 0.5
      }
    },
    {
      "ticker": "GRPN",
      "label": "SELL",
      "composite": -1.5,
      "rsi": 49.9,
      "subs": {
        "rsi": 0.5,
        "macd": -0.5,
        "trend": 0.0,
        "bb": -0.5,
        "vol": -0.5,
        "range": -0.5
      }
    },
    {
      "ticker": "JAKK",
      "label": "STRONG BUY",
      "composite": 2.0,
      "rsi": 54.2,
      "subs": {
        "rsi": 0.5,
        "macd": 0.5,
        "trend": 0.5,
        "bb": 0.5,
        "vol": 0.0,
        "range": 0.0
      }
    },
    {
      "ticker": "KSPI",
      "label": "LEAN BEAR",
      "composite": -0.5,
      "rsi": 47.3,
      "subs": {
        "rsi": 0.5,
        "macd": -0.5,
        "trend": 0.0,
        "bb": -0.5,
        "vol": 0.0,
        "range": 0.0
      }
    },
    {
      "ticker": "OPEN",
      "label": "STRONG SELL",
      "composite": -2.0,
      "rsi": 41.8,
      "subs": {
        "rsi": 0.0,
        "macd": -0.5,
        "trend": -0.5,
        "bb": -0.5,
        "vol": 0.0,
        "range": -0.5
      }
    },
    {
      "ticker": "PYPL",
      "label": "SELL",
      "composite": -1.0,
      "rsi": 42.1,
      "subs": {
        "rsi": 0.0,
        "macd": 0.5,
        "trend": -0.5,
        "bb": -0.5,
        "vol": 0.0,
        "range": -0.5
      }
    },
    {
      "ticker": "TENB",
      "label": "NEUTRAL",
      "composite": 0.0,
      "rsi": 58.7,
      "subs": {
        "rsi": 0.5,
        "macd": -0.5,
        "trend": 0.0,
        "bb": 0.5,
        "vol": -0.5,
        "range": 0.0
      }
    },
    {
      "ticker": "VIA",
      "label": "BUY",
      "composite": 1.0,
      "rsi": 49.6,
      "subs": {
        "rsi": 0.5,
        "macd": 0.5,
        "trend": -0.5,
        "bb": 0.5,
        "vol": 0.5,
        "range": -0.5
      }
    },
    {
      "ticker": "VST",
      "label": "STRONG BUY",
      "composite": 2.0,
      "rsi": 59.6,
      "subs": {
        "rsi": 0.5,
        "macd": 0.5,
        "trend": 0.0,
        "bb": 0.5,
        "vol": 0.0,
        "range": 0.5
      }
    },
    {
      "ticker": "XNET",
      "label": "NEUTRAL",
      "composite": 0.0,
      "rsi": 42.8,
      "subs": {
        "rsi": 0.0,
        "macd": 0.5,
        "trend": -0.5,
        "bb": -0.5,
        "vol": 0.5,
        "range": 0.0
      }
    },
    {
      "ticker": "ZS",
      "label": "STRONG SELL",
      "composite": -2.0,
      "rsi": 44.4,
      "subs": {
        "rsi": 0.0,
        "macd": -0.5,
        "trend": -0.5,
        "bb": -0.5,
        "vol": 0.0,
        "range": -0.5
      }
    },
    {
      "ticker": "ZTS",
      "label": "SELL",
      "composite": -1.0,
      "rsi": 36.7,
      "subs": {
        "rsi": 0.0,
        "macd": 0.5,
        "trend": -0.5,
        "bb": -0.5,
        "vol": 0.0,
        "range": -0.5
      }
    }
  ],
  "volatility": [
    {
      "ticker": "CEG",
      "hv20": 0.4669080583418506,
      "garch": 0.5315439736233626,
      "expansion": 0.13843392532366242,
      "regime": "NORMAL",
      "signal": "BASE"
    },
    {
      "ticker": "CMI",
      "hv20": 0.45355430605539904,
      "garch": 0.32604661974988813,
      "expansion": -0.28112992116524316,
      "regime": "HIGH",
      "signal": "WEAK"
    },
    {
      "ticker": "CRWV",
      "hv20": 0.8535728737154337,
      "garch": 0.9567750190118459,
      "expansion": 0.12090607430762619,
      "regime": "NORMAL",
      "signal": "BASE"
    },
    {
      "ticker": "ESI",
      "hv20": 0.5917768216620464,
      "garch": 0.5842799964486038,
      "expansion": -0.012668331943767536,
      "regime": "EXTREME",
      "signal": "WEAK"
    },
    {
      "ticker": "GENC",
      "hv20": 0.35204662455978586,
      "garch": 0.3604359231929893,
      "expansion": 0.02383007831333069,
      "regime": "NORMAL",
      "signal": "WEAK"
    },
    {
      "ticker": "GRPN",
      "hv20": 0.8118788159745478,
      "garch": 0.7838691326240388,
      "expansion": -0.03449983273290273,
      "regime": "HIGH",
      "signal": "WEAK"
    },
    {
      "ticker": "JAKK",
      "hv20": 0.21960721602050387,
      "garch": 0.459350096592047,
      "expansion": 1.0916894486252187,
      "regime": "LOW",
      "signal": "SIGNAL"
    },
    {
      "ticker": "KSPI",
      "hv20": 0.35641377323033774,
      "garch": 0.37494100135197334,
      "expansion": 0.05198235734190356,
      "regime": "HIGH",
      "signal": "WEAK"
    },
    {
      "ticker": "OPEN",
      "hv20": 0.7743805426718098,
      "garch": 0.7485514057656933,
      "expansion": -0.033354578896054574,
      "regime": "NORMAL",
      "signal": "WEAK"
    },
    {
      "ticker": "PYPL",
      "hv20": 0.3076782225120865,
      "garch": 0.4126633134857687,
      "expansion": 0.341217165506597,
      "regime": "NORMAL",
      "signal": "SIGNAL"
    },
    {
      "ticker": "TENB",
      "hv20": 0.6068269901550832,
      "garch": 0.4564981576735874,
      "expansion": -0.2477293115177312,
      "regime": "HIGH",
      "signal": "WEAK"
    },
    {
      "ticker": "VIA",
      "hv20": 0.6865076650302351,
      "garch": null,
      "expansion": null,
      "regime": "NORMAL",
      "signal": "WEAK"
    },
    {
      "ticker": "VST",
      "hv20": 0.47707180563636176,
      "garch": 0.5620847491412786,
      "expansion": 0.1781973751132051,
      "regime": "NORMAL",
      "signal": "BASE"
    },
    {
      "ticker": "XNET",
      "hv20": 0.7758174350037979,
      "garch": 0.6974237393264814,
      "expansion": -0.10104657634683437,
      "regime": "HIGH",
      "signal": "WEAK"
    },
    {
      "ticker": "ZS",
      "hv20": 1.5096429066319763,
      "garch": 0.573422744527764,
      "expansion": -0.620160011345283,
      "regime": "EXTREME",
      "signal": "WEAK"
    },
    {
      "ticker": "ZTS",
      "hv20": 0.29635726006766633,
      "garch": 0.32633186076357223,
      "expansion": 0.10114346680443023,
      "regime": "HIGH",
      "signal": "BASE"
    }
  ],
  "correlation": {
    "tickers": [
      "CEG",
      "CMI",
      "CRWV",
      "ESI",
      "GENC",
      "GRPN",
      "JAKK",
      "KSPI",
      "OPEN",
      "PYPL",
      "TENB",
      "VIA",
      "VST",
      "XNET",
      "ZS",
      "ZTS"
    ],
    "matrix": [
      [
        1.0,
        0.328,
        0.231,
        0.296,
        0.151,
        0.09,
        0.089,
        0.059,
        0.189,
        0.14,
        0.061,
        0.007,
        0.797,
        0.25,
        0.045,
        0.122
      ],
      [
        0.328,
        1.0,
        0.371,
        0.614,
        0.345,
        0.194,
        0.134,
        0.248,
        0.183,
        0.082,
        -0.059,
        0.001,
        0.355,
        0.299,
        -0.057,
        0.182
      ],
      [
        0.231,
        0.371,
        1.0,
        0.342,
        0.116,
        0.158,
        0.055,
        0.131,
        0.246,
        0.149,
        0.112,
        0.213,
        0.317,
        0.366,
        0.178,
        0.084
      ],
      [
        0.296,
        0.614,
        0.342,
        1.0,
        0.267,
        0.302,
        0.238,
        0.307,
        0.259,
        0.286,
        0.091,
        0.049,
        0.365,
        0.335,
        0.035,
        0.169
      ],
      [
        0.151,
        0.345,
        0.116,
        0.267,
        1.0,
        0.157,
        0.32,
        0.139,
        0.129,
        0.098,
        0.164,
        0.07,
        0.17,
        0.162,
        0.055,
        0.16
      ],
      [
        0.09,
        0.194,
        0.158,
        0.302,
        0.157,
        1.0,
        0.15,
        0.341,
        0.301,
        0.268,
        0.248,
        0.167,
        0.129,
        0.237,
        0.151,
        0.159
      ],
      [
        0.089,
        0.134,
        0.055,
        0.238,
        0.32,
        0.15,
        1.0,
        0.095,
        0.14,
        0.213,
        -0.031,
        0.146,
        0.058,
        0.198,
        -0.045,
        0.145
      ],
      [
        0.059,
        0.248,
        0.131,
        0.307,
        0.139,
        0.341,
        0.095,
        1.0,
        0.241,
        0.256,
        0.253,
        0.132,
        0.11,
        0.205,
        0.148,
        0.177
      ],
      [
        0.189,
        0.183,
        0.246,
        0.259,
        0.129,
        0.301,
        0.14,
        0.241,
        1.0,
        0.247,
        0.122,
        0.153,
        0.253,
        0.348,
        0.065,
        0.172
      ],
      [
        0.14,
        0.082,
        0.149,
        0.286,
        0.098,
        0.268,
        0.213,
        0.256,
        0.247,
        1.0,
        0.35,
        0.144,
        0.086,
        0.342,
        0.204,
        0.175
      ],
      [
        0.061,
        -0.059,
        0.112,
        0.091,
        0.164,
        0.248,
        -0.031,
        0.253,
        0.122,
        0.35,
        1.0,
        0.336,
        0.067,
        0.151,
        0.562,
        0.102
      ],
      [
        0.007,
        0.001,
        0.213,
        0.049,
        0.07,
        0.167,
        0.146,
        0.132,
        0.153,
        0.144,
        0.336,
        1.0,
        0.056,
        0.165,
        0.368,
        0.022
      ],
      [
        0.797,
        0.355,
        0.317,
        0.365,
        0.17,
        0.129,
        0.058,
        0.11,
        0.253,
        0.086,
        0.067,
        0.056,
        1.0,
        0.274,
        0.07,
        0.087
      ],
      [
        0.25,
        0.299,
        0.366,
        0.335,
        0.162,
        0.237,
        0.198,
        0.205,
        0.348,
        0.342,
        0.151,
        0.165,
        0.274,
        1.0,
        0.219,
        0.048
      ],
      [
        0.045,
        -0.057,
        0.178,
        0.035,
        0.055,
        0.151,
        -0.045,
        0.148,
        0.065,
        0.204,
        0.562,
        0.368,
        0.07,
        0.219,
        1.0,
        -0.031
      ],
      [
        0.122,
        0.182,
        0.084,
        0.169,
        0.16,
        0.159,
        0.145,
        0.177,
        0.172,
        0.175,
        0.102,
        0.022,
        0.087,
        0.048,
        -0.031,
        1.0
      ]
    ]
  },
  "residual_correlation": {
    "tickers": [
      "CEG",
      "CMI",
      "CRWV",
      "ESI",
      "GENC",
      "GRPN",
      "JAKK",
      "KSPI",
      "OPEN",
      "PYPL",
      "TENB",
      "VIA",
      "VST",
      "XNET",
      "ZS",
      "ZTS"
    ],
    "matrix": [
      [
        1.0,
        0.058,
        -0.0,
        -0.035,
        0.029,
        -0.058,
        -0.019,
        -0.135,
        0.036,
        0.041,
        -0.019,
        -0.103,
        0.731,
        0.098,
        0.013,
        0.075
      ],
      [
        0.058,
        1.0,
        0.124,
        0.242,
        0.077,
        -0.058,
        -0.148,
        -0.008,
        -0.066,
        -0.098,
        -0.254,
        -0.144,
        0.038,
        0.004,
        -0.14,
        0.064
      ],
      [
        -0.0,
        0.124,
        1.0,
        0.04,
        0.014,
        -0.05,
        -0.039,
        -0.107,
        0.044,
        -0.034,
        -0.019,
        0.083,
        0.078,
        0.14,
        0.108,
        0.038
      ],
      [
        -0.035,
        0.242,
        0.04,
        1.0,
        -0.074,
        0.054,
        0.003,
        0.022,
        -0.011,
        0.138,
        -0.106,
        -0.122,
        0.004,
        0.026,
        -0.054,
        -0.019
      ],
      [
        0.029,
        0.077,
        0.014,
        -0.074,
        1.0,
        -0.029,
        0.067,
        -0.08,
        -0.075,
        0.002,
        0.094,
        -0.004,
        0.027,
        -0.054,
        0.007,
        -0.035
      ],
      [
        -0.058,
        -0.058,
        -0.05,
        0.054,
        -0.029,
        1.0,
        0.006,
        0.18,
        0.11,
        0.095,
        0.11,
        0.05,
        -0.034,
        0.013,
        0.049,
        0.026
      ],
      [
        -0.019,
        -0.148,
        -0.039,
        0.003,
        0.067,
        0.006,
        1.0,
        -0.1,
        -0.033,
        0.101,
        -0.128,
        0.09,
        -0.058,
        0.02,
        -0.113,
        -0.039
      ],
      [
        -0.135,
        -0.008,
        -0.107,
        0.022,
        -0.08,
        0.18,
        -0.1,
        1.0,
        0.06,
        0.082,
        0.148,
        0.013,
        -0.101,
        -0.025,
        0.058,
        0.044
      ],
      [
        0.036,
        -0.066,
        0.044,
        -0.011,
        -0.075,
        0.11,
        -0.033,
        0.06,
        1.0,
        0.067,
        -0.019,
        0.03,
        0.106,
        0.159,
        -0.047,
        0.027
      ],
      [
        0.041,
        -0.098,
        -0.034,
        0.138,
        0.002,
        0.095,
        0.101,
        0.082,
        0.067,
        1.0,
        0.236,
        0.008,
        -0.033,
        0.184,
        0.072,
        0.023
      ],
      [
        -0.019,
        -0.254,
        -0.019,
        -0.106,
        0.094,
        0.11,
        -0.128,
        0.148,
        -0.019,
        0.236,
        1.0,
        0.27,
        -0.027,
        0.005,
        0.519,
        -0.007
      ],
      [
        -0.103,
        -0.144,
        0.083,
        -0.122,
        -0.004,
        0.05,
        0.09,
        0.013,
        0.03,
        0.008,
        0.27,
        1.0,
        -0.057,
        0.028,
        0.313,
        -0.059
      ],
      [
        0.731,
        0.038,
        0.078,
        0.004,
        0.027,
        -0.034,
        -0.058,
        -0.101,
        0.106,
        -0.033,
        -0.027,
        -0.057,
        1.0,
        0.107,
        0.041,
        0.03
      ],
      [
        0.098,
        0.004,
        0.14,
        0.026,
        -0.054,
        0.013,
        0.02,
        -0.025,
        0.159,
        0.184,
        0.005,
        0.028,
        0.107,
        1.0,
        0.135,
        -0.108
      ],
      [
        0.013,
        -0.14,
        0.108,
        -0.054,
        0.007,
        0.049,
        -0.113,
        0.058,
        -0.047,
        0.072,
        0.519,
        0.313,
        0.041,
        0.135,
        1.0,
        -0.117
      ],
      [
        0.075,
        0.064,
        0.038,
        -0.019,
        -0.035,
        0.026,
        -0.039,
        0.044,
        0.027,
        0.023,
        -0.007,
        -0.059,
        0.03,
        -0.108,
        -0.117,
        1.0
      ]
    ]
  },
  "factor_correlation": {
    "factors": [
      "Market",
      "Size",
      "Value (SMID)",
      "Momentum",
      "Quality",
      "Profitability",
      "Liquidity",
      "Credit"
    ],
    "matrix": [
      [
        1.0,
        0.322,
        -0.494,
        0.402,
        -0.245,
        -0.538,
        0.304,
        0.181
      ],
      [
        0.322,
        1.0,
        -0.152,
        0.244,
        0.154,
        0.153,
        0.33,
        0.034
      ],
      [
        -0.494,
        -0.152,
        1.0,
        -0.551,
        0.303,
        0.592,
        -0.375,
        -0.14
      ],
      [
        0.402,
        0.244,
        -0.551,
        1.0,
        -0.208,
        -0.542,
        0.28,
        0.05
      ],
      [
        -0.245,
        0.154,
        0.303,
        -0.208,
        1.0,
        0.428,
        -0.238,
        -0.124
      ],
      [
        -0.538,
        0.153,
        0.592,
        -0.542,
        0.428,
        1.0,
        -0.268,
        -0.104
      ],
      [
        0.304,
        0.33,
        -0.375,
        0.28,
        -0.238,
        -0.268,
        1.0,
        0.154
      ],
      [
        0.181,
        0.034,
        -0.14,
        0.05,
        -0.124,
        -0.104,
        0.154,
        1.0
      ]
    ]
  },
  "factor_exposures": [
    {
      "ticker": "CEG",
      "r_squared": 0.24707321325303067,
      "alpha_annual": -0.4009486781928384,
      "idio_vol_annual": 0.4058006475345528,
      "Market": 0.7094782706294515,
      "Size": 0.41198140178483106,
      "Value (SMID)": -0.4534738006084583,
      "Momentum": 0.5374224378214926,
      "Quality": -0.8888101512159375,
      "Profitability": -0.6203166785563965,
      "Liquidity": -0.441209750160402,
      "Credit": -0.9940182564179875
    },
    {
      "ticker": "CMI",
      "r_squared": 0.47031352067694865,
      "alpha_annual": 0.3718795946620777,
      "idio_vol_annual": 0.24638860328738796,
      "Market": 1.1421216771849543,
      "Size": 0.8151582129620529,
      "Value (SMID)": 0.35429270982387046,
      "Momentum": 0.6763502244863843,
      "Quality": -0.05827188317938509,
      "Profitability": -0.15005977668168358,
      "Liquidity": -0.31078658933405884,
      "Credit": 0.7678094063116405
    },
    {
      "ticker": "CRWV",
      "r_squared": 0.27155243107339677,
      "alpha_annual": -1.0624671666363117,
      "idio_vol_annual": 0.8032882686798287,
      "Market": 1.0424085975514952,
      "Size": 0.6164953902646958,
      "Value (SMID)": -2.0392806443186093,
      "Momentum": 0.645251706588021,
      "Quality": -4.088463910357401,
      "Profitability": -0.04830213689335855,
      "Liquidity": 0.3933617016514399,
      "Credit": 1.887530744596122
    },
    {
      "ticker": "ESI",
      "r_squared": 0.5107878416238703,
      "alpha_annual": 0.2739277702272028,
      "idio_vol_annual": 0.2884946362434026,
      "Market": 1.6432518113445236,
      "Size": 0.988686338807699,
      "Value (SMID)": -0.16357122896374976,
      "Momentum": 0.6817517633442413,
      "Quality": 0.287787484277767,
      "Profitability": 0.22467481199353184,
      "Liquidity": -0.7293861045577384,
      "Credit": 0.2666453283669687
    },
    {
      "ticker": "GENC",
      "r_squared": 0.3302664461673459,
      "alpha_annual": -0.4024971926581839,
      "idio_vol_annual": 0.3231088501193709,
      "Market": 1.2883969832939057,
      "Size": 1.2462738464733434,
      "Value (SMID)": 1.1550749817161459,
      "Momentum": -0.035772664511577235,
      "Quality": -0.7810612628700652,
      "Profitability": 0.09487382341849138,
      "Liquidity": -0.1859924379831488,
      "Credit": 0.6346944129685163
    },
    {
      "ticker": "GRPN",
      "r_squared": 0.16697146889496262,
      "alpha_annual": -1.1436585065246752,
      "idio_vol_annual": 0.6251091207210381,
      "Market": 1.8909546157482173,
      "Size": 0.3249044383304475,
      "Value (SMID)": -0.9286670830361843,
      "Momentum": -0.14266264608915713,
      "Quality": -1.5254394824283848,
      "Profitability": 1.4528633207870472,
      "Liquidity": 0.22393672177022084,
      "Credit": 1.4568799678654798
    },
    {
      "ticker": "JAKK",
      "r_squared": 0.2698820759191721,
      "alpha_annual": -0.2752721397399038,
      "idio_vol_annual": 0.35117249811317036,
      "Market": 1.233687933042543,
      "Size": 1.0407026305248084,
      "Value (SMID)": 0.8335038948013052,
      "Momentum": -0.34774233912404573,
      "Quality": 1.3374657236972753,
      "Profitability": -0.34541095691060064,
      "Liquidity": 0.3259352909928579,
      "Credit": -0.43077629509644955
    },
    {
      "ticker": "KSPI",
      "r_squared": 0.21381127765976127,
      "alpha_annual": -0.19260233516878836,
      "idio_vol_annual": 0.3228509025029184,
      "Market": 1.169652459065078,
      "Size": 0.4346927545932122,
      "Value (SMID)": -0.33933514417483457,
      "Momentum": -0.47080148131085103,
      "Quality": 0.08629796279388464,
      "Profitability": 0.08281662230259534,
      "Liquidity": -0.04320552346606127,
      "Credit": 0.6291834486119456
    },
    {
      "ticker": "OPEN",
      "r_squared": 0.12432332362843779,
      "alpha_annual": 1.4673916651760066,
      "idio_vol_annual": 1.3413919543380406,
      "Market": 3.0292510898530365,
      "Size": 1.2886801906802536,
      "Value (SMID)": -1.643581089729616,
      "Momentum": -1.9099074675149077,
      "Quality": 1.016325695912625,
      "Profitability": 0.97670296460915,
      "Liquidity": 1.771456365686899,
      "Credit": -2.9109510012420583
    },
    {
      "ticker": "PYPL",
      "r_squared": 0.2955692908277092,
      "alpha_annual": -0.6777720707105114,
      "idio_vol_annual": 0.33757896341721894,
      "Market": 1.805219416131568,
      "Size": -0.34365328869443945,
      "Value (SMID)": -0.8898349431769939,
      "Momentum": -0.8772811137723999,
      "Quality": 1.5488607625089876,
      "Profitability": 0.6213291532876082,
      "Liquidity": 0.37640917468831026,
      "Credit": -0.0047642128652112155
    },
    {
      "ticker": "TENB",
      "r_squared": 0.15005808542555688,
      "alpha_annual": -0.31189330293491785,
      "idio_vol_annual": 0.41161592094235727,
      "Market": 1.4746052552748674,
      "Size": -0.10090313939158957,
      "Value (SMID)": -0.7974899567872502,
      "Momentum": -0.3080996444551627,
      "Quality": -0.5478158226855508,
      "Profitability": 1.3342871965263978,
      "Liquidity": -0.0957524866932346,
      "Credit": -0.28319212496304236
    },
    {
      "ticker": "VIA",
      "r_squared": 0.11102929772692038,
      "alpha_annual": -1.5761181112990708,
      "idio_vol_annual": 0.6796173457770202,
      "Market": 0.9669269136502469,
      "Size": 0.42862638921683227,
      "Value (SMID)": -1.4100774978401156,
      "Momentum": -0.9917173709017404,
      "Quality": -1.555178054284861,
      "Profitability": 0.4816997164213412,
      "Liquidity": 0.6380878688267017,
      "Credit": -0.7059084256128525
    },
    {
      "ticker": "VST",
      "r_squared": 0.29173858386192975,
      "alpha_annual": -0.43180454459961426,
      "idio_vol_annual": 0.4123207556512804,
      "Market": 0.6117402398318554,
      "Size": 0.797603212501901,
      "Value (SMID)": -0.6831942644921079,
      "Momentum": 0.6149664298447721,
      "Quality": -1.8379625915916629,
      "Profitability": -0.5060475197610186,
      "Liquidity": -0.7784524606542973,
      "Credit": -0.798513536257704
    },
    {
      "ticker": "XNET",
      "r_squared": 0.17219764478679533,
      "alpha_annual": -0.2887744721142858,
      "idio_vol_annual": 0.6707255254343354,
      "Market": 1.7758353113522918,
      "Size": 0.23295841233413728,
      "Value (SMID)": -0.7671548462248724,
      "Momentum": -0.3904765266992114,
      "Quality": 0.24174626059425286,
      "Profitability": 0.6337443400632019,
      "Liquidity": 1.1521488959000774,
      "Credit": 2.474544889515677
    },
    {
      "ticker": "ZS",
      "r_squared": 0.09282679183532694,
      "alpha_annual": -0.9246135124125588,
      "idio_vol_annual": 0.5986077946214036,
      "Market": 1.339877207654491,
      "Size": -0.35532690065473926,
      "Value (SMID)": -1.0933648392435438,
      "Momentum": -0.9511014974393144,
      "Quality": -0.9341139111089111,
      "Profitability": 0.8703438276349724,
      "Liquidity": 0.22216082587010927,
      "Credit": 0.14638737735217308
    },
    {
      "ticker": "ZTS",
      "r_squared": 0.16883689078358577,
      "alpha_annual": -0.9069004116637951,
      "idio_vol_annual": 0.34389437695296265,
      "Market": 1.3371002107185692,
      "Size": 0.15348981765837216,
      "Value (SMID)": 0.05955362824895587,
      "Momentum": -0.26621075406447625,
      "Quality": 1.0647763264776022,
      "Profitability": 0.743062321557163,
      "Liquidity": 0.08510806227304724,
      "Credit": -0.7914263580786705
    }
  ],
  "portfolio_factor_exposure": {
    "loadings": {
      "Market": 1.423277902985618,
      "Size": 0.43163021786851025,
      "Value (SMID)": -0.5444867460052207,
      "Momentum": -0.1859160955851853,
      "Quality": -0.5652297593660428,
      "Profitability": 0.5478556208730879,
      "Liquidity": 0.13451881885043873,
      "Credit": 0.4558218881514983
    },
    "alpha_annual": -0.47946545708438504,
    "r_squared_weighted": 0.23059973547010695
  },
  "stress_tests": [
    {
      "scenario": "COVID Crash (Feb-Mar 2020)",
      "market_move": -0.339,
      "portfolio_impact": -0.519748234818239,
