{
  "generated_at": "2026-06-29T23:45:16.403910Z",
  "market_session": "AFTER",
  "fund_name": "Convex Capital",
  "tagline": "Lose small. Win big. \u2014 Paper-traded portfolio. Hypothetical performance for educational purposes only.",
  "summary": {
    "nav": 1139434.6700000004,
    "cash": 4722.310000000056,
    "equity": 1134712.3600000003,
    "deposits": 1000000.0,
    "total_return": 0.13943467000000043,
    "realized_pnl": 0.0,
    "open_positions": 16
  },
  "metrics": {
    "period_return": 0.13956821264756347,
    "calendar_days_since_inception": 28,
    "trading_days_observed": 19,
    "annualized_return": 4.490990393319785,
    "annualized_return_arithmetic": 1.783810649969497,
    "annualized_vol": 0.3103481041249071,
    "sharpe": 5.60981869474256,
    "sortino": 12.280836890697248,
    "calmar": 118.1785819362199,
    "max_drawdown": -0.038001728568240384,
    "var_95_1d": -0.01626666375148884,
    "risk_free_rate": 0.04374000072479248,
    "beta_benchmark": 0.8251456257256348,
    "benchmark_annualized_return": 0.2656952614051449,
    "benchmark_annualized_return_arithmetic": 0.2357317731276516,
    "benchmark_period_return": 0.03703008585311984,
    "period_active_return": 0.10253812679444363,
    "treynor": 2.1088043067724955,
    "jensens_alpha": 1.5816494780711736,
    "information_ratio": 5.087026704772603,
    "tracking_error": 0.250944632255412,
    "annualized_active_return": 2.5727641554211216,
    "annualized_active_return_arithmetic": 1.276562045702621,
    "up_capture": 1.4640383411488174,
    "down_capture": 0.5513640471593504,
    "data_basis": "realized_nav",
    "days_of_live_nav": 20,
    "benchmark_ticker": "IWM",
    "benchmark_name": "Russell 2000",
    "beta_spy": 0.8251456257256348,
    "beta_spy_stress": 1.5330232194070292
  },
  "nav_curve": [
    {
      "date": "2026-06-01",
      "value": 999882.8292976379
    },
    {
      "date": "2026-06-02",
      "value": 1005079.4966617966
    },
    {
      "date": "2026-06-03",
      "value": 995768.7768651581
    },
    {
      "date": "2026-06-04",
      "value": 1004929.1794892884
    },
    {
      "date": "2026-06-05",
      "value": 974274.0015833282
    },
    {
      "date": "2026-06-08",
      "value": 974266.9881036186
    },
    {
      "date": "2026-06-09",
      "value": 979640.5088702394
    },
    {
      "date": "2026-06-10",
      "value": 966884.7384401513
    },
    {
      "date": "2026-06-11",
      "value": 990753.0886875344
    },
    {
      "date": "2026-06-12",
      "value": 996222.4282127572
    },
    {
      "date": "2026-06-15",
      "value": 1017018.2685251809
    },
    {
      "date": "2026-06-16",
      "value": 1019223.7061524964
    },
    {
      "date": "2026-06-17",
      "value": 1004256.765778122
    },
    {
      "date": "2026-06-18",
      "value": 1005956.2144795037
    },
    {
      "date": "2026-06-22",
      "value": 1013145.2704611397
    },
    {
      "date": "2026-06-23",
      "value": 1003670.4086042023
    },
    {
      "date": "2026-06-24",
      "value": 1028642.2278996087
    },
    {
      "date": "2026-06-25",
      "value": 1087855.2699132538
    },
    {
      "date": "2026-06-26",
      "value": 1108818.5221582032
    },
    {
      "date": "2026-06-29",
      "value": 1139434.688639698
    }
  ],
  "drawdown_curve": [
    {
      "date": "2026-06-01",
      "value": 0.0
    },
    {
      "date": "2026-06-02",
      "value": 0.0
    },
    {
      "date": "2026-06-03",
      "value": -0.009263665040986776
    },
    {
      "date": "2026-06-04",
      "value": -0.00014955749570802555
    },
    {
      "date": "2026-06-05",
      "value": -0.030649809473562682
    },
    {
      "date": "2026-06-08",
      "value": -0.03065678750836781
    },
    {
      "date": "2026-06-09",
      "value": -0.025310423579476604
    },
    {
      "date": "2026-06-10",
      "value": -0.038001728568240384
    },
    {
      "date": "2026-06-11",
      "value": -0.01425400480444075
    },
    {
      "date": "2026-06-12",
      "value": -0.008812306368259061
    },
    {
      "date": "2026-06-15",
      "value": 0.0
    },
    {
      "date": "2026-06-16",
      "value": 0.0
    },
    {
      "date": "2026-06-17",
      "value": -0.014684647034823809
    },
    {
      "date": "2026-06-18",
      "value": -0.01301725184854327
    },
    {
      "date": "2026-06-22",
      "value": -0.005963789553426265
    },
    {
      "date": "2026-06-23",
      "value": -0.015259944852545435
    },
    {
      "date": "2026-06-24",
      "value": 0.0
    },
    {
      "date": "2026-06-25",
      "value": 0.0
    },
    {
      "date": "2026-06-26",
      "value": 0.0
    },
    {
      "date": "2026-06-29",
      "value": 0.0
    }
  ],
  "benchmarks": {
    "SPY": [
      {
        "date": "2026-06-01",
        "value": 0.0
      },
      {
        "date": "2026-06-02",
        "value": 0.0013579397972762752
      },
      {
        "date": "2026-06-03",
        "value": -0.005668771434361286
      },
      {
        "date": "2026-06-04",
        "value": -0.0019115061781299625
      },
      {
        "date": "2026-06-05",
        "value": -0.027671542654459702
      },
      {
        "date": "2026-06-08",
        "value": -0.025470023194608782
      },
      {
        "date": "2026-06-09",
        "value": -0.02833070775180091
      },
      {
        "date": "2026-06-10",
        "value": -0.04364962071587053
      },
      {
        "date": "2026-06-11",
        "value": -0.027394678792744487
      },
      {
        "date": "2026-06-12",
        "value": -0.022134588105308994
      },
      {
        "date": "2026-06-15",
        "value": -0.0048909388718152425
      },
      {
        "date": "2026-06-16",
        "value": -0.010823344076597685
      },
      {
        "date": "2026-06-17",
        "value": -0.023176054438276084
      },
      {
        "date": "2026-06-18",
        "value": -0.013020023259145863
      },
      {
        "date": "2026-06-22",
        "value": -0.016126029204297176
      },
      {
        "date": "2026-06-23",
        "value": -0.030413801760312054
      },
      {
        "date": "2026-06-24",
        "value": -0.03086322150786902
      },
      {
        "date": "2026-06-25",
        "value": -0.029462203242598517
      },
      {
        "date": "2026-06-26",
        "value": -0.03648052466024476
      },
      {
        "date": "2026-06-29",
        "value": -0.02060667390341908
      }
    ],
    "IWM": [
      {
        "date": "2026-06-01",
        "value": 0.0
      },
      {
        "date": "2026-06-02",
        "value": 0.009273902616242058
      },
      {
        "date": "2026-06-03",
        "value": -0.004533265755123028
      },
      {
        "date": "2026-06-04",
        "value": 0.010485102307313143
      },
      {
        "date": "2026-06-05",
        "value": -0.025365222965751943
      },
      {
        "date": "2026-06-08",
        "value": -0.016852527916236926
      },
      {
        "date": "2026-06-09",
        "value": -0.013703535746163342
      },
      {
        "date": "2026-06-10",
        "value": -0.023981055236295123
      },
      {
        "date": "2026-06-11",
        "value": 0.00494832553389335
      },
      {
        "date": "2026-06-12",
        "value": 0.01373793881377372
      },
      {
        "date": "2026-06-15",
        "value": 0.022010765090349826
      },
      {
        "date": "2026-06-16",
        "value": 0.013130856989941098
      },
      {
        "date": "2026-06-17",
        "value": 0.005499833171586088
      },
      {
        "date": "2026-06-18",
        "value": 0.025305943833869415
      },
      {
        "date": "2026-06-22",
        "value": 0.03428980212625787
      },
      {
        "date": "2026-06-23",
        "value": 0.02436943940571834
      },
      {
        "date": "2026-06-24",
        "value": 0.0291215086708434
      },
      {
        "date": "2026-06-25",
        "value": 0.036821973757975135
      },
      {
        "date": "2026-06-26",
        "value": 0.04001309645392226
      },
      {
        "date": "2026-06-29",
        "value": 0.03703008585311984
      }
    ]
  },
  "holdings": [
    {
      "ticker": "GRPN",
      "company": "Groupon, Inc.",
      "sector": "Communication Services",
      "country": "United States",
      "shares": 11310.0,
      "price": 23.6,
      "cost_basis": 17.3017824933687,
      "market_value": 266916.0,
      "unrealized_pnl": 71232.84,
      "short_percent_of_float": 0.5577,
      "short_ratio": 7.12
    },
    {
      "ticker": "TENB",
      "company": "Tenable Holdings, Inc.",
      "sector": "Technology",
      "country": "United States",
      "shares": 4766.0,
      "price": 33.49,
      "cost_basis": 26.224616030214015,
      "market_value": 159613.34,
      "unrealized_pnl": 34626.820000000014,
      "short_percent_of_float": 0.1225,
      "short_ratio": 3.03
    },
    {
      "ticker": "KSPI",
      "company": "Joint Stock Company Kaspi.kz",
      "sector": "Technology",
      "country": "Kazakhstan",
      "shares": 1515.0,
      "price": 87.43,
      "cost_basis": 82.53049504950495,
      "market_value": 132456.45,
      "unrealized_pnl": 7422.750000000012,
      "short_percent_of_float": 0.019199999,
      "short_ratio": 3.76
    },
    {
      "ticker": "CMI",
      "company": "Cummins Inc.",
      "sector": "Industrials",
      "country": "United States",
      "shares": 153.0,
      "price": 691.09,
      "cost_basis": 651.1282352941176,
      "market_value": 105736.77,
      "unrealized_pnl": 6114.150000000005,
      "short_percent_of_float": 0.0214,
      "short_ratio": 2.63
    },
    {
      "ticker": "JAKK",
      "company": "JAKKS Pacific, Inc.",
      "sector": "Consumer Cyclical",
      "country": "United States",
      "shares": 3436.0,
      "price": 23.73,
      "cost_basis": 21.83,
      "market_value": 81536.28,
      "unrealized_pnl": 6528.400000000007,
      "short_percent_of_float": 0.0436,
      "short_ratio": 10.5
    },
    {
      "ticker": "VIA",
      "company": "Via Transportation, Inc.",
      "sector": "Technology",
      "country": "United States",
      "shares": 3280.0,
      "price": 18.67,
      "cost_basis": 15.241405487804878,
      "market_value": 61237.600000000006,
      "unrealized_pnl": 11245.790000000006,
      "short_percent_of_float": 0.16370001,
      "short_ratio": 7.41
    },
    {
      "ticker": "XNET",
      "company": "Xunlei Limited",
      "sector": "Technology",
      "country": "China",
      "shares": 10526.0,
      "price": 5.41,
      "cost_basis": 4.75,
      "market_value": 56945.66,
      "unrealized_pnl": 6947.160000000002,
      "short_percent_of_float": 0.0537,
      "short_ratio": 5.2
    },
    {
      "ticker": "ZS",
      "company": "Zscaler, Inc.",
      "sector": "Technology",
      "country": "United States",
      "shares": 365.0,
      "price": 137.6,
      "cost_basis": 136.79813698630136,
      "market_value": 50224.0,
      "unrealized_pnl": 292.6800000000021,
      "short_percent_of_float": 0.1129,
      "short_ratio": 1.62
    },
    {
      "ticker": "CRWV",
      "company": "CoreWeave, Inc.",
      "sector": "Technology",
      "country": "United States",
      "shares": 468.0,
      "price": 95.51,
      "cost_basis": 106.78134615384614,
      "market_value": 44698.68,
      "unrealized_pnl": -5274.9899999999925,
      "short_percent_of_float": 0.2299,
      "short_ratio": 2.46
    },
    {
      "ticker": "VST",
      "company": "Vistra Corp.",
      "sector": "Utilities",
      "country": "United States",
      "shares": 162.0,
      "price": 162.38,
      "cost_basis": 154.76,
      "market_value": 26305.559999999998,
      "unrealized_pnl": 1234.4400000000007,
      "short_percent_of_float": 0.052699998,
      "short_ratio": 3.04
    },
    {
      "ticker": "GENC",
      "company": "Gencor Industries, Inc.",
      "sector": "Industrials",
      "country": "United States",
      "shares": 1746.0,
      "price": 15.05,
      "cost_basis": 14.32,
      "market_value": 26277.300000000003,
      "unrealized_pnl": 1274.5800000000008,
      "short_percent_of_float": 0.006,
      "short_ratio": 1.66
    },
    {
      "ticker": "ESI",
      "company": "Element Solutions Inc",
      "sector": "Basic Materials",
      "country": "United States",
      "shares": 557.0,
      "price": 46.3,
      "cost_basis": 44.92,
      "market_value": 25789.1,
      "unrealized_pnl": 768.6599999999975,
      "short_percent_of_float": 0.087,
      "short_ratio": 5.6
    },
    {
      "ticker": "OPEN",
      "company": "Opendoor Technologies Inc.",
      "sector": "Real Estate",
      "country": "United States",
      "shares": 5479.0,
      "price": 4.6,
      "cost_basis": 4.562927541522176,
      "market_value": 25203.399999999998,
      "unrealized_pnl": 203.11999999999728,
      "short_percent_of_float": 0.17889999,
      "short_ratio": 4.06
    },
    {
      "ticker": "PYPL",
      "company": "PayPal Holdings, Inc.",
      "sector": "Financial Services",
      "country": "United States",
      "shares": 553.0,
      "price": 44.38,
      "cost_basis": 45.19,
      "market_value": 24542.140000000003,
      "unrealized_pnl": -447.92999999999734,
      "short_percent_of_float": 0.0687,
      "short_ratio": 3.63
    },
    {
      "ticker": "CEG",
      "company": "Constellation Energy Corporation",
      "sector": "Utilities",
      "country": "United States",
      "shares": 94.0,
      "price": 259.32,
      "cost_basis": 265.7,
      "market_value": 24376.079999999998,
      "unrealized_pnl": -599.7199999999996,
      "short_percent_of_float": 0.0356,
      "short_ratio": 2.75
    },
    {
      "ticker": "ZTS",
      "company": "Zoetis Inc.",
      "sector": "Healthcare",
      "country": "United States",
      "shares": 312.0,
      "price": 73.25,
      "cost_basis": 80.09,
      "market_value": 22854.0,
      "unrealized_pnl": -2134.080000000001,
      "short_percent_of_float": 0.0434,
      "short_ratio": 2.25
    }
  ],
  "sector_exposure": [
    {
      "name": "Technology",
      "value": 505175.73,
      "pct": 0.44335646729092404
    },
    {
      "name": "Communication Services",
      "value": 266916.0,
      "pct": 0.23425300899436377
    },
    {
      "name": "Industrials",
      "value": 132014.07,
      "pct": 0.11585927080839128
    },
    {
      "name": "Consumer Cyclical",
      "value": 81536.28,
      "pct": 0.07155853876203361
    },
    {
      "name": "Utilities",
      "value": 50681.64,
      "pct": 0.04447963655520503
    },
    {
      "name": "Basic Materials",
      "value": 25789.1,
      "pct": 0.02263324144770844
    },
    {
      "name": "Real Estate",
      "value": 25203.399999999998,
      "pct": 0.02211921461017154
    },
    {
      "name": "Financial Services",
      "value": 24542.140000000003,
      "pct": 0.02153887418573984
    },
    {
      "name": "Healthcare",
      "value": 22854.0,
      "pct": 0.02005731491389497
    },
    {
      "name": "Cash",
      "value": 4722.310000000056,
      "pct": 0.0041444324315671865
    }
  ],
  "geographic_exposure": [
    {
      "name": "United States",
      "value": 945310.2500000001,
      "pct": 0.8296309344352316
    },
    {
      "name": "Kazakhstan",
      "value": 132456.45,
      "pct": 0.1162475159721092
    },
    {
      "name": "China",
      "value": 56945.66,
      "pct": 0.04997711716109181
    },
    {
      "name": "Cash",
      "value": 4722.310000000056,
      "pct": 0.0041444324315671865
    }
  ],
  "signals": [
    {
      "ticker": "CEG",
      "label": "LEAN BEAR",
      "composite": -0.5,
      "rsi": 42.7,
      "subs": {
        "rsi": 0.0,
        "macd": 0.5,
        "trend": -0.5,
        "bb": -0.5,
        "vol": 0.0,
        "range": 0.0
      }
    },
    {
      "ticker": "CMI",
      "label": "STRONG BUY",
      "composite": 2.5,
      "rsi": 52.0,
      "subs": {
        "rsi": 0.5,
        "macd": 0.5,
        "trend": 0.5,
        "bb": 0.5,
        "vol": 0.5,
        "range": 0.0
      }
    },
    {
      "ticker": "CRWV",
      "label": "SELL",
      "composite": -1.5,
      "rsi": 40.8,
      "subs": {
        "rsi": 0.0,
        "macd": -0.5,
        "trend": 0.0,
        "bb": -0.5,
        "vol": 0.0,
        "range": -0.5
      }
    },
    {
      "ticker": "ESI",
      "label": "STRONG BUY",
      "composite": 3.0,
      "rsi": 57.1,
      "subs": {
        "rsi": 0.5,
        "macd": 0.5,
        "trend": 0.5,
        "bb": 0.5,
        "vol": 0.5,
        "range": 0.5
      }
    },
    {
      "ticker": "GENC",
      "label": "STRONG BUY",
      "composite": 3.0,
      "rsi": 54.6,
      "subs": {
        "rsi": 0.5,
        "macd": 0.5,
        "trend": 0.5,
        "bb": 0.5,
        "vol": 0.5,
        "range": 0.5
      }
    },
    {
      "ticker": "GRPN",
      "label": "STRONG BUY",
      "composite": 2.0,
      "rsi": 71.7,
      "subs": {
        "rsi": 0.0,
        "macd": 0.5,
        "trend": 0.5,
        "bb": 0.0,
        "vol": 0.5,
        "range": 0.5
      }
    },
    {
      "ticker": "JAKK",
      "label": "STRONG BUY",
      "composite": 2.5,
      "rsi": 66.7,
      "subs": {
        "rsi": 0.5,
        "macd": 0.5,
        "trend": 0.5,
        "bb": 0.0,
        "vol": 0.5,
        "range": 0.5
      }
    },
    {
      "ticker": "KSPI",
      "label": "STRONG BUY",
      "composite": 2.5,
      "rsi": 55.5,
      "subs": {
        "rsi": 0.5,
        "macd": 0.5,
        "trend": 0.5,
        "bb": 0.5,
        "vol": 0.0,
        "range": 0.5
      }
    },
    {
      "ticker": "OPEN",
      "label": "BUY",
      "composite": 1.5,
      "rsi": 51.0,
      "subs": {
        "rsi": 0.5,
        "macd": 0.5,
        "trend": -0.5,
        "bb": 0.5,
        "vol": 0.5,
        "range": 0.0
      }
    },
    {
      "ticker": "PYPL",
      "label": "BUY",
      "composite": 1.5,
      "rsi": 56.3,
      "subs": {
        "rsi": 0.5,
        "macd": 0.5,
        "trend": -0.5,
        "bb": 0.5,
        "vol": 0.0,
        "range": 0.5
      }
    },
    {
      "ticker": "TENB",
      "label": "BUY",
      "composite": 1.0,
      "rsi": 75.6,
      "subs": {
        "rsi": -0.5,
        "macd": 0.5,
        "trend": 0.5,
        "bb": 0.0,
        "vol": 0.0,
        "range": 0.5
      }
    },
    {
      "ticker": "VIA",
      "label": "STRONG BUY",
      "composite": 2.0,
      "rsi": 70.6,
      "subs": {
        "rsi": 0.0,
        "macd": 0.5,
        "trend": 0.5,
        "bb": 0.0,
        "vol": 0.5,
        "range": 0.5
      }
    },
    {
      "ticker": "VST",
      "label": "STRONG BUY",
      "composite": 2.0,
      "rsi": 55.8,
      "subs": {
        "rsi": 0.5,
        "macd": 0.5,
        "trend": 0.0,
        "bb": 0.5,
        "vol": 0.0,
        "range": 0.5
      }
    },
    {
      "ticker": "XNET",
      "label": "BUY",
      "composite": 1.0,
      "rsi": 52.2,
      "subs": {
        "rsi": 0.5,
        "macd": 0.5,
        "trend": -0.5,
        "bb": 0.5,
        "vol": 0.0,
        "range": 0.0
      }
    },
    {
      "ticker": "ZS",
      "label": "LEAN BULL",
      "composite": 0.5,
      "rsi": 52.6,
      "subs": {
        "rsi": 0.5,
        "macd": 0.5,
        "trend": -0.5,
        "bb": 0.5,
        "vol": -0.5,
        "range": 0.0
      }
    },
    {
      "ticker": "ZTS",
      "label": "LEAN BEAR",
      "composite": -0.5,
      "rsi": 31.4,
      "subs": {
        "rsi": 0.0,
        "macd": 0.5,
        "trend": -0.5,
        "bb": 0.0,
        "vol": 0.0,
        "range": -0.5
      }
    }
  ],
  "volatility": [
    {
      "ticker": "CEG",
      "hv20": 0.4395274484096649,
      "garch": 0.5150614881872375,
      "expansion": 0.17185283888611785,
      "regime": "NORMAL",
      "signal": "BASE"
    },
    {
      "ticker": "CMI",
      "hv20": 0.5070500928468596,
      "garch": 0.4111804284536371,
      "expansion": -0.18907335931043265,
      "regime": "EXTREME",
      "signal": "WEAK"
    },
    {
      "ticker": "CRWV",
      "hv20": 0.8683370303231023,
      "garch": 0.9109260183882821,
      "expansion": 0.049046610449554114,
      "regime": "NORMAL",
      "signal": "WEAK"
    },
    {
      "ticker": "ESI",
      "hv20": 0.6016365121713805,
      "garch": 0.5509109018324182,
      "expansion": -0.08431271924618951,
      "regime": "EXTREME",
      "signal": "WEAK"
    },
    {
      "ticker": "GENC",
      "hv20": 0.31820667164519517,
      "garch": 0.3541315129149268,
      "expansion": 0.11289782544153663,
      "regime": "LOW",
      "signal": "BASE"
    },
    {
      "ticker": "GRPN",
      "hv20": 1.132883610842699,
      "garch": 0.8495675238919667,
      "expansion": -0.25008401943425307,
      "regime": "EXTREME",
      "signal": "WEAK"
    },
    {
      "ticker": "JAKK",
      "hv20": 0.22496801636192174,
      "garch": 0.463346761824308,
      "expansion": 1.0596117142220332,
      "regime": "LOW",
      "signal": "SIGNAL"
    },
    {
      "ticker": "KSPI",
      "hv20": 0.37700471032162997,
      "garch": 0.37094246011335236,
      "expansion": -0.016080038371684497,
      "regime": "HIGH",
      "signal": "WEAK"
    },
    {
      "ticker": "OPEN",
      "hv20": 0.7341700117837255,
      "garch": 0.70317660418467,
      "expansion": -0.042215572825910666,
      "regime": "NORMAL",
      "signal": "WEAK"
    },
    {
      "ticker": "PYPL",
      "hv20": 0.3517831558681584,
      "garch": 0.41723682828110403,
      "expansion": 0.18606255393727955,
      "regime": "NORMAL",
      "signal": "BASE"
    },
    {
      "ticker": "TENB",
      "hv20": 0.6569198725623827,
      "garch": 0.7802408560611682,
      "expansion": 0.1877260662213787,
      "regime": "HIGH",
      "signal": "BASE"
    },
    {
      "ticker": "VIA",
      "hv20": 0.8208496319122276,
      "garch": null,
      "expansion": null,
      "regime": "NORMAL",
      "signal": "WEAK"
    },
    {
      "ticker": "VST",
      "hv20": 0.460070758321695,
      "garch": 0.5453148145593851,
      "expansion": 0.18528466479515965,
      "regime": "NORMAL",
      "signal": "BASE"
    },
    {
      "ticker": "XNET",
      "hv20": 0.754739818423236,
      "garch": 0.7019204569785575,
      "expansion": -0.06998353625362709,
      "regime": "HIGH",
      "signal": "WEAK"
    },
    {
      "ticker": "ZS",
      "hv20": 0.6698675769594549,
      "garch": 0.782623883901603,
      "expansion": 0.16832626450432445,
      "regime": "HIGH",
      "signal": "BASE"
    },
    {
      "ticker": "ZTS",
      "hv20": 0.3309201531282215,
      "garch": 0.35286588150836035,
      "expansion": 0.06631729186839691,
      "regime": "HIGH",
      "signal": "WEAK"
    }
  ],
  "correlation": {
    "tickers": [
      "CEG",
      "CMI",
      "CRWV",
      "ESI",
      "GENC",
      "GRPN",
      "JAKK",
      "KSPI",
      "OPEN",
      "PYPL",
      "TENB",
      "VIA",
      "VST",
      "XNET",
      "ZS",
      "ZTS"
    ],
    "matrix": [
      [
        1.0,
        0.329,
        0.234,
        0.302,
        0.148,
        0.082,
        0.085,
        0.058,
        0.185,
        0.134,
        0.037,
        -0.006,
        0.796,
        0.244,
        0.035,
        0.123
      ],
      [
        0.329,
        1.0,
        0.366,
        0.629,
        0.317,
        0.221,
        0.118,
        0.227,
        0.177,
        0.057,
        -0.101,
        -0.032,
        0.365,
        0.28,
        -0.079,
        0.18
      ],
      [
        0.234,
        0.366,
        1.0,
        0.34,
        0.116,
        0.131,
        0.048,
        0.122,
        0.243,
        0.141,
        0.095,
        0.197,
        0.316,
        0.36,
        0.173,
        0.082
      ],
      [
        0.302,
        0.629,
        0.34,
        1.0,
        0.257,
        0.313,
        0.228,
        0.293,
        0.26,
        0.269,
        0.065,
        0.028,
        0.374,
        0.329,
        0.025,
        0.169
      ],
      [
        0.148,
        0.317,
        0.116,
        0.257,
        1.0,
        0.134,
        0.321,
        0.147,
        0.128,
        0.108,
        0.164,
        0.079,
        0.164,
        0.167,
        0.06,
        0.155
      ],
      [
        0.082,
        0.221,
        0.131,
        0.313,
        0.134,
        1.0,
        0.159,
        0.336,
        0.29,
        0.253,
        0.221,
        0.168,
        0.145,
        0.238,
        0.13,
        0.147
      ],
      [
        0.085,
        0.118,
        0.048,
        0.228,
        0.321,
        0.159,
        1.0,
        0.108,
        0.14,
        0.222,
        -0.018,
        0.156,
        0.057,
        0.204,
        -0.039,
        0.144
      ],
      [
        0.058,
        0.227,
        0.122,
        0.293,
        0.147,
        0.336,
        0.108,
        1.0,
        0.241,
        0.266,
        0.247,
        0.14,
        0.109,
        0.213,
        0.153,
        0.181
      ],
      [
        0.185,
        0.177,
        0.243,
        0.26,
        0.128,
        0.29,
        0.14,
        0.241,
        1.0,
        0.25,
        0.135,
        0.162,
        0.252,
        0.349,
        0.071,
        0.162
      ],
      [
        0.134,
        0.057,
        0.141,
        0.269,
        0.108,
        0.253,
        0.222,
        0.266,
        0.25,
        1.0,
        0.36,
        0.166,
        0.079,
        0.352,
        0.217,
        0.167
      ],
      [
        0.037,
        -0.101,
        0.095,
        0.065,
        0.164,
        0.221,
        -0.018,
        0.247,
        0.135,
        0.36,
        1.0,
        0.379,
        0.046,
        0.165,
        0.568,
        0.064
      ],
      [
        -0.006,
        -0.032,
        0.197,
        0.028,
        0.079,
        0.168,
        0.156,
        0.14,
        0.162,
        0.166,
        0.379,
        1.0,
        0.043,
        0.186,
        0.384,
        0.001
      ],
      [
        0.796,
        0.365,
        0.316,
        0.374,
        0.164,
        0.145,
        0.057,
        0.109,
        0.252,
        0.079,
        0.046,
        0.043,
        1.0,
        0.271,
        0.06,
        0.09
      ],
      [
        0.244,
        0.28,
        0.36,
        0.329,
        0.167,
        0.238,
        0.204,
        0.213,
        0.349,
        0.352,
        0.165,
        0.186,
        0.271,
        1.0,
        0.225,
        0.036
      ],
      [
        0.035,
        -0.079,
        0.173,
        0.025,
        0.06,
        0.13,
        -0.039,
        0.153,
        0.071,
        0.217,
        0.568,
        0.384,
        0.06,
        0.225,
        1.0,
        -0.044
      ],
      [
        0.123,
        0.18,
        0.082,
        0.169,
        0.155,
        0.147,
        0.144,
        0.181,
        0.162,
        0.167,
        0.064,
        0.001,
        0.09,
        0.036,
        -0.044,
        1.0
      ]
    ]
  },
  "residual_correlation": {
    "tickers": [
      "CEG",
      "CMI",
      "CRWV",
      "ESI",
      "GENC",
      "GRPN",
      "JAKK",
      "KSPI",
      "OPEN",
      "PYPL",
      "TENB",
      "VIA",
      "VST",
      "XNET",
      "ZS",
      "ZTS"
    ],
    "matrix": [
      [
        1.0,
        0.045,
        0.011,
        -0.041,
        0.032,
        -0.079,
        -0.023,
        -0.128,
        0.031,
        0.042,
        -0.021,
        -0.096,
        0.729,
        0.101,
        0.012,
        0.068
      ],
      [
        0.045,
        1.0,
        0.114,
        0.25,
        0.067,
        -0.037,
        -0.138,
        -0.013,
        -0.065,
        -0.099,
        -0.273,
        -0.158,
        0.026,
        -0.01,
        -0.151,
        0.08
      ],
      [
        0.011,
        0.114,
        1.0,
        0.032,
        0.015,
        -0.071,
        -0.045,
        -0.103,
        0.042,
        -0.032,
        -0.018,
        0.083,
        0.082,
        0.144,
        0.108,
        0.032
      ],
      [
        -0.041,
        0.25,
        0.032,
        1.0,
        -0.07,
        0.051,
        0.002,
        0.01,
        -0.008,
        0.13,
        -0.098,
        -0.126,
        -0.002,
        0.019,
        -0.053,
        -0.017
      ],
      [
        0.032,
        0.067,
        0.015,
        -0.07,
        1.0,
        -0.047,
        0.058,
        -0.081,
        -0.077,
        -0.002,
        0.102,
        0.0,
        0.029,
        -0.055,
        0.01,
        -0.042
      ],
      [
        -0.079,
        -0.037,
        -0.071,
        0.051,
        -0.047,
        1.0,
        0.041,
        0.199,
        0.125,
        0.127,
        0.112,
        0.084,
        -0.031,
        0.047,
        0.057,
        0.029
      ],
      [
        -0.023,
        -0.138,
        -0.045,
        0.002,
        0.058,
        0.041,
        1.0,
        -0.087,
        -0.029,
        0.112,
        -0.139,
        0.081,
        -0.06,
        0.026,
        -0.115,
        -0.026
      ],
      [
        -0.128,
        -0.013,
        -0.103,
        0.01,
        -0.081,
        0.199,
        -0.087,
        1.0,
        0.059,
        0.098,
        0.149,
        0.027,
        -0.094,
        -0.003,
        0.066,
        0.042
      ],
      [
        0.031,
        -0.065,
        0.042,
        -0.008,
        -0.077,
        0.125,
        -0.029,
        0.059,
        1.0,
        0.068,
        -0.008,
        0.038,
        0.108,
        0.157,
        -0.042,
        0.026
      ],
      [
        0.042,
        -0.099,
        -0.032,
        0.13,
        -0.002,
        0.127,
        0.112,
        0.098,
        0.068,
        1.0,
        0.226,
        0.025,
        -0.027,
        0.204,
        0.078,
        0.021
      ],
      [
        -0.021,
        -0.273,
        -0.018,
        -0.098,
        0.102,
        0.112,
        -0.139,
        0.149,
        -0.008,
        0.226,
        1.0,
        0.313,
        -0.007,
        0.016,
        0.521,
        -0.051
      ],
      [
        -0.096,
        -0.158,
        0.083,
        -0.126,
        0.0,
        0.084,
        0.081,
        0.027,
        0.038,
        0.025,
        0.313,
        1.0,
        -0.039,
        0.056,
        0.328,
        -0.087
      ],
      [
        0.729,
        0.026,
        0.082,
        -0.002,
        0.029,
        -0.031,
        -0.06,
        -0.094,
        0.108,
        -0.027,
        -0.007,
        -0.039,
        1.0,
        0.114,
        0.048,
        0.019
      ],
      [
        0.101,
        -0.01,
        0.144,
        0.019,
        -0.055,
        0.047,
        0.026,
        -0.003,
        0.157,
        0.204,
        0.016,
        0.056,
        0.114,
        1.0,
        0.143,
        -0.116
      ],
      [
        0.012,
        -0.151,
        0.108,
        -0.053,
        0.01,
        0.057,
        -0.115,
        0.066,
        -0.042,
        0.078,
        0.521,
        0.328,
        0.048,
        0.143,
        1.0,
        -0.131
      ],
      [
        0.068,
        0.08,
        0.032,
        -0.017,
        -0.042,
        0.029,
        -0.026,
        0.042,
        0.026,
        0.021,
        -0.051,
        -0.087,
        0.019,
        -0.116,
        -0.131,
        1.0
      ]
    ]
  },
  "factor_correlation": {
    "factors": [
      "Market",
      "Size",
      "Value (SMID)",
      "Momentum",
      "Quality",
      "Profitability",
      "Liquidity",
      "Credit"
    ],
    "matrix": [
      [
        1.0,
        0.285,
        -0.506,
        0.412,
        -0.257,
        -0.551,
        0.312,
        0.19
      ],
      [
        0.285,
        1.0,
        -0.127,
        0.196,
        0.166,
        0.184,
        0.277,
        0.032
      ],
      [
        -0.506,
        -0.127,
        1.0,
        -0.565,
        0.331,
        0.612,
        -0.353,
        -0.146
      ],
      [
        0.412,
        0.196,
        -0.565,
        1.0,
        -0.268,
        -0.569,
        0.249,
        0.051
      ],
      [
        -0.257,
        0.166,
        0.331,
        -0.268,
        1.0,
        0.457,
        -0.195,
        -0.132
      ],
      [
        -0.551,
        0.184,
        0.612,
        -0.569,
        0.457,
        1.0,
        -0.277,
        -0.115
      ],
      [
        0.312,
        0.277,
        -0.353,
        0.249,
        -0.195,
        -0.277,
        1.0,
        0.163
      ],
      [
        0.19,
        0.032,
        -0.146,
        0.051,
        -0.132,
        -0.115,
        0.163,
        1.0
      ]
    ]
  },
  "factor_exposures": [
    {
      "ticker": "CEG",
      "r_squared": 0.23620091245103658,
      "alpha_annual": -0.4317689279484648,
      "idio_vol_annual": 0.40750585048143073,
      "Market": 0.6493501187299978,
      "Size": 0.4836579860250086,
      "Value (SMID)": -0.5161521946452149,
      "Momentum": 0.40903819264427943,
      "Quality": -0.7952025849780664,
      "Profitability": -0.629023680274705,
      "Liquidity": -0.45482184510603446,
      "Credit": -0.8798211650575427
    },
    {
      "ticker": "CMI",
      "r_squared": 0.4901317767220439,
      "alpha_annual": 0.33511600070376346,
      "idio_vol_annual": 0.24787991502742568,
      "Market": 1.1307151406729146,
      "Size": 0.804652453129798,
      "Value (SMID)": 0.40081085472795697,
      "Momentum": 0.7966081426527714,
      "Quality": -0.21952180663892118,
      "Profitability": -0.17413791678628995,
      "Liquidity": -0.428669962495123,
      "Credit": 0.8561653349577343
    },
    {
      "ticker": "CRWV",
      "r_squared": 0.2685994540877299,
      "alpha_annual": -0.8958779355456977,
      "idio_vol_annual": 0.8026495171932384,
      "Market": 1.040770637859815,
      "Size": 0.7528703509094237,
      "Value (SMID)": -1.9963644376315373,
      "Momentum": 0.303490354560514,
      "Quality": -3.8265439004940025,
      "Profitability": -0.2655316163475089,
      "Liquidity": 0.4924419665430123,
      "Credit": 1.8847171825775617
    },
    {
      "ticker": "ESI",
      "r_squared": 0.5258277983595243,
      "alpha_annual": 0.23106977531221742,
      "idio_vol_annual": 0.28715918329588724,
      "Market": 1.6689324888781567,
      "Size": 0.9706564544808498,
      "Value (SMID)": -0.17116827946860058,
      "Momentum": 0.7421302197465403,
      "Quality": 0.21056264916465936,
      "Profitability": 0.26300092170750544,
      "Liquidity": -0.7279307419381003,
      "Credit": 0.2046023259307962
    },
    {
      "ticker": "GENC",
      "r_squared": 0.32289244576917264,
      "alpha_annual": -0.42697168263641805,
      "idio_vol_annual": 0.32274892935574184,
      "Market": 1.291889768044623,
      "Size": 1.196268669426553,
      "Value (SMID)": 1.1472505335446057,
      "Momentum": -0.07205598918419309,
      "Quality": -0.6180576567800676,
      "Profitability": 0.07589033590464686,
      "Liquidity": -0.10927865112160573,
      "Credit": 0.6785832475427231
    },
    {
      "ticker": "GRPN",
      "r_squared": 0.1592957943632668,
      "alpha_annual": -0.7843908183735839,
      "idio_vol_annual": 0.6653631510984588,
      "Market": 1.9979489287737353,
      "Size": 0.2719703257652727,
      "Value (SMID)": -0.7568286578608607,
      "Momentum": 0.4033483465093338,
      "Quality": -1.7157377742212776,
      "Profitability": 1.7356881352047688,
      "Liquidity": 0.06387035102943517,
      "Credit": 1.0231412287517265
    },
    {
      "ticker": "JAKK",
      "r_squared": 0.27232943276939425,
      "alpha_annual": -0.21585512379402708,
      "idio_vol_annual": 0.3520094236720584,
      "Market": 1.2329877821924584,
      "Size": 1.087574390341725,
      "Value (SMID)": 0.8672227223644008,
      "Momentum": -0.29830730458961374,
      "Quality": 1.2583050574595334,
      "Profitability": -0.3469463591271574,
      "Liquidity": 0.2324018270584325,
      "Credit": -0.5002564357925007
    },
    {
      "ticker": "KSPI",
      "r_squared": 0.21130654139719718,
      "alpha_annual": -0.13969800228277918,
      "idio_vol_annual": 0.3238956113534181,
      "Market": 1.1546208023723028,
      "Size": 0.5286088695306267,
      "Value (SMID)": -0.31526870636015525,
      "Momentum": -0.46038688116154636,
      "Quality": 0.05754435140637394,
      "Profitability": 0.10011029377726513,
      "Liquidity": -0.1317460068201372,
      "Credit": 0.5243824647520114
    },
    {
      "ticker": "OPEN",
      "r_squared": 0.12063242060175294,
      "alpha_annual": 1.5450352184727831,
      "idio_vol_annual": 1.3421009524920058,
      "Market": 3.0646207553230562,
      "Size": 1.171332629275489,
      "Value (SMID)": -1.556640632948762,
      "Momentum": -1.7006280981131416,
      "Quality": 0.7156600834883959,
      "Profitability": 0.9122651293738009,
      "Liquidity": 1.6898443838836812,
      "Credit": -2.929241998072138
    },
    {
      "ticker": "PYPL",
      "r_squared": 0.29458975822261757,
      "alpha_annual": -0.6410912493706206,
      "idio_vol_annual": 0.3390895450420276,
      "Market": 1.774107217287537,
      "Size": -0.28398819678106857,
      "Value (SMID)": -0.9329261848991172,
      "Momentum": -0.8615721982011998,
      "Quality": 1.4327966498336526,
      "Profitability": 0.7016629127427707,
      "Liquidity": 0.30632121640849796,
      "Credit": -0.05277154971516734
    },
    {
      "ticker": "TENB",
      "r_squared": 0.15888447011670037,
      "alpha_annual": -0.17799431484325995,
      "idio_vol_annual": 0.4280245399899804,
      "Market": 1.641137123709586,
      "Size": -0.386976089346477,
      "Value (SMID)": -0.7362163091183345,
      "Momentum": -0.38313841742946775,
      "Quality": 0.3251659138654573,
      "Profitability": 1.4034845825327482,
      "Liquidity": 0.49024135946966463,
      "Credit": -0.4412953253816237
    },
    {
      "ticker": "VIA",
      "r_squared": 0.11497296954616587,
      "alpha_annual": -1.3088184058122478,
      "idio_vol_annual": 0.690860925856264,
      "Market": 1.1435249513173418,
      "Size": 0.261556727677472,
      "Value (SMID)": -1.1921286510936917,
      "Momentum": -1.0288217785274583,
      "Quality": -0.5592854357608746,
      "Profitability": 0.5720692926189461,
      "Liquidity": 1.1989742826385204,
      "Credit": -0.8956514922840193
    },
    {
      "ticker": "VST",
      "r_squared": 0.2926350504471711,
      "alpha_annual": -0.3977078555959867,
      "idio_vol_annual": 0.4133620277519518,
      "Market": 0.6155993862752628,
      "Size": 0.8270966496193308,
      "Value (SMID)": -0.6897807402240365,
      "Momentum": 0.5434519262939079,
      "Quality": -1.614740016441767,
      "Profitability": -0.5059040544041061,
      "Liquidity": -0.7114100994416749,
      "Credit": -0.8371490241226764
    },
    {
      "ticker": "XNET",
      "r_squared": 0.16956822575255914,
      "alpha_annual": -0.1834362136113864,
      "idio_vol_annual": 0.67320168703402,
      "Market": 1.7501587694503693,
      "Size": 0.285057936226931,
      "Value (SMID)": -0.7036402069715886,
      "Momentum": -0.3691761520720336,
      "Quality": 0.36844735865503725,
      "Profitability": 0.6002521368414744,
      "Liquidity": 1.0992794271138937,
      "Credit": 2.5400222699588104
    },
    {
      "ticker": "ZS",
      "r_squared": 0.1000777965274342,
      "alpha_annual": -0.8705875136430693,
      "idio_vol_annual": 0.5999040398683974,
      "Market": 1.3992363951910707,
      "Size": -0.45983050038174017,
      "Value (SMID)": -1.109536946600143,
      "Momentum": -0.9873038389810664,
      "Quality": -0.4891910905884027,
      "Profitability": 0.934546726180249,
      "Liquidity": 0.4647277025319597,
      "Credit": 0.08005080076269865
    },
    {
      "ticker": "ZTS",
