{
  "generated_at": "2026-06-16T10:17:04.937033Z",
  "market_session": "PRE",
  "fund_name": "Convex Capital",
  "tagline": "Lose small. Win big. \u2014 Paper-traded portfolio. Hypothetical performance for educational purposes only.",
  "summary": {
    "nav": 1003551.32,
    "cash": 359.3200000000179,
    "equity": 1003191.9999999999,
    "deposits": 1000000.0,
    "total_return": 0.0035513199999999134,
    "realized_pnl": 0.0,
    "open_positions": 16
  },
  "metrics": {
    "annualized_return": -0.23520823275616276,
    "annualized_vol": 0.28682336818076637,
    "sharpe": -0.9764833124238556,
    "sortino": -1.3157670388346299,
    "max_drawdown": -0.4214937210393083,
    "var_95_1d": -0.03493274235973995,
    "risk_free_rate": 0.044869999885559085,
    "method": "Synthetic: current weights \u00d7 each holding's 252-day return history.",
    "beta_spy": 1.5169239985020047,
    "data_basis": "synthetic_252d",
    "days_of_live_nav": 11
  },
  "nav_curve": [
    {
      "date": "2026-06-01",
      "value": 999535.5476397705
    },
    {
      "date": "2026-06-02",
      "value": 1003670.4372289658
    },
    {
      "date": "2026-06-03",
      "value": 989912.289704628
    },
    {
      "date": "2026-06-04",
      "value": 1000539.2173751069
    },
    {
      "date": "2026-06-05",
      "value": 965555.7467515564
    },
    {
      "date": "2026-06-08",
      "value": 964274.7760765648
    },
    {
      "date": "2026-06-09",
      "value": 967825.7974829102
    },
    {
      "date": "2026-06-10",
      "value": 956183.703109684
    },
    {
      "date": "2026-06-11",
      "value": 978161.2303819085
    },
    {
      "date": "2026-06-12",
      "value": 984267.0327100182
    },
    {
      "date": "2026-06-15",
      "value": 1003551.3198381996
    }
  ],
  "drawdown_curve": [
    {
      "date": "2026-06-01",
      "value": 0.0
    },
    {
      "date": "2026-06-02",
      "value": 0.0
    },
    {
      "date": "2026-06-03",
      "value": -0.01370783378089986
    },
    {
      "date": "2026-06-04",
      "value": -0.0031197689378038426
    },
    {
      "date": "2026-06-05",
      "value": -0.03797530450596938
    },
    {
      "date": "2026-06-08",
      "value": -0.03925159065277294
    },
    {
      "date": "2026-06-09",
      "value": -0.03571355538279983
    },
    {
      "date": "2026-06-10",
      "value": -0.04731307444940582
    },
    {
      "date": "2026-06-11",
      "value": -0.02541591931061127
    },
    {
      "date": "2026-06-12",
      "value": -0.0193324459894609
    },
    {
      "date": "2026-06-15",
      "value": -0.00011868177675435876
    }
  ],
  "benchmarks": {
    "SPY": [
      {
        "date": "2026-06-01",
        "value": 0.0
      },
      {
        "date": "2026-06-02",
        "value": 0.0013579103629497435
      },
      {
        "date": "2026-06-03",
        "value": -0.005668768842152949
      },
      {
        "date": "2026-06-04",
        "value": -0.0019115026417536596
      },
      {
        "date": "2026-06-05",
        "value": -0.027671567540792585
      },
      {
        "date": "2026-06-08",
        "value": -0.02546999220062507
      },
      {
        "date": "2026-06-09",
        "value": -0.028330728579740505
      },
      {
        "date": "2026-06-10",
        "value": -0.04364962468776956
      },
      {
        "date": "2026-06-11",
        "value": -0.02739469093739666
      },
      {
        "date": "2026-06-12",
        "value": -0.022134598720831677
      },
      {
        "date": "2026-06-15",
        "value": -0.0048909459419552714
      }
    ],
    "IWM": [
      {
        "date": "2026-06-01",
        "value": 0.0
      },
      {
        "date": "2026-06-02",
        "value": 0.009273902616242058
      },
      {
        "date": "2026-06-03",
        "value": -0.004533265755123028
      },
      {
        "date": "2026-06-04",
        "value": 0.010485102307313143
      },
      {
        "date": "2026-06-05",
        "value": -0.025365222965751943
      },
      {
        "date": "2026-06-08",
        "value": -0.016852527916236926
      },
      {
        "date": "2026-06-09",
        "value": -0.013703535746163342
      },
      {
        "date": "2026-06-10",
        "value": -0.023981055236295123
      },
      {
        "date": "2026-06-11",
        "value": 0.00494832553389335
      },
      {
        "date": "2026-06-12",
        "value": 0.01373793881377372
      },
      {
        "date": "2026-06-15",
        "value": 0.022010765090349826
      }
    ]
  },
  "holdings": [
    {
      "ticker": "GRPN",
      "company": "Groupon, Inc.",
      "sector": "Communication Services",
      "country": "United States",
      "shares": 11310.0,
      "price": 17.45,
      "cost_basis": 17.682836427939876,
      "market_value": 197359.5,
      "unrealized_pnl": -2633.38,
      "short_percent_of_float": 0.56310004,
      "short_ratio": 5.75
    },
    {
      "ticker": "TENB",
      "company": "Tenable Holdings, Inc.",
      "sector": "Technology",
      "country": "United States",
      "shares": 4766.0,
      "price": 27.72,
      "cost_basis": 26.224616030214015,
      "market_value": 132113.52,
      "unrealized_pnl": 7126.999999999997,
      "short_percent_of_float": 0.129,
      "short_ratio": 3.05
    },
    {
      "ticker": "KSPI",
      "company": "Joint Stock Company Kaspi.kz",
      "sector": "Technology",
      "country": "Kazakhstan",
      "shares": 1515.0,
      "price": 83.2,
      "cost_basis": 82.53049504950495,
      "market_value": 126048.0,
      "unrealized_pnl": 1014.3000000000056,
      "short_percent_of_float": 0.0159,
      "short_ratio": 3.24
    },
    {
      "ticker": "CMI",
      "company": "Cummins Inc.",
      "sector": "Industrials",
      "country": "United States",
      "shares": 114.0,
      "price": 679.71,
      "cost_basis": 653.737894736842,
      "market_value": 77486.94,
      "unrealized_pnl": 2960.820000000015,
      "short_percent_of_float": 0.0171,
      "short_ratio": 2.07
    },
    {
      "ticker": "JAKK",
      "company": "JAKKS Pacific, Inc.",
      "sector": "Consumer Cyclical",
      "country": "United States",
      "shares": 3436.0,
      "price": 22.185,
      "cost_basis": 21.83,
      "market_value": 76227.65999999999,
      "unrealized_pnl": 1219.7800000000016,
      "short_percent_of_float": 0.039100002,
      "short_ratio": 7.32
    },
    {
      "ticker": "VIA",
      "company": "Via Transportation, Inc.",
      "sector": "Technology",
      "country": "United States",
      "shares": 4921.0,
      "price": 14.98,
      "cost_basis": 15.241408250355619,
      "market_value": 73716.58,
      "unrealized_pnl": -1286.3899999999978,
      "short_percent_of_float": 0.13520001,
      "short_ratio": 6.88
    },
    {
      "ticker": "ZS",
      "company": "Zscaler, Inc.",
      "sector": "Technology",
      "country": "United States",
      "shares": 549.0,
      "price": 130.42,
      "cost_basis": 136.8013843351548,
      "market_value": 71600.57999999999,
      "unrealized_pnl": -3503.379999999996,
      "short_percent_of_float": 0.114700004,
      "short_ratio": 2.09
    },
    {
      "ticker": "XNET",
      "company": "Xunlei Limited",
      "sector": "Technology",
      "country": "China",
      "shares": 10526.0,
      "price": 5.32,
      "cost_basis": 4.75,
      "market_value": 55998.32,
      "unrealized_pnl": 5999.820000000003,
      "short_percent_of_float": 0.0377,
      "short_ratio": 6.03
    },
    {
      "ticker": "CRWV",
      "company": "CoreWeave, Inc.",
      "sector": "Technology",
      "country": "United States",
      "shares": 468.0,
      "price": 106.71,
      "cost_basis": 106.78134615384614,
      "market_value": 49940.28,
      "unrealized_pnl": -33.38999999999828,
      "short_percent_of_float": 0.18190001,
      "short_ratio": 1.91
    },
    {
      "ticker": "PYPL",
      "company": "PayPal Holdings, Inc.",
      "sector": "Financial Services",
      "country": "United States",
      "shares": 830.0,
      "price": 42.49,
      "cost_basis": 45.19,
      "market_value": 35266.700000000004,
      "unrealized_pnl": -2240.9999999999964,
      "short_percent_of_float": 0.0626,
      "short_ratio": 3.16
    },
    {
      "ticker": "BABA",
      "company": "Alibaba Group Holding Limited",
      "sector": "Consumer Cyclical",
      "country": "China",
      "shares": 299.0,
      "price": 112.55,
      "cost_basis": 125.39999999999999,
      "market_value": 33652.45,
      "unrealized_pnl": -3842.1499999999983,
      "short_percent_of_float": 0.0165,
      "short_ratio": 3.21
    },
    {
      "ticker": "ZTS",
      "company": "Zoetis Inc.",
      "sector": "Healthcare",
      "country": "United States",
      "shares": 312.0,
      "price": 79.95,
      "cost_basis": 80.09,
      "market_value": 24944.4,
      "unrealized_pnl": -43.68000000000018,
      "short_percent_of_float": 0.0363,
      "short_ratio": 1.45
    },
    {
      "ticker": "GENC",
      "company": "Gencor Industries, Inc.",
      "sector": "Industrials",
      "country": "United States",
      "shares": 873.0,
      "price": 14.81,
      "cost_basis": 14.32,
      "market_value": 12929.130000000001,
      "unrealized_pnl": 427.7700000000002,
      "short_percent_of_float": 0.0064,
      "short_ratio": 2.39
    },
    {
      "ticker": "VST",
      "company": "Vistra Corp.",
      "sector": "Utilities",
      "country": "United States",
      "shares": 81.0,
      "price": 153.52,
      "cost_basis": 154.76,
      "market_value": 12435.12,
      "unrealized_pnl": -100.43999999999843,
      "short_percent_of_float": 0.0539,
      "short_ratio": 2.73
    },
    {
      "ticker": "CEG",
      "company": "Constellation Energy Corporation",
      "sector": "Utilities",
      "country": "United States",
      "shares": 47.0,
      "price": 262.35,
      "cost_basis": 265.7,
      "market_value": 12330.45,
      "unrealized_pnl": -157.4499999999984,
      "short_percent_of_float": 0.036,
      "short_ratio": 3.46
    },
    {
      "ticker": "OPEN",
      "company": "Opendoor Technologies Inc.",
      "sector": "Real Estate",
      "country": "United States",
      "shares": 2417.0,
      "price": 4.61,
      "cost_basis": 5.171402565163425,
      "market_value": 11142.37,
      "unrealized_pnl": -1356.9099999999974,
      "short_percent_of_float": 0.16149999,
      "short_ratio": 3.77
    }
  ],
  "sector_exposure": [
    {
      "name": "Technology",
      "value": 509417.2799999999,
      "pct": 0.5076145781961604
    },
    {
      "name": "Communication Services",
      "value": 197359.5,
      "pct": 0.19666109352534158
    },
    {
      "name": "Consumer Cyclical",
      "value": 109880.10999999999,
      "pct": 0.10949127145784632
    },
    {
      "name": "Industrials",
      "value": 90416.07,
      "pct": 0.09009610988305014
    },
    {
      "name": "Financial Services",
      "value": 35266.700000000004,
      "pct": 0.035141899868160215
    },
    {
      "name": "Healthcare",
      "value": 24944.4,
      "pct": 0.024856127935739252
    },
    {
      "name": "Utilities",
      "value": 24765.57,
      "pct": 0.024677930770894706
    },
    {
      "name": "Real Estate",
      "value": 11142.37,
      "pct": 0.011102939907447883
    },
    {
      "name": "Cash",
      "value": 359.3200000000179,
      "pct": 0.0003580484553595305
    }
  ],
  "geographic_exposure": [
    {
      "name": "United States",
      "value": 787493.23,
      "pct": 0.7847064861615647
    },
    {
      "name": "Kazakhstan",
      "value": 126048.0,
      "pct": 0.12560194729254107
    },
    {
      "name": "China",
      "value": 89650.76999999999,
      "pct": 0.08933351809053472
    },
    {
      "name": "Cash",
      "value": 359.3200000000179,
      "pct": 0.0003580484553595305
    }
  ],
  "signals": [
    {
      "ticker": "BABA",
      "label": "STRONG SELL",
      "composite": -2.0,
      "rsi": 30.2,
      "subs": {
        "rsi": 0.0,
        "macd": -0.5,
        "trend": -0.5,
        "bb": -0.5,
        "vol": 0.0,
        "range": -0.5
      }
    },
    {
      "ticker": "CEG",
      "label": "SELL",
      "composite": -1.5,
      "rsi": 45.1,
      "subs": {
        "rsi": 0.5,
        "macd": -0.5,
        "trend": -0.5,
        "bb": -0.5,
        "vol": 0.0,
        "range": -0.5
      }
    },
    {
      "ticker": "CMI",
      "label": "BUY",
      "composite": 1.5,
      "rsi": 54.7,
      "subs": {
        "rsi": 0.5,
        "macd": -0.5,
        "trend": 0.5,
        "bb": 0.5,
        "vol": 0.0,
        "range": 0.5
      }
    },
    {
      "ticker": "CRWV",
      "label": "LEAN BULL",
      "composite": 0.5,
      "rsi": 50.5,
      "subs": {
        "rsi": 0.5,
        "macd": -0.5,
        "trend": 0.0,
        "bb": 0.5,
        "vol": 0.0,
        "range": 0.0
      }
    },
    {
      "ticker": "GENC",
      "label": "STRONG BUY",
      "composite": 2.0,
      "rsi": 51.5,
      "subs": {
        "rsi": 0.5,
        "macd": 0.5,
        "trend": 0.5,
        "bb": 0.5,
        "vol": 0.0,
        "range": 0.0
      }
    },
    {
      "ticker": "GRPN",
      "label": "SELL",
      "composite": -1.5,
      "rsi": 51.1,
      "subs": {
        "rsi": 0.5,
        "macd": -0.5,
        "trend": 0.0,
        "bb": -0.5,
        "vol": -0.5,
        "range": -0.5
      }
    },
    {
      "ticker": "JAKK",
      "label": "BUY",
      "composite": 1.5,
      "rsi": 53.7,
      "subs": {
        "rsi": 0.5,
        "macd": 0.5,
        "trend": 0.5,
        "bb": 0.5,
        "vol": -0.5,
        "range": 0.0
      }
    },
    {
      "ticker": "KSPI",
      "label": "LEAN BEAR",
      "composite": -0.5,
      "rsi": 46.4,
      "subs": {
        "rsi": 0.5,
        "macd": -0.5,
        "trend": 0.0,
        "bb": -0.5,
        "vol": 0.0,
        "range": 0.0
      }
    },
    {
      "ticker": "OPEN",
      "label": "SELL",
      "composite": -1.0,
      "rsi": 47.3,
      "subs": {
        "rsi": 0.5,
        "macd": -0.5,
        "trend": -0.5,
        "bb": -0.5,
        "vol": 0.0,
        "range": 0.0
      }
    },
    {
      "ticker": "PYPL",
      "label": "SELL",
      "composite": -1.5,
      "rsi": 42.8,
      "subs": {
        "rsi": 0.0,
        "macd": -0.5,
        "trend": -0.5,
        "bb": -0.5,
        "vol": 0.0,
        "range": 0.0
      }
    },
    {
      "ticker": "TENB",
      "label": "LEAN BULL",
      "composite": 0.5,
      "rsi": 60.7,
      "subs": {
        "rsi": 0.5,
        "macd": -0.5,
        "trend": 0.0,
        "bb": 0.5,
        "vol": -0.5,
        "range": 0.5
      }
    },
    {
      "ticker": "VIA",
      "label": "BUY",
      "composite": 1.0,
      "rsi": 48.5,
      "subs": {
        "rsi": 0.5,
        "macd": 0.5,
        "trend": -0.5,
        "bb": 0.5,
        "vol": 0.0,
        "range": 0.0
      }
    },
    {
      "ticker": "VST",
      "label": "NEUTRAL",
      "composite": 0.0,
      "rsi": 52.3,
      "subs": {
        "rsi": 0.5,
        "macd": -0.5,
        "trend": -0.5,
        "bb": 0.5,
        "vol": 0.0,
        "range": 0.0
      }
    },
    {
      "ticker": "XNET",
      "label": "LEAN BULL",
      "composite": 0.5,
      "rsi": 46.2,
      "subs": {
        "rsi": 0.5,
        "macd": 0.5,
        "trend": -0.5,
        "bb": -0.5,
        "vol": 0.5,
        "range": 0.0
      }
    },
    {
      "ticker": "ZS",
      "label": "STRONG SELL",
      "composite": -2.5,
      "rsi": 43.4,
      "subs": {
        "rsi": 0.0,
        "macd": -0.5,
        "trend": -0.5,
        "bb": -0.5,
        "vol": -0.5,
        "range": -0.5
      }
    },
    {
      "ticker": "ZTS",
      "label": "LEAN BULL",
      "composite": 0.5,
      "rsi": 38.4,
      "subs": {
        "rsi": 0.0,
        "macd": 0.5,
        "trend": -0.5,
        "bb": 0.5,
        "vol": 0.0,
        "range": 0.0
      }
    }
  ],
  "volatility": [
    {
      "ticker": "BABA",
      "hv20": 0.291775634534273,
      "garch": 0.40927582029731946,
      "expansion": 0.40270732664363185,
      "regime": "LOW",
      "signal": "SIGNAL"
    },
    {
      "ticker": "CEG",
      "hv20": 0.5494458158275125,
      "garch": 0.5576730509845719,
      "expansion": 0.014973696987151397,
      "regime": "HIGH",
      "signal": "WEAK"
    },
    {
      "ticker": "CMI",
      "hv20": 0.4897190757531516,
      "garch": 0.38398688612220316,
      "expansion": -0.2159037596571875,
      "regime": "EXTREME",
      "signal": "WEAK"
    },
    {
      "ticker": "CRWV",
      "hv20": 0.7938791989242132,
      "garch": 0.9552698864840244,
      "expansion": 0.2032937602830657,
      "regime": "LOW",
      "signal": "SIGNAL"
    },
    {
      "ticker": "GENC",
      "hv20": 0.3575318999988742,
      "garch": 0.3864657788254934,
      "expansion": 0.08092670563580563,
      "regime": "NORMAL",
      "signal": "WEAK"
    },
    {
      "ticker": "GRPN",
      "hv20": 0.8281836969911277,
      "garch": 0.7842758934624829,
      "expansion": -0.05301698607225197,
      "regime": "HIGH",
      "signal": "WEAK"
    },
    {
      "ticker": "JAKK",
      "hv20": 0.2228894161974254,
      "garch": 0.4625364344279642,
      "expansion": 1.075183480306083,
      "regime": "LOW",
      "signal": "SIGNAL"
    },
    {
      "ticker": "KSPI",
      "hv20": 0.3512614979939213,
      "garch": 0.44534537424491905,
      "expansion": 0.2678456841649804,
      "regime": "HIGH",
      "signal": "SIGNAL"
    },
    {
      "ticker": "OPEN",
      "hv20": 0.7344807244773388,
      "garch": 0.7897086745877073,
      "expansion": 0.07519319196520655,
      "regime": "NORMAL",
      "signal": "WEAK"
    },
    {
      "ticker": "PYPL",
      "hv20": 0.2633534622650912,
      "garch": 0.4139035273340034,
      "expansion": 0.5716654103349843,
      "regime": "LOW",
      "signal": "SIGNAL"
    },
    {
      "ticker": "TENB",
      "hv20": 0.6803344314337265,
      "garch": 0.4812164768970065,
      "expansion": -0.2926765798360402,
      "regime": "HIGH",
      "signal": "WEAK"
    },
    {
      "ticker": "VIA",
      "hv20": 0.6824998198829597,
      "garch": null,
      "expansion": null,
      "regime": "NORMAL",
      "signal": "WEAK"
    },
    {
      "ticker": "VST",
      "hv20": 0.5462185499875224,
      "garch": 0.5799858959000997,
      "expansion": 0.06182021081735272,
      "regime": "HIGH",
      "signal": "WEAK"
    },
    {
      "ticker": "XNET",
      "hv20": 0.6836584389543535,
      "garch": 0.6272755867900693,
      "expansion": -0.08247225361617858,
      "regime": "HIGH",
      "signal": "WEAK"
    },
    {
      "ticker": "ZS",
      "hv20": 1.5623970160633527,
      "garch": 0.3945803006965844,
      "expansion": -0.7474519621838648,
      "regime": "EXTREME",
      "signal": "WEAK"
    },
    {
      "ticker": "ZTS",
      "hv20": 0.295268530428088,
      "garch": 0.315847708857541,
      "expansion": 0.06969648407711033,
      "regime": "HIGH",
      "signal": "WEAK"
    }
  ],
  "correlation": {
    "tickers": [
      "BABA",
      "CEG",
      "CMI",
      "CRWV",
      "GENC",
      "GRPN",
      "JAKK",
      "KSPI",
      "OPEN",
      "PYPL",
      "TENB",
      "VIA",
      "VST",
      "XNET",
      "ZS",
      "ZTS"
    ],
    "matrix": [
      [
        1.0,
        0.185,
        0.337,
        0.352,
        0.133,
        0.191,
        0.114,
        0.199,
        0.19,
        0.244,
        0.062,
        -0.038,
        0.228,
        0.468,
        0.038,
        0.076
      ],
      [
        0.185,
        1.0,
        0.328,
        0.227,
        0.149,
        0.092,
        0.087,
        0.059,
        0.188,
        0.135,
        0.067,
        0.008,
        0.797,
        0.251,
        0.046,
        0.121
      ],
      [
        0.337,
        0.328,
        1.0,
        0.369,
        0.354,
        0.201,
        0.145,
        0.244,
        0.19,
        0.082,
        -0.045,
        0.005,
        0.35,
        0.313,
        -0.047,
        0.198
      ],
      [
        0.352,
        0.227,
        0.369,
        1.0,
        0.117,
        0.169,
        0.057,
        0.135,
        0.241,
        0.138,
        0.125,
        0.225,
        0.314,
        0.369,
        0.187,
        0.08
      ],
      [
        0.133,
        0.149,
        0.354,
        0.117,
        1.0,
        0.161,
        0.316,
        0.148,
        0.128,
        0.098,
        0.16,
        0.066,
        0.171,
        0.166,
        0.052,
        0.154
      ],
      [
        0.191,
        0.092,
        0.201,
        0.169,
        0.161,
        1.0,
        0.151,
        0.337,
        0.304,
        0.269,
        0.252,
        0.177,
        0.132,
        0.228,
        0.15,
        0.165
      ],
      [
        0.114,
        0.087,
        0.145,
        0.057,
        0.316,
        0.151,
        1.0,
        0.103,
        0.137,
        0.212,
        -0.038,
        0.143,
        0.059,
        0.198,
        -0.051,
        0.136
      ],
      [
        0.199,
        0.059,
        0.244,
        0.135,
        0.148,
        0.337,
        0.103,
        1.0,
        0.248,
        0.257,
        0.272,
        0.146,
        0.105,
        0.198,
        0.156,
        0.194
      ],
      [
        0.19,
        0.188,
        0.19,
        0.241,
        0.128,
        0.304,
        0.137,
        0.248,
        1.0,
        0.239,
        0.122,
        0.163,
        0.256,
        0.342,
        0.063,
        0.164
      ],
      [
        0.244,
        0.135,
        0.082,
        0.138,
        0.098,
        0.269,
        0.212,
        0.257,
        0.239,
        1.0,
        0.363,
        0.158,
        0.079,
        0.33,
        0.207,
        0.171
      ],
      [
        0.062,
        0.067,
        -0.045,
        0.125,
        0.16,
        0.252,
        -0.038,
        0.272,
        0.122,
        0.363,
        1.0,
        0.334,
        0.081,
        0.163,
        0.559,
        0.093
      ],
      [
        -0.038,
        0.008,
        0.005,
        0.225,
        0.066,
        0.177,
        0.143,
        0.146,
        0.163,
        0.158,
        0.334,
        1.0,
        0.06,
        0.19,
        0.37,
        0.019
      ],
      [
        0.228,
        0.797,
        0.35,
        0.314,
        0.171,
        0.132,
        0.059,
        0.105,
        0.256,
        0.079,
        0.081,
        0.06,
        1.0,
        0.275,
        0.075,
        0.093
      ],
      [
        0.468,
        0.251,
        0.313,
        0.369,
        0.166,
        0.228,
        0.198,
        0.198,
        0.342,
        0.33,
        0.163,
        0.19,
        0.275,
        1.0,
        0.222,
        0.044
      ],
      [
        0.038,
        0.046,
        -0.047,
        0.187,
        0.052,
        0.15,
        -0.051,
        0.156,
        0.063,
        0.207,
        0.559,
        0.37,
        0.075,
        0.222,
        1.0,
        -0.038
      ],
      [
        0.076,
        0.121,
        0.198,
        0.08,
        0.154,
        0.165,
        0.136,
        0.194,
        0.164,
        0.171,
        0.093,
        0.019,
        0.093,
        0.044,
        -0.038,
        1.0
      ]
    ]
  },
  "residual_correlation": {
    "tickers": [
      "BABA",
      "CEG",
      "CMI",
      "CRWV",
      "GENC",
      "GRPN",
      "JAKK",
      "KSPI",
      "OPEN",
      "PYPL",
      "TENB",
      "VIA",
      "VST",
      "XNET",
      "ZS",
      "ZTS"
    ],
    "matrix": [
      [
        1.0,
        0.018,
        0.111,
        0.192,
        -0.071,
        0.021,
        -0.044,
        0.021,
        0.041,
        0.117,
        -0.053,
        -0.164,
        0.056,
        0.337,
        -0.055,
        -0.017
      ],
      [
        0.018,
        1.0,
        0.035,
        -0.029,
        0.032,
        -0.061,
        -0.013,
        -0.135,
        0.028,
        0.04,
        -0.018,
        -0.09,
        0.727,
        0.079,
        0.018,
        0.079
      ],
      [
        0.111,
        0.035,
        1.0,
        0.081,
        0.074,
        -0.067,
        -0.142,
        -0.027,
        -0.083,
        -0.11,
        -0.269,
        -0.133,
        0.008,
        -0.006,
        -0.133,
        0.074
      ],
      [
        0.192,
        -0.029,
        0.081,
        1.0,
        0.019,
        -0.044,
        -0.033,
        -0.105,
        0.028,
        -0.043,
        -0.001,
        0.114,
        0.052,
        0.109,
        0.132,
        0.041
      ],
      [
        -0.071,
        0.032,
        0.074,
        0.019,
        1.0,
        -0.028,
        0.064,
        -0.079,
        -0.071,
        0.001,
        0.087,
        -0.014,
        0.03,
        -0.038,
        0.004,
        -0.041
      ],
      [
        0.021,
        -0.061,
        -0.067,
        -0.044,
        -0.028,
        1.0,
        0.009,
        0.165,
        0.111,
        0.092,
        0.113,
        0.055,
        -0.039,
        -0.003,
        0.047,
        0.038
      ],
      [
        -0.044,
        -0.013,
        -0.142,
        -0.033,
        0.064,
        0.009,
        1.0,
        -0.094,
        -0.026,
        0.102,
        -0.133,
        0.081,
        -0.052,
        0.029,
        -0.119,
        -0.048
      ],
      [
        0.021,
        -0.135,
        -0.027,
        -0.105,
        -0.079,
        0.165,
        -0.094,
        1.0,
        0.064,
        0.072,
        0.159,
        0.019,
        -0.111,
        -0.028,
        0.06,
        0.06
      ],
      [
        0.041,
        0.028,
        -0.083,
        0.028,
        -0.071,
        0.111,
        -0.026,
        0.064,
        1.0,
        0.063,
        -0.015,
        0.04,
        0.097,
        0.164,
        -0.042,
        0.025
      ],
      [
        0.117,
        0.04,
        -0.11,
        -0.043,
        0.001,
        0.092,
        0.102,
        0.072,
        0.063,
        1.0,
        0.248,
        0.007,
        -0.043,
        0.184,
        0.072,
        0.021
      ],
      [
        -0.053,
        -0.018,
        -0.269,
        -0.001,
        0.087,
        0.113,
        -0.133,
        0.159,
        -0.015,
        0.248,
        1.0,
        0.267,
        -0.021,
        0.03,
        0.52,
        -0.017
      ],
      [
        -0.164,
        -0.09,
        -0.133,
        0.114,
        -0.014,
        0.055,
        0.081,
        0.019,
        0.04,
        0.007,
        0.267,
        1.0,
        -0.041,
        0.062,
        0.308,
        -0.068
      ],
      [
        0.056,
        0.727,
        0.008,
        0.052,
        0.03,
        -0.039,
        -0.052,
        -0.111,
        0.097,
        -0.043,
        -0.021,
        -0.041,
        1.0,
        0.084,
        0.048,
        0.036
      ],
      [
        0.337,
        0.079,
        -0.006,
        0.109,
        -0.038,
        -0.003,
        0.029,
        -0.028,
        0.164,
        0.184,
        0.03,
        0.062,
        0.084,
        1.0,
        0.147,
        -0.096
      ],
      [
        -0.055,
        0.018,
        -0.133,
        0.132,
        0.004,
        0.047,
        -0.119,
        0.06,
        -0.042,
        0.072,
        0.52,
        0.308,
        0.048,
        0.147,
        1.0,
        -0.118
      ],
      [
        -0.017,
        0.079,
        0.074,
        0.041,
        -0.041,
        0.038,
        -0.048,
        0.06,
        0.025,
        0.021,
        -0.017,
        -0.068,
        0.036,
        -0.096,
        -0.118,
        1.0
      ]
    ]
  },
  "factor_correlation": {
    "factors": [
      "Market",
      "Size",
      "Value (SMID)",
      "Momentum",
      "Quality",
      "Profitability",
      "Liquidity",
      "Credit"
    ],
    "matrix": [
      [
        1.0,
        0.353,
        -0.489,
        0.404,
        -0.212,
        -0.532,
        0.325,
        0.168
      ],
      [
        0.353,
        1.0,
        -0.163,
        0.248,
        0.148,
        0.151,
        0.337,
        0.044
      ],
      [
        -0.489,
        -0.163,
        1.0,
        -0.527,
        0.279,
        0.568,
        -0.376,
        -0.127
      ],
      [
        0.404,
        0.248,
        -0.527,
        1.0,
        -0.209,
        -0.509,
        0.283,
        0.022
      ],
      [
        -0.212,
        0.148,
        0.279,
        -0.209,
        1.0,
        0.404,
        -0.216,
        -0.135
      ],
      [
        -0.532,
        0.151,
        0.568,
        -0.509,
        0.404,
        1.0,
        -0.275,
        -0.08
      ],
      [
        0.325,
        0.337,
        -0.376,
        0.283,
        -0.216,
        -0.275,
        1.0,
        0.155
      ],
      [
        0.168,
        0.044,
        -0.127,
        0.022,
        -0.135,
        -0.08,
        0.155,
        1.0
      ]
    ]
  },
  "factor_exposures": [
    {
      "ticker": "BABA",
      "r_squared": 0.1535696385714389,
      "alpha_annual": -0.35526034766135584,
      "idio_vol_annual": 0.3976888536646829,
      "Market": 1.2048686981630115,
      "Size": 0.14260501622486174,
      "Value (SMID)": 0.21494961986627842,
      "Momentum": -0.17562820751000313,
      "Quality": -0.24720278858344075,
      "Profitability": -0.22778975968099388,
      "Liquidity": 0.21199884766568342,
      "Credit": 1.0477687161249483
    },
    {
      "ticker": "CEG",
      "r_squared": 0.2526504947501027,
      "alpha_annual": -0.4019309925623846,
      "idio_vol_annual": 0.4043397116440372,
      "Market": 0.7326841593466967,
      "Size": 0.351599152630806,
      "Value (SMID)": -0.4539388972547137,
      "Momentum": 0.67444159552296,
      "Quality": -0.7083797060437217,
      "Profitability": -0.6300252667588905,
      "Liquidity": -0.424003774129881,
      "Credit": -0.8603536720152091
    },
    {
      "ticker": "CMI",
      "r_squared": 0.5001337041592314,
      "alpha_annual": 0.2856520137431067,
      "idio_vol_annual": 0.23795733282213777,
      "Market": 1.213642229406102,
      "Size": 0.7929764918092953,
      "Value (SMID)": 0.3832322507801112,
      "Momentum": 0.7713078509906317,
      "Quality": 0.1125389777798299,
      "Profitability": -0.121113964060995,
      "Liquidity": -0.32582395537658054,
      "Credit": 0.8334634554720001
    },
    {
      "ticker": "CRWV",
      "r_squared": 0.2853346786453389,
      "alpha_annual": -0.8444702360986277,
      "idio_vol_annual": 0.7961006060114577,
      "Market": 0.8193041250293731,
      "Size": 0.6439692678639847,
      "Value (SMID)": -2.1435832324515953,
      "Momentum": 1.060919218186525,
      "Quality": -3.8308419370485343,
      "Profitability": -0.08065690732932967,
      "Liquidity": 0.4274263827768444,
      "Credit": 2.0382048824780954
    },
    {
      "ticker": "GENC",
      "r_squared": 0.3334265297100921,
      "alpha_annual": -0.4376965027676364,
      "idio_vol_annual": 0.3266150545146028,
      "Market": 1.383399709318293,
      "Size": 1.213182499151097,
      "Value (SMID)": 1.1578828545842907,
      "Momentum": -0.07501378888411406,
      "Quality": -0.6338135464241427,
      "Profitability": 0.1033959875660649,
      "Liquidity": -0.16740964434827452,
      "Credit": 0.593344145253477
    },
    {
      "ticker": "GRPN",
      "r_squared": 0.16189218849563558,
      "alpha_annual": -1.0444422163043547,
      "idio_vol_annual": 0.6278010783263427,
      "Market": 1.803622444397478,
      "Size": 0.3572319097069665,
      "Value (SMID)": -0.8940606337279615,
      "Momentum": -0.14189312878318727,
      "Quality": -2.032785973927741,
      "Profitability": 1.3764257862484877,
      "Liquidity": 0.1661397360911242,
      "Credit": 1.4523488277886107
    },
    {
      "ticker": "JAKK",
      "r_squared": 0.28627052787815543,
      "alpha_annual": -0.36008901193468806,
      "idio_vol_annual": 0.35958554584505303,
      "Market": 1.3599697093924332,
      "Size": 1.0159852447512197,
      "Value (SMID)": 0.8218159129529099,
      "Momentum": -0.41929463848528964,
      "Quality": 1.5928299848432712,
      "Profitability": -0.32940760587856965,
      "Liquidity": 0.39170491752141623,
      "Credit": -0.3111367247773003
    },
    {
      "ticker": "KSPI",
      "r_squared": 0.2246082935306728,
      "alpha_annual": -0.2920163317723427,
      "idio_vol_annual": 0.3199984303217278,
      "Market": 1.276078047884642,
      "Size": 0.38737364360159776,
      "Value (SMID)": -0.30397856079937957,
      "Momentum": -0.5597204092732053,
      "Quality": 0.1665996851325135,
      "Profitability": 0.12564756986368902,
      "Liquidity": 0.029232722230046755,
      "Credit": 0.3759785374620391
    },
    {
      "ticker": "OPEN",
      "r_squared": 0.12202477973439718,
      "alpha_annual": 1.4498768439221135,
      "idio_vol_annual": 1.3443632374622647,
      "Market": 2.807047686244713,
      "Size": 1.4373481843396905,
      "Value (SMID)": -1.6484669130101566,
      "Momentum": -1.9042192209470905,
      "Quality": 0.8324743109136913,
      "Profitability": 0.9122959808225928,
      "Liquidity": 1.826357867053361,
      "Credit": -3.207312555227788
    },
    {
      "ticker": "PYPL",
      "r_squared": 0.30897869493803,
      "alpha_annual": -0.7604872681429401,
      "idio_vol_annual": 0.3365715013890724,
      "Market": 1.9009152196230097,
      "Size": -0.42531912825622276,
      "Value (SMID)": -0.9033038712718151,
      "Momentum": -0.9093045758508116,
      "Quality": 1.6267150427432138,
      "Profitability": 0.7651994114819199,
      "Liquidity": 0.4757074347622695,
      "Credit": -0.052097187795817075
    },
    {
      "ticker": "TENB",
      "r_squared": 0.14566472772943972,
      "alpha_annual": -0.3342048728825705,
      "idio_vol_annual": 0.40876321783337277,
      "Market": 1.5095014983294373,
      "Size": -0.1338877200475025,
      "Value (SMID)": -0.7575693773585735,
      "Momentum": -0.2809690360037275,
      "Quality": -0.4519193435068171,
      "Profitability": 1.3397551494048987,
      "Liquidity": -0.18888182823275787,
      "Credit": -0.281052648718663
    },
    {
      "ticker": "VIA",
      "r_squared": 0.11899540579042589,
      "alpha_annual": -1.5844596052227582,
      "idio_vol_annual": 0.6815760640670733,
      "Market": 1.2334913289482623,
      "Size": 0.3275367779953146,
      "Value (SMID)": -1.4197438796240207,
      "Momentum": -1.2041225686487975,
      "Quality": -1.5159463260121775,
      "Profitability": 0.6317403082356134,
      "Liquidity": 0.6044580071208806,
      "Credit": -0.8423342372971488
    },
    {
      "ticker": "VST",
      "r_squared": 0.28998151188586974,
      "alpha_annual": -0.3901487973082555,
      "idio_vol_annual": 0.41178366392873156,
      "Market": 0.6273272755853796,
      "Size": 0.7410682247214682,
      "Value (SMID)": -0.6765335826620775,
      "Momentum": 0.7262213292978107,
      "Quality": -1.876974803939759,
      "Profitability": -0.4783300799528478,
      "Liquidity": -0.7461500727820514,
      "Credit": -0.8142717405420833
    },
    {
      "ticker": "XNET",
      "r_squared": 0.17874221129893297,
      "alpha_annual": -0.39561362857453536,
      "idio_vol_annual": 0.6816273228912423,
      "Market": 1.8625788385523325,
      "Size": 0.13481938538263702,
      "Value (SMID)": -0.7493131432129508,
      "Momentum": -0.37609961931573066,
      "Quality": 0.576150699409909,
      "Profitability": 0.5401307303248766,
      "Liquidity": 1.427128441129965,
      "Credit": 2.000675635660185
    },
    {
      "ticker": "ZS",
      "r_squared": 0.09144198864874908,
      "alpha_annual": -0.933369875677353,
      "idio_vol_annual": 0.5972583631728755,
      "Market": 1.3925862007940357,
      "Size": -0.43387114982284186,
      "Value (SMID)": -1.0941954886153922,
      "Momentum": -0.9843509206180079,
      "Quality": -0.9984234340088685,
      "Profitability": 0.8851280739226488,
      "Liquidity": 0.18209214491564324,
      "Credit": 0.08662734071993358
    },
    {
      "ticker": "ZTS",
      "r_squared": 0.17348943925276283,
      "alpha_annual": -0.9310106876628814,
      "idio_vol_annual": 0.343356598372738,
      "Market": 1.3679043738028898,
      "Size": 0.08510431143138722,
      "Value (SMID)": 0.0450110828905375,
      "Momentum": -0.22475696429596004,
      "Quality": 1.2996848034547746,
      "Profitability": 0.8476478447604059,
      "Liquidity": 0.09461117738339989,
      "Credit": -0.7483970491533468
    }
  ],
  "portfolio_factor_exposure": {
    "loadings": {
      "Market": 1.4528680258320223,
      "Size": 0.3095088728849886,
      "Value (SMID)": -0.5935399955154241,
      "Momentum": -0.28271625484173823,
      "Quality": -0.5996547622038727,
      "Profitability": 0.6024838660290741,
      "Liquidity": 0.20428856778563947,
      "Credit": 0.4601779311564519
    },
    "alpha_annual": -0.5997594749994916,
    "r_squared_weighted": 0.2117685091328594
  },
  "stress_tests": [
    {
      "scenario": "COVID Crash (Feb-Mar 2020)",
      "market_move": -0.339,
      "portfolio_impact": -0.5142372354921796,
      "stressed_nav": 487487.8635286723,
      "pnl": -516063.45647132763,
      "description": "Rapid 33.9% selloff in SPY over 23 trading days as COVID-19 spread."
    },
    {
      "scenario": "2022 Rate Shock (Jan-Oct)",
      "market_move": -0.252,
      "portfolio_impact": -0.3822648476225052,
      "stressed_nav": 619928.927578836,
      "pnl": -383622.39242116397,
      "description": "Grinding 9-month decline as the Fed hiked rates aggressively."
    },
    {
      "scenario": "GFC 2008-09",
      "market_move": -0.565,
      "portfolio_impact": -0.8570620591536325,
      "stressed_nav": 143445.55921445397,
      "pnl": -860105.7607855459,
      "description": "Credit crisis bear market; SPY drew down 56.5% from Oct 2007 peak."
    },
    {
      "scenario": "Dot-Com Bust (2000-02)",
      "market_move": -0.491,
      "portfolio_impact": -0.7448096832644843,
      "stressed_nav": 256096.57921114488,
      "pnl": -747454.7407888551,
      "description": "Tech bubble burst; SPY -49.1% peak-to-trough over 30 months."
    },
    {
      "scenario": "Black Monday (Oct 1987)",
      "market_move": -0.204,
      "portfolio_impact": -0.3094524956944089,
      "stressed_nav": 692999.8594685816,
      "pnl": -310551.4605314183,
      "description": "Flash crash; -20.4% on a single trading day."
    },
    {
      "scenario": "Aug 2024 Yen Carry Unwind",
      "market_move": -0.084,
      "portfolio_impact": -0.1274216158741684,
      "stressed_nav": 875677.1891929454,
      "pnl": -127874.13080705458,
      "description": "Yen carry unwind shock; SPY -8.4% in one week."
    }
  ],
  "monte_carlo": {
    "horizon_days": 21,
    "n_paths": 10000,
    "current_nav": 1003551.32,
    "terminal_return": {
      "p5": -0.1530857936101085,
      "p25": -0.0786904387193163,
      "p50": -0.02476798026005883,
      "p75": 0.02945969989866526,
      "p95": 0.11167668489353524,
      "prob_negative": 0.6224
    },
    "terminal_nav": {
      "p5": 849921.8697493281,
      "p50": 978695.3807162839,
      "p95": 1115624.6045381313
    },
    "max_drawdown": {
      "p5": -0.16979364761547666,
      "p50": -0.0800615661351552,
      "p95": -0.029595155442934253
    },
    "method": "Bootstrap of synthetic portfolio daily returns (current weights \u00d7 each holding's 252-day history). 10,000 paths, 21-trading-day horizon (~1 month)."
  },
  "factor_stress": [
    {
      "scenario": "Tech Selloff -15%",
      "description": "Concentrated drawdown in Tech and Communication Services.",
      "shocks": {
        "sector:Technology": -0.15,
        "sector:Communication Services": -0.1
      },
      "pnl": -96148.542,
