{
  "generated_at": "2026-06-05T14:11:04.600370Z",
  "market_session": "OPEN",
  "fund_name": "Convex Capital",
  "tagline": "Lose small. Win big. \u2014 Paper-traded portfolio. Hypothetical performance for educational purposes only.",
  "summary": {
    "nav": 934595.0567377091,
    "cash": 100069.3,
    "equity": 834525.756737709,
    "deposits": 1000000.0,
    "total_return": -0.06540494326229096,
    "realized_pnl": 0.0,
    "open_positions": 17
  },
  "metrics": {
    "annualized_return": -0.25421855359604406,
    "annualized_vol": 0.302420913071252,
    "sharpe": -0.840611685925797,
    "sortino": -1.1927372329261685,
    "max_drawdown": -0.42773561034545016,
    "var_95_1d": -0.03441949860076552,
    "method": "Synthetic: current weights \u00d7 each holding's 252-day return history.",
    "beta_spy": 1.6258309711439767,
    "data_basis": "synthetic_252d",
    "days_of_live_nav": 5
  },
  "nav_curve": [
    {
      "date": "2026-06-01",
      "value": 999876.7643095207
    },
    {
      "date": "2026-06-02",
      "value": 987990.5711266326
    },
    {
      "date": "2026-06-03",
      "value": 947242.0350435257
    },
    {
      "date": "2026-06-04",
      "value": 957866.4054878235
    },
    {
      "date": "2026-06-05",
      "value": 934487.625545311
    }
  ],
  "drawdown_curve": [
    {
      "date": "2026-06-01",
      "value": 0.0
    },
    {
      "date": "2026-06-02",
      "value": -0.01188765816665044
    },
    {
      "date": "2026-06-03",
      "value": -0.05264121654266328
    },
    {
      "date": "2026-06-04",
      "value": -0.0420155366353653
    },
    {
      "date": "2026-06-05",
      "value": -0.06539719803306471
    }
  ],
  "benchmarks": {
    "SPY": [
      {
        "date": "2026-06-01",
        "value": 0.0
      },
      {
        "date": "2026-06-02",
        "value": 0.0013579103629497435
      },
      {
        "date": "2026-06-03",
        "value": -0.005668768842152949
      },
      {
        "date": "2026-06-04",
        "value": -0.0019115026417536596
      },
      {
        "date": "2026-06-05",
        "value": -0.011060661080909862
      }
    ],
    "IWM": [
      {
        "date": "2026-06-01",
        "value": 0.0
      },
      {
        "date": "2026-06-02",
        "value": 0.009273972502921835
      },
      {
        "date": "2026-06-03",
        "value": -0.004533177066893157
      },
      {
        "date": "2026-06-04",
        "value": 0.010485150059186044
      },
      {
        "date": "2026-06-05",
        "value": -0.007249640601620144
      }
    ]
  },
  "holdings": [
    {
      "ticker": "GRPN",
      "company": "Groupon, Inc.",
      "sector": "Communication Services",
      "country": "United States",
      "shares": 9414.0,
      "price": 17.94499969482422,
      "cost_basis": 18.569696197153178,
      "market_value": 168934.2271270752,
      "unrealized_pnl": -5880.89287292482,
      "short_percent_of_float": 0.5812,
      "short_ratio": 4.89
    },
    {
      "ticker": "KSPI",
      "company": "Joint Stock Company Kaspi.kz",
      "sector": "Technology",
      "country": "Kazakhstan",
      "shares": 1260.0,
      "price": 80.70999908447266,
      "cost_basis": 89.27980952380952,
      "market_value": 101694.59884643555,
      "unrealized_pnl": -10797.961153564447,
      "short_percent_of_float": 0.015700001,
      "short_ratio": 2.81
    },
    {
      "ticker": "JAKK",
      "company": "JAKKS Pacific, Inc.",
      "sector": "Consumer Cyclical",
      "country": "United States",
      "shares": 3436.0,
      "price": 21.4950008392334,
      "cost_basis": 21.83,
      "market_value": 73856.82288360596,
      "unrealized_pnl": -1151.0571163940372,
      "short_percent_of_float": 0.0339,
      "short_ratio": 6.7
    },
    {
      "ticker": "VIA",
      "company": "Via Transportation, Inc.",
      "sector": "Technology",
      "country": "United States",
      "shares": 4588.0,
      "price": 15.005000114440918,
      "cost_basis": 16.34804054054054,
      "market_value": 68842.94052505493,
      "unrealized_pnl": -6161.869474945072,
      "short_percent_of_float": 0.1248,
      "short_ratio": 7.65
    },
    {
      "ticker": "ZS",
      "company": "Zscaler, Inc.",
      "sector": "Technology",
      "country": "United States",
      "shares": 509.0,
      "price": 133.85000610351562,
      "cost_basis": 147.54363457760311,
      "market_value": 68129.65310668945,
      "unrealized_pnl": -6970.056893310532,
      "short_percent_of_float": 0.1058,
      "short_ratio": 4.01
    },
    {
      "ticker": "XNET",
      "company": "Xunlei Limited",
      "sector": "Technology",
      "country": "China",
      "shares": 13064.0,
      "price": 4.789999961853027,
      "cost_basis": 5.74080985915493,
      "market_value": 62576.55950164795,
      "unrealized_pnl": -12421.380498352055,
      "short_percent_of_float": 0.0322,
      "short_ratio": 6.99
    },
    {
      "ticker": "PRGS",
      "company": "Progress Software Corporation",
      "sector": "Technology",
      "country": "United States",
      "shares": 1416.0,
      "price": 31.350000381469727,
      "cost_basis": 35.32,
      "market_value": 44391.60054016113,
      "unrealized_pnl": -5621.519459838868,
      "short_percent_of_float": 0.1445,
      "short_ratio": 5.14
    },
    {
      "ticker": "CRWV",
      "company": "CoreWeave, Inc.",
      "sector": "Technology",
      "country": "United States",
      "shares": 425.0,
      "price": 101.76499938964844,
      "cost_basis": 117.60941176470588,
      "market_value": 43250.124740600586,
      "unrealized_pnl": -6733.875259399414,
      "short_percent_of_float": 0.1714,
      "short_ratio": 1.75
    },
    {
      "ticker": "BABA",
      "company": "Alibaba Group Holding Limited",
      "sector": "Consumer Cyclical",
      "country": "Hong Kong",
      "shares": 299.0,
      "price": 123.7699966430664,
      "cost_basis": 125.39999999999999,
      "market_value": 37007.228996276855,
      "unrealized_pnl": -487.371003723142,
      "short_percent_of_float": 0.0197,
      "short_ratio": 3.3
    },
    {
      "ticker": "PYPL",
      "company": "PayPal Holdings, Inc.",
      "sector": "Financial Services",
      "country": "United States",
      "shares": 830.0,
      "price": 42.150001525878906,
      "cost_basis": 45.19,
      "market_value": 34984.50126647949,
      "unrealized_pnl": -2523.198733520506,
      "short_percent_of_float": 0.0545,
      "short_ratio": 2.87
    },
    {
      "ticker": "OPEN",
      "company": "Opendoor Technologies Inc.",
      "sector": "Real Estate",
      "country": "United States",
      "shares": 7252.0,
      "price": 4.684999942779541,
      "cost_basis": 5.1715333701047985,
      "market_value": 33975.61958503723,
      "unrealized_pnl": -3528.340414962767,
      "short_percent_of_float": 0.14819999,
      "short_ratio": 3.26
    },
    {
      "ticker": "CMI",
      "company": "Cummins Inc.",
      "sector": "Industrials",
      "country": "United States",
      "shares": 39.0,
      "price": 667.8049926757812,
      "cost_basis": 643.5,
      "market_value": 26044.39471435547,
      "unrealized_pnl": 947.8947143554688,
      "short_percent_of_float": 0.014400001,
      "short_ratio": 1.92
    },
    {
      "ticker": "AVAV",
      "company": "AeroVironment, Inc.",
      "sector": "Industrials",
      "country": "United States",
      "shares": 122.0,
      "price": 192.67999267578125,
      "cost_basis": 204.09,
      "market_value": 23506.959106445312,
      "unrealized_pnl": -1392.020893554688,
      "short_percent_of_float": 0.12109999,
      "short_ratio": 3.92
    },
    {
      "ticker": "GENC",
      "company": "Gencor Industries, Inc.",
      "sector": "Industrials",
      "country": "United States",
      "shares": 873.0,
      "price": 14.640000343322754,
      "cost_basis": 14.32,
      "market_value": 12780.720299720764,
      "unrealized_pnl": 279.3602997207639,
      "short_percent_of_float": 0.0061000003,
      "short_ratio": 2.96
    },
    {
      "ticker": "VST",
      "company": "Vistra Corp.",
      "sector": "Utilities",
      "country": "United States",
      "shares": 81.0,
      "price": 151.56500244140625,
      "cost_basis": 154.76,
      "market_value": 12276.765197753906,
      "unrealized_pnl": -258.794802246093,
      "short_percent_of_float": 0.0461,
      "short_ratio": 2.83
    },
    {
      "ticker": "CEG",
      "company": "Constellation Energy Corporation",
      "sector": "Utilities",
      "country": "United States",
      "shares": 47.0,
      "price": 258.82000732421875,
      "cost_basis": 265.7,
      "market_value": 12164.540344238281,
      "unrealized_pnl": -323.3596557617182,
      "short_percent_of_float": 0.0325,
      "short_ratio": 3.35
    },
    {
      "ticker": "GRRR",
      "company": "Gorilla Technology Group Inc.",
      "sector": "Technology",
      "country": "United Kingdom",
      "shares": 575.0,
      "price": 17.579999923706055,
      "cost_basis": 21.72,
      "market_value": 10108.499956130981,
      "unrealized_pnl": -2380.500043869018,
      "short_percent_of_float": 0.1305,
      "short_ratio": 3.86
    }
  ],
  "sector_exposure": [
    {
      "name": "Technology",
      "value": 398993.9772167206,
      "pct": 0.42691642154565435
    },
    {
      "name": "Communication Services",
      "value": 168934.2271270752,
      "pct": 0.18075660245492398
    },
    {
      "name": "Consumer Cyclical",
      "value": 110864.05187988281,
      "pct": 0.11862255324446513
    },
    {
      "name": "Cash",
      "value": 100069.3,
      "pct": 0.1070723617448836
    },
    {
      "name": "Industrials",
      "value": 62332.074120521545,
      "pct": 0.06669420480148637
    },
    {
      "name": "Financial Services",
      "value": 34984.50126647949,
      "pct": 0.03743279082664544
    },
    {
      "name": "Real Estate",
      "value": 33975.61958503723,
      "pct": 0.036353305466468325
    },
    {
      "name": "Utilities",
      "value": 24441.305541992188,
      "pct": 0.026151759915472736
    }
  ],
  "geographic_exposure": [
    {
      "name": "United States",
      "value": 623138.8694372177,
      "pct": 0.6667474484750024
    },
    {
      "name": "Kazakhstan",
      "value": 101694.59884643555,
      "pct": 0.10881140244996587
    },
    {
      "name": "Cash",
      "value": 100069.3,
      "pct": 0.1070723617448836
    },
    {
      "name": "China",
      "value": 62576.55950164795,
      "pct": 0.06695579978785383
    },
    {
      "name": "Hong Kong",
      "value": 37007.228996276855,
      "pct": 0.03959707333083275
    },
    {
      "name": "United Kingdom",
      "value": 10108.499956130981,
      "pct": 0.010815914211461422
    }
  ],
  "signals": [
    {
      "ticker": "AVAV",
      "label": "BUY",
      "composite": 1.5,
      "rsi": 52.5,
      "subs": {
        "rsi": 0.5,
        "macd": 0.5,
        "trend": 0.0,
        "bb": 0.5,
        "vol": 0.0,
        "range": 0.0
      }
    },
    {
      "ticker": "BABA",
      "label": "STRONG SELL",
      "composite": -2.0,
      "rsi": 39.9,
      "subs": {
        "rsi": 0.0,
        "macd": -0.5,
        "trend": -0.5,
        "bb": -0.5,
        "vol": 0.0,
        "range": -0.5
      }
    },
    {
      "ticker": "CEG",
      "label": "SELL",
      "composite": -1.5,
      "rsi": 37.7,
      "subs": {
        "rsi": 0.0,
        "macd": -0.5,
        "trend": -0.5,
        "bb": -0.5,
        "vol": 0.5,
        "range": -0.5
      }
    },
    {
      "ticker": "CMI",
      "label": "NEUTRAL",
      "composite": 0.0,
      "rsi": 52.0,
      "subs": {
        "rsi": 0.5,
        "macd": -0.5,
        "trend": 0.5,
        "bb": -0.5,
        "vol": 0.0,
        "range": 0.0
      }
    },
    {
      "ticker": "CRWV",
      "label": "SELL",
      "composite": -1.5,
      "rsi": 44.2,
      "subs": {
        "rsi": 0.0,
        "macd": -0.5,
        "trend": 0.0,
        "bb": -0.5,
        "vol": 0.0,
        "range": -0.5
      }
    },
    {
      "ticker": "GENC",
      "label": "STRONG BUY",
      "composite": 2.0,
      "rsi": 50.3,
      "subs": {
        "rsi": 0.5,
        "macd": 0.5,
        "trend": 0.0,
        "bb": 0.5,
        "vol": 0.5,
        "range": 0.0
      }
    },
    {
      "ticker": "GRPN",
      "label": "SELL",
      "composite": -1.0,
      "rsi": 51.4,
      "subs": {
        "rsi": 0.5,
        "macd": -0.5,
        "trend": 0.0,
        "bb": -0.5,
        "vol": 0.0,
        "range": -0.5
      }
    },
    {
      "ticker": "GRRR",
      "label": "STRONG BUY",
      "composite": 2.0,
      "rsi": 56.2,
      "subs": {
        "rsi": 0.5,
        "macd": 0.5,
        "trend": 0.0,
        "bb": 0.5,
        "vol": 0.5,
        "range": 0.0
      }
    },
    {
      "ticker": "JAKK",
      "label": "SELL",
      "composite": -1.0,
      "rsi": 45.9,
      "subs": {
        "rsi": 0.5,
        "macd": -0.5,
        "trend": 0.0,
        "bb": -0.5,
        "vol": 0.0,
        "range": -0.5
      }
    },
    {
      "ticker": "KSPI",
      "label": "SELL",
      "composite": -1.0,
      "rsi": 33.9,
      "subs": {
        "rsi": 0.0,
        "macd": -0.5,
        "trend": 0.0,
        "bb": 0.0,
        "vol": 0.0,
        "range": -0.5
      }
    },
    {
      "ticker": "OPEN",
      "label": "NEUTRAL",
      "composite": 0.0,
      "rsi": 45.8,
      "subs": {
        "rsi": 0.5,
        "macd": 0.5,
        "trend": -0.5,
        "bb": -0.5,
        "vol": 0.0,
        "range": 0.0
      }
    },
    {
      "ticker": "PRGS",
      "label": "BUY",
      "composite": 1.5,
      "rsi": 54.0,
      "subs": {
        "rsi": 0.5,
        "macd": 0.5,
        "trend": 0.0,
        "bb": 0.5,
        "vol": 0.0,
        "range": 0.0
      }
    },
    {
      "ticker": "PYPL",
      "label": "SELL",
      "composite": -1.5,
      "rsi": 32.2,
      "subs": {
        "rsi": 0.0,
        "macd": -0.5,
        "trend": -0.5,
        "bb": 0.0,
        "vol": 0.0,
        "range": -0.5
      }
    },
    {
      "ticker": "VIA",
      "label": "NEUTRAL",
      "composite": 0.0,
      "rsi": 47.9,
      "subs": {
        "rsi": 0.5,
        "macd": 0.5,
        "trend": -0.5,
        "bb": -0.5,
        "vol": 0.0,
        "range": 0.0
      }
    },
    {
      "ticker": "VST",
      "label": "LEAN BULL",
      "composite": 0.5,
      "rsi": 47.5,
      "subs": {
        "rsi": 0.5,
        "macd": 0.5,
        "trend": -0.5,
        "bb": 0.5,
        "vol": -0.5,
        "range": 0.0
      }
    },
    {
      "ticker": "XNET",
      "label": "SELL",
      "composite": -1.0,
      "rsi": 32.0,
      "subs": {
        "rsi": 0.0,
        "macd": -0.5,
        "trend": -0.5,
        "bb": 0.0,
        "vol": 0.5,
        "range": -0.5
      }
    },
    {
      "ticker": "ZS",
      "label": "STRONG SELL",
      "composite": -2.0,
      "rsi": 43.2,
      "subs": {
        "rsi": 0.0,
        "macd": -0.5,
        "trend": -0.5,
        "bb": -0.5,
        "vol": 0.0,
        "range": -0.5
      }
    }
  ],
  "volatility": [
    {
      "ticker": "AVAV",
      "hv20": 0.8443577713752471,
      "garch": 0.7626941696421538,
      "expansion": -0.09671682372282055,
      "regime": "HIGH",
      "signal": "WEAK"
    },
    {
      "ticker": "BABA",
      "hv20": 0.4574608363450858,
      "garch": 0.42508610773744904,
      "expansion": -0.07077049232519404,
      "regime": "HIGH",
      "signal": "WEAK"
    },
    {
      "ticker": "CEG",
      "hv20": 0.5470093578292483,
      "garch": 0.5663991107041648,
      "expansion": 0.03544683943225907,
      "regime": "HIGH",
      "signal": "WEAK"
    },
    {
      "ticker": "CMI",
      "hv20": 0.39360059177122037,
      "garch": 0.32077142167010314,
      "expansion": -0.1850331824283665,
      "regime": "HIGH",
      "signal": "WEAK"
    },
    {
      "ticker": "CRWV",
      "hv20": 0.8789634495661027,
      "garch": 1.0037228064046542,
      "expansion": 0.14193918632241018,
      "regime": "NORMAL",
      "signal": "BASE"
    },
    {
      "ticker": "GENC",
      "hv20": 0.42460032192559,
      "garch": 0.4629970961134969,
      "expansion": 0.09043039349045949,
      "regime": "HIGH",
      "signal": "WEAK"
    },
    {
      "ticker": "GRPN",
      "hv20": 0.9216725188862969,
      "garch": 0.7966433655334314,
      "expansion": -0.13565463957192134,
      "regime": "HIGH",
      "signal": "WEAK"
    },
    {
      "ticker": "GRRR",
      "hv20": 1.1357111117534373,
      "garch": 1.2918604619474812,
      "expansion": 0.13749037812350282,
      "regime": "EXTREME",
      "signal": "BASE"
    },
    {
      "ticker": "JAKK",
      "hv20": 0.2614446795142304,
      "garch": 0.4607819920520053,
      "expansion": 0.762445473773449,
      "regime": "LOW",
      "signal": "SIGNAL"
    },
    {
      "ticker": "KSPI",
      "hv20": 0.27190676281343706,
      "garch": 0.4466033881287926,
      "expansion": 0.6424872390364922,
      "regime": "LOW",
      "signal": "SIGNAL"
    },
    {
      "ticker": "OPEN",
      "hv20": 0.6729725642298672,
      "garch": 0.8229580579561139,
      "expansion": 0.2228701461223554,
      "regime": "LOW",
      "signal": "SIGNAL"
    },
    {
      "ticker": "PRGS",
      "hv20": 0.6042761159239893,
      "garch": 0.5097448904897046,
      "expansion": -0.15643713683725274,
      "regime": "HIGH",
      "signal": "WEAK"
    },
    {
      "ticker": "PYPL",
      "hv20": 0.21571815446416034,
      "garch": 0.3911652547469094,
      "expansion": 0.8133163419581267,
      "regime": "LOW",
      "signal": "SIGNAL"
    },
    {
      "ticker": "VIA",
      "hv20": 1.0169804342866866,
      "garch": null,
      "expansion": null,
      "regime": "NORMAL",
      "signal": "WEAK"
    },
    {
      "ticker": "VST",
      "hv20": 0.5072958720165602,
      "garch": 0.5636851985127125,
      "expansion": 0.11115668312457995,
      "regime": "HIGH",
      "signal": "BASE"
    },
    {
      "ticker": "XNET",
      "hv20": 0.7354857777609212,
      "garch": 0.8612521674530009,
      "expansion": 0.1709977180999436,
      "regime": "HIGH",
      "signal": "BASE"
    },
    {
      "ticker": "ZS",
      "hv20": 1.5764984806177877,
      "garch": 0.6730004861524954,
      "expansion": -0.5731042595811672,
      "regime": "EXTREME",
      "signal": "WEAK"
    }
  ],
  "correlation": {
    "tickers": [
      "AVAV",
      "BABA",
      "CEG",
      "CMI",
      "CRWV",
      "GENC",
      "GRPN",
      "GRRR",
      "JAKK",
      "KSPI",
      "OPEN",
      "PRGS",
      "PYPL",
      "VIA",
      "VST",
      "XNET",
      "ZS"
    ],
    "matrix": [
      [
        1.0,
        0.121,
        0.258,
        0.237,
        0.303,
        0.098,
        0.215,
        0.316,
        0.086,
        0.09,
        0.327,
        0.174,
        0.192,
        0.028,
        0.296,
        0.325,
        0.169
      ],
      [
        0.121,
        1.0,
        0.175,
        0.33,
        0.349,
        0.131,
        0.177,
        0.244,
        0.118,
        0.209,
        0.186,
        0.02,
        0.238,
        -0.041,
        0.221,
        0.475,
        0.033
      ],
      [
        0.258,
        0.175,
        1.0,
        0.311,
        0.215,
        0.15,
        0.067,
        0.262,
        0.09,
        0.049,
        0.183,
        -0.006,
        0.119,
        0.004,
        0.795,
        0.245,
        0.037
      ],
      [
        0.237,
        0.33,
        0.311,
        1.0,
        0.361,
        0.361,
        0.17,
        0.247,
        0.156,
        0.232,
        0.192,
        -0.168,
        0.056,
        -0.001,
        0.32,
        0.301,
        -0.062
      ],
      [
        0.303,
        0.349,
        0.215,
        0.361,
        1.0,
        0.119,
        0.157,
        0.39,
        0.064,
        0.132,
        0.236,
        -0.023,
        0.127,
        0.221,
        0.307,
        0.368,
        0.179
      ],
      [
        0.098,
        0.131,
        0.15,
        0.361,
        0.119,
        1.0,
        0.159,
        0.225,
        0.316,
        0.162,
        0.131,
        0.159,
        0.096,
        0.065,
        0.173,
        0.165,
        0.052
      ],
      [
        0.215,
        0.177,
        0.067,
        0.17,
        0.157,
        0.159,
        1.0,
        0.297,
        0.152,
        0.329,
        0.289,
        0.149,
        0.252,
        0.175,
        0.104,
        0.208,
        0.142
      ],
      [
        0.316,
        0.244,
        0.262,
        0.247,
        0.39,
        0.225,
        0.297,
        1.0,
        0.164,
        0.358,
        0.368,
        0.15,
        0.344,
        0.228,
        0.315,
        0.358,
        0.244
      ],
      [
        0.086,
        0.118,
        0.09,
        0.156,
        0.064,
        0.316,
        0.152,
        0.164,
        1.0,
        0.11,
        0.14,
        0.352,
        0.215,
        0.144,
        0.061,
        0.199,
        -0.051
      ],
      [
        0.09,
        0.209,
        0.049,
        0.232,
        0.132,
        0.162,
        0.329,
        0.358,
        0.11,
        1.0,
        0.243,
        0.103,
        0.251,
        0.148,
        0.079,
        0.191,
        0.151
      ],
      [
        0.327,
        0.186,
        0.183,
        0.192,
        0.236,
        0.131,
        0.289,
        0.368,
        0.14,
        0.243,
        1.0,
        0.157,
        0.232,
        0.16,
        0.257,
        0.337,
        0.058
      ],
      [
        0.174,
        0.02,
        -0.006,
        -0.168,
        -0.023,
        0.159,
        0.149,
        0.15,
        0.352,
        0.103,
        0.157,
        1.0,
        0.296,
        0.386,
        0.019,
        0.157,
        0.294
      ],
      [
        0.192,
        0.238,
        0.119,
        0.056,
        0.127,
        0.096,
        0.252,
        0.344,
        0.215,
        0.251,
        0.232,
        0.296,
        1.0,
        0.156,
        0.058,
        0.321,
        0.203
      ],
      [
        0.028,
        -0.041,
        0.004,
        -0.001,
        0.221,
        0.065,
        0.175,
        0.228,
        0.144,
        0.148,
        0.16,
        0.386,
        0.156,
        1.0,
        0.059,
        0.185,
        0.368
      ],
      [
        0.296,
        0.221,
        0.795,
        0.32,
        0.307,
        0.173,
        0.104,
        0.315,
        0.061,
        0.079,
        0.257,
        0.019,
        0.058,
        0.059,
        1.0,
        0.267,
        0.066
      ],
      [
        0.325,
        0.475,
        0.245,
        0.301,
        0.368,
        0.165,
        0.208,
        0.358,
        0.199,
        0.191,
        0.337,
        0.157,
        0.321,
        0.185,
        0.267,
        1.0,
        0.218
      ],
      [
        0.169,
        0.033,
        0.037,
        -0.062,
        0.179,
        0.052,
        0.142,
        0.244,
        -0.051,
        0.151,
        0.058,
        0.294,
        0.203,
        0.368,
        0.066,
        0.218,
        1.0
      ]
    ]
  },
  "residual_correlation": {
    "tickers": [
      "AVAV",
      "BABA",
      "CEG",
      "CMI",
      "CRWV",
      "GENC",
      "GRPN",
      "GRRR",
      "JAKK",
      "KSPI",
      "OPEN",
      "PRGS",
      "PYPL",
      "VIA",
      "VST",
      "XNET",
      "ZS"
    ],
    "matrix": [
      [
        1.0,
        -0.011,
        0.122,
        0.064,
        0.124,
        -0.028,
        0.082,
        0.098,
        -0.052,
        -0.118,
        0.15,
        0.124,
        0.007,
        -0.144,
        0.152,
        0.165,
        0.098
      ],
      [
        -0.011,
        1.0,
        0.005,
        0.102,
        0.185,
        -0.081,
        0.023,
        0.081,
        -0.046,
        0.038,
        0.041,
        -0.065,
        0.127,
        -0.158,
        0.052,
        0.348,
        -0.046
      ],
      [
        0.122,
        0.005,
        1.0,
        0.029,
        -0.044,
        0.027,
        -0.055,
        0.071,
        -0.02,
        -0.123,
        0.028,
        0.032,
        0.05,
        -0.087,
        0.729,
        0.085,
        0.023
      ],
      [
        0.064,
        0.102,
        0.029,
        1.0,
        0.092,
        0.067,
        -0.058,
        -0.093,
        -0.149,
        -0.016,
        -0.066,
        -0.282,
        -0.104,
        -0.116,
        -0.007,
        0.016,
        -0.12
      ],
      [
        0.124,
        0.185,
        -0.044,
        0.092,
        1.0,
        0.008,
        -0.031,
        0.119,
        -0.04,
        -0.094,
        0.014,
        -0.044,
        -0.035,
        0.108,
        0.051,
        0.104,
        0.131
      ],
      [
        -0.028,
        -0.081,
        0.027,
        0.067,
        0.008,
        1.0,
        -0.021,
        0.069,
        0.06,
        -0.071,
        -0.075,
        0.05,
        0.007,
        -0.012,
        0.03,
        -0.043,
        0.013
      ],
      [
        0.082,
        0.023,
        -0.055,
        -0.058,
        -0.031,
        -0.021,
        1.0,
        0.104,
        0.012,
        0.17,
        0.105,
        0.028,
        0.087,
        0.058,
        -0.032,
        -0.011,
        0.046
      ],
      [
        0.098,
        0.081,
        0.071,
        -0.093,
        0.119,
        0.069,
        0.104,
        1.0,
        0.025,
        0.186,
        0.166,
        0.065,
        0.212,
        0.085,
        0.104,
        0.118,
        0.176
      ],
      [
        -0.052,
        -0.046,
        -0.02,
        -0.149,
        -0.04,
        0.06,
        0.012,
        0.025,
        1.0,
        -0.09,
        -0.026,
        0.309,
        0.109,
        0.084,
        -0.059,
        0.028,
        -0.116
      ],
      [
        -0.118,
        0.038,
        -0.123,
        -0.016,
        -0.094,
        -0.071,
        0.17,
        0.186,
        -0.09,
        1.0,
        0.069,
        -0.034,
        0.08,
        0.019,
        -0.116,
        -0.023,
        0.057
      ],
      [
        0.15,
        0.041,
        0.028,
        -0.066,
        0.014,
        -0.075,
        0.105,
        0.166,
        -0.026,
        0.069,
        1.0,
        0.027,
        0.065,
        0.036,
        0.105,
        0.158,
        -0.042
      ],
      [
        0.124,
        -0.065,
        0.032,
        -0.282,
        -0.044,
        0.05,
        0.028,
        0.065,
        0.309,
        -0.034,
        0.027,
        1.0,
        0.132,
        0.326,
        0.07,
        0.069,
        0.203
      ],
      [
        0.007,
        0.127,
        0.05,
        -0.104,
        -0.035,
        0.007,
        0.087,
        0.212,
        0.109,
        0.08,
        0.065,
        0.132,
        1.0,
        -0.006,
        -0.034,
        0.178,
        0.061
      ],
      [
        -0.144,
        -0.158,
        -0.087,
        -0.116,
        0.108,
        -0.012,
        0.058,
        0.085,
        0.084,
        0.019,
        0.036,
        0.326,
        -0.006,
        1.0,
        -0.032,
        0.051,
        0.3
      ],
      [
        0.152,
        0.052,
        0.729,
        -0.007,
        0.051,
        0.03,
        -0.032,
        0.104,
        -0.059,
        -0.116,
        0.105,
        0.07,
        -0.034,
        -0.032,
        1.0,
        0.09,
        0.054
      ],
      [
        0.165,
        0.348,
        0.085,
        0.016,
        0.104,
        -0.043,
        -0.011,
        0.118,
        0.028,
        -0.023,
        0.158,
        0.069,
        0.178,
        0.051,
        0.09,
        1.0,
        0.141
      ],
      [
        0.098,
        -0.046,
        0.023,
        -0.12,
        0.131,
        0.013,
        0.046,
        0.176,
        -0.116,
        0.057,
        -0.042,
        0.203,
        0.061,
        0.3,
        0.054,
        0.141,
        1.0
      ]
    ]
  },
  "factor_correlation": {
    "factors": [
      "Market",
      "Size",
      "Value (SMID)",
      "Momentum",
      "Quality",
      "Profitability",
      "Liquidity",
      "Credit"
    ],
    "matrix": [
      [
        1.0,
        0.348,
        -0.454,
        0.345,
        -0.167,
        -0.516,
        0.296,
        0.198
      ],
      [
        0.348,
        1.0,
        -0.151,
        0.216,
        0.138,
        0.17,
        0.332,
        0.056
      ],
      [
        -0.454,
        -0.151,
        1.0,
        -0.515,
        0.248,
        0.555,
        -0.351,
        -0.141
      ],
      [
        0.345,
        0.216,
        -0.515,
        1.0,
        -0.177,
        -0.504,
        0.226,
        0.015
      ],
      [
        -0.167,
        0.138,
        0.248,
        -0.177,
        1.0,
        0.392,
        -0.202,
        -0.138
      ],
      [
        -0.516,
        0.17,
        0.555,
        -0.504,
        0.392,
        1.0,
        -0.254,
        -0.084
      ],
      [
        0.296,
        0.332,
        -0.351,
        0.226,
        -0.202,
        -0.254,
        1.0,
        0.173
      ],
      [
        0.198,
        0.056,
        -0.141,
        0.015,
        -0.138,
        -0.084,
        0.173,
        1.0
      ]
    ]
  },
  "factor_exposures": [
    {
      "ticker": "AVAV",
      "r_squared": 0.17104561623511982,
      "alpha_annual": -0.17580132936944876,
      "idio_vol_annual": 0.6626421916806392,
      "Market": 0.947315250511183,
      "Size": 0.8642584645903733,
      "Value (SMID)": -2.179032563669477,
      "Momentum": -0.6849865353072974,
      "Quality": -1.3027975015402857,
      "Profitability": -0.05597994964050329,
      "Liquidity": -0.006876657284476451,
      "Credit": -1.6521019606969427
    },
    {
      "ticker": "BABA",
      "r_squared": 0.14421030390541578,
      "alpha_annual": -0.2893100272903085,
      "idio_vol_annual": 0.39730498892903665,
      "Market": 1.151643556213919,
      "Size": 0.1940866819789243,
      "Value (SMID)": 0.2324936139518893,
      "Momentum": -0.10844621721727588,
      "Quality": -0.1225531931267126,
      "Profitability": -0.2722745622994369,
      "Liquidity": 0.1807973435855278,
      "Credit": 0.9455647737544562
    },
    {
      "ticker": "CEG",
      "r_squared": 0.25614023262175956,
      "alpha_annual": -0.4268470669168849,
      "idio_vol_annual": 0.40254731221173146,
      "Market": 0.7835072127182323,
      "Size": 0.30790223280406703,
      "Value (SMID)": -0.3910328585706516,
      "Momentum": 0.8529106652727019,
      "Quality": -0.8005597777431231,
      "Profitability": -0.5547642488038549,
      "Liquidity": -0.2562803397451992,
      "Credit": -0.8003231445560155
    },
    {
      "ticker": "CMI",
      "r_squared": 0.4876005804006699,
      "alpha_annual": 0.3527289921751072,
      "idio_vol_annual": 0.23289025338794325,
      "Market": 1.148435409630934,
      "Size": 0.8380468575173214,
      "Value (SMID)": 0.41369675164079467,
      "Momentum": 0.7927475396432864,
      "Quality": 0.37490861804954023,
      "Profitability": -0.1880531008407719,
      "Liquidity": -0.3113500147689027,
      "Credit": 0.9001794494831957
    },
    {
      "ticker": "CRWV",
      "r_squared": 0.287775931255255,
      "alpha_annual": -1.144887393182669,
      "idio_vol_annual": 0.8185455362294825,
      "Market": 1.2296851828800253,
      "Size": 0.49907099886809936,
      "Value (SMID)": -1.9628296098195768,
      "Momentum": 1.372015987681986,
      "Quality": -5.088934159683957,
      "Profitability": 0.2703752255177693,
      "Liquidity": 0.7006705676564502,
      "Credit": 1.2046565318282694
    },
    {
      "ticker": "GENC",
      "r_squared": 0.3368739664799355,
      "alpha_annual": -0.4852117742065228,
      "idio_vol_annual": 0.32641536533502213,
      "Market": 1.4604664030311993,
      "Size": 1.1426099136032954,
      "Value (SMID)": 1.1692885848755803,
      "Momentum": 0.04737332996284127,
      "Quality": -0.596733501026588,
      "Profitability": 0.1925942695810013,
      "Liquidity": -0.13115288192230978,
      "Credit": 0.5198560825430878
    },
    {
      "ticker": "GRPN",
      "r_squared": 0.14337408486464287,
      "alpha_annual": -1.0566111910748053,
      "idio_vol_annual": 0.6268349695217273,
      "Market": 1.7503244879649473,
      "Size": 0.2831705520079077,
      "Value (SMID)": -0.8588727975661853,
      "Momentum": -0.20219343399004502,
      "Quality": -1.7278857286285112,
      "Profitability": 1.3103063051953996,
      "Liquidity": 0.11459154994685539,
      "Credit": 1.7706872953011374
    },
    {
      "ticker": "GRRR",
      "r_squared": 0.25523170995107436,
      "alpha_annual": -0.7477888055610832,
      "idio_vol_annual": 0.7512456062215619,
      "Market": 2.165695101141093,
      "Size": 0.6993438229935884,
      "Value (SMID)": -2.53986570405947,
      "Momentum": 0.02990965966398096,
      "Quality": -2.236813815384752,
      "Profitability": 2.210898368394312,
      "Liquidity": 0.7556547246170373,
      "Credit": 1.1900513818241236
    },
    {
      "ticker": "JAKK",
      "r_squared": 0.2895554620817785,
      "alpha_annual": -0.335998320728215,
      "idio_vol_annual": 0.36066382893571375,
      "Market": 1.4336261336575467,
      "Size": 0.9717559705015747,
      "Value (SMID)": 0.8302257105090969,
      "Momentum": -0.3359224068176696,
      "Quality": 1.4956759114113112,
      "Profitability": -0.22430884894774544,
      "Liquidity": 0.4467928797620328,
      "Credit": -0.34591774265198527
    },
    {
      "ticker": "KSPI",
      "r_squared": 0.22434612656786668,
      "alpha_annual": -0.28662205017887676,
      "idio_vol_annual": 0.31733937926923605,
      "Market": 1.2790559327720437,
      "Size": 0.40289599567398243,
      "Value (SMID)": -0.3195086149151055,
      "Momentum": -0.5907728032801892,
      "Quality": 0.0987823174315283,
      "Profitability": 0.1412608330059334,
      "Liquidity": -0.05236396689279288,
      "Credit": 0.38390048448824926
    },
    {
      "ticker": "OPEN",
      "r_squared": 0.1143486405759444,
      "alpha_annual": 1.3689243064443946,
      "idio_vol_annual": 1.3596949369285556,
      "Market": 2.859913224748467,
      "Size": 1.271945777848281,
      "Value (SMID)": -1.760023790103044,
      "Momentum": -1.732244588647231,
      "Quality": 1.7565273087971192,
      "Profitability": 0.9219454401513982,
      "Liquidity": 1.7007079997980363,
      "Credit": -2.9126661328585897
    },
    {
      "ticker": "PRGS",
      "r_squared": 0.18896770311120903,
      "alpha_annual": -1.0211647527444738,
      "idio_vol_annual": 0.44418471477498356,
      "Market": 1.913389031824854,
      "Size": -0.3960934043364647,
      "Value (SMID)": -0.5411532543231595,
      "Momentum": -1.0715324689532133,
      "Quality": -0.8702837920247781,
      "Profitability": 1.5371195704220715,
      "Liquidity": 0.17142141992549303,
      "Credit": -0.517445267677604
    },
    {
      "ticker": "PYPL",
      "r_squared": 0.3094945890792624,
      "alpha_annual": -0.792999442141791,
      "idio_vol_annual": 0.33548482979800576,
      "Market": 1.8806988647103566,
      "Size": -0.4103167785021693,
      "Value (SMID)": -0.9491942759920268,
      "Momentum": -1.0138106753403626,
      "Quality": 1.5428031160931441,
      "Profitability": 0.7397890474907147,
      "Liquidity": 0.4414233897808234,
      "Credit": -0.15013111782437816
    },
    {
      "ticker": "VIA",
      "r_squared": 0.13038352180231616,
      "alpha_annual": -1.7337924055349843,
      "idio_vol_annual": 0.6843787250851749,
      "Market": 1.3166208318832862,
      "Size": 0.3214836336660904,
      "Value (SMID)": -1.6004144681068457,
      "Momentum": -1.4089824076733093,
      "Quality": -1.8643989621234929,
      "Profitability": 0.661402454958093,
      "Liquidity": 0.5298606974318653,
      "Credit": -1.14158560339744
    },
    {
      "ticker": "VST",
      "r_squared": 0.2786562871972803,
      "alpha_annual": -0.4047969250266473,
      "idio_vol_annual": 0.41056400637308654,
      "Market": 0.6278585946236267,
      "Size": 0.6868340134683715,
      "Value (SMID)": -0.6378674842686355,
      "Momentum": 0.8780362265292551,
      "Quality": -1.7329891230590526,
      "Profitability": -0.43839203432997864,
      "Liquidity": -0.619473458108798,
      "Credit": -0.6454135457824713
    },
    {
      "ticker": "XNET",
      "r_squared": 0.1660338962077783,
      "alpha_annual": -0.7913683095610844,
      "idio_vol_annual": 0.7251620121843941,
      "Market": 2.0343590910621807,
      "Size": 0.14929265419689763,
      "Value (SMID)": -0.7102577588292804,
      "Momentum": -0.6110743345017765,
      "Quality": 0.16482029686927818,
      "Profitability": 0.5330010060862604,
      "Liquidity": 1.3022784816715005,
      "Credit": 2.2321551465918748
    },
    {
      "ticker": "ZS",
      "r_squared": 0.09320309490624012,
      "alpha_annual": -0.9751747798305879,
      "idio_vol_annual": 0.5950792941343861,
      "Market": 1.3225942553848211,
      "Size": -0.4002246478185449,
      "Value (SMID)": -1.2308486963636314,
      "Momentum": -1.1612368237747674,
      "Quality": -0.978387778358421,
      "Profitability": 0.8007412926999465,
      "Liquidity": 0.08731611255112559,
      "Credit": -0.005340671590298718
    }
  ],
  "portfolio_factor_exposure": {
    "loadings": {
      "Market": 1.5498345285300419,
      "Size": 0.33650821514950296,
      "Value (SMID)": -0.7331461439004588,
      "Momentum": -0.47134921398234003,
      "Quality": -0.7043592780003386,
      "Profitability": 0.5825088857375019,
      "Liquidity": 0.33042637901917454,
      "Credit": 0.3821140753650663
    },
    "alpha_annual": -0.6871393043668781,
    "r_squared_weighted": 0.1979131421908794
  },
  "stress_tests": [
    {
      "scenario": "COVID Crash (Feb-Mar 2020)",
      "market_move": -0.339,
      "portfolio_impact": -0.5511566992178081,
      "stressed_nav": 419486.73016087327,
      "pnl": -515108.3265768358,
      "description": "Rapid 33.9% selloff in SPY over 23 trading days as COVID-19 spread."
    },
    {
      "scenario": "2022 Rate Shock (Jan-Oct)",
      "market_move": -0.252,
      "portfolio_impact": -0.4097094047282821,
      "stressed_nav": 551682.6723797072,
      "pnl": -382912.3843580019,
      "description": "Grinding 9-month decline as the Fed hiked rates aggressively."
    },
    {
      "scenario": "GFC 2008-09",
      "market_move": -0.565,
      "portfolio_impact": -0.9185944986963467,
      "stressed_nav": 76081.17910964953,
      "pnl": -858513.8776280596,
      "description": "Credit crisis bear market; SPY drew down 56.5% from Oct 2007 peak."
    },
    {
      "scenario": "Dot-Com Bust (2000-02)",
      "market_move": -0.491,
      "portfolio_impact": -0.7982830068316925,
      "stressed_nav": 188523.70467509443,
      "pnl": -746071.3520626146,
      "description": "Tech bubble burst; SPY -49.1% peak-to-trough over 30 months."
    },
    {
      "scenario": "Black Monday (Oct 1987)",
      "market_move": -0.204,
      "portfolio_impact": -0.3316695181133712,
      "stressed_nav": 624618.3646383743,
      "pnl": -309976.6920993348,
      "description": "Flash crash; -20.4% on a single trading day."
    },
    {
      "scenario": "Aug 2024 Yen Carry Unwind",
      "market_move": -0.084,
      "portfolio_impact": -0.13656980157609405,
      "stressed_nav": 806957.5952850417,
      "pnl": -127637.46145266737,
      "description": "Yen carry unwind shock; SPY -8.4% in one week."
    }
  ],
  "monte_carlo": {
    "horizon_days": 21,
    "n_paths": 10000,
    "current_nav": 934595.0567377091,
    "terminal_return": {
      "p5": -0.1624111465123233,
      "p25": -0.0839157987537473,
