{
  "generated_at": "2026-06-16T04:52:48.463907Z",
  "market_session": "CLOSED",
  "fund_name": "Convex Capital",
  "tagline": "Lose small. Win big. \u2014 Paper-traded portfolio. Hypothetical performance for educational purposes only.",
  "summary": {
    "nav": 1002119.88,
    "cash": 74679.44000000002,
    "equity": 927440.44,
    "deposits": 1000000.0,
    "total_return": 0.002119879999999963,
    "realized_pnl": 0.0,
    "open_positions": 16
  },
  "metrics": {
    "annualized_return": -0.2645119970089794,
    "annualized_vol": 0.2930859044614822,
    "sharpe": -0.9025067155481099,
    "sortino": -1.222236733221321,
    "max_drawdown": -0.4300152051684416,
    "var_95_1d": -0.037248480974320895,
    "method": "Synthetic: current weights \u00d7 each holding's 252-day return history.",
    "beta_spy": 1.5384166065412144,
    "data_basis": "synthetic_252d",
    "days_of_live_nav": 12
  },
  "nav_curve": [
    {
      "date": "2026-06-01",
      "value": 999535.5476397705
    },
    {
      "date": "2026-06-02",
      "value": 1003670.4372289658
    },
    {
      "date": "2026-06-03",
      "value": 989912.289704628
    },
    {
      "date": "2026-06-04",
      "value": 1000539.2173751069
    },
    {
      "date": "2026-06-05",
      "value": 965555.7467515564
    },
    {
      "date": "2026-06-08",
      "value": 964274.7760765648
    },
    {
      "date": "2026-06-09",
      "value": 967825.7974829102
    },
    {
      "date": "2026-06-10",
      "value": 956183.703109684
    },
    {
      "date": "2026-06-11",
      "value": 978161.2303819085
    },
    {
      "date": "2026-06-12",
      "value": 984267.0327100182
    },
    {
      "date": "2026-06-15",
      "value": 1002119.8811084939
    },
    {
      "date": "2026-06-16",
      "value": 1002119.88
    }
  ],
  "drawdown_curve": [
    {
      "date": "2026-06-01",
      "value": 0.0
    },
    {
      "date": "2026-06-02",
      "value": 0.0
    },
    {
      "date": "2026-06-03",
      "value": -0.01370783378089986
    },
    {
      "date": "2026-06-04",
      "value": -0.0031197689378038426
    },
    {
      "date": "2026-06-05",
      "value": -0.03797530450596938
    },
    {
      "date": "2026-06-08",
      "value": -0.03925159065277294
    },
    {
      "date": "2026-06-09",
      "value": -0.03571355538279983
    },
    {
      "date": "2026-06-10",
      "value": -0.04731307444940582
    },
    {
      "date": "2026-06-11",
      "value": -0.02541591931061127
    },
    {
      "date": "2026-06-12",
      "value": -0.0193324459894609
    },
    {
      "date": "2026-06-15",
      "value": -0.0015448857144311668
    },
    {
      "date": "2026-06-16",
      "value": -0.0015448868188712775
    }
  ],
  "benchmarks": {
    "SPY": [
      {
        "date": "2026-06-01",
        "value": 0.0
      },
      {
        "date": "2026-06-02",
        "value": 0.0013579103629497435
      },
      {
        "date": "2026-06-03",
        "value": -0.005668768842152949
      },
      {
        "date": "2026-06-04",
        "value": -0.0019115026417536596
      },
      {
        "date": "2026-06-05",
        "value": -0.027671567540792585
      },
      {
        "date": "2026-06-08",
        "value": -0.02546999220062507
      },
      {
        "date": "2026-06-09",
        "value": -0.028330728579740505
      },
      {
        "date": "2026-06-10",
        "value": -0.04364962468776956
      },
      {
        "date": "2026-06-11",
        "value": -0.02739469093739666
      },
      {
        "date": "2026-06-12",
        "value": -0.022134598720831677
      },
      {
        "date": "2026-06-15",
        "value": -0.0048909459419552714
      }
    ],
    "IWM": [
      {
        "date": "2026-06-01",
        "value": 0.0
      },
      {
        "date": "2026-06-02",
        "value": 0.009273902616242058
      },
      {
        "date": "2026-06-03",
        "value": -0.004533265755123028
      },
      {
        "date": "2026-06-04",
        "value": 0.010485102307313143
      },
      {
        "date": "2026-06-05",
        "value": -0.025365222965751943
      },
      {
        "date": "2026-06-08",
        "value": -0.016852527916236926
      },
      {
        "date": "2026-06-09",
        "value": -0.013703535746163342
      },
      {
        "date": "2026-06-10",
        "value": -0.023981055236295123
      },
      {
        "date": "2026-06-11",
        "value": 0.00494832553389335
      },
      {
        "date": "2026-06-12",
        "value": 0.01373793881377372
      },
      {
        "date": "2026-06-15",
        "value": 0.022010765090349826
      },
      {
        "date": "2026-06-16",
        "value": 0.022010714279665278
      }
    ]
  },
  "holdings": [
    {
      "ticker": "GRPN",
      "company": "Groupon, Inc.",
      "sector": "Communication Services",
      "country": "United States",
      "shares": 11310.0,
      "price": 17.45,
      "cost_basis": 17.682836427939876,
      "market_value": 197359.5,
      "unrealized_pnl": -2633.38,
      "short_percent_of_float": 0.56310004,
      "short_ratio": 5.75
    },
    {
      "ticker": "KSPI",
      "company": "Joint Stock Company Kaspi.kz",
      "sector": "Technology",
      "country": "Kazakhstan",
      "shares": 1515.0,
      "price": 83.2,
      "cost_basis": 82.53049504950495,
      "market_value": 126048.0,
      "unrealized_pnl": 1014.3000000000056,
      "short_percent_of_float": 0.0159,
      "short_ratio": 3.24
    },
    {
      "ticker": "TENB",
      "company": "Tenable Holdings, Inc.",
      "sector": "Technology",
      "country": "United States",
      "shares": 2916.0,
      "price": 27.72,
      "cost_basis": 25.719999999999995,
      "market_value": 80831.51999999999,
      "unrealized_pnl": 5832.00000000001,
      "short_percent_of_float": 0.129,
      "short_ratio": 3.05
    },
    {
      "ticker": "JAKK",
      "company": "JAKKS Pacific, Inc.",
      "sector": "Consumer Cyclical",
      "country": "United States",
      "shares": 3436.0,
      "price": 22.185,
      "cost_basis": 21.83,
      "market_value": 76227.65999999999,
      "unrealized_pnl": 1219.7800000000016,
      "short_percent_of_float": 0.039100002,
      "short_ratio": 7.32
    },
    {
      "ticker": "VIA",
      "company": "Via Transportation, Inc.",
      "sector": "Technology",
      "country": "United States",
      "shares": 4921.0,
      "price": 14.98,
      "cost_basis": 15.241408250355619,
      "market_value": 73716.58,
      "unrealized_pnl": -1286.3899999999978,
      "short_percent_of_float": 0.13520001,
      "short_ratio": 6.88
    },
    {
      "ticker": "ZS",
      "company": "Zscaler, Inc.",
      "sector": "Technology",
      "country": "United States",
      "shares": 549.0,
      "price": 130.42,
      "cost_basis": 136.8013843351548,
      "market_value": 71600.57999999999,
      "unrealized_pnl": -3503.379999999996,
      "short_percent_of_float": 0.114700004,
      "short_ratio": 2.09
    },
    {
      "ticker": "XNET",
      "company": "Xunlei Limited",
      "sector": "Technology",
      "country": "China",
      "shares": 10526.0,
      "price": 5.32,
      "cost_basis": 4.75,
      "market_value": 55998.32,
      "unrealized_pnl": 5999.820000000003,
      "short_percent_of_float": 0.0377,
      "short_ratio": 6.03
    },
    {
      "ticker": "CMI",
      "company": "Cummins Inc.",
      "sector": "Industrials",
      "country": "United States",
      "shares": 78.0,
      "price": 679.71,
      "cost_basis": 643.5,
      "market_value": 53017.380000000005,
      "unrealized_pnl": 2824.380000000003,
      "short_percent_of_float": 0.0171,
      "short_ratio": 2.07
    },
    {
      "ticker": "CRWV",
      "company": "CoreWeave, Inc.",
      "sector": "Technology",
      "country": "United States",
      "shares": 468.0,
      "price": 106.71,
      "cost_basis": 106.78134615384614,
      "market_value": 49940.28,
      "unrealized_pnl": -33.38999999999828,
      "short_percent_of_float": 0.18190001,
      "short_ratio": 1.91
    },
    {
      "ticker": "PYPL",
      "company": "PayPal Holdings, Inc.",
      "sector": "Financial Services",
      "country": "United States",
      "shares": 830.0,
      "price": 42.49,
      "cost_basis": 45.19,
      "market_value": 35266.700000000004,
      "unrealized_pnl": -2240.9999999999964,
      "short_percent_of_float": 0.0626,
      "short_ratio": 3.16
    },
    {
      "ticker": "BABA",
      "company": "Alibaba Group Holding Limited",
      "sector": "Consumer Cyclical",
      "country": "China",
      "shares": 299.0,
      "price": 112.55,
      "cost_basis": 125.39999999999999,
      "market_value": 33652.45,
      "unrealized_pnl": -3842.1499999999983,
      "short_percent_of_float": 0.0165,
      "short_ratio": 3.21
    },
    {
      "ticker": "ZTS",
      "company": "Zoetis Inc.",
      "sector": "Healthcare",
      "country": "United States",
      "shares": 312.0,
      "price": 79.95,
      "cost_basis": 80.09,
      "market_value": 24944.4,
      "unrealized_pnl": -43.68000000000018,
      "short_percent_of_float": 0.0363,
      "short_ratio": 1.45
    },
    {
      "ticker": "GENC",
      "company": "Gencor Industries, Inc.",
      "sector": "Industrials",
      "country": "United States",
      "shares": 873.0,
      "price": 14.81,
      "cost_basis": 14.32,
      "market_value": 12929.130000000001,
      "unrealized_pnl": 427.7700000000002,
      "short_percent_of_float": 0.0064,
      "short_ratio": 2.39
    },
    {
      "ticker": "VST",
      "company": "Vistra Corp.",
      "sector": "Utilities",
      "country": "United States",
      "shares": 81.0,
      "price": 153.52,
      "cost_basis": 154.76,
      "market_value": 12435.12,
      "unrealized_pnl": -100.43999999999843,
      "short_percent_of_float": 0.0539,
      "short_ratio": 2.73
    },
    {
      "ticker": "CEG",
      "company": "Constellation Energy Corporation",
      "sector": "Utilities",
      "country": "United States",
      "shares": 47.0,
      "price": 262.35,
      "cost_basis": 265.7,
      "market_value": 12330.45,
      "unrealized_pnl": -157.4499999999984,
      "short_percent_of_float": 0.036,
      "short_ratio": 3.46
    },
    {
      "ticker": "OPEN",
      "company": "Opendoor Technologies Inc.",
      "sector": "Real Estate",
      "country": "United States",
      "shares": 2417.0,
      "price": 4.61,
      "cost_basis": 5.171402565163425,
      "market_value": 11142.37,
      "unrealized_pnl": -1356.9099999999974,
      "short_percent_of_float": 0.16149999,
      "short_ratio": 3.77
    }
  ],
  "sector_exposure": [
    {
      "name": "Technology",
      "value": 458135.2799999999,
      "pct": 0.4571661426375454
    },
    {
      "name": "Communication Services",
      "value": 197359.5,
      "pct": 0.1969420065790931
    },
    {
      "name": "Consumer Cyclical",
      "value": 109880.10999999999,
      "pct": 0.10964767009711451
    },
    {
      "name": "Cash",
      "value": 74679.44000000002,
      "pct": 0.07452146344008266
    },
    {
      "name": "Industrials",
      "value": 65946.51000000001,
      "pct": 0.065807007041912
    },
    {
      "name": "Financial Services",
      "value": 35266.700000000004,
      "pct": 0.035192096977459425
    },
    {
      "name": "Healthcare",
      "value": 24944.4,
      "pct": 0.02489163272561762
    },
    {
      "name": "Utilities",
      "value": 24765.57,
      "pct": 0.024713181021815474
    },
    {
      "name": "Real Estate",
      "value": 11142.37,
      "pct": 0.011118799479359696
    }
  ],
  "geographic_exposure": [
    {
      "name": "United States",
      "value": 711741.67,
      "pct": 0.7102360547921672
    },
    {
      "name": "Kazakhstan",
      "value": 126048.0,
      "pct": 0.1257813586135024
    },
    {
      "name": "China",
      "value": 89650.76999999999,
      "pct": 0.08946112315424776
    },
    {
      "name": "Cash",
      "value": 74679.44000000002,
      "pct": 0.07452146344008266
    }
  ],
  "signals": [
    {
      "ticker": "BABA",
      "label": "STRONG SELL",
      "composite": -2.0,
      "rsi": 30.2,
      "subs": {
        "rsi": 0.0,
        "macd": -0.5,
        "trend": -0.5,
        "bb": -0.5,
        "vol": 0.0,
        "range": -0.5
      }
    },
    {
      "ticker": "CEG",
      "label": "SELL",
      "composite": -1.5,
      "rsi": 45.1,
      "subs": {
        "rsi": 0.5,
        "macd": -0.5,
        "trend": -0.5,
        "bb": -0.5,
        "vol": 0.0,
        "range": -0.5
      }
    },
    {
      "ticker": "CMI",
      "label": "BUY",
      "composite": 1.5,
      "rsi": 54.7,
      "subs": {
        "rsi": 0.5,
        "macd": -0.5,
        "trend": 0.5,
        "bb": 0.5,
        "vol": 0.0,
        "range": 0.5
      }
    },
    {
      "ticker": "CRWV",
      "label": "LEAN BULL",
      "composite": 0.5,
      "rsi": 50.5,
      "subs": {
        "rsi": 0.5,
        "macd": -0.5,
        "trend": 0.0,
        "bb": 0.5,
        "vol": 0.0,
        "range": 0.0
      }
    },
    {
      "ticker": "GENC",
      "label": "STRONG BUY",
      "composite": 2.0,
      "rsi": 51.5,
      "subs": {
        "rsi": 0.5,
        "macd": 0.5,
        "trend": 0.5,
        "bb": 0.5,
        "vol": 0.0,
        "range": 0.0
      }
    },
    {
      "ticker": "GRPN",
      "label": "SELL",
      "composite": -1.5,
      "rsi": 51.1,
      "subs": {
        "rsi": 0.5,
        "macd": -0.5,
        "trend": 0.0,
        "bb": -0.5,
        "vol": -0.5,
        "range": -0.5
      }
    },
    {
      "ticker": "JAKK",
      "label": "BUY",
      "composite": 1.5,
      "rsi": 53.7,
      "subs": {
        "rsi": 0.5,
        "macd": 0.5,
        "trend": 0.5,
        "bb": 0.5,
        "vol": -0.5,
        "range": 0.0
      }
    },
    {
      "ticker": "KSPI",
      "label": "LEAN BEAR",
      "composite": -0.5,
      "rsi": 46.4,
      "subs": {
        "rsi": 0.5,
        "macd": -0.5,
        "trend": 0.0,
        "bb": -0.5,
        "vol": 0.0,
        "range": 0.0
      }
    },
    {
      "ticker": "OPEN",
      "label": "SELL",
      "composite": -1.0,
      "rsi": 47.3,
      "subs": {
        "rsi": 0.5,
        "macd": -0.5,
        "trend": -0.5,
        "bb": -0.5,
        "vol": 0.0,
        "range": 0.0
      }
    },
    {
      "ticker": "PYPL",
      "label": "LEAN BEAR",
      "composite": -0.5,
      "rsi": 42.8,
      "subs": {
        "rsi": 0.0,
        "macd": 0.5,
        "trend": -0.5,
        "bb": -0.5,
        "vol": 0.0,
        "range": 0.0
      }
    },
    {
      "ticker": "TENB",
      "label": "NEUTRAL",
      "composite": 0.0,
      "rsi": 60.7,
      "subs": {
        "rsi": 0.5,
        "macd": -0.5,
        "trend": 0.0,
        "bb": 0.5,
        "vol": -0.5,
        "range": 0.0
      }
    },
    {
      "ticker": "VIA",
      "label": "BUY",
      "composite": 1.0,
      "rsi": 48.5,
      "subs": {
        "rsi": 0.5,
        "macd": 0.5,
        "trend": -0.5,
        "bb": 0.5,
        "vol": 0.0,
        "range": 0.0
      }
    },
    {
      "ticker": "VST",
      "label": "BUY",
      "composite": 1.0,
      "rsi": 52.3,
      "subs": {
        "rsi": 0.5,
        "macd": 0.5,
        "trend": -0.5,
        "bb": 0.5,
        "vol": 0.0,
        "range": 0.0
      }
    },
    {
      "ticker": "XNET",
      "label": "NEUTRAL",
      "composite": 0.0,
      "rsi": 46.2,
      "subs": {
        "rsi": 0.5,
        "macd": 0.5,
        "trend": -0.5,
        "bb": -0.5,
        "vol": 0.0,
        "range": 0.0
      }
    },
    {
      "ticker": "ZS",
      "label": "STRONG SELL",
      "composite": -2.5,
      "rsi": 43.4,
      "subs": {
        "rsi": 0.0,
        "macd": -0.5,
        "trend": -0.5,
        "bb": -0.5,
        "vol": -0.5,
        "range": -0.5
      }
    },
    {
      "ticker": "ZTS",
      "label": "NEUTRAL",
      "composite": 0.0,
      "rsi": 38.4,
      "subs": {
        "rsi": 0.0,
        "macd": 0.5,
        "trend": -0.5,
        "bb": 0.5,
        "vol": -0.5,
        "range": 0.0
      }
    }
  ],
  "volatility": [
    {
      "ticker": "BABA",
      "hv20": 0.2893870618378011,
      "garch": 0.40043156411254865,
      "expansion": 0.38372310624234823,
      "regime": "LOW",
      "signal": "SIGNAL"
    },
    {
      "ticker": "CEG",
      "hv20": 0.5449672330540145,
      "garch": 0.5510992090108605,
      "expansion": 0.011252008533581378,
      "regime": "HIGH",
      "signal": "WEAK"
    },
    {
      "ticker": "CMI",
      "hv20": 0.4897190757531516,
      "garch": 0.38398696592392184,
      "expansion": -0.21590359670311315,
      "regime": "EXTREME",
      "signal": "WEAK"
    },
    {
      "ticker": "CRWV",
      "hv20": 0.7938791989242132,
      "garch": 0.9552698864840244,
      "expansion": 0.2032937602830657,
      "regime": "LOW",
      "signal": "SIGNAL"
    },
    {
      "ticker": "GENC",
      "hv20": 0.3575318999988742,
      "garch": 0.3864657788254934,
      "expansion": 0.08092670563580563,
      "regime": "NORMAL",
      "signal": "WEAK"
    },
    {
      "ticker": "GRPN",
      "hv20": 0.8281836969911277,
      "garch": 0.7842758934624829,
      "expansion": -0.05301698607225197,
      "regime": "HIGH",
      "signal": "WEAK"
    },
    {
      "ticker": "JAKK",
      "hv20": 0.2228894161974254,
      "garch": 0.46253668990618135,
      "expansion": 1.0751846265167082,
      "regime": "LOW",
      "signal": "SIGNAL"
    },
    {
      "ticker": "KSPI",
      "hv20": 0.3512614979939213,
      "garch": 0.44534523279597066,
      "expansion": 0.26784528147652975,
      "regime": "HIGH",
      "signal": "SIGNAL"
    },
    {
      "ticker": "OPEN",
      "hv20": 0.7283308033679815,
      "garch": 0.7596066965892384,
      "expansion": 0.04294187898772021,
      "regime": "LOW",
      "signal": "WEAK"
    },
    {
      "ticker": "PYPL",
      "hv20": 0.2634030767640972,
      "garch": 0.4127657454108233,
      "expansion": 0.5670498252398727,
      "regime": "LOW",
      "signal": "SIGNAL"
    },
    {
      "ticker": "TENB",
      "hv20": 0.6427298472142224,
      "garch": 0.4469869285701753,
      "expansion": -0.3045492900204553,
      "regime": "HIGH",
      "signal": "WEAK"
    },
    {
      "ticker": "VIA",
      "hv20": 0.6824998198829597,
      "garch": null,
      "expansion": null,
      "regime": "NORMAL",
      "signal": "WEAK"
    },
    {
      "ticker": "VST",
      "hv20": 0.5379957833498766,
      "garch": 0.5734901195527393,
      "expansion": 0.06597511969676449,
      "regime": "HIGH",
      "signal": "WEAK"
    },
    {
      "ticker": "XNET",
      "hv20": 0.6838799765814072,
      "garch": 0.579048948212422,
      "expansion": -0.15328863537285678,
      "regime": "HIGH",
      "signal": "WEAK"
    },
    {
      "ticker": "ZS",
      "hv20": 1.525219166334222,
      "garch": 0.3463571211532484,
      "expansion": -0.7729132122134957,
      "regime": "EXTREME",
      "signal": "WEAK"
    },
    {
      "ticker": "ZTS",
      "hv20": 0.24931738859222188,
      "garch": 0.3126544461349164,
      "expansion": 0.25404187770587966,
      "regime": "NORMAL",
      "signal": "SIGNAL"
    }
  ],
  "correlation": {
    "tickers": [
      "BABA",
      "CEG",
      "CMI",
      "CRWV",
      "GENC",
      "GRPN",
      "JAKK",
      "KSPI",
      "OPEN",
      "PYPL",
      "TENB",
      "VIA",
      "VST",
      "XNET",
      "ZS",
      "ZTS"
    ],
    "matrix": [
      [
        1.0,
        0.185,
        0.337,
        0.352,
        0.133,
        0.191,
        0.114,
        0.199,
        0.19,
        0.244,
        0.062,
        -0.038,
        0.228,
        0.468,
        0.038,
        0.076
      ],
      [
        0.185,
        1.0,
        0.328,
        0.227,
        0.149,
        0.092,
        0.087,
        0.059,
        0.188,
        0.135,
        0.067,
        0.008,
        0.797,
        0.251,
        0.046,
        0.121
      ],
      [
        0.337,
        0.328,
        1.0,
        0.369,
        0.354,
        0.201,
        0.145,
        0.244,
        0.19,
        0.082,
        -0.045,
        0.005,
        0.35,
        0.313,
        -0.047,
        0.198
      ],
      [
        0.352,
        0.227,
        0.369,
        1.0,
        0.117,
        0.169,
        0.057,
        0.135,
        0.241,
        0.138,
        0.125,
        0.225,
        0.314,
        0.369,
        0.187,
        0.08
      ],
      [
        0.133,
        0.149,
        0.354,
        0.117,
        1.0,
        0.161,
        0.316,
        0.148,
        0.128,
        0.098,
        0.16,
        0.066,
        0.171,
        0.166,
        0.052,
        0.154
      ],
      [
        0.191,
        0.092,
        0.201,
        0.169,
        0.161,
        1.0,
        0.151,
        0.337,
        0.304,
        0.269,
        0.252,
        0.177,
        0.132,
        0.228,
        0.15,
        0.165
      ],
      [
        0.114,
        0.087,
        0.145,
        0.057,
        0.316,
        0.151,
        1.0,
        0.103,
        0.137,
        0.212,
        -0.038,
        0.143,
        0.059,
        0.198,
        -0.051,
        0.136
      ],
      [
        0.199,
        0.059,
        0.244,
        0.135,
        0.148,
        0.337,
        0.103,
        1.0,
        0.248,
        0.257,
        0.272,
        0.146,
        0.105,
        0.198,
        0.156,
        0.194
      ],
      [
        0.19,
        0.188,
        0.19,
        0.241,
        0.128,
        0.304,
        0.137,
        0.248,
        1.0,
        0.239,
        0.122,
        0.163,
        0.256,
        0.342,
        0.063,
        0.164
      ],
      [
        0.244,
        0.135,
        0.082,
        0.138,
        0.098,
        0.269,
        0.212,
        0.257,
        0.239,
        1.0,
        0.363,
        0.158,
        0.079,
        0.33,
        0.207,
        0.171
      ],
      [
        0.062,
        0.067,
        -0.045,
        0.125,
        0.16,
        0.252,
        -0.038,
        0.272,
        0.122,
        0.363,
        1.0,
        0.334,
        0.081,
        0.163,
        0.559,
        0.093
      ],
      [
        -0.038,
        0.008,
        0.005,
        0.225,
        0.066,
        0.177,
        0.143,
        0.146,
        0.163,
        0.158,
        0.334,
        1.0,
        0.06,
        0.19,
        0.37,
        0.019
      ],
      [
        0.228,
        0.797,
        0.35,
        0.314,
        0.171,
        0.132,
        0.059,
        0.105,
        0.256,
        0.079,
        0.081,
        0.06,
        1.0,
        0.275,
        0.075,
        0.093
      ],
      [
        0.468,
        0.251,
        0.313,
        0.369,
        0.166,
        0.228,
        0.198,
        0.198,
        0.342,
        0.33,
        0.163,
        0.19,
        0.275,
        1.0,
        0.222,
        0.044
      ],
      [
        0.038,
        0.046,
        -0.047,
        0.187,
        0.052,
        0.15,
        -0.051,
        0.156,
        0.063,
        0.207,
        0.559,
        0.37,
        0.075,
        0.222,
        1.0,
        -0.038
      ],
      [
        0.076,
        0.121,
        0.198,
        0.08,
        0.154,
        0.165,
        0.136,
        0.194,
        0.164,
        0.171,
        0.093,
        0.019,
        0.093,
        0.044,
        -0.038,
        1.0
      ]
    ]
  },
  "residual_correlation": {
    "tickers": [
      "BABA",
      "CEG",
      "CMI",
      "CRWV",
      "GENC",
      "GRPN",
      "JAKK",
      "KSPI",
      "OPEN",
      "PYPL",
      "TENB",
      "VIA",
      "VST",
      "XNET",
      "ZS",
      "ZTS"
    ],
    "matrix": [
      [
        1.0,
        0.018,
        0.111,
        0.192,
        -0.071,
        0.021,
        -0.044,
        0.021,
        0.041,
        0.117,
        -0.053,
        -0.164,
        0.056,
        0.337,
        -0.055,
        -0.017
      ],
      [
        0.018,
        1.0,
        0.035,
        -0.029,
        0.032,
        -0.061,
        -0.013,
        -0.135,
        0.028,
        0.04,
        -0.018,
        -0.09,
        0.727,
        0.079,
        0.018,
        0.079
      ],
      [
        0.111,
        0.035,
        1.0,
        0.081,
        0.074,
        -0.067,
        -0.142,
        -0.027,
        -0.083,
        -0.11,
        -0.269,
        -0.133,
        0.008,
        -0.006,
        -0.133,
        0.074
      ],
      [
        0.192,
        -0.029,
        0.081,
        1.0,
        0.019,
        -0.044,
        -0.033,
        -0.105,
        0.028,
        -0.043,
        -0.001,
        0.114,
        0.052,
        0.109,
        0.132,
        0.041
      ],
      [
        -0.071,
        0.032,
        0.074,
        0.019,
        1.0,
        -0.028,
        0.064,
        -0.079,
        -0.071,
        0.001,
        0.087,
        -0.014,
        0.03,
        -0.038,
        0.004,
        -0.041
      ],
      [
        0.021,
        -0.061,
        -0.067,
        -0.044,
        -0.028,
        1.0,
        0.009,
        0.165,
        0.111,
        0.092,
        0.113,
        0.055,
        -0.039,
        -0.003,
        0.047,
        0.038
      ],
      [
        -0.044,
        -0.013,
        -0.142,
        -0.033,
        0.064,
        0.009,
        1.0,
        -0.094,
        -0.026,
        0.102,
        -0.133,
        0.081,
        -0.052,
        0.029,
        -0.119,
        -0.048
      ],
      [
        0.021,
        -0.135,
        -0.027,
        -0.105,
        -0.079,
        0.165,
        -0.094,
        1.0,
        0.064,
        0.072,
        0.159,
        0.019,
        -0.111,
        -0.028,
        0.06,
        0.06
      ],
      [
        0.041,
        0.028,
        -0.083,
        0.028,
        -0.071,
        0.111,
        -0.026,
        0.064,
        1.0,
        0.063,
        -0.015,
        0.04,
        0.097,
        0.164,
        -0.042,
        0.025
      ],
      [
        0.117,
        0.04,
        -0.11,
        -0.043,
        0.001,
        0.092,
        0.102,
        0.072,
        0.063,
        1.0,
        0.248,
        0.007,
        -0.043,
        0.184,
        0.072,
        0.021
      ],
      [
        -0.053,
        -0.018,
        -0.269,
        -0.001,
        0.087,
        0.113,
        -0.133,
        0.159,
        -0.015,
        0.248,
        1.0,
        0.267,
        -0.021,
        0.03,
        0.52,
        -0.017
      ],
      [
        -0.164,
        -0.09,
        -0.133,
        0.114,
        -0.014,
        0.055,
        0.081,
        0.019,
        0.04,
        0.007,
        0.267,
        1.0,
        -0.041,
        0.062,
        0.308,
        -0.068
      ],
      [
        0.056,
        0.727,
        0.008,
        0.052,
        0.03,
        -0.039,
        -0.052,
        -0.111,
        0.097,
        -0.043,
        -0.021,
        -0.041,
        1.0,
        0.084,
        0.048,
        0.036
      ],
      [
        0.337,
        0.079,
        -0.006,
        0.109,
        -0.038,
        -0.003,
        0.029,
        -0.028,
        0.164,
        0.184,
        0.03,
        0.062,
        0.084,
        1.0,
        0.147,
        -0.096
      ],
      [
        -0.055,
        0.018,
        -0.133,
        0.132,
        0.004,
        0.047,
        -0.119,
        0.06,
        -0.042,
        0.072,
        0.52,
        0.308,
        0.048,
        0.147,
        1.0,
        -0.118
      ],
      [
        -0.017,
        0.079,
        0.074,
        0.041,
        -0.041,
        0.038,
        -0.048,
        0.06,
        0.025,
        0.021,
        -0.017,
        -0.068,
        0.036,
        -0.096,
        -0.118,
        1.0
      ]
    ]
  },
  "factor_correlation": {
    "factors": [
      "Market",
      "Size",
      "Value (SMID)",
      "Momentum",
      "Quality",
      "Profitability",
      "Liquidity",
      "Credit"
    ],
    "matrix": [
      [
        1.0,
        0.353,
        -0.489,
        0.404,
        -0.212,
        -0.532,
        0.325,
        0.168
      ],
      [
        0.353,
        1.0,
        -0.163,
        0.248,
        0.148,
        0.151,
        0.337,
        0.044
      ],
      [
        -0.489,
        -0.163,
        1.0,
        -0.527,
        0.279,
        0.568,
        -0.376,
        -0.127
      ],
      [
        0.404,
        0.248,
        -0.527,
        1.0,
        -0.209,
        -0.509,
        0.283,
        0.022
      ],
      [
        -0.212,
        0.148,
        0.279,
        -0.209,
        1.0,
        0.404,
        -0.216,
        -0.135
      ],
      [
        -0.532,
        0.151,
        0.568,
        -0.509,
        0.404,
        1.0,
        -0.275,
        -0.08
      ],
      [
        0.325,
        0.337,
        -0.376,
        0.283,
        -0.216,
        -0.275,
        1.0,
        0.155
      ],
      [
        0.168,
        0.044,
        -0.127,
        0.022,
        -0.135,
        -0.08,
        0.155,
        1.0
      ]
    ]
  },
  "factor_exposures": [
    {
      "ticker": "BABA",
      "r_squared": 0.15356991289635635,
      "alpha_annual": -0.35526069776325303,
      "idio_vol_annual": 0.3976887872252099,
      "Market": 1.20486840752406,
      "Size": 0.14260307658467558,
      "Value (SMID)": 0.21495079162548758,
      "Momentum": -0.1756238690114054,
      "Quality": -0.24720592655277984,
      "Profitability": -0.22778230366426794,
      "Liquidity": 0.2120020211395163,
      "Credit": 1.047811172664268
    },
    {
      "ticker": "CEG",
      "r_squared": 0.2526507618115086,
      "alpha_annual": -0.4019301015280138,
      "idio_vol_annual": 0.4043396865957113,
      "Market": 0.7326827279184888,
      "Size": 0.35159543998187387,
      "Value (SMID)": -0.4539422267688002,
      "Momentum": 0.6744438354585495,
      "Quality": -0.7083502947295868,
      "Profitability": -0.630026407470909,
      "Liquidity": -0.42399476347581977,
      "Credit": -0.8603851081754975
    },
    {
      "ticker": "CMI",
      "r_squared": 0.5001328924472144,
      "alpha_annual": 0.2856521321571307,
      "idio_vol_annual": 0.2379575054391005,
      "Market": 1.2136443656745972,
      "Size": 0.7929751181143805,
      "Value (SMID)": 0.3832329240795619,
      "Momentum": 0.7713049534604054,
      "Quality": 0.11254449586098232,
      "Profitability": -0.12111699940551289,
      "Liquidity": -0.3258195738198086,
      "Credit": 0.8334257774443945
    },
    {
      "ticker": "CRWV",
      "r_squared": 0.28533433745026215,
      "alpha_annual": -0.8444718327927531,
      "idio_vol_annual": 0.7961007960483649,
      "Market": 0.8192985637887463,
      "Size": 0.6439624525991282,
      "Value (SMID)": -2.143565922592799,
      "Momentum": 1.0609311909700385,
      "Quality": -3.83075410924755,
      "Profitability": -0.0806655626015133,
      "Liquidity": 0.427461515981865,
      "Credit": 2.038267952355977
    },
    {
      "ticker": "GENC",
      "r_squared": 0.33342696782087244,
      "alpha_annual": -0.4376963875163823,
      "idio_vol_annual": 0.32661494717939793,
      "Market": 1.383402244143939,
      "Size": 1.2131848455795031,
      "Value (SMID)": 1.1578819546779793,
      "Momentum": -0.07501928534214203,
      "Quality": -0.6338450082029798,
      "Profitability": 0.10339355857907444,
      "Liquidity": -0.16742089603092786,
      "Credit": 0.5933801349291395
    },
    {
      "ticker": "GRPN",
      "r_squared": 0.161892582980524,
      "alpha_annual": -1.044443540960549,
      "idio_vol_annual": 0.6278009305780078,
      "Market": 1.8036348399898297,
      "Size": 0.357224115320496,
      "Value (SMID)": -0.8940618592238697,
      "Momentum": -0.14189235912774872,
      "Quality": -2.032798847827892,
      "Profitability": 1.3764423972703101,
      "Liquidity": 0.16614077413466102,
      "Credit": 1.4523519471098865
    },
    {
      "ticker": "JAKK",
      "r_squared": 0.28627006277270606,
      "alpha_annual": -0.3600878522188665,
      "idio_vol_annual": 0.35958565018461364,
      "Market": 1.3599644519144112,
      "Size": 1.0159921388981512,
      "Value (SMID)": 0.8218111506057876,
      "Momentum": -0.4192990801488859,
      "Quality": 1.592807652407393,
      "Profitability": -0.3294140917831042,
      "Liquidity": 0.3916970735133991,
      "Credit": -0.31117171981628033
    },
    {
      "ticker": "KSPI",
      "r_squared": 0.22460815131564305,
      "alpha_annual": -0.2920163686270825,
      "idio_vol_annual": 0.31999845966727264,
      "Market": 1.2760801912944506,
      "Size": 0.38737346474071493,
      "Value (SMID)": -0.3039823000962615,
      "Momentum": -0.5597229820644419,
      "Quality": 0.16658156382537365,
      "Profitability": 0.1256504567906056,
      "Liquidity": 0.029233815090003876,
      "Credit": 0.3759416801162275
    },
    {
      "ticker": "OPEN",
      "r_squared": 0.1220242438948903,
      "alpha_annual": 1.4498778468332045,
      "idio_vol_annual": 1.3443636477032417,
      "Market": 2.8070361095432177,
      "Size": 1.437354809382097,
      "Value (SMID)": -1.6484816016025166,
      "Momentum": -1.9042018357506698,
      "Quality": 0.8324289899303191,
      "Profitability": 0.9123178203540697,
      "Liquidity": 1.8263324950257258,
      "Credit": -3.207228773561712
    },
    {
      "ticker": "PYPL",
      "r_squared": 0.30897803017955483,
      "alpha_annual": -0.7604874780572518,
      "idio_vol_annual": 0.3365716632789465,
      "Market": 1.9009119178695915,
      "Size": -0.425316383586171,
      "Value (SMID)": -0.9033040573504513,
      "Momentum": -0.9092998697994957,
      "Quality": 1.6267022773859257,
      "Profitability": 0.7652045764332678,
      "Liquidity": 0.4756960864339679,
      "Credit": -0.052019076469520864
    },
    {
      "ticker": "TENB",
      "r_squared": 0.14566460510486112,
      "alpha_annual": -0.334206049881249,
      "idio_vol_annual": 0.4087632471687036,
      "Market": 1.5095031827754202,
      "Size": -0.1338906810414234,
      "Value (SMID)": -0.7575653194284886,
      "Momentum": -0.2809641659963141,
      "Quality": -0.45191110878292023,
      "Profitability": 1.3397604617590058,
      "Liquidity": -0.18887640378165402,
      "Credit": -0.28102771787313474
    },
    {
      "ticker": "VIA",
      "r_squared": 0.11899575813824192,
      "alpha_annual": -1.5844582273059309,
      "idio_vol_annual": 0.6815759277727432,
      "Market": 1.2334995108796196,
      "Size": 0.3275316963890852,
      "Value (SMID)": -1.4197449932039126,
      "Momentum": -1.204117466707836,
      "Quality": -1.5159555116392929,
      "Profitability": 0.631752343770875,
      "Liquidity": 0.6044668440561947,
      "Credit": -0.8424571996794651
    },
    {
      "ticker": "VST",
      "r_squared": 0.289981370814431,
      "alpha_annual": -0.39014997533301676,
      "idio_vol_annual": 0.41178368026703194,
      "Market": 0.6273279115276917,
      "Size": 0.741064026977694,
      "Value (SMID)": -0.6765277538109297,
      "Momentum": 0.7262252978017788,
      "Quality": -1.8769634003294027,
      "Profitability": -0.4783294469138767,
      "Liquidity": -0.7461359825600506,
      "Credit": -0.8142840603576539
    },
    {
      "ticker": "XNET",
      "r_squared": 0.1787431469296915,
      "alpha_annual": -0.39561431654737633,
      "idio_vol_annual": 0.6816269346138467,
      "Market": 1.8625855740955644,
      "Size": 0.13480973290482706,
      "Value (SMID)": -0.7493205546537877,
      "Momentum": -0.3761040185865127,
      "Quality": 0.5761162406092467,
      "Profitability": 0.5401476109378623,
      "Liquidity": 1.4271356265766568,
      "Credit": 2.0007074279903665
    },
    {
      "ticker": "ZS",
      "r_squared": 0.09144199171347667,
      "alpha_annual": -0.9333718981544831,
      "idio_vol_annual": 0.5972583621655462,
      "Market": 1.3925900589434086,
      "Size": -0.4338702921032632,
      "Value (SMID)": -1.0941894088244863,
      "Momentum": -0.9843521145678812,
      "Quality": -0.9984481991274172,
      "Profitability": 0.8851261334743352,
      "Liquidity": 0.18209645509725242,
      "Credit": 0.08658352065242104
    },
    {
      "ticker": "ZTS",
      "r_squared": 0.17349008415369316,
      "alpha_annual": -0.9310108688218752,
      "idio_vol_annual": 0.34335647529869023,
      "Market": 1.3679057009855187,
      "Size": 0.08510370119762485,
      "Value (SMID)": 0.045010394610105475,
      "Momentum": -0.2247582552158848,
      "Quality": 1.2996911651128786,
      "Profitability": 0.8476462879360521,
      "Liquidity": 0.094615069063857,
      "Credit": -0.7484471110790791
    }
  ],
  "portfolio_factor_exposure": {
    "loadings": {
      "Market": 1.4560518607039932,
      "Size": 0.32126758495396823,
      "Value (SMID)": -0.6102413055768051,
      "Momentum": -0.31062128813261586,
      "Quality": -0.6266210248845718,
      "Profitability": 0.5808141749491735,
      "Liquidity": 0.2400184941885692,
      "Credit": 0.4913039135443356
    },
    "alpha_annual": -0.6378042290022848,
    "r_squared_weighted": 0.20781547993337932
  },
  "stress_tests": [
    {
      "scenario": "COVID Crash (Feb-Mar 2020)",
      "market_move": -0.339,
      "portfolio_impact": -0.5215232296174717,
      "stressed_nav": 479491.0837185269,
      "pnl": -522628.7962814731,
      "description": "Rapid 33.9% selloff in SPY over 23 trading days as COVID-19 spread."
    },
    {
      "scenario": "2022 Rate Shock (Jan-Oct)",
      "market_move": -0.252,
      "portfolio_impact": -0.38768098484838603,
      "stressed_nav": 613617.0579854536,
      "pnl": -388502.8220145464,
      "description": "Grinding 9-month decline as the Fed hiked rates aggressively."
    },
    {
      "scenario": "GFC 2008-09",
      "market_move": -0.565,
      "portfolio_impact": -0.8692053826957861,
      "stressed_nav": 131071.8861975448,
      "pnl": -871047.9938024553,
      "description": "Credit crisis bear market; SPY drew down 56.5% from Oct 2007 peak."
    },
    {
      "scenario": "Dot-Com Bust (2000-02)",
      "market_move": -0.491,
      "portfolio_impact": -0.7553625538117362,
      "stressed_nav": 245156.04821768936,
      "pnl": -756963.8317823106,
      "description": "Tech bubble burst; SPY -49.1% peak-to-trough over 30 months."
    },
    {
      "scenario": "Black Monday (Oct 1987)",
      "market_move": -0.204,
      "portfolio_impact": -0.3138369877344077,
      "stressed_nav": 687617.5955120339,
      "pnl": -314502.2844879661,
      "description": "Flash crash; -20.4% on a single trading day."
    },
    {
      "scenario": "Aug 2024 Yen Carry Unwind",
      "market_move": -0.084,
      "portfolio_impact": -0.12922699494946202,
      "stressed_nav": 872618.9393284846,
      "pnl": -129500.94067151542,
      "description": "Yen carry unwind shock; SPY -8.4% in one week."
    }
  ],
  "monte_carlo": {
    "horizon_days": 21,
    "n_paths": 10000,
    "current_nav": 1002119.88,
    "terminal_return": {
      "p5": -0.1564000017556108,
      "p25": -0.0823761180447806,
      "p50": -0.02765760263931405,
      "p75": 0.02770935676312508,
      "p95": 0.1115397464388437,
      "prob_negative": 0.6314
    },
    "terminal_nav": {
      "p5": 845388.3290086675,
      "p50": 974403.646562003,
      "p95": 1113896.0773165245
    },
    "max_drawdown": {
      "p5": -0.17273041082073892,
      "p50": -0.08211552869005714,
      "p95": -0.03086843019081397
    },
    "method": "Bootstrap of synthetic portfolio daily returns (current weights \u00d7 each holding's 252-day history). 10,000 paths, 21-trading-day horizon (~1 month)."
  },
  "factor_stress": [
    {
      "scenario": "Tech Selloff -15%",
