{
  "generated_at": "2026-06-26T00:01:40.860113Z",
  "market_session": "CLOSED",
  "fund_name": "Convex Capital",
  "tagline": "Lose small. Win big. \u2014 Paper-traded portfolio. Hypothetical performance for educational purposes only.",
  "summary": {
    "nav": 1087855.27,
    "cash": 4722.310000000056,
    "equity": 1083132.96,
    "deposits": 1000000.0,
    "total_return": 0.08785526999999993,
    "realized_pnl": 0.0,
    "open_positions": 16
  },
  "metrics": {
    "period_return": 0.08798274961618424,
    "calendar_days_since_inception": 24,
    "trading_days_observed": 17,
    "annualized_return": 2.605452082051864,
    "annualized_return_arithmetic": 1.2987172817288224,
    "annualized_vol": 0.3136591462187037,
    "sharpe": 4.003488421838061,
    "sortino": 8.37835896018483,
    "calmar": 68.56140970990852,
    "max_drawdown": -0.038001728568240384,
    "var_95_1d": -0.01784868046815382,
    "risk_free_rate": 0.043919997215271,
    "beta_benchmark": 0.8552987021992965,
    "benchmark_annualized_return": 0.26871487552377515,
    "benchmark_annualized_return_arithmetic": 0.2381169076197546,
    "benchmark_period_return": 0.036821973757975135,
    "period_active_return": 0.05116077585820911,
    "treynor": 1.4670866228219368,
    "jensens_alpha": 1.0887009190734835,
    "information_ratio": 3.0651288035506834,
    "tracking_error": 0.23976109129362336,
    "annualized_active_return": 1.083041585552583,
    "annualized_active_return_arithmetic": 0.7348986268948299,
    "up_capture": 1.3295884556784305,
    "down_capture": 0.8786111913519843,
    "data_basis": "realized_nav",
    "days_of_live_nav": 18,
    "benchmark_ticker": "IWM",
    "benchmark_name": "Russell 2000",
    "beta_spy": 0.8552987021992965,
    "beta_spy_stress": 1.556455406548417
  },
  "nav_curve": [
    {
      "date": "2026-06-01",
      "value": 999882.8292976379
    },
    {
      "date": "2026-06-02",
      "value": 1005079.4966617966
    },
    {
      "date": "2026-06-03",
      "value": 995768.7768651581
    },
    {
      "date": "2026-06-04",
      "value": 1004929.1794892884
    },
    {
      "date": "2026-06-05",
      "value": 974274.0015833282
    },
    {
      "date": "2026-06-08",
      "value": 974266.9881036186
    },
    {
      "date": "2026-06-09",
      "value": 979640.5088702394
    },
    {
      "date": "2026-06-10",
      "value": 966884.7384401513
    },
    {
      "date": "2026-06-11",
      "value": 990753.0886875344
    },
    {
      "date": "2026-06-12",
      "value": 996222.4282127572
    },
    {
      "date": "2026-06-15",
      "value": 1017018.2685251809
    },
    {
      "date": "2026-06-16",
      "value": 1019223.7061524964
    },
    {
      "date": "2026-06-17",
      "value": 1004256.765778122
    },
    {
      "date": "2026-06-18",
      "value": 1005956.2144795037
    },
    {
      "date": "2026-06-22",
      "value": 1013145.2704611397
    },
    {
      "date": "2026-06-23",
      "value": 1003670.4086042023
    },
    {
      "date": "2026-06-24",
      "value": 1028642.2278996087
    },
    {
      "date": "2026-06-25",
      "value": 1087855.2699132538
    }
  ],
  "drawdown_curve": [
    {
      "date": "2026-06-01",
      "value": 0.0
    },
    {
      "date": "2026-06-02",
      "value": 0.0
    },
    {
      "date": "2026-06-03",
      "value": -0.009263665040986776
    },
    {
      "date": "2026-06-04",
      "value": -0.00014955749570802555
    },
    {
      "date": "2026-06-05",
      "value": -0.030649809473562682
    },
    {
      "date": "2026-06-08",
      "value": -0.03065678750836781
    },
    {
      "date": "2026-06-09",
      "value": -0.025310423579476604
    },
    {
      "date": "2026-06-10",
      "value": -0.038001728568240384
    },
    {
      "date": "2026-06-11",
      "value": -0.01425400480444075
    },
    {
      "date": "2026-06-12",
      "value": -0.008812306368259061
    },
    {
      "date": "2026-06-15",
      "value": 0.0
    },
    {
      "date": "2026-06-16",
      "value": 0.0
    },
    {
      "date": "2026-06-17",
      "value": -0.014684647034823809
    },
    {
      "date": "2026-06-18",
      "value": -0.01301725184854327
    },
    {
      "date": "2026-06-22",
      "value": -0.005963789553426265
    },
    {
      "date": "2026-06-23",
      "value": -0.015259944852545435
    },
    {
      "date": "2026-06-24",
      "value": 0.0
    },
    {
      "date": "2026-06-25",
      "value": 0.0
    }
  ],
  "benchmarks": {
    "SPY": [
      {
        "date": "2026-06-01",
        "value": 0.0
      },
      {
        "date": "2026-06-02",
        "value": 0.0013579397972762752
      },
      {
        "date": "2026-06-03",
        "value": -0.005668771434361286
      },
      {
        "date": "2026-06-04",
        "value": -0.0019115061781299625
      },
      {
        "date": "2026-06-05",
        "value": -0.027671542654459702
      },
      {
        "date": "2026-06-08",
        "value": -0.025470023194608782
      },
      {
        "date": "2026-06-09",
        "value": -0.02833070775180091
      },
      {
        "date": "2026-06-10",
        "value": -0.04364962071587053
      },
      {
        "date": "2026-06-11",
        "value": -0.027394678792744487
      },
      {
        "date": "2026-06-12",
        "value": -0.022134588105308994
      },
      {
        "date": "2026-06-15",
        "value": -0.0048909388718152425
      },
      {
        "date": "2026-06-16",
        "value": -0.010823344076597685
      },
      {
        "date": "2026-06-17",
        "value": -0.023176054438276084
      },
      {
        "date": "2026-06-18",
        "value": -0.013020023259145863
      },
      {
        "date": "2026-06-22",
        "value": -0.016126029204297176
      },
      {
        "date": "2026-06-23",
        "value": -0.030413801760312054
      },
      {
        "date": "2026-06-24",
        "value": -0.03086322150786902
      },
      {
        "date": "2026-06-25",
        "value": -0.029462203242598517
      }
    ],
    "IWM": [
      {
        "date": "2026-06-01",
        "value": 0.0
      },
      {
        "date": "2026-06-02",
        "value": 0.009273902616242058
      },
      {
        "date": "2026-06-03",
        "value": -0.004533265755123028
      },
      {
        "date": "2026-06-04",
        "value": 0.010485102307313143
      },
      {
        "date": "2026-06-05",
        "value": -0.025365222965751943
      },
      {
        "date": "2026-06-08",
        "value": -0.016852527916236926
      },
      {
        "date": "2026-06-09",
        "value": -0.013703535746163342
      },
      {
        "date": "2026-06-10",
        "value": -0.023981055236295123
      },
      {
        "date": "2026-06-11",
        "value": 0.00494832553389335
      },
      {
        "date": "2026-06-12",
        "value": 0.01373793881377372
      },
      {
        "date": "2026-06-15",
        "value": 0.022010765090349826
      },
      {
        "date": "2026-06-16",
        "value": 0.013130856989941098
      },
      {
        "date": "2026-06-17",
        "value": 0.005499833171586088
      },
      {
        "date": "2026-06-18",
        "value": 0.025305943833869415
      },
      {
        "date": "2026-06-22",
        "value": 0.03428980212625787
      },
      {
        "date": "2026-06-23",
        "value": 0.02436943940571834
      },
      {
        "date": "2026-06-24",
        "value": 0.0291215086708434
      },
      {
        "date": "2026-06-25",
        "value": 0.036821973757975135
      }
    ]
  },
  "holdings": [
    {
      "ticker": "GRPN",
      "company": "Groupon, Inc.",
      "sector": "Communication Services",
      "country": "United States",
      "shares": 11310.0,
      "price": 22.88,
      "cost_basis": 17.3017824933687,
      "market_value": 258772.8,
      "unrealized_pnl": 63089.63999999997,
      "short_percent_of_float": 0.56310004,
      "short_ratio": 5.75
    },
    {
      "ticker": "KSPI",
      "company": "Joint Stock Company Kaspi.kz",
      "sector": "Technology",
      "country": "Kazakhstan",
      "shares": 1515.0,
      "price": 86.85,
      "cost_basis": 82.53049504950495,
      "market_value": 131577.75,
      "unrealized_pnl": 6544.049999999993,
      "short_percent_of_float": 0.0159,
      "short_ratio": 3.24
    },
    {
      "ticker": "TENB",
      "company": "Tenable Holdings, Inc.",
      "sector": "Technology",
      "country": "United States",
      "shares": 4766.0,
      "price": 27.44,
      "cost_basis": 26.224616030214015,
      "market_value": 130779.04000000001,
      "unrealized_pnl": 5792.520000000009,
      "short_percent_of_float": 0.129,
      "short_ratio": 3.05
    },
    {
      "ticker": "CMI",
      "company": "Cummins Inc.",
      "sector": "Industrials",
      "country": "United States",
      "shares": 153.0,
      "price": 727.59,
      "cost_basis": 651.1282352941176,
      "market_value": 111321.27,
      "unrealized_pnl": 11698.650000000005,
      "short_percent_of_float": 0.0171,
      "short_ratio": 2.07
    },
    {
      "ticker": "JAKK",
      "company": "JAKKS Pacific, Inc.",
      "sector": "Consumer Cyclical",
      "country": "United States",
      "shares": 3436.0,
      "price": 23.22,
      "cost_basis": 21.83,
      "market_value": 79783.92,
      "unrealized_pnl": 4776.040000000002,
      "short_percent_of_float": 0.039100002,
      "short_ratio": 7.32
    },
    {
      "ticker": "XNET",
      "company": "Xunlei Limited",
      "sector": "Technology",
      "country": "China",
      "shares": 10526.0,
      "price": 5.03,
      "cost_basis": 4.75,
      "market_value": 52945.780000000006,
      "unrealized_pnl": 2947.2800000000025,
      "short_percent_of_float": 0.0377,
      "short_ratio": 6.03
    },
    {
      "ticker": "VIA",
      "company": "Via Transportation, Inc.",
      "sector": "Technology",
      "country": "United States",
      "shares": 3280.0,
      "price": 15.37,
      "cost_basis": 15.241405487804878,
      "market_value": 50413.6,
      "unrealized_pnl": 421.7899999999986,
      "short_percent_of_float": 0.13520001,
      "short_ratio": 6.88
    },
    {
      "ticker": "CRWV",
      "company": "CoreWeave, Inc.",
      "sector": "Technology",
      "country": "United States",
      "shares": 468.0,
      "price": 98.76,
      "cost_basis": 106.78134615384614,
      "market_value": 46219.68,
      "unrealized_pnl": -3753.989999999993,
      "short_percent_of_float": 0.18190001,
      "short_ratio": 1.91
    },
    {
      "ticker": "ZS",
      "company": "Zscaler, Inc.",
      "sector": "Technology",
      "country": "United States",
      "shares": 365.0,
      "price": 123.8,
      "cost_basis": 136.79813698630136,
      "market_value": 45187.0,
      "unrealized_pnl": -4744.319999999997,
      "short_percent_of_float": 0.114700004,
      "short_ratio": 2.09
    },
    {
      "ticker": "VST",
      "company": "Vistra Corp.",
      "sector": "Utilities",
      "country": "United States",
      "shares": 162.0,
      "price": 167.77,
      "cost_basis": 154.76,
      "market_value": 27178.74,
      "unrealized_pnl": 2107.620000000003,
      "short_percent_of_float": 0.0539,
      "short_ratio": 2.73
    },
    {
      "ticker": "ESI",
      "company": "Element Solutions Inc",
      "sector": "Basic Materials",
      "country": "United States",
      "shares": 557.0,
      "price": 47.72,
      "cost_basis": 44.92,
      "market_value": 26580.04,
      "unrealized_pnl": 1559.5999999999983,
      "short_percent_of_float": 0.0838,
      "short_ratio": 4.45
    },
    {
      "ticker": "GENC",
      "company": "Gencor Industries, Inc.",
      "sector": "Industrials",
      "country": "United States",
      "shares": 1746.0,
      "price": 14.8,
      "cost_basis": 14.32,
      "market_value": 25840.800000000003,
      "unrealized_pnl": 838.0800000000007,
      "short_percent_of_float": 0.0064,
      "short_ratio": 2.39
    },
    {
      "ticker": "CEG",
      "company": "Constellation Energy Corporation",
      "sector": "Utilities",
      "country": "United States",
      "shares": 94.0,
      "price": 268.69,
      "cost_basis": 265.7,
      "market_value": 25256.86,
      "unrealized_pnl": 281.06000000000085,
      "short_percent_of_float": 0.036,
      "short_ratio": 3.46
    },
    {
      "ticker": "ZTS",
      "company": "Zoetis Inc.",
      "sector": "Healthcare",
      "country": "United States",
      "shares": 312.0,
      "price": 77.82,
      "cost_basis": 80.09,
      "market_value": 24279.839999999997,
      "unrealized_pnl": -708.2400000000032,
      "short_percent_of_float": 0.0363,
      "short_ratio": 1.45
    },
    {
      "ticker": "OPEN",
      "company": "Opendoor Technologies Inc.",
      "sector": "Real Estate",
      "country": "United States",
      "shares": 5479.0,
      "price": 4.3,
      "cost_basis": 4.562927541522176,
      "market_value": 23559.7,
      "unrealized_pnl": -1440.5800000000017,
      "short_percent_of_float": 0.16149999,
      "short_ratio": 3.77
    },
    {
      "ticker": "PYPL",
      "company": "PayPal Holdings, Inc.",
      "sector": "Financial Services",
      "country": "United States",
      "shares": 553.0,
      "price": 42.38,
      "cost_basis": 45.19,
      "market_value": 23436.140000000003,
      "unrealized_pnl": -1553.9299999999973,
      "short_percent_of_float": 0.0626,
      "short_ratio": 3.16
    }
  ],
  "sector_exposure": [
    {
      "name": "Technology",
      "value": 457122.8500000001,
      "pct": 0.420205575692068
    },
    {
      "name": "Communication Services",
      "value": 258772.8,
      "pct": 0.2378742900238926
    },
    {
      "name": "Industrials",
      "value": 137162.07,
      "pct": 0.1260848513424033
    },
    {
      "name": "Consumer Cyclical",
      "value": 79783.92,
      "pct": 0.07334056487128109
    },
    {
      "name": "Utilities",
      "value": 52435.600000000006,
      "pct": 0.048200897165300315
    },
    {
      "name": "Basic Materials",
      "value": 26580.04,
      "pct": 0.024433434054145824
    },
    {
      "name": "Healthcare",
      "value": 24279.839999999997,
      "pct": 0.02231899837190658
    },
    {
      "name": "Real Estate",
      "value": 23559.7,
      "pct": 0.02165701693020249
    },
    {
      "name": "Financial Services",
      "value": 23436.140000000003,
      "pct": 0.021543435644706673
    },
    {
      "name": "Cash",
      "value": 4722.310000000056,
      "pct": 0.00434093590409325
    }
  ],
  "geographic_exposure": [
    {
      "name": "United States",
      "value": 898609.4299999999,
      "pct": 0.8260376676761422
    },
    {
      "name": "Kazakhstan",
      "value": 131577.75,
      "pct": 0.12095152142802966
    },
    {
      "name": "China",
      "value": 52945.780000000006,
      "pct": 0.04866987499173489
    },
    {
      "name": "Cash",
      "value": 4722.310000000056,
      "pct": 0.00434093590409325
    }
  ],
  "signals": [
    {
      "ticker": "CEG",
      "label": "BUY",
      "composite": 1.0,
      "rsi": 48.4,
      "subs": {
        "rsi": 0.5,
        "macd": 0.5,
        "trend": -0.5,
        "bb": 0.5,
        "vol": 0.0,
        "range": 0.0
      }
    },
    {
      "ticker": "CMI",
      "label": "STRONG BUY",
      "composite": 2.5,
      "rsi": 61.2,
      "subs": {
        "rsi": 0.5,
        "macd": 0.5,
        "trend": 0.5,
        "bb": 0.5,
        "vol": 0.0,
        "range": 0.5
      }
    },
    {
      "ticker": "CRWV",
      "label": "SELL",
      "composite": -1.5,
      "rsi": 43.1,
      "subs": {
        "rsi": 0.0,
        "macd": -0.5,
        "trend": 0.0,
        "bb": -0.5,
        "vol": 0.0,
        "range": -0.5
      }
    },
    {
      "ticker": "ESI",
      "label": "STRONG BUY",
      "composite": 3.0,
      "rsi": 62.3,
      "subs": {
        "rsi": 0.5,
        "macd": 0.5,
        "trend": 0.5,
        "bb": 0.5,
        "vol": 0.5,
        "range": 0.5
      }
    },
    {
      "ticker": "GENC",
      "label": "STRONG BUY",
      "composite": 2.0,
      "rsi": 50.5,
      "subs": {
        "rsi": 0.5,
        "macd": 0.5,
        "trend": 0.5,
        "bb": 0.5,
        "vol": 0.0,
        "range": 0.0
      }
    },
    {
      "ticker": "GRPN",
      "label": "BUY",
      "composite": 1.5,
      "rsi": 70.9,
      "subs": {
        "rsi": 0.0,
        "macd": 0.5,
        "trend": 0.5,
        "bb": 0.0,
        "vol": 0.0,
        "range": 0.5
      }
    },
    {
      "ticker": "JAKK",
      "label": "STRONG BUY",
      "composite": 2.0,
      "rsi": 64.1,
      "subs": {
        "rsi": 0.5,
        "macd": 0.5,
        "trend": 0.5,
        "bb": 0.0,
        "vol": 0.0,
        "range": 0.5
      }
    },
    {
      "ticker": "KSPI",
      "label": "STRONG BUY",
      "composite": 2.0,
      "rsi": 55.4,
      "subs": {
        "rsi": 0.5,
        "macd": 0.5,
        "trend": 0.5,
        "bb": 0.5,
        "vol": 0.0,
        "range": 0.0
      }
    },
    {
      "ticker": "OPEN",
      "label": "STRONG SELL",
      "composite": -2.0,
      "rsi": 42.2,
      "subs": {
        "rsi": 0.0,
        "macd": -0.5,
        "trend": -0.5,
        "bb": -0.5,
        "vol": 0.0,
        "range": -0.5
      }
    },
    {
      "ticker": "PYPL",
      "label": "NEUTRAL",
      "composite": 0.0,
      "rsi": 45.4,
      "subs": {
        "rsi": 0.5,
        "macd": 0.5,
        "trend": -0.5,
        "bb": -0.5,
        "vol": 0.0,
        "range": 0.0
      }
    },
    {
      "ticker": "TENB",
      "label": "LEAN BEAR",
      "composite": -0.5,
      "rsi": 57.0,
      "subs": {
        "rsi": 0.5,
        "macd": -0.5,
        "trend": 0.0,
        "bb": -0.5,
        "vol": 0.0,
        "range": 0.0
      }
    },
    {
      "ticker": "VIA",
      "label": "BUY",
      "composite": 1.5,
      "rsi": 52.4,
      "subs": {
        "rsi": 0.5,
        "macd": 0.5,
        "trend": -0.5,
        "bb": 0.5,
        "vol": 0.5,
        "range": 0.0
      }
    },
    {
      "ticker": "VST",
      "label": "STRONG BUY",
      "composite": 2.0,
      "rsi": 62.1,
      "subs": {
        "rsi": 0.5,
        "macd": 0.5,
        "trend": 0.0,
        "bb": 0.5,
        "vol": 0.0,
        "range": 0.5
      }
    },
    {
      "ticker": "XNET",
      "label": "LEAN BEAR",
      "composite": -0.5,
      "rsi": 43.9,
      "subs": {
        "rsi": 0.0,
        "macd": 0.5,
        "trend": -0.5,
        "bb": -0.5,
        "vol": 0.5,
        "range": -0.5
      }
    },
    {
      "ticker": "ZS",
      "label": "STRONG SELL",
      "composite": -2.0,
      "rsi": 40.6,
      "subs": {
        "rsi": 0.0,
        "macd": -0.5,
        "trend": -0.5,
        "bb": -0.5,
        "vol": 0.0,
        "range": -0.5
      }
    },
    {
      "ticker": "ZTS",
      "label": "LEAN BEAR",
      "composite": -0.5,
      "rsi": 39.6,
      "subs": {
        "rsi": 0.0,
        "macd": 0.5,
        "trend": -0.5,
        "bb": -0.5,
        "vol": 0.0,
        "range": 0.0
      }
    }
  ],
  "volatility": [
    {
      "ticker": "CEG",
      "hv20": 0.43568885792610906,
      "garch": 0.523769561488275,
      "expansion": 0.20216423247872928,
      "regime": "NORMAL",
      "signal": "SIGNAL"
    },
    {
      "ticker": "CMI",
      "hv20": 0.472322059142093,
      "garch": 0.38398932484493964,
      "expansion": -0.18701801575305935,
      "regime": "HIGH",
      "signal": "WEAK"
    },
    {
      "ticker": "CRWV",
      "hv20": 0.8788081063645121,
      "garch": 0.9429811881763823,
      "expansion": 0.07302286056206733,
      "regime": "NORMAL",
      "signal": "WEAK"
    },
    {
      "ticker": "ESI",
      "hv20": 0.5833136840972207,
      "garch": 0.5680683569677278,
      "expansion": -0.02613572687410494,
      "regime": "EXTREME",
      "signal": "WEAK"
    },
    {
      "ticker": "GENC",
      "hv20": 0.32607965371285796,
      "garch": 0.34427963912371956,
      "expansion": 0.05581453857556012,
      "regime": "NORMAL",
      "signal": "WEAK"
    },
    {
      "ticker": "GRPN",
      "hv20": 1.140454119442247,
      "garch": 1.237542755080923,
      "expansion": 0.08513155766946447,
      "regime": "EXTREME",
      "signal": "WEAK"
    },
    {
      "ticker": "JAKK",
      "hv20": 0.22282039916449764,
      "garch": 0.46630756188667394,
      "expansion": 1.09275076983603,
      "regime": "LOW",
      "signal": "SIGNAL"
    },
    {
      "ticker": "KSPI",
      "hv20": 0.3706807918389634,
      "garch": 0.3543021656801371,
      "expansion": -0.04418525728719641,
      "regime": "HIGH",
      "signal": "WEAK"
    },
    {
      "ticker": "OPEN",
      "hv20": 0.7459619267976856,
      "garch": 0.7049489089854603,
      "expansion": -0.054980041660153765,
      "regime": "NORMAL",
      "signal": "WEAK"
    },
    {
      "ticker": "PYPL",
      "hv20": 0.3182646806966667,
      "garch": 0.3967658638792808,
      "expansion": 0.24665376946879136,
      "regime": "NORMAL",
      "signal": "SIGNAL"
    },
    {
      "ticker": "TENB",
      "hv20": 0.5653632048086675,
      "garch": 0.4011457664951234,
      "expansion": -0.2904636115629761,
      "regime": "HIGH",
      "signal": "WEAK"
    },
    {
      "ticker": "VIA",
      "hv20": 0.6743344887415123,
      "garch": null,
      "expansion": null,
      "regime": "NORMAL",
      "signal": "WEAK"
    },
    {
      "ticker": "VST",
      "hv20": 0.44813571068444724,
      "garch": 0.5569077402653931,
      "expansion": 0.24272118241774585,
      "regime": "NORMAL",
      "signal": "SIGNAL"
    },
    {
      "ticker": "XNET",
      "hv20": 0.7670975679385393,
      "garch": 0.6730169885628499,
      "expansion": -0.12264486723444717,
      "regime": "HIGH",
      "signal": "WEAK"
    },
    {
      "ticker": "ZS",
      "hv20": 0.6700721327719589,
      "garch": 0.46699021229573245,
      "expansion": -0.30307471471185615,
      "regime": "HIGH",
      "signal": "WEAK"
    },
    {
      "ticker": "ZTS",
      "hv20": 0.2991155223160069,
      "garch": 0.3155204377700918,
      "expansion": 0.0548447480326801,
      "regime": "HIGH",
      "signal": "WEAK"
    }
  ],
  "correlation": {
    "tickers": [
      "CEG",
      "CMI",
      "CRWV",
      "ESI",
      "GENC",
      "GRPN",
      "JAKK",
      "KSPI",
      "OPEN",
      "PYPL",
      "TENB",
      "VIA",
      "VST",
      "XNET",
      "ZS",
      "ZTS"
    ],
    "matrix": [
      [
        1.0,
        0.329,
        0.233,
        0.301,
        0.151,
        0.084,
        0.087,
        0.059,
        0.189,
        0.14,
        0.057,
        0.006,
        0.796,
        0.252,
        0.043,
        0.119
      ],
      [
        0.329,
        1.0,
        0.368,
        0.623,
        0.339,
        0.221,
        0.135,
        0.248,
        0.184,
        0.082,
        -0.068,
        0.005,
        0.362,
        0.31,
        -0.061,
        0.176
      ],
      [
        0.233,
        0.368,
        1.0,
        0.34,
        0.118,
        0.131,
        0.05,
        0.124,
        0.246,
        0.146,
        0.11,
        0.21,
        0.315,
        0.366,
        0.178,
        0.08
      ],
      [
        0.301,
        0.623,
        0.34,
        1.0,
        0.27,
        0.312,
        0.24,
        0.307,
        0.264,
        0.287,
        0.09,
        0.051,
        0.372,
        0.347,
        0.036,
        0.167
      ],
      [
        0.151,
        0.339,
        0.118,
        0.27,
        1.0,
        0.138,
        0.317,
        0.141,
        0.129,
        0.099,
        0.162,
        0.068,
        0.169,
        0.16,
        0.054,
        0.159
      ],
      [
        0.084,
        0.221,
        0.131,
        0.312,
        0.138,
        1.0,
        0.162,
        0.343,
        0.288,
        0.257,
        0.222,
        0.17,
        0.146,
        0.242,
        0.129,
        0.153
      ],
      [
        0.087,
        0.135,
        0.05,
        0.24,
        0.317,
        0.162,
        1.0,
        0.102,
        0.141,
        0.215,
        -0.03,
        0.148,
        0.061,
        0.198,
        -0.047,
        0.147
      ],
      [
        0.059,
        0.248,
        0.124,
        0.307,
        0.141,
        0.343,
        0.102,
        1.0,
        0.245,
        0.261,
        0.258,
        0.135,
        0.113,
        0.208,
        0.151,
        0.182
      ],
      [
        0.189,
        0.184,
        0.246,
        0.264,
        0.129,
        0.288,
        0.141,
        0.245,
        1.0,
        0.249,
        0.12,
        0.153,
        0.255,
        0.348,
        0.064,
        0.172
      ],
      [
        0.14,
        0.082,
        0.146,
        0.287,
        0.099,
        0.257,
        0.215,
        0.261,
        0.249,
        1.0,
        0.351,
        0.144,
        0.087,
        0.342,
        0.205,
        0.177
      ],
      [
        0.057,
        -0.068,
        0.11,
        0.09,
        0.162,
        0.222,
        -0.03,
        0.258,
        0.12,
        0.351,
        1.0,
        0.335,
        0.064,
        0.143,
        0.561,
        0.104
      ],
      [
        0.006,
        0.005,
        0.21,
        0.051,
        0.068,
        0.17,
        0.148,
        0.135,
        0.153,
        0.144,
        0.335,
        1.0,
        0.058,
        0.165,
        0.367,
        0.023
      ],
      [
        0.796,
        0.362,
        0.315,
        0.372,
        0.169,
        0.146,
        0.061,
        0.113,
        0.255,
        0.087,
        0.064,
        0.058,
        1.0,
        0.28,
        0.068,
        0.086
      ],
      [
        0.252,
        0.31,
        0.366,
        0.347,
        0.16,
        0.242,
        0.198,
        0.208,
        0.348,
        0.342,
        0.143,
        0.165,
        0.28,
        1.0,
        0.214,
        0.045
      ],
      [
        0.043,
        -0.061,
        0.178,
        0.036,
        0.054,
        0.129,
        -0.047,
        0.151,
        0.064,
        0.205,
        0.561,
        0.367,
        0.068,
        0.214,
        1.0,
        -0.032
      ],
      [
        0.119,
        0.176,
        0.08,
        0.167,
        0.159,
        0.153,
        0.147,
        0.182,
        0.172,
        0.177,
        0.104,
        0.023,
        0.086,
        0.045,
        -0.032,
        1.0
      ]
    ]
  },
  "residual_correlation": {
    "tickers": [
      "CEG",
      "CMI",
      "CRWV",
      "ESI",
      "GENC",
      "GRPN",
      "JAKK",
      "KSPI",
      "OPEN",
      "PYPL",
      "TENB",
      "VIA",
      "VST",
      "XNET",
      "ZS",
      "ZTS"
    ],
    "matrix": [
      [
        1.0,
        0.054,
        0.003,
        -0.034,
        0.031,
        -0.075,
        -0.024,
        -0.137,
        0.033,
        0.035,
        -0.021,
        -0.105,
        0.73,
        0.09,
        0.01,
        0.073
      ],
      [
        0.054,
        1.0,
        0.123,
        0.246,
        0.073,
        -0.037,
        -0.144,
        -0.004,
        -0.066,
        -0.091,
        -0.26,
        -0.138,
        0.036,
        0.007,
        -0.141,
        0.064
      ],
      [
        0.003,
        0.123,
        1.0,
        0.038,
        0.016,
        -0.068,
        -0.046,
        -0.113,
        0.043,
        -0.041,
        -0.018,
        0.08,
        0.078,
        0.134,
        0.107,
        0.036
      ],
      [
        -0.034,
        0.246,
        0.038,
        1.0,
        -0.071,
        0.048,
        0.002,
        0.018,
        -0.01,
        0.137,
        -0.104,
        -0.125,
        0.003,
        0.029,
        -0.052,
        -0.019
      ],
      [
        0.031,
        0.073,
        0.016,
        -0.071,
        1.0,
        -0.049,
        0.061,
        -0.083,
        -0.078,
        -0.002,
        0.093,
        -0.009,
        0.026,
        -0.059,
        0.005,
        -0.037
      ],
      [
        -0.075,
        -0.037,
        -0.068,
        0.048,
        -0.049,
        1.0,
        0.045,
        0.204,
        0.12,
        0.131,
        0.1,
        0.078,
        -0.031,
        0.05,
        0.053,
        0.037
      ],
      [
        -0.024,
        -0.144,
        -0.046,
        0.002,
        0.061,
        0.045,
        1.0,
        -0.088,
        -0.028,
        0.112,
        -0.125,
        0.097,
        -0.058,
        0.028,
        -0.11,
        -0.036
      ],
      [
        -0.137,
        -0.004,
        -0.113,
        0.018,
        -0.083,
        0.204,
        -0.088,
        1.0,
        0.063,
        0.091,
        0.154,
        0.018,
        -0.1,
        -0.015,
        0.063,
        0.048
      ],
      [
        0.033,
        -0.066,
        0.043,
        -0.01,
        -0.078,
        0.12,
        -0.028,
        0.063,
        1.0,
        0.072,
        -0.019,
        0.033,
        0.107,
        0.162,
        -0.045,
        0.029
      ],
      [
        0.035,
        -0.091,
        -0.041,
        0.137,
        -0.002,
        0.131,
        0.112,
        0.091,
        0.072,
        1.0,
        0.234,
        0.015,
        -0.033,
        0.195,
        0.074,
        0.026
      ],
      [
        -0.021,
        -0.26,
        -0.018,
        -0.104,
        0.093,
        0.1,
        -0.125,
        0.154,
        -0.019,
        0.234,
        1.0,
        0.27,
        -0.026,
        0.001,
        0.517,
        -0.007
      ],
      [
        -0.105,
        -0.138,
        0.08,
        -0.125,
        -0.009,
        0.078,
        0.097,
        0.018,
        0.033,
        0.015,
        0.27,
        1.0,
        -0.056,
        0.036,
        0.314,
        -0.056
      ],
      [
        0.73,
        0.036,
        0.078,
        0.003,
        0.026,
        -0.031,
        -0.058,
        -0.1,
        0.107,
        -0.033,
        -0.026,
        -0.056,
        1.0,
        0.105,
        0.04,
        0.03
      ],
      [
        0.09,
        0.007,
        0.134,
        0.029,
        -0.059,
        0.05,
        0.028,
        -0.015,
        0.162,
        0.195,
        0.001,
        0.036,
        0.105,
        1.0,
        0.136,
        -0.105
      ],
      [
        0.01,
        -0.141,
        0.107,
        -0.052,
        0.005,
        0.053,
        -0.11,
        0.063,
        -0.045,
        0.074,
        0.517,
        0.314,
        0.04,
        0.136,
        1.0,
        -0.116
      ],
      [
        0.073,
        0.064,
        0.036,
        -0.019,
        -0.037,
        0.037,
        -0.036,
        0.048,
        0.029,
        0.026,
        -0.007,
        -0.056,
        0.03,
        -0.105,
        -0.116,
        1.0
      ]
    ]
  },
  "factor_correlation": {
    "factors": [
      "Market",
      "Size",
      "Value (SMID)",
      "Momentum",
      "Quality",
      "Profitability",
      "Liquidity",
      "Credit"
    ],
    "matrix": [
      [
        1.0,
        0.32,
        -0.5,
        0.4,
        -0.255,
        -0.537,
        0.302,
        0.188
      ],
      [
        0.32,
        1.0,
        -0.152,
        0.248,
        0.156,
        0.154,
        0.321,
        0.031
      ],
      [
        -0.5,
        -0.152,
        1.0,
        -0.551,
        0.309,
        0.601,
        -0.371,
        -0.144
      ],
      [
        0.4,
        0.248,
        -0.551,
        1.0,
        -0.224,
        -0.538,
        0.266,
        0.046
      ],
      [
        -0.255,
        0.156,
        0.309,
        -0.224,
        1.0,
        0.444,
        -0.236,
        -0.131
      ],
      [
        -0.537,
        0.154,
        0.601,
        -0.538,
        0.444,
        1.0,
        -0.272,
        -0.114
      ],
      [
        0.302,
        0.321,
        -0.371,
        0.266,
        -0.236,
        -0.272,
        1.0,
        0.168
      ],
      [
        0.188,
        0.031,
        -0.144,
        0.046,
        -0.131,
        -0.114,
        0.168,
        1.0
      ]
    ]
  },
  "factor_exposures": [
    {
      "ticker": "CEG",
      "r_squared": 0.2443474895008022,
      "alpha_annual": -0.4447711587902166,
      "idio_vol_annual": 0.40557727577382696,
      "Market": 0.6954159027041552,
      "Size": 0.39336122374229204,
      "Value (SMID)": -0.4898127578305359,
      "Momentum": 0.49504672368298774,
      "Quality": -0.8431733223149902,
      "Profitability": -0.6154456588367111,
      "Liquidity": -0.41244664865096337,
      "Credit": -0.9158222244848536
    },
    {
      "ticker": "CMI",
      "r_squared": 0.48416686598812364,
      "alpha_annual": 0.36374391823159774,
      "idio_vol_annual": 0.24584817568281175,
      "Market": 1.1407014203833976,
      "Size": 0.8151471588738282,
      "Value (SMID)": 0.4103769718532847,
      "Momentum": 0.7445443922032143,
      "Quality": -0.04293682836729854,
      "Profitability": -0.17149936260046791,
      "Liquidity": -0.35170868800834054,
      "Credit": 0.8394787567599579
    },
    {
      "ticker": "CRWV",
      "r_squared": 0.27288331770160656,
      "alpha_annual": -1.0342954219561522,
      "idio_vol_annual": 0.8027794720032185,
      "Market": 1.078630327348998,
      "Size": 0.624805549372669,
      "Value (SMID)": -1.9998970707841544,
      "Momentum": 0.507708326087368,
      "Quality": -3.8829805673002897,
      "Profitability": -0.1926650228521739,
      "Liquidity": 0.49088992394556114,
      "Credit": 1.8614276027078362
    },
    {
      "ticker": "ESI",
      "r_squared": 0.5157032172333995,
      "alpha_annual": 0.2715808222838568,
      "idio_vol_annual": 0.2884810089293829,
      "Market": 1.6492653246509072,
      "Size": 0.9926522886818426,
      "Value (SMID)": -0.17043682903256352,
      "Momentum": 0.678533009665534,
      "Quality": 0.24305955648893943,
      "Profitability": 0.22703858441615898,
      "Liquidity": -0.7249654488526072,
      "Credit": 0.23389197233887488
    },
    {
      "ticker": "GENC",
      "r_squared": 0.3266148462396137,
      "alpha_annual": -0.43282485609892196,
      "idio_vol_annual": 0.3233587701876511,
      "Market": 1.2878053318980216,
      "Size": 1.236575858683935,
      "Value (SMID)": 1.1375278677455338,
      "Momentum": -0.059929396307704885,
      "Quality": -0.7564340466852847,
      "Profitability": 0.08749735132768455,
      "Liquidity": -0.17382672900902502,
      "Credit": 0.6637715413189537
    },
    {
      "ticker": "GRPN",
      "r_squared": 0.15477807982573066,
      "alpha_annual": -0.8705222649685607,
      "idio_vol_annual": 0.6674860005763951,
      "Market": 1.8920886769061178,
      "Size": 0.35922398233340946,
      "Value (SMID)": -0.8290938377767321,
      "Momentum": 0.3889982508478952,
      "Quality": -1.833084534886221,
      "Profitability": 1.720738570547916,
      "Liquidity": -0.12065770627685879,
      "Credit": 1.1459857790646073
    },
    {
      "ticker": "JAKK",
      "r_squared": 0.2698836182418072,
      "alpha_annual": -0.2183331853869238,
      "idio_vol_annual": 0.35198369779848576,
      "Market": 1.244701331005606,
      "Size": 1.0567519514429646,
      "Value (SMID)": 0.8756054426435951,
      "Momentum": -0.29036441072177877,
      "Quality": 1.3372310807807875,
      "Profitability": -0.34367971226002125,
      "Liquidity": 0.2772572238591048,
      "Credit": -0.5048245787562249
    },
    {
      "ticker": "KSPI",
      "r_squared": 0.211439406617159,
      "alpha_annual": -0.12919216052979493,
      "idio_vol_annual": 0.3232461800410474,
      "Market": 1.180354364144136,
      "Size": 0.46526244790984783,
      "Value (SMID)": -0.2937520640096529,
      "Momentum": -0.4242601739193874,
      "Quality": 0.03581144808359059,
      "Profitability": 0.0903717670752967,
      "Liquidity": -0.09649611786556495,
      "Credit": 0.5135316824610441
    },
    {
      "ticker": "OPEN",
      "r_squared": 0.12298422095100603,
      "alpha_annual": 1.5286174101303214,
      "idio_vol_annual": 1.3423254776267042,
      "Market": 3.0537967354112596,
      "Size": 1.2967065541133054,
      "Value (SMID)": -1.5844086290055213,
      "Momentum": -1.7782549440847513,
      "Quality": 0.9448125180036777,
      "Profitability": 0.9764239003262499,
      "Liquidity": 1.7200913530535553,
      "Credit": -2.9744893633843708
    },
    {
      "ticker": "PYPL",
      "r_squared": 0.28895840483041435,
      "alpha_annual": -0.6600562096560075,
      "idio_vol_annual": 0.33823034363848475,
      "Market": 1.794287017732155,
      "Size": -0.3432473026380696,
      "Value (SMID)": -0.9216877209203708,
      "Momentum": -0.8078091592980089,
      "Quality": 1.4256166905684764,
      "Profitability": 0.7085444792172322,
      "Liquidity": 0.3303758574908553,
      "Credit": -0.0607850166890225
    },
    {
      "ticker": "TENB",
      "r_squared": 0.15407868814284642,
      "alpha_annual": -0.3264486365916953,
      "idio_vol_annual": 0.4090940052566578,
      "Market": 1.4610485312386454,
      "Size": -0.12357029513494544,
      "Value (SMID)": -0.8796958127218018,
      "Momentum": -0.3291805513991495,
      "Quality": -0.542916353468879,
      "Profitability": 1.4015411529300457,
      "Liquidity": -0.08769812182950881,
      "Credit": -0.2936238538663345
    },
    {
      "ticker": "VIA",
      "r_squared": 0.10640053694320373,
      "alpha_annual": -1.5049138354353078,
      "idio_vol_annual": 0.6784772973828573,
      "Market": 0.9565395747844727,
      "Size": 0.4579510172372097,
      "Value (SMID)": -1.357934359009637,
      "Momentum": -0.8734888520537165,
      "Quality": -1.7169555502259457,
      "Profitability": 0.5562580202173035,
      "Liquidity": 0.5666821395900916,
      "Credit": -0.7833616977192287
    },
    {
      "ticker": "VST",
      "r_squared": 0.2959536481855437,
      "alpha_annual": -0.408233379574446,
      "idio_vol_annual": 0.4122298650022819,
      "Market": 0.6187862098777418,
      "Size": 0.7971571159323065,
      "Value (SMID)": -0.687033215008661,
      "Momentum": 0.5964827625343777,
      "Quality": -1.7918293767778801,
      "Profitability": -0.515996068952363,
      "Liquidity": -0.7656953526889096,
      "Credit": -0.8303539265281302
    },
    {
      "ticker": "XNET",
      "r_squared": 0.1698737199239405,
      "alpha_annual": -0.2687455248044692,
      "idio_vol_annual": 0.6729066658764817,
      "Market": 1.7812216571478283,
      "Size": 0.22786578090123866,
      "Value (SMID)": -0.7070463980718972,
      "Momentum": -0.22234398305751857,
      "Quality": 0.2035768083376039,
      "Profitability": 0.6569459743790962,
      "Liquidity": 1.0538024647608695,
      "Credit": 2.500855297520673
    },
    {
      "ticker": "ZS",
      "r_squared": 0.09511109999564138,
      "alpha_annual": -0.9333390315029001,
      "idio_vol_annual": 0.5967386533154404,
      "Market": 1.337121032956188,
      "Size": -0.3833247494169518,
      "Value (SMID)": -1.1600644944714071,
      "Momentum": -0.9286769617632801,
      "Quality": -0.9310420630063528,
      "Profitability": 0.929495066923892,
      "Liquidity": 0.21581634856817927,
      "Credit": 0.13546492895853895
    },
    {
      "ticker": "ZTS",
      "r_squared": 0.16974956322226353,
      "alpha_annual": -0.8845295586355275,
      "idio_vol_annual": 0.34406315833936696,
      "Market": 1.34122820386054,
      "Size": 0.15604976919547842,
      "Value (SMID)": 0.06199952894387309,
      "Momentum": -0.25214437973127546,
      "Quality": 1.0714172180390753,
      "Profitability": 0.7508076221953409,
      "Liquidity": 0.07169110716898325,
      "Credit": -0.8275525235527403
    }
  ],
  "portfolio_factor_exposure": {
    "loadings": {
      "Market": 1.452416779693321,
      "Size": 0.43947775966304514,
