{
  "generated_at": "2026-06-05T22:06:39.817771Z",
  "market_session": "AFTER",
  "fund_name": "Convex Capital",
  "tagline": "Lose small. Win big. \u2014 Paper-traded portfolio. Hypothetical performance for educational purposes only.",
  "summary": {
    "nav": 959047.5300000003,
    "cash": 112261.69,
    "equity": 846785.8400000002,
    "deposits": 1000000.0,
    "total_return": -0.040952469999999686,
    "realized_pnl": 0.0,
    "open_positions": 17
  },
  "metrics": {
    "annualized_return": -0.28057215280179604,
    "annualized_vol": 0.28657746940905093,
    "sharpe": -0.9790447008285807,
    "sortino": -1.3520679818088828,
    "max_drawdown": -0.39972263502298505,
    "var_95_1d": -0.03508246640610293,
    "method": "Synthetic: current weights \u00d7 each holding's 252-day return history.",
    "beta_spy": 1.5793559064939473,
    "data_basis": "synthetic_252d",
    "days_of_live_nav": 5
  },
  "nav_curve": [
    {
      "date": "2026-06-01",
      "value": 999876.7626599121
    },
    {
      "date": "2026-06-02",
      "value": 1003056.6285483933
    },
    {
      "date": "2026-06-03",
      "value": 985610.7896986008
    },
    {
      "date": "2026-06-04",
      "value": 997714.9077720642
    },
    {
      "date": "2026-06-05",
      "value": 959047.5131124877
    }
  ],
  "drawdown_curve": [
    {
      "date": "2026-06-01",
      "value": 0.0
    },
    {
      "date": "2026-06-02",
      "value": 0.0
    },
    {
      "date": "2026-06-03",
      "value": -0.017392675900103283
    },
    {
      "date": "2026-06-04",
      "value": -0.005325442875602646
    },
    {
      "date": "2026-06-05",
      "value": -0.04387500584049255
    }
  ],
  "benchmarks": {
    "SPY": [
      {
        "date": "2026-06-01",
        "value": 0.0
      },
      {
        "date": "2026-06-02",
        "value": 0.0013579103629497435
      },
      {
        "date": "2026-06-03",
        "value": -0.005668768842152949
      },
      {
        "date": "2026-06-04",
        "value": -0.0019115026417536596
      },
      {
        "date": "2026-06-05",
        "value": -0.027671567540792585
      }
    ],
    "IWM": [
      {
        "date": "2026-06-01",
        "value": 0.0
      },
      {
        "date": "2026-06-02",
        "value": 0.009273972502921835
      },
      {
        "date": "2026-06-03",
        "value": -0.004533177066893157
      },
      {
        "date": "2026-06-04",
        "value": 0.010485150059186044
      },
      {
        "date": "2026-06-05",
        "value": -0.02536513534214846
      }
    ]
  },
  "holdings": [
    {
      "ticker": "GRPN",
      "company": "Groupon, Inc.",
      "sector": "Communication Services",
      "country": "United States",
      "shares": 9713.0,
      "price": 16.46,
      "cost_basis": 18.017072994955218,
      "market_value": 159875.98,
      "unrealized_pnl": -15123.85000000002,
      "short_percent_of_float": 0.5812,
      "short_ratio": 4.89
    },
    {
      "ticker": "KSPI",
      "company": "Joint Stock Company Kaspi.kz",
      "sector": "Technology",
      "country": "Kazakhstan",
      "shares": 1515.0,
      "price": 81.17,
      "cost_basis": 82.53049504950495,
      "market_value": 122972.55,
      "unrealized_pnl": -2061.149999999996,
      "short_percent_of_float": 0.015700001,
      "short_ratio": 2.81
    },
    {
      "ticker": "JAKK",
      "company": "JAKKS Pacific, Inc.",
      "sector": "Consumer Cyclical",
      "country": "United States",
      "shares": 3436.0,
      "price": 21.66,
      "cost_basis": 21.83,
      "market_value": 74423.76,
      "unrealized_pnl": -584.1199999999936,
      "short_percent_of_float": 0.0339,
      "short_ratio": 6.7
    },
    {
      "ticker": "VIA",
      "company": "Via Transportation, Inc.",
      "sector": "Technology",
      "country": "United States",
      "shares": 4921.0,
      "price": 14.74,
      "cost_basis": 15.241408250355619,
      "market_value": 72535.54000000001,
      "unrealized_pnl": -2467.429999999999,
      "short_percent_of_float": 0.1248,
      "short_ratio": 7.65
    },
    {
      "ticker": "ZS",
      "company": "Zscaler, Inc.",
      "sector": "Technology",
      "country": "United States",
      "shares": 549.0,
      "price": 130.78,
      "cost_basis": 136.8013843351548,
      "market_value": 71798.22,
      "unrealized_pnl": -3305.739999999989,
      "short_percent_of_float": 0.1058,
      "short_ratio": 4.01
    },
    {
      "ticker": "CMI",
      "company": "Cummins Inc.",
      "sector": "Industrials",
      "country": "United States",
      "shares": 78.0,
      "price": 651.22,
      "cost_basis": 643.5,
      "market_value": 50795.16,
      "unrealized_pnl": 602.1600000000021,
      "short_percent_of_float": 0.014400001,
      "short_ratio": 1.92
    },
    {
      "ticker": "XNET",
      "company": "Xunlei Limited",
      "sector": "Technology",
      "country": "China",
      "shares": 10526.0,
      "price": 4.66,
      "cost_basis": 4.75,
      "market_value": 49051.16,
      "unrealized_pnl": -947.3399999999986,
      "short_percent_of_float": 0.0322,
      "short_ratio": 6.99
    },
    {
      "ticker": "CRWV",
      "company": "CoreWeave, Inc.",
      "sector": "Technology",
      "country": "United States",
      "shares": 468.0,
      "price": 100.39,
      "cost_basis": 106.78134615384614,
      "market_value": 46982.52,
      "unrealized_pnl": -2991.149999999995,
      "short_percent_of_float": 0.1714,
      "short_ratio": 1.75
    },
    {
      "ticker": "BABA",
      "company": "Alibaba Group Holding Limited",
      "sector": "Consumer Cyclical",
      "country": "Hong Kong",
      "shares": 299.0,
      "price": 121.06,
      "cost_basis": 125.39999999999999,
      "market_value": 36196.94,
      "unrealized_pnl": -1297.6599999999967,
      "short_percent_of_float": 0.0197,
      "short_ratio": 3.3
    },
    {
      "ticker": "PYPL",
      "company": "PayPal Holdings, Inc.",
      "sector": "Financial Services",
      "country": "United States",
      "shares": 830.0,
      "price": 41.29,
      "cost_basis": 45.19,
      "market_value": 34270.7,
      "unrealized_pnl": -3236.9999999999986,
      "short_percent_of_float": 0.0545,
      "short_ratio": 2.87
    },
    {
      "ticker": "ZTS",
      "company": "Zoetis Inc.",
      "sector": "Healthcare",
      "country": "United States",
      "shares": 312.0,
      "price": 79.44,
      "cost_basis": 80.09,
      "market_value": 24785.28,
      "unrealized_pnl": -202.80000000000177,
      "short_percent_of_float": 0.036,
      "short_ratio": 1.79
    },
    {
      "ticker": "AVAV",
      "company": "AeroVironment, Inc.",
      "sector": "Industrials",
      "country": "United States",
      "shares": 122.0,
      "price": 185.92,
      "cost_basis": 204.09,
      "market_value": 22682.239999999998,
      "unrealized_pnl": -2216.740000000002,
      "short_percent_of_float": 0.12109999,
      "short_ratio": 3.92
    },
    {
      "ticker": "PRGS",
      "company": "Progress Software Corporation",
      "sector": "Technology",
      "country": "United States",
      "shares": 708.0,
      "price": 31.36,
      "cost_basis": 35.32,
      "market_value": 22202.88,
      "unrealized_pnl": -2803.6800000000007,
      "short_percent_of_float": 0.1445,
      "short_ratio": 5.14
    },
    {
      "ticker": "OPEN",
      "company": "Opendoor Technologies Inc.",
      "sector": "Real Estate",
      "country": "United States",
      "shares": 4835.0,
      "price": 4.42,
      "cost_basis": 5.171470527404343,
      "market_value": 21370.7,
      "unrealized_pnl": -3633.359999999997,
      "short_percent_of_float": 0.14819999,
      "short_ratio": 3.26
    },
    {
      "ticker": "GENC",
      "company": "Gencor Industries, Inc.",
      "sector": "Industrials",
      "country": "United States",
      "shares": 873.0,
      "price": 14.68,
      "cost_basis": 14.32,
      "market_value": 12815.64,
      "unrealized_pnl": 314.2799999999995,
      "short_percent_of_float": 0.0061000003,
      "short_ratio": 2.96
    },
    {
      "ticker": "VST",
      "company": "Vistra Corp.",
      "sector": "Utilities",
      "country": "United States",
      "shares": 81.0,
      "price": 148.76,
      "cost_basis": 154.76,
      "market_value": 12049.56,
      "unrealized_pnl": -486.0,
      "short_percent_of_float": 0.0461,
      "short_ratio": 2.83
    },
    {
      "ticker": "CEG",
      "company": "Constellation Energy Corporation",
      "sector": "Utilities",
      "country": "United States",
      "shares": 47.0,
      "price": 254.83,
      "cost_basis": 265.7,
      "market_value": 11977.01,
      "unrealized_pnl": -510.88999999999885,
      "short_percent_of_float": 0.0325,
      "short_ratio": 3.35
    }
  ],
  "sector_exposure": [
    {
      "name": "Technology",
      "value": 385542.87,
      "pct": 0.402006009024391
    },
    {
      "name": "Communication Services",
      "value": 159875.98,
      "pct": 0.1667028744654605
    },
    {
      "name": "Cash",
      "value": 112261.69,
      "pct": 0.11705539766105229
    },
    {
      "name": "Consumer Cyclical",
      "value": 110620.7,
      "pct": 0.11534433543663886
    },
    {
      "name": "Industrials",
      "value": 86293.04,
      "pct": 0.08997785542495476
    },
    {
      "name": "Financial Services",
      "value": 34270.7,
      "pct": 0.035734099643632874
    },
    {
      "name": "Healthcare",
      "value": 24785.28,
      "pct": 0.02584364092987132
    },
    {
      "name": "Utilities",
      "value": 24026.57,
      "pct": 0.025052533110637376
    },
    {
      "name": "Real Estate",
      "value": 21370.7,
      "pct": 0.022283254303360745
    }
  ],
  "geographic_exposure": [
    {
      "name": "United States",
      "value": 638565.1900000002,
      "pct": 0.6658326829745341
    },
    {
      "name": "Kazakhstan",
      "value": 122972.55,
      "pct": 0.12822362412006835
    },
    {
      "name": "Cash",
      "value": 112261.69,
      "pct": 0.11705539766105229
    },
    {
      "name": "China",
      "value": 49051.16,
      "pct": 0.05114570286208859
    },
    {
      "name": "Hong Kong",
      "value": 36196.94,
      "pct": 0.037742592382256586
    }
  ],
  "signals": [
    {
      "ticker": "AVAV",
      "label": "BUY",
      "composite": 1.5,
      "rsi": 49.6,
      "subs": {
        "rsi": 0.5,
        "macd": 0.5,
        "trend": 0.0,
        "bb": 0.5,
        "vol": 0.0,
        "range": 0.0
      }
    },
    {
      "ticker": "BABA",
      "label": "STRONG SELL",
      "composite": -2.0,
      "rsi": 37.2,
      "subs": {
        "rsi": 0.0,
        "macd": -0.5,
        "trend": -0.5,
        "bb": -0.5,
        "vol": 0.0,
        "range": -0.5
      }
    },
    {
      "ticker": "CEG",
      "label": "SELL",
      "composite": -1.5,
      "rsi": 36.3,
      "subs": {
        "rsi": 0.0,
        "macd": -0.5,
        "trend": -0.5,
        "bb": -0.5,
        "vol": 0.5,
        "range": -0.5
      }
    },
    {
      "ticker": "CMI",
      "label": "LEAN BEAR",
      "composite": -0.5,
      "rsi": 47.6,
      "subs": {
        "rsi": 0.5,
        "macd": -0.5,
        "trend": 0.5,
        "bb": -0.5,
        "vol": 0.0,
        "range": -0.5
      }
    },
    {
      "ticker": "CRWV",
      "label": "SELL",
      "composite": -1.5,
      "rsi": 43.3,
      "subs": {
        "rsi": 0.0,
        "macd": -0.5,
        "trend": 0.0,
        "bb": -0.5,
        "vol": 0.0,
        "range": -0.5
      }
    },
    {
      "ticker": "GENC",
      "label": "STRONG BUY",
      "composite": 2.0,
      "rsi": 50.8,
      "subs": {
        "rsi": 0.5,
        "macd": 0.5,
        "trend": 0.0,
        "bb": 0.5,
        "vol": 0.5,
        "range": 0.0
      }
    },
    {
      "ticker": "GRPN",
      "label": "SELL",
      "composite": -1.0,
      "rsi": 45.5,
      "subs": {
        "rsi": 0.5,
        "macd": -0.5,
        "trend": 0.0,
        "bb": -0.5,
        "vol": 0.0,
        "range": -0.5
      }
    },
    {
      "ticker": "JAKK",
      "label": "NEUTRAL",
      "composite": 0.0,
      "rsi": 47.8,
      "subs": {
        "rsi": 0.5,
        "macd": -0.5,
        "trend": 0.5,
        "bb": -0.5,
        "vol": 0.0,
        "range": 0.0
      }
    },
    {
      "ticker": "KSPI",
      "label": "SELL",
      "composite": -1.0,
      "rsi": 34.6,
      "subs": {
        "rsi": 0.0,
        "macd": -0.5,
        "trend": 0.0,
        "bb": 0.0,
        "vol": 0.0,
        "range": -0.5
      }
    },
    {
      "ticker": "OPEN",
      "label": "SELL",
      "composite": -1.0,
      "rsi": 41.2,
      "subs": {
        "rsi": 0.0,
        "macd": 0.5,
        "trend": -0.5,
        "bb": -0.5,
        "vol": 0.0,
        "range": -0.5
      }
    },
    {
      "ticker": "PRGS",
      "label": "BUY",
      "composite": 1.5,
      "rsi": 54.0,
      "subs": {
        "rsi": 0.5,
        "macd": 0.5,
        "trend": 0.0,
        "bb": 0.5,
        "vol": 0.0,
        "range": 0.0
      }
    },
    {
      "ticker": "PYPL",
      "label": "STRONG SELL",
      "composite": -2.0,
      "rsi": 29.3,
      "subs": {
        "rsi": -0.5,
        "macd": -0.5,
        "trend": -0.5,
        "bb": 0.0,
        "vol": 0.0,
        "range": -0.5
      }
    },
    {
      "ticker": "VIA",
      "label": "NEUTRAL",
      "composite": 0.0,
      "rsi": 46.5,
      "subs": {
        "rsi": 0.5,
        "macd": 0.5,
        "trend": -0.5,
        "bb": -0.5,
        "vol": 0.5,
        "range": -0.5
      }
    },
    {
      "ticker": "VST",
      "label": "NEUTRAL",
      "composite": 0.0,
      "rsi": 45.1,
      "subs": {
        "rsi": 0.5,
        "macd": 0.5,
        "trend": -0.5,
        "bb": -0.5,
        "vol": 0.0,
        "range": 0.0
      }
    },
    {
      "ticker": "XNET",
      "label": "SELL",
      "composite": -1.0,
      "rsi": 30.6,
      "subs": {
        "rsi": 0.0,
        "macd": -0.5,
        "trend": -0.5,
        "bb": 0.0,
        "vol": 0.5,
        "range": -0.5
      }
    },
    {
      "ticker": "ZS",
      "label": "SELL",
      "composite": -1.5,
      "rsi": 42.0,
      "subs": {
        "rsi": 0.0,
        "macd": -0.5,
        "trend": -0.5,
        "bb": -0.5,
        "vol": 0.5,
        "range": -0.5
      }
    },
    {
      "ticker": "ZTS",
      "label": "LEAN BULL",
      "composite": 0.5,
      "rsi": 33.5,
      "subs": {
        "rsi": 0.0,
        "macd": 0.5,
        "trend": -0.5,
        "bb": 0.5,
        "vol": 0.0,
        "range": 0.0
      }
    }
  ],
  "volatility": [
    {
      "ticker": "AVAV",
      "hv20": 0.8871068374641399,
      "garch": 0.8107202458305525,
      "expansion": -0.0861075446695283,
      "regime": "HIGH",
      "signal": "WEAK"
    },
    {
      "ticker": "BABA",
      "hv20": 0.4711556768872034,
      "garch": 0.4437372507405434,
      "expansion": -0.058193984476226736,
      "regime": "HIGH",
      "signal": "WEAK"
    },
    {
      "ticker": "CEG",
      "hv20": 0.5547417363156127,
      "garch": 0.5718848957994844,
      "expansion": 0.03090295602730406,
      "regime": "HIGH",
      "signal": "WEAK"
    },
    {
      "ticker": "CMI",
      "hv20": 0.4151677425651722,
      "garch": 0.3632590808394703,
      "expansion": -0.12503057536449474,
      "regime": "HIGH",
      "signal": "WEAK"
    },
    {
      "ticker": "CRWV",
      "hv20": 0.8914029151196189,
      "garch": 1.020056278347368,
      "expansion": 0.14432683699546214,
      "regime": "NORMAL",
      "signal": "BASE"
    },
    {
      "ticker": "GENC",
      "hv20": 0.4237285850798914,
      "garch": 0.461675511553446,
      "expansion": 0.0895547947665601,
      "regime": "HIGH",
      "signal": "WEAK"
    },
    {
      "ticker": "GRPN",
      "hv20": 1.0157840093575763,
      "garch": 0.86182770092466,
      "expansion": -0.15156402051483822,
      "regime": "EXTREME",
      "signal": "WEAK"
    },
    {
      "ticker": "JAKK",
      "hv20": 0.2603246948761004,
      "garch": 0.459343322823213,
      "expansion": 0.7645015316039612,
      "regime": "LOW",
      "signal": "SIGNAL"
    },
    {
      "ticker": "KSPI",
      "hv20": 0.26532126724768185,
      "garch": 0.4162796007214342,
      "expansion": 0.5689643165047537,
      "regime": "LOW",
      "signal": "SIGNAL"
    },
    {
      "ticker": "OPEN",
      "hv20": 0.7572789105591721,
      "garch": 0.9674950605414939,
      "expansion": 0.27759408990684686,
      "regime": "NORMAL",
      "signal": "SIGNAL"
    },
    {
      "ticker": "PRGS",
      "hv20": 0.6042098210385859,
      "garch": 0.5098456197526617,
      "expansion": -0.15617786735693906,
      "regime": "HIGH",
      "signal": "WEAK"
    },
    {
      "ticker": "PYPL",
      "hv20": 0.23867399583459628,
      "garch": 0.3941587654231647,
      "expansion": 0.6514524929490898,
      "regime": "LOW",
      "signal": "SIGNAL"
    },
    {
      "ticker": "VIA",
      "hv20": 1.0208284401347352,
      "garch": null,
      "expansion": null,
      "regime": "NORMAL",
      "signal": "WEAK"
    },
    {
      "ticker": "VST",
      "hv20": 0.5174628219384831,
      "garch": 0.5718500179479353,
      "expansion": 0.10510358175242555,
      "regime": "HIGH",
      "signal": "BASE"
    },
    {
      "ticker": "XNET",
      "hv20": 0.7532701320078048,
      "garch": 0.9418457093232264,
      "expansion": 0.25034256543901806,
      "regime": "HIGH",
      "signal": "SIGNAL"
    },
    {
      "ticker": "ZS",
      "hv20": 1.5794307341351008,
      "garch": 0.777496159750812,
      "expansion": -0.5077364629246813,
      "regime": "EXTREME",
      "signal": "WEAK"
    },
    {
      "ticker": "ZTS",
      "hv20": 0.43656392349922013,
      "garch": 0.31387554768324305,
      "expansion": -0.2810318700468529,
      "regime": "HIGH",
      "signal": "WEAK"
    }
  ],
  "correlation": {
    "tickers": [
      "AVAV",
      "BABA",
      "CEG",
      "CMI",
      "CRWV",
      "GENC",
      "GRPN",
      "JAKK",
      "KSPI",
      "OPEN",
      "PRGS",
      "PYPL",
      "VIA",
      "VST",
      "XNET",
      "ZS",
      "ZTS"
    ],
    "matrix": [
      [
        1.0,
        0.131,
        0.263,
        0.249,
        0.308,
        0.098,
        0.233,
        0.084,
        0.093,
        0.337,
        0.174,
        0.2,
        0.033,
        0.301,
        0.332,
        0.174,
        0.069
      ],
      [
        0.131,
        1.0,
        0.181,
        0.338,
        0.353,
        0.132,
        0.191,
        0.117,
        0.213,
        0.196,
        0.021,
        0.244,
        -0.036,
        0.226,
        0.48,
        0.038,
        0.076
      ],
      [
        0.263,
        0.181,
        1.0,
        0.317,
        0.219,
        0.15,
        0.08,
        0.089,
        0.051,
        0.19,
        -0.005,
        0.124,
        0.007,
        0.796,
        0.25,
        0.04,
        0.121
      ],
      [
        0.249,
        0.338,
        0.317,
        1.0,
        0.366,
        0.36,
        0.19,
        0.155,
        0.237,
        0.205,
        -0.166,
        0.065,
        0.004,
        0.325,
        0.31,
        -0.055,
        0.204
      ],
      [
        0.308,
        0.353,
        0.219,
        0.366,
        1.0,
        0.119,
        0.168,
        0.062,
        0.133,
        0.242,
        -0.023,
        0.132,
        0.224,
        0.31,
        0.371,
        0.182,
        0.088
      ],
      [
        0.098,
        0.132,
        0.15,
        0.36,
        0.119,
        1.0,
        0.161,
        0.315,
        0.161,
        0.132,
        0.159,
        0.098,
        0.065,
        0.174,
        0.165,
        0.053,
        0.152
      ],
      [
        0.233,
        0.191,
        0.08,
        0.19,
        0.168,
        0.161,
        1.0,
        0.149,
        0.336,
        0.305,
        0.148,
        0.262,
        0.18,
        0.114,
        0.223,
        0.148,
        0.159
      ],
      [
        0.084,
        0.117,
        0.089,
        0.155,
        0.062,
        0.315,
        0.149,
        1.0,
        0.108,
        0.138,
        0.352,
        0.214,
        0.144,
        0.061,
        0.197,
        -0.051,
        0.134
      ],
      [
        0.093,
        0.213,
        0.051,
        0.237,
        0.133,
        0.161,
        0.336,
        0.108,
        1.0,
        0.248,
        0.103,
        0.255,
        0.151,
        0.082,
        0.195,
        0.154,
        0.204
      ],
      [
        0.337,
        0.196,
        0.19,
        0.205,
        0.242,
        0.132,
        0.305,
        0.138,
        0.248,
        1.0,
        0.156,
        0.24,
        0.164,
        0.262,
        0.345,
        0.063,
        0.163
      ],
      [
        0.174,
        0.021,
        -0.005,
        -0.166,
        -0.023,
        0.159,
        0.148,
        0.352,
        0.103,
        0.156,
        1.0,
        0.295,
        0.386,
        0.02,
        0.157,
        0.295,
        0.101
      ],
      [
        0.2,
        0.244,
        0.124,
        0.065,
        0.132,
        0.098,
        0.262,
        0.214,
        0.255,
        0.24,
        0.295,
        1.0,
        0.159,
        0.063,
        0.327,
        0.206,
        0.17
      ],
      [
        0.033,
        -0.036,
        0.007,
        0.004,
        0.224,
        0.065,
        0.18,
        0.144,
        0.151,
        0.164,
        0.386,
        0.159,
        1.0,
        0.062,
        0.188,
        0.369,
        0.025
      ],
      [
        0.301,
        0.226,
        0.796,
        0.325,
        0.31,
        0.174,
        0.114,
        0.061,
        0.082,
        0.262,
        0.02,
        0.063,
        0.062,
        1.0,
        0.271,
        0.069,
        0.091
      ],
      [
        0.332,
        0.48,
        0.25,
        0.31,
        0.371,
        0.165,
        0.223,
        0.197,
        0.195,
        0.345,
        0.157,
        0.327,
        0.188,
        0.271,
        1.0,
        0.222,
        0.04
      ],
      [
        0.174,
        0.038,
        0.04,
        -0.055,
        0.182,
        0.053,
        0.148,
        -0.051,
        0.154,
        0.063,
        0.295,
        0.206,
        0.369,
        0.069,
        0.222,
        1.0,
        -0.032
      ],
      [
        0.069,
        0.076,
        0.121,
        0.204,
        0.088,
        0.152,
        0.159,
        0.134,
        0.204,
        0.163,
        0.101,
        0.17,
        0.025,
        0.091,
        0.04,
        -0.032,
        1.0
      ]
    ]
  },
  "residual_correlation": {
    "tickers": [
      "AVAV",
      "BABA",
      "CEG",
      "CMI",
      "CRWV",
      "GENC",
      "GRPN",
      "JAKK",
      "KSPI",
      "OPEN",
      "PRGS",
      "PYPL",
      "VIA",
      "VST",
      "XNET",
      "ZS",
      "ZTS"
    ],
    "matrix": [
      [
        1.0,
        -0.011,
        0.12,
        0.063,
        0.118,
        -0.032,
        0.087,
        -0.056,
        -0.123,
        0.15,
        0.121,
        0.007,
        -0.145,
        0.15,
        0.163,
        0.098,
        -0.052
      ],
      [
        -0.011,
        1.0,
        0.005,
        0.102,
        0.185,
        -0.08,
        0.023,
        -0.046,
        0.037,
        0.041,
        -0.065,
        0.127,
        -0.158,
        0.052,
        0.348,
        -0.046,
        -0.024
      ],
      [
        0.12,
        0.005,
        1.0,
        0.031,
        -0.038,
        0.031,
        -0.061,
        -0.017,
        -0.122,
        0.027,
        0.033,
        0.048,
        -0.086,
        0.73,
        0.087,
        0.022,
        0.082
      ],
      [
        0.063,
        0.102,
        0.031,
        1.0,
        0.097,
        0.069,
        -0.063,
        -0.145,
        -0.013,
        -0.067,
        -0.28,
        -0.104,
        -0.116,
        -0.006,
        0.018,
        -0.121,
        0.071
      ],
      [
        0.118,
        0.185,
        -0.038,
        0.097,
        1.0,
        0.014,
        -0.04,
        -0.036,
        -0.096,
        0.012,
        -0.042,
        -0.041,
        0.107,
        0.058,
        0.106,
        0.128,
        0.044
      ],
      [
        -0.032,
        -0.08,
        0.031,
        0.069,
        0.014,
        1.0,
        -0.028,
        0.063,
        -0.071,
        -0.076,
        0.051,
        0.004,
        -0.011,
        0.034,
        -0.041,
        0.011,
        -0.05
      ],
      [
        0.087,
        0.023,
        -0.061,
        -0.063,
        -0.04,
        -0.028,
        1.0,
        0.007,
        0.17,
        0.107,
        0.026,
        0.092,
        0.057,
        -0.04,
        -0.013,
        0.049,
        0.031
      ],
      [
        -0.056,
        -0.046,
        -0.017,
        -0.145,
        -0.036,
        0.063,
        0.007,
        1.0,
        -0.093,
        -0.028,
        0.309,
        0.105,
        0.084,
        -0.054,
        0.029,
        -0.117,
        -0.051
      ],
      [
        -0.123,
        0.037,
        -0.122,
        -0.013,
        -0.096,
        -0.071,
        0.17,
        -0.093,
        1.0,
        0.067,
        -0.037,
        0.075,
        0.019,
        -0.113,
        -0.026,
        0.056,
        0.072
      ],
      [
        0.15,
        0.041,
        0.027,
        -0.067,
        0.012,
        -0.076,
        0.107,
        -0.028,
        0.067,
        1.0,
        0.025,
        0.065,
        0.035,
        0.104,
        0.157,
        -0.042,
        0.021
      ],
      [
        0.121,
        -0.065,
        0.033,
        -0.28,
        -0.042,
        0.051,
        0.026,
        0.309,
        -0.037,
        0.025,
        1.0,
        0.129,
        0.326,
        0.072,
        0.069,
        0.202,
        -0.051
      ],
      [
        0.007,
        0.127,
        0.048,
        -0.104,
        -0.041,
        0.004,
        0.092,
        0.105,
        0.075,
        0.065,
        0.129,
        1.0,
        -0.007,
        -0.036,
        0.176,
        0.062,
        0.024
      ],
      [
        -0.145,
        -0.158,
        -0.086,
        -0.116,
        0.107,
        -0.011,
        0.057,
        0.084,
        0.019,
        0.035,
        0.326,
        -0.007,
        1.0,
        -0.031,
        0.051,
        0.3,
        -0.062
      ],
      [
        0.15,
        0.052,
        0.73,
        -0.006,
        0.058,
        0.034,
        -0.04,
        -0.054,
        -0.113,
        0.104,
        0.072,
        -0.036,
        -0.031,
        1.0,
        0.093,
        0.053,
        0.04
      ],
      [
        0.163,
        0.348,
        0.087,
        0.018,
        0.106,
        -0.041,
        -0.013,
        0.029,
        -0.026,
        0.157,
        0.069,
        0.176,
        0.051,
        0.093,
        1.0,
        0.14,
        -0.108
      ],
      [
        0.098,
        -0.046,
        0.022,
        -0.121,
        0.128,
        0.011,
        0.049,
        -0.117,
        0.056,
        -0.042,
        0.202,
        0.062,
        0.3,
        0.053,
        0.14,
        1.0,
        -0.11
      ],
      [
        -0.052,
        -0.024,
        0.082,
        0.071,
        0.044,
        -0.05,
        0.031,
        -0.051,
        0.072,
        0.021,
        -0.051,
        0.024,
        -0.062,
        0.04,
        -0.108,
        -0.11,
        1.0
      ]
    ]
  },
  "factor_correlation": {
    "factors": [
      "Market",
      "Size",
      "Value (SMID)",
      "Momentum",
      "Quality",
      "Profitability",
      "Liquidity",
      "Credit"
    ],
    "matrix": [
      [
        1.0,
        0.354,
        -0.471,
        0.379,
        -0.193,
        -0.523,
        0.323,
        0.189
      ],
      [
        0.354,
        1.0,
        -0.159,
        0.223,
        0.129,
        0.163,
        0.338,
        0.056
      ],
      [
        -0.471,
        -0.159,
        1.0,
        -0.533,
        0.266,
        0.562,
        -0.37,
        -0.136
      ],
      [
        0.379,
        0.223,
        -0.533,
        1.0,
        -0.205,
        -0.511,
        0.261,
        0.011
      ],
      [
        -0.193,
        0.129,
        0.266,
        -0.205,
        1.0,
        0.401,
        -0.224,
        -0.136
      ],
      [
        -0.523,
        0.163,
        0.562,
        -0.511,
        0.401,
        1.0,
        -0.267,
        -0.082
      ],
      [
        0.323,
        0.338,
        -0.37,
        0.261,
        -0.224,
        -0.267,
        1.0,
        0.167
      ],
      [
        0.189,
        0.056,
        -0.136,
        0.011,
        -0.136,
        -0.082,
        0.167,
        1.0
      ]
    ]
  },
  "factor_exposures": [
    {
      "ticker": "AVAV",
      "r_squared": 0.17929291627504917,
      "alpha_annual": -0.187866916770232,
      "idio_vol_annual": 0.6625662480423913,
      "Market": 1.0002515682861368,
      "Size": 0.8210189675196552,
      "Value (SMID)": -2.187995278706644,
      "Momentum": -0.6493560025808083,
      "Quality": -1.3332048808231185,
      "Profitability": 0.0013322662446556832,
      "Liquidity": 0.03660688775126858,
      "Credit": -1.6816764304557674
    },
    {
      "ticker": "BABA",
      "r_squared": 0.14995457486517527,
      "alpha_annual": -0.296036043688473,
      "idio_vol_annual": 0.39734575702345276,
      "Market": 1.1664189943312944,
      "Size": 0.18324504710080075,
      "Value (SMID)": 0.2311566567852229,
      "Momentum": -0.09512325274840583,
      "Quality": -0.1380170773042515,
      "Profitability": -0.2548520048437859,
      "Liquidity": 0.19307882366995469,
      "Credit": 0.9336074799303182
    },
    {
      "ticker": "CEG",
      "r_squared": 0.2558130062154682,
      "alpha_annual": -0.3902805442977532,
      "idio_vol_annual": 0.40349316884497094,
      "Market": 0.722266607217815,
      "Size": 0.3496200599521838,
      "Value (SMID)": -0.38838866327412014,
      "Momentum": 0.7889478786641814,
      "Quality": -0.7186423308084705,
      "Profitability": -0.6306580979503961,
      "Liquidity": -0.30751285616858437,
      "Credit": -0.7409411723438921
    },
    {
      "ticker": "CMI",
      "r_squared": 0.4948734199157482,
      "alpha_annual": 0.35750936309329073,
      "idio_vol_annual": 0.2329063649344819,
      "Market": 1.1319533258387993,
      "Size": 0.8511354406306346,
      "Value (SMID)": 0.4161355309945924,
      "Momentum": 0.7806198351437885,
      "Quality": 0.3864888111944971,
      "Profitability": -0.20633632902821764,
      "Liquidity": -0.3249256277764083,
      "Credit": 0.9104422173471292
    },
    {
      "ticker": "CRWV",
      "r_squared": 0.281905708701339,
      "alpha_annual": -1.0195095910175083,
      "idio_vol_annual": 0.8227749607212431,
      "Market": 1.0490759181971756,
      "Size": 0.6156117051639595,
      "Value (SMID)": -1.961018550146411,
      "Momentum": 1.1657525140393086,
      "Quality": -4.810971779601728,
      "Profitability": 0.03914318606907097,
      "Liquidity": 0.5489624747660949,
      "Credit": 1.3991174306753402
    },
    {
      "ticker": "GENC",
      "r_squared": 0.3343761079900802,
      "alpha_annual": -0.45525701689430165,
      "idio_vol_annual": 0.3269648915412416,
      "Market": 1.4192208794283965,
      "Size": 1.168732410123038,
      "Value (SMID)": 1.1692417321573891,
      "Momentum": -0.0010528601760230183,
      "Quality": -0.5304927466470835,
      "Profitability": 0.139236225211041,
      "Liquidity": -0.16584639312428462,
      "Credit": 0.5657774202406385
    },
    {
      "ticker": "GRPN",
      "r_squared": 0.15937904108376943,
      "alpha_annual": -1.1471872275022892,
      "idio_vol_annual": 0.6293134427481492,
      "Market": 1.8723183792095262,
      "Size": 0.20662892308369518,
      "Value (SMID)": -0.8580831789507928,
      "Momentum": -0.05696091412703236,
      "Quality": -1.9278502456855287,
      "Profitability": 1.4689791716419676,
      "Liquidity": 0.21729478298989013,
      "Credit": 1.6326018147155243
    },
    {
      "ticker": "JAKK",
      "r_squared": 0.2874001319124323,
      "alpha_annual": -0.30026992543171827,
      "idio_vol_annual": 0.3611127301455755,
      "Market": 1.3914839869519333,
      "Size": 0.9965650039230478,
      "Value (SMID)": 0.8284514067259721,
      "Momentum": -0.39056602408395846,
      "Quality": 1.5738759677202476,
      "Profitability": -0.28101134676239015,
      "Liquidity": 0.41113477271827326,
      "Credit": -0.2932696993080065
    },
    {
      "ticker": "KSPI",
      "r_squared": 0.22808450468512786,
      "alpha_annual": -0.26240183804578815,
      "idio_vol_annual": 0.3162063079441356,
      "Market": 1.2797088574801245,
      "Size": 0.3933781941287178,
      "Value (SMID)": -0.3279329417310154,
      "Momentum": -0.6148271945643777,
      "Quality": 0.1488124673346143,
      "Profitability": 0.13165647617892326,
      "Liquidity": -0.052776928597335904,
      "Credit": 0.4107912042054572
    },
    {
      "ticker": "OPEN",
      "r_squared": 0.11854077447098288,
      "alpha_annual": 1.333342492598815,
      "idio_vol_annual": 1.3600349823776194,
      "Market": 2.9456443302511124,
      "Size": 1.207818031232565,
      "Value (SMID)": -1.7690442573068732,
      "Momentum": -1.6583954040285254,
      "Quality": 1.674160269843739,
      "Profitability": 1.0215496578118315,
      "Liquidity": 1.7717474843740177,
      "Credit": -2.9780985377603804
    },
    {
      "ticker": "PRGS",
      "r_squared": 0.18905688403302323,
      "alpha_annual": -0.9977637490987378,
      "idio_vol_annual": 0.44415829721533095,
      "Market": 1.8933373552649164,
      "Size": -0.38663928774021417,
      "Value (SMID)": -0.5441803297044578,
      "Momentum": -1.103969730787285,
      "Quality": -0.8198193336129431,
      "Profitability": 1.5074230071071528,
      "Liquidity": 0.15419695183166277,
      "Credit": -0.48529542121867353
    },
    {
      "ticker": "PYPL",
      "r_squared": 0.3136399111124718,
      "alpha_annual": -0.7973322632200646,
      "idio_vol_annual": 0.3353958809816183,
      "Market": 1.9055282004918692,
      "Size": -0.4310924385298779,
      "Value (SMID)": -0.9538443868716042,
      "Momentum": -0.9984279094205208,
      "Quality": 1.531284186197124,
      "Profitability": 0.7661203248648816,
      "Liquidity": 0.4617728235479619,
      "Credit": -0.16248101497571305
    },
    {
      "ticker": "VIA",
      "r_squared": 0.13203272755902917,
      "alpha_annual": -1.7215543218420133,
      "idio_vol_annual": 0.6843676696519654,
      "Market": 1.3079599291820456,
      "Size": 0.3257317865921895,
      "Value (SMID)": -1.6034678473590283,
      "Momentum": -1.425592655633986,
      "Quality": -1.8372102052644907,
      "Profitability": 0.646478791958641,
      "Liquidity": 0.522193307714538,
      "Credit": -1.1244011511839491
    },
    {
      "ticker": "VST",
      "r_squared": 0.2771660379326317,
      "alpha_annual": -0.3677709030096061,
      "idio_vol_annual": 0.4117006900934344,
      "Market": 0.5544726868213998,
      "Size": 0.7393260599126829,
      "Value (SMID)": -0.6323803439771403,
      "Momentum": 0.8082159133547095,
      "Quality": -1.648862818396766,
      "Profitability": -0.526463791978095,
      "Liquidity": -0.6805968202938719,
      "Credit": -0.5817821588548492
    },
    {
      "ticker": "XNET",
      "r_squared": 0.1701879255047033,
      "alpha_annual": -0.7725124899925727,
      "idio_vol_annual": 0.7249213851134789,
      "Market": 2.0319817799974507,
      "Size": 0.14447457332657843,
      "Value (SMID)": -0.7160874163661844,
      "Momentum": -0.6310729659761678,
      "Quality": 0.20407676403232117,
      "Profitability": 0.5226935896270988,
      "Liquidity": 1.2996441347542578,
      "Credit": 2.25391097939422
    },
    {
      "ticker": "ZS",
      "r_squared": 0.09469558823653101,
      "alpha_annual": -0.9938534054536233,
      "idio_vol_annual": 0.5952665958262013,
      "Market": 1.357007177440566,
      "Size": -0.42434672978274485,
      "Value (SMID)": -1.23297150826773,
      "Momentum": -1.1271763309836105,
      "Quality": -1.0205607370855692,
      "Profitability": 0.8425896076392507,
      "Liquidity": 0.11601148095368724,
      "Credit": -0.03660476709569195
    },
    {
      "ticker": "ZTS",
      "r_squared": 0.1764985470030005,
      "alpha_annual": -0.9716007759562981,
      "idio_vol_annual": 0.34137713063412095,
      "Market": 1.418474134093433,
      "Size": -0.0031587016594801787,
      "Value (SMID)": 0.0878093603827427,
      "Momentum": -0.11377648920774164,
      "Quality": 1.3300634248655712,
      "Profitability": 0.9382428287356372,
      "Liquidity": 0.16146338100982377,
      "Credit": -0.6232795371418235
    }
  ],
  "portfolio_factor_exposure": {
    "loadings": {
      "Market": 1.4914117990657667,
      "Size": 0.3350145469053076,
      "Value (SMID)": -0.6445085644733884,
      "Momentum": -0.39046035925937667,
      "Quality": -0.6414849282899597,
      "Profitability": 0.5172734826801095,
      "Liquidity": 0.2751763200089946,
      "Credit": 0.3774671696585329
    },
    "alpha_annual": -0.6812446695171386,
    "r_squared_weighted": 0.21264151426109917
  },
  "stress_tests": [
    {
      "scenario": "COVID Crash (Feb-Mar 2020)",
      "market_move": -0.339,
      "portfolio_impact": -0.5354016523014482,
      "stressed_nav": 445571.8978023774,
      "pnl": -513475.63219762285,
      "description": "Rapid 33.9% selloff in SPY over 23 trading days as COVID-19 spread."
    },
    {
      "scenario": "2022 Rate Shock (Jan-Oct)",
      "market_move": -0.252,
      "portfolio_impact": -0.3979976884364747,
      "stressed_nav": 577348.8299592896,
      "pnl": -381698.7000407106,
      "description": "Grinding 9-month decline as the Fed hiked rates aggressively."
    },
    {
      "scenario": "GFC 2008-09",
      "market_move": -0.565,
      "portfolio_impact": -0.8923360871690802,
      "stressed_nav": 103254.80967062898,
      "pnl": -855792.7203293713,
      "description": "Credit crisis bear market; SPY drew down 56.5% from Oct 2007 peak."
    },
    {
      "scenario": "Dot-Com Bust (2000-02)",
      "market_move": -0.491,
      "portfolio_impact": -0.7754637500885281,
      "stressed_nav": 215340.93587305993,
      "pnl": -743706.5941269404,
      "description": "Tech bubble burst; SPY -49.1% peak-to-trough over 30 months."
    },
    {
      "scenario": "Black Monday (Oct 1987)",
      "market_move": -0.204,
      "portfolio_impact": -0.32218860492476525,
      "stressed_nav": 650053.3442527582,
      "pnl": -308994.18574724207,
      "description": "Flash crash; -20.4% on a single trading day."
    },
    {
      "scenario": "Aug 2024 Yen Carry Unwind",
      "market_move": -0.084,
      "portfolio_impact": -0.13266589614549157,
      "stressed_nav": 831814.6299864299,
      "pnl": -127232.90001357032,
      "description": "Yen carry unwind shock; SPY -8.4% in one week."
    }
  ],
  "monte_carlo": {
    "horizon_days": 21,
    "n_paths": 10000,
    "current_nav": 959047.5300000003,
    "terminal_return": {
      "p5": -0.157550744795964,
      "p25": -0.08318547331458387,
      "p50": -0.029844027156577912,
      "p75": 0.025856250163872274,
      "p95": 0.11222440310899841,
      "prob_negative": 0.638
    },
    "terminal_nav": {
      "p5": 807948.8773537707,
      "p50": 930425.6894702313,
      "p95": 1066676.0666074096
    },
    "max_drawdown": {
      "p5": -0.1714639323141057,
      "p50": -0.08150734063081116,
      "p95": -0.030133731549925828
    },
