{
  "generated_at": "2026-06-19T18:26:40.537514Z",
  "market_session": "OPEN",
  "fund_name": "Convex Capital",
  "tagline": "Lose small. Win big. \u2014 Paper-traded portfolio. Hypothetical performance for educational purposes only.",
  "summary": {
    "nav": 987002.240024395,
    "cash": 359.3200000000179,
    "equity": 986642.920024395,
    "deposits": 1000000.0,
    "total_return": -0.012997759975604928,
    "realized_pnl": 0.0,
    "open_positions": 16
  },
  "metrics": {
    "annualized_return": -0.2534694311715435,
    "annualized_vol": 0.28436882242636186,
    "sharpe": -1.0491284821997617,
    "sortino": -1.3322173448410537,
    "calmar": -0.6101309817459032,
    "max_drawdown": -0.4154344538384777,
    "var_95_1d": -0.03585274007789035,
    "risk_free_rate": 0.044869999885559085,
    "method": "Synthetic: current weights \u00d7 each holding's 252-day return history. Sortino uses Frank Sortino downside deviation (RMS of shortfalls vs MAR=RF).",
    "beta_spy": 1.5054935117071524,
    "benchmark_annualized_return": 0.22669032001833989,
    "treynor": -0.1981671981560392,
    "jensens_alpha": -0.5720687433135214,
    "information_ratio": -1.7635001323302977,
    "tracking_error": 0.22139243167257347,
    "annualized_active_return": -0.3904255825515097,
    "up_capture": 1.2192654294124528,
    "down_capture": 1.5315622518569154,
    "data_basis": "synthetic_252d",
    "days_of_live_nav": 15
  },
  "nav_curve": [
    {
      "date": "2026-06-01",
      "value": 999535.5476397705
    },
    {
      "date": "2026-06-02",
      "value": 1003670.4372289658
    },
    {
      "date": "2026-06-03",
      "value": 989912.289704628
    },
    {
      "date": "2026-06-04",
      "value": 1000539.2173751069
    },
    {
      "date": "2026-06-05",
      "value": 965555.7467515564
    },
    {
      "date": "2026-06-08",
      "value": 964274.7760765648
    },
    {
      "date": "2026-06-09",
      "value": 967825.7974829102
    },
    {
      "date": "2026-06-10",
      "value": 956183.703109684
    },
    {
      "date": "2026-06-11",
      "value": 978161.2303819085
    },
    {
      "date": "2026-06-12",
      "value": 984267.0327100182
    },
    {
      "date": "2026-06-15",
      "value": 1003568.5058687401
    },
    {
      "date": "2026-06-16",
      "value": 1002557.4686825944
    },
    {
      "date": "2026-06-17",
      "value": 985672.0383361054
    },
    {
      "date": "2026-06-18",
      "value": 987002.240024395
    },
    {
      "date": "2026-06-19",
      "value": 987002.240024395
    }
  ],
  "drawdown_curve": [
    {
      "date": "2026-06-01",
      "value": 0.0
    },
    {
      "date": "2026-06-02",
      "value": 0.0
    },
    {
      "date": "2026-06-03",
      "value": -0.01370783378089986
    },
    {
      "date": "2026-06-04",
      "value": -0.0031197689378038426
    },
    {
      "date": "2026-06-05",
      "value": -0.03797530450596938
    },
    {
      "date": "2026-06-08",
      "value": -0.03925159065277294
    },
    {
      "date": "2026-06-09",
      "value": -0.03571355538279983
    },
    {
      "date": "2026-06-10",
      "value": -0.04731307444940582
    },
    {
      "date": "2026-06-11",
      "value": -0.02541591931061127
    },
    {
      "date": "2026-06-12",
      "value": -0.0193324459894609
    },
    {
      "date": "2026-06-15",
      "value": -0.00010155859577480553
    },
    {
      "date": "2026-06-16",
      "value": -0.0011088984043848464
    },
    {
      "date": "2026-06-17",
      "value": -0.01793257848916242
    },
    {
      "date": "2026-06-18",
      "value": -0.01660724136758475
    },
    {
      "date": "2026-06-19",
      "value": -0.01660724136758475
    }
  ],
  "benchmarks": {
    "SPY": [
      {
        "date": "2026-06-01",
        "value": 0.0
      },
      {
        "date": "2026-06-02",
        "value": 0.0013579397972762752
      },
      {
        "date": "2026-06-03",
        "value": -0.005668771434361286
      },
      {
        "date": "2026-06-04",
        "value": -0.0019115061781299625
      },
      {
        "date": "2026-06-05",
        "value": -0.027671542654459702
      },
      {
        "date": "2026-06-08",
        "value": -0.025470023194608782
      },
      {
        "date": "2026-06-09",
        "value": -0.02833070775180091
      },
      {
        "date": "2026-06-10",
        "value": -0.04364962071587053
      },
      {
        "date": "2026-06-11",
        "value": -0.027394678792744487
      },
      {
        "date": "2026-06-12",
        "value": -0.022134588105308994
      },
      {
        "date": "2026-06-15",
        "value": -0.0048909388718152425
      },
      {
        "date": "2026-06-16",
        "value": -0.010823344076597685
      },
      {
        "date": "2026-06-17",
        "value": -0.023176054438276084
      },
      {
        "date": "2026-06-18",
        "value": -0.013020023259145863
      },
      {
        "date": "2026-06-19",
        "value": -0.013020023259145863
      }
    ],
    "IWM": [
      {
        "date": "2026-06-01",
        "value": 0.0
      },
      {
        "date": "2026-06-02",
        "value": 0.009273902616242058
      },
      {
        "date": "2026-06-03",
        "value": -0.004533265755123028
      },
      {
        "date": "2026-06-04",
        "value": 0.010485102307313143
      },
      {
        "date": "2026-06-05",
        "value": -0.025365222965751943
      },
      {
        "date": "2026-06-08",
        "value": -0.016852527916236926
      },
      {
        "date": "2026-06-09",
        "value": -0.013703535746163342
      },
      {
        "date": "2026-06-10",
        "value": -0.023981055236295123
      },
      {
        "date": "2026-06-11",
        "value": 0.00494832553389335
      },
      {
        "date": "2026-06-12",
        "value": 0.01373793881377372
      },
      {
        "date": "2026-06-15",
        "value": 0.022010765090349826
      },
      {
        "date": "2026-06-16",
        "value": 0.013130856989941098
      },
      {
        "date": "2026-06-17",
        "value": 0.005499833171586088
      },
      {
        "date": "2026-06-18",
        "value": 0.025305943833869415
      },
      {
        "date": "2026-06-19",
        "value": 0.025305943833869415
      }
    ]
  },
  "holdings": [
    {
      "ticker": "GRPN",
      "company": "Groupon, Inc.",
      "sector": "Communication Services",
      "country": "United States",
      "shares": 11310.0,
      "price": 16.190000534057617,
      "cost_basis": 17.682836427939876,
      "market_value": 183108.90604019165,
      "unrealized_pnl": -16883.973959808343,
      "short_percent_of_float": 0.56310004,
      "short_ratio": 5.75
    },
    {
      "ticker": "TENB",
      "company": "Tenable Holdings, Inc.",
      "sector": "Technology",
      "country": "United States",
      "shares": 4766.0,
      "price": 26.8700008392334,
      "cost_basis": 26.224616030214015,
      "market_value": 128062.42399978638,
      "unrealized_pnl": 3075.9039997863792,
      "short_percent_of_float": 0.129,
      "short_ratio": 3.05
    },
    {
      "ticker": "KSPI",
      "company": "Joint Stock Company Kaspi.kz",
      "sector": "Technology",
      "country": "Kazakhstan",
      "shares": 1515.0,
      "price": 82.20500183105469,
      "cost_basis": 82.53049504950495,
      "market_value": 124540.57777404785,
      "unrealized_pnl": -493.1222259521471,
      "short_percent_of_float": 0.0159,
      "short_ratio": 3.24
    },
    {
      "ticker": "CMI",
      "company": "Cummins Inc.",
      "sector": "Industrials",
      "country": "United States",
      "shares": 114.0,
      "price": 716.8599853515625,
      "cost_basis": 653.737894736842,
      "market_value": 81722.03833007812,
      "unrealized_pnl": 7195.918330078136,
      "short_percent_of_float": 0.0171,
      "short_ratio": 2.07
    },
    {
      "ticker": "JAKK",
      "company": "JAKKS Pacific, Inc.",
      "sector": "Consumer Cyclical",
      "country": "United States",
      "shares": 3436.0,
      "price": 22.149999618530273,
      "cost_basis": 21.83,
      "market_value": 76107.39868927002,
      "unrealized_pnl": 1099.5186892700253,
      "short_percent_of_float": 0.039100002,
      "short_ratio": 7.32
    },
    {
      "ticker": "VIA",
      "company": "Via Transportation, Inc.",
      "sector": "Technology",
      "country": "United States",
      "shares": 4921.0,
      "price": 15.289999961853027,
      "cost_basis": 15.241408250355619,
      "market_value": 75242.08981227875,
      "unrealized_pnl": 239.1198122787477,
      "short_percent_of_float": 0.13520001,
      "short_ratio": 6.88
    },
    {
      "ticker": "ZS",
      "company": "Zscaler, Inc.",
      "sector": "Technology",
      "country": "United States",
      "shares": 549.0,
      "price": 124.8499984741211,
      "cost_basis": 136.8013843351548,
      "market_value": 68542.64916229248,
      "unrealized_pnl": -6561.310837707509,
      "short_percent_of_float": 0.114700004,
      "short_ratio": 2.09
    },
    {
      "ticker": "CRWV",
      "company": "CoreWeave, Inc.",
      "sector": "Technology",
      "country": "United States",
      "shares": 468.0,
      "price": 117.94999694824219,
      "cost_basis": 106.78134615384614,
      "market_value": 55200.598571777344,
      "unrealized_pnl": 5226.928571777348,
      "short_percent_of_float": 0.18190001,
      "short_ratio": 1.91
    },
    {
      "ticker": "XNET",
      "company": "Xunlei Limited",
      "sector": "Technology",
      "country": "China",
      "shares": 10526.0,
      "price": 4.960000038146973,
      "cost_basis": 4.75,
      "market_value": 52208.960401535034,
      "unrealized_pnl": 2210.460401535034,
      "short_percent_of_float": 0.0377,
      "short_ratio": 6.03
    },
    {
      "ticker": "PYPL",
      "company": "PayPal Holdings, Inc.",
      "sector": "Financial Services",
      "country": "United States",
      "shares": 830.0,
      "price": 42.5099983215332,
      "cost_basis": 45.19,
      "market_value": 35283.29860687256,
      "unrealized_pnl": -2224.4013931274394,
      "short_percent_of_float": 0.0626,
      "short_ratio": 3.16
    },
    {
      "ticker": "BABA",
      "company": "Alibaba Group Holding Limited",
      "sector": "Consumer Cyclical",
      "country": "China",
      "shares": 299.0,
      "price": 107.0999984741211,
      "cost_basis": 125.39999999999999,
      "market_value": 32022.899543762207,
      "unrealized_pnl": -5471.700456237791,
      "short_percent_of_float": 0.0165,
      "short_ratio": 3.21
    },
    {
      "ticker": "ZTS",
      "company": "Zoetis Inc.",
      "sector": "Healthcare",
      "country": "United States",
      "shares": 312.0,
      "price": 78.70999908447266,
      "cost_basis": 80.09,
      "market_value": 24557.51971435547,
      "unrealized_pnl": -430.5602856445323,
      "short_percent_of_float": 0.0363,
      "short_ratio": 1.45
    },
    {
      "ticker": "VST",
      "company": "Vistra Corp.",
      "sector": "Utilities",
      "country": "United States",
      "shares": 81.0,
      "price": 163.75,
      "cost_basis": 154.76,
      "market_value": 13263.75,
      "unrealized_pnl": 728.1900000000007,
      "short_percent_of_float": 0.0539,
      "short_ratio": 2.73
    },
    {
      "ticker": "GENC",
      "company": "Gencor Industries, Inc.",
      "sector": "Industrials",
      "country": "United States",
      "shares": 873.0,
      "price": 15.0,
      "cost_basis": 14.32,
      "market_value": 13095.0,
      "unrealized_pnl": 593.6399999999998,
      "short_percent_of_float": 0.0064,
      "short_ratio": 2.39
    },
    {
      "ticker": "CEG",
      "company": "Constellation Energy Corporation",
      "sector": "Utilities",
      "country": "United States",
      "shares": 47.0,
      "price": 274.05999755859375,
      "cost_basis": 265.7,
      "market_value": 12880.819885253906,
      "unrealized_pnl": 392.9198852539068,
      "short_percent_of_float": 0.036,
      "short_ratio": 3.46
    },
    {
      "ticker": "OPEN",
      "company": "Opendoor Technologies Inc.",
      "sector": "Real Estate",
      "country": "United States",
      "shares": 2417.0,
      "price": 4.46999979019165,
      "cost_basis": 5.171402565163425,
      "market_value": 10803.989492893219,
      "unrealized_pnl": -1695.2905071067792,
      "short_percent_of_float": 0.16149999,
      "short_ratio": 3.77
    }
  ],
  "sector_exposure": [
    {
      "name": "Technology",
      "value": 503797.29972171783,
      "pct": 0.5104317693435689
    },
    {
      "name": "Communication Services",
      "value": 183108.90604019165,
      "pct": 0.18552025376929832
    },
    {
      "name": "Consumer Cyclical",
      "value": 108130.29823303223,
      "pct": 0.10955425818522929
    },
    {
      "name": "Industrials",
      "value": 94817.03833007812,
      "pct": 0.09606567694084929
    },
    {
      "name": "Financial Services",
      "value": 35283.29860687256,
      "pct": 0.03574794177366861
    },
    {
      "name": "Utilities",
      "value": 26144.569885253906,
      "pct": 0.02648886580501348
    },
    {
      "name": "Healthcare",
      "value": 24557.51971435547,
      "pct": 0.024880915887028277
    },
    {
      "name": "Real Estate",
      "value": 10803.989492893219,
      "pct": 0.010946266436666024
    },
    {
      "name": "Cash",
      "value": 359.3200000000179,
      "pct": 0.0003640518586777846
    }
  ],
  "geographic_exposure": [
    {
      "name": "United States",
      "value": 777870.4823050499,
      "pct": 0.7881142015299011
    },
    {
      "name": "Kazakhstan",
      "value": 124540.57777404785,
      "pct": 0.12618064349172062
    },
    {
      "name": "China",
      "value": 84231.85994529724,
      "pct": 0.08534110311970046
    },
    {
      "name": "Cash",
      "value": 359.3200000000179,
      "pct": 0.0003640518586777846
    }
  ],
  "signals": [
    {
      "ticker": "BABA",
      "label": "STRONG SELL",
      "composite": -2.5,
      "rsi": 25.2,
      "subs": {
        "rsi": -0.5,
        "macd": -0.5,
        "trend": -0.5,
        "bb": -0.5,
        "vol": 0.0,
        "range": -0.5
      }
    },
    {
      "ticker": "CEG",
      "label": "BUY",
      "composite": 1.0,
      "rsi": 51.7,
      "subs": {
        "rsi": 0.5,
        "macd": 0.5,
        "trend": -0.5,
        "bb": 0.5,
        "vol": 0.0,
        "range": 0.0
      }
    },
    {
      "ticker": "CMI",
      "label": "STRONG BUY",
      "composite": 3.0,
      "rsi": 61.8,
      "subs": {
        "rsi": 0.5,
        "macd": 0.5,
        "trend": 0.5,
        "bb": 0.5,
        "vol": 0.5,
        "range": 0.5
      }
    },
    {
      "ticker": "CRWV",
      "label": "STRONG BUY",
      "composite": 2.0,
      "rsi": 58.1,
      "subs": {
        "rsi": 0.5,
        "macd": 0.5,
        "trend": 0.5,
        "bb": 0.5,
        "vol": 0.0,
        "range": 0.0
      }
    },
    {
      "ticker": "GENC",
      "label": "STRONG BUY",
      "composite": 2.0,
      "rsi": 54.5,
      "subs": {
        "rsi": 0.5,
        "macd": 0.5,
        "trend": 0.5,
        "bb": 0.5,
        "vol": 0.0,
        "range": 0.0
      }
    },
    {
      "ticker": "GRPN",
      "label": "STRONG SELL",
      "composite": -2.5,
      "rsi": 44.7,
      "subs": {
        "rsi": 0.0,
        "macd": -0.5,
        "trend": -0.5,
        "bb": -0.5,
        "vol": -0.5,
        "range": -0.5
      }
    },
    {
      "ticker": "JAKK",
      "label": "STRONG BUY",
      "composite": 2.0,
      "rsi": 53.0,
      "subs": {
        "rsi": 0.5,
        "macd": 0.5,
        "trend": 0.5,
        "bb": 0.5,
        "vol": 0.0,
        "range": 0.0
      }
    },
    {
      "ticker": "KSPI",
      "label": "STRONG SELL",
      "composite": -2.0,
      "rsi": 44.3,
      "subs": {
        "rsi": 0.0,
        "macd": -0.5,
        "trend": 0.0,
        "bb": -0.5,
        "vol": -0.5,
        "range": -0.5
      }
    },
    {
      "ticker": "OPEN",
      "label": "STRONG SELL",
      "composite": -2.0,
      "rsi": 44.7,
      "subs": {
        "rsi": 0.0,
        "macd": -0.5,
        "trend": -0.5,
        "bb": -0.5,
        "vol": 0.0,
        "range": -0.5
      }
    },
    {
      "ticker": "PYPL",
      "label": "LEAN BEAR",
      "composite": -0.5,
      "rsi": 44.8,
      "subs": {
        "rsi": 0.0,
        "macd": 0.5,
        "trend": -0.5,
        "bb": -0.5,
        "vol": 0.0,
        "range": 0.0
      }
    },
    {
      "ticker": "TENB",
      "label": "SELL",
      "composite": -1.0,
      "rsi": 55.7,
      "subs": {
        "rsi": 0.5,
        "macd": -0.5,
        "trend": 0.0,
        "bb": -0.5,
        "vol": -0.5,
        "range": 0.0
      }
    },
    {
      "ticker": "VIA",
      "label": "BUY",
      "composite": 1.5,
      "rsi": 51.5,
      "subs": {
        "rsi": 0.5,
        "macd": 0.5,
        "trend": -0.5,
        "bb": 0.5,
        "vol": 0.5,
        "range": 0.0
      }
    },
    {
      "ticker": "VST",
      "label": "STRONG BUY",
      "composite": 2.0,
      "rsi": 60.7,
      "subs": {
        "rsi": 0.5,
        "macd": 0.5,
        "trend": 0.0,
        "bb": 0.5,
        "vol": 0.0,
        "range": 0.5
      }
    },
    {
      "ticker": "XNET",
      "label": "LEAN BEAR",
      "composite": -0.5,
      "rsi": 40.5,
      "subs": {
        "rsi": 0.0,
        "macd": 0.5,
        "trend": -0.5,
        "bb": -0.5,
        "vol": 0.5,
        "range": -0.5
      }
    },
    {
      "ticker": "ZS",
      "label": "STRONG SELL",
      "composite": -2.0,
      "rsi": 40.5,
      "subs": {
        "rsi": 0.0,
        "macd": -0.5,
        "trend": -0.5,
        "bb": -0.5,
        "vol": 0.0,
        "range": -0.5
      }
    },
    {
      "ticker": "ZTS",
      "label": "LEAN BEAR",
      "composite": -0.5,
      "rsi": 38.2,
      "subs": {
        "rsi": 0.0,
        "macd": 0.5,
        "trend": -0.5,
        "bb": -0.5,
        "vol": 0.0,
        "range": 0.0
      }
    }
  ],
  "volatility": [
    {
      "ticker": "BABA",
      "hv20": 0.2827892108423312,
      "garch": 0.3965801656550536,
      "expansion": 0.40238789334917874,
      "regime": "LOW",
      "signal": "SIGNAL"
    },
    {
      "ticker": "CEG",
      "hv20": 0.4797079611384854,
      "garch": 0.5388672671316315,
      "expansion": 0.12332358598498962,
      "regime": "NORMAL",
      "signal": "BASE"
    },
    {
      "ticker": "CMI",
      "hv20": 0.4445371151013074,
      "garch": 0.3241089919275437,
      "expansion": -0.2709067906429338,
      "regime": "HIGH",
      "signal": "WEAK"
    },
    {
      "ticker": "CRWV",
      "hv20": 0.8137623550845563,
      "garch": 0.9376833144933283,
      "expansion": 0.15228150901118503,
      "regime": "LOW",
      "signal": "BASE"
    },
    {
      "ticker": "GENC",
      "hv20": 0.3491665415269923,
      "garch": 0.36158664799238427,
      "expansion": 0.03557072338911904,
      "regime": "NORMAL",
      "signal": "WEAK"
    },
    {
      "ticker": "GRPN",
      "hv20": 0.8064545670789278,
      "garch": 0.779392225391177,
      "expansion": -0.033557180766888996,
      "regime": "HIGH",
      "signal": "WEAK"
    },
    {
      "ticker": "JAKK",
      "hv20": 0.2146636885945858,
      "garch": 0.45941600184592996,
      "expansion": 1.1401663451035904,
      "regime": "LOW",
      "signal": "SIGNAL"
    },
    {
      "ticker": "KSPI",
      "hv20": 0.33049493798104457,
      "garch": 0.3351905017777404,
      "expansion": 0.0142076723636994,
      "regime": "HIGH",
      "signal": "WEAK"
    },
    {
      "ticker": "OPEN",
      "hv20": 0.7589672288418258,
      "garch": 0.7493082461614017,
      "expansion": -0.012726481873484278,
      "regime": "NORMAL",
      "signal": "WEAK"
    },
    {
      "ticker": "PYPL",
      "hv20": 0.30680820652708873,
      "garch": 0.39673199781995616,
      "expansion": 0.2930944785042048,
      "regime": "NORMAL",
      "signal": "SIGNAL"
    },
    {
      "ticker": "TENB",
      "hv20": 0.5804850822265262,
      "garch": 0.38199366942180774,
      "expansion": -0.34194059224291995,
      "regime": "HIGH",
      "signal": "WEAK"
    },
    {
      "ticker": "VIA",
      "hv20": 0.6894510215562007,
      "garch": null,
      "expansion": null,
      "regime": "NORMAL",
      "signal": "WEAK"
    },
    {
      "ticker": "VST",
      "hv20": 0.4909434623135735,
      "garch": 0.5659659537614902,
      "expansion": 0.15281289436949178,
      "regime": "NORMAL",
      "signal": "BASE"
    },
    {
      "ticker": "XNET",
      "hv20": 0.7694005124608294,
      "garch": 0.7466293247363327,
      "expansion": -0.029596013202104546,
      "regime": "HIGH",
      "signal": "WEAK"
    },
    {
      "ticker": "ZS",
      "hv20": 1.5253692910099577,
      "garch": 0.34232046852258236,
      "expansion": -0.775581906270101,
      "regime": "EXTREME",
      "signal": "WEAK"
    },
    {
      "ticker": "ZTS",
      "hv20": 0.26917950509178784,
      "garch": 0.3150835286338029,
      "expansion": 0.1705331300254906,
      "regime": "NORMAL",
      "signal": "BASE"
    }
  ],
  "correlation": {
    "tickers": [
      "BABA",
      "CEG",
      "CMI",
      "CRWV",
      "GENC",
      "GRPN",
      "JAKK",
      "KSPI",
      "OPEN",
      "PYPL",
      "TENB",
      "VIA",
      "VST",
      "XNET",
      "ZS",
      "ZTS"
    ],
    "matrix": [
      [
        1.0,
        0.183,
        0.326,
        0.346,
        0.133,
        0.196,
        0.118,
        0.2,
        0.193,
        0.246,
        0.064,
        -0.042,
        0.222,
        0.47,
        0.042,
        0.081
      ],
      [
        0.183,
        1.0,
        0.328,
        0.232,
        0.152,
        0.089,
        0.089,
        0.057,
        0.19,
        0.14,
        0.063,
        0.007,
        0.798,
        0.249,
        0.045,
        0.124
      ],
      [
        0.326,
        0.328,
        1.0,
        0.372,
        0.349,
        0.194,
        0.137,
        0.243,
        0.186,
        0.081,
        -0.051,
        0.003,
        0.352,
        0.298,
        -0.052,
        0.189
      ],
      [
        0.346,
        0.232,
        0.372,
        1.0,
        0.117,
        0.166,
        0.055,
        0.136,
        0.245,
        0.148,
        0.116,
        0.213,
        0.321,
        0.371,
        0.182,
        0.08
      ],
      [
        0.133,
        0.152,
        0.349,
        0.117,
        1.0,
        0.159,
        0.319,
        0.145,
        0.128,
        0.099,
        0.16,
        0.068,
        0.173,
        0.164,
        0.053,
        0.157
      ],
      [
        0.196,
        0.089,
        0.194,
        0.166,
        0.159,
        1.0,
        0.151,
        0.338,
        0.306,
        0.27,
        0.252,
        0.169,
        0.127,
        0.234,
        0.151,
        0.166
      ],
      [
        0.118,
        0.089,
        0.137,
        0.055,
        0.319,
        0.151,
        1.0,
        0.1,
        0.138,
        0.213,
        -0.035,
        0.145,
        0.061,
        0.2,
        -0.047,
        0.142
      ],
      [
        0.2,
        0.057,
        0.243,
        0.136,
        0.145,
        0.338,
        0.1,
        1.0,
        0.25,
        0.258,
        0.268,
        0.137,
        0.103,
        0.201,
        0.154,
        0.192
      ],
      [
        0.193,
        0.19,
        0.186,
        0.245,
        0.128,
        0.306,
        0.138,
        0.25,
        1.0,
        0.248,
        0.119,
        0.152,
        0.257,
        0.352,
        0.064,
        0.168
      ],
      [
        0.246,
        0.14,
        0.081,
        0.148,
        0.099,
        0.27,
        0.213,
        0.258,
        0.248,
        1.0,
        0.354,
        0.145,
        0.085,
        0.343,
        0.206,
        0.176
      ],
      [
        0.064,
        0.063,
        -0.051,
        0.116,
        0.16,
        0.252,
        -0.035,
        0.268,
        0.119,
        0.354,
        1.0,
        0.336,
        0.075,
        0.156,
        0.56,
        0.094
      ],
      [
        -0.042,
        0.007,
        0.003,
        0.213,
        0.068,
        0.169,
        0.145,
        0.137,
        0.152,
        0.145,
        0.336,
        1.0,
        0.058,
        0.166,
        0.368,
        0.019
      ],
      [
        0.222,
        0.798,
        0.352,
        0.321,
        0.173,
        0.127,
        0.061,
        0.103,
        0.257,
        0.085,
        0.075,
        0.058,
        1.0,
        0.272,
        0.073,
        0.095
      ],
      [
        0.47,
        0.249,
        0.298,
        0.371,
        0.164,
        0.234,
        0.2,
        0.201,
        0.352,
        0.343,
        0.156,
        0.166,
        0.272,
        1.0,
        0.221,
        0.053
      ],
      [
        0.042,
        0.045,
        -0.052,
        0.182,
        0.053,
        0.151,
        -0.047,
        0.154,
        0.064,
        0.206,
        0.56,
        0.368,
        0.073,
        0.221,
        1.0,
        -0.035
      ],
      [
        0.081,
        0.124,
        0.189,
        0.08,
        0.157,
        0.166,
        0.142,
        0.192,
        0.168,
        0.176,
        0.094,
        0.019,
        0.095,
        0.053,
        -0.035,
        1.0
      ]
    ]
  },
  "residual_correlation": {
    "tickers": [
      "BABA",
      "CEG",
      "CMI",
      "CRWV",
      "GENC",
      "GRPN",
      "JAKK",
      "KSPI",
      "OPEN",
      "PYPL",
      "TENB",
      "VIA",
      "VST",
      "XNET",
      "ZS",
      "ZTS"
    ],
    "matrix": [
      [
        1.0,
        0.02,
        0.104,
        0.193,
        -0.075,
        0.025,
        -0.047,
        0.016,
        0.037,
        0.107,
        -0.06,
        -0.164,
        0.057,
        0.337,
        -0.056,
        -0.026
      ],
      [
        0.02,
        1.0,
        0.054,
        -0.003,
        0.027,
        -0.058,
        -0.019,
        -0.129,
        0.034,
        0.046,
        -0.026,
        -0.102,
        0.731,
        0.097,
        0.011,
        0.074
      ],
      [
        0.104,
        0.054,
        1.0,
        0.117,
        0.076,
        -0.054,
        -0.149,
        0.003,
        -0.066,
        -0.093,
        -0.261,
        -0.143,
        0.037,
        0.007,
        -0.14,
        0.059
      ],
      [
        0.193,
        -0.003,
        0.117,
        1.0,
        0.012,
        -0.038,
        -0.04,
        -0.094,
        0.038,
        -0.026,
        -0.022,
        0.084,
        0.081,
        0.147,
        0.115,
        0.029
      ],
      [
        -0.075,
        0.027,
        0.076,
        0.012,
        1.0,
        -0.028,
        0.067,
        -0.076,
        -0.073,
        0.004,
        0.093,
        -0.004,
        0.026,
        -0.053,
        0.007,
        -0.036
      ],
      [
        0.025,
        -0.058,
        -0.054,
        -0.038,
        -0.028,
        1.0,
        0.007,
        0.17,
        0.113,
        0.09,
        0.111,
        0.05,
        -0.035,
        0.006,
        0.044,
        0.033
      ],
      [
        -0.047,
        -0.019,
        -0.149,
        -0.04,
        0.067,
        0.007,
        1.0,
        -0.102,
        -0.033,
        0.102,
        -0.129,
        0.09,
        -0.058,
        0.019,
        -0.113,
        -0.04
      ],
      [
        0.016,
        -0.129,
        0.003,
        -0.094,
        -0.076,
        0.17,
        -0.102,
        1.0,
        0.067,
        0.071,
        0.161,
        0.012,
        -0.102,
        -0.032,
        0.056,
        0.056
      ],
      [
        0.037,
        0.034,
        -0.066,
        0.038,
        -0.073,
        0.113,
        -0.033,
        0.067,
        1.0,
        0.067,
        -0.018,
        0.03,
        0.105,
        0.166,
        -0.045,
        0.024
      ],
      [
        0.107,
        0.046,
        -0.093,
        -0.026,
        0.004,
        0.09,
        0.102,
        0.071,
        0.067,
        1.0,
        0.242,
        0.007,
        -0.032,
        0.182,
        0.071,
        0.028
      ],
      [
        -0.06,
        -0.026,
        -0.261,
        -0.022,
        0.093,
        0.111,
        -0.129,
        0.161,
        -0.018,
        0.242,
        1.0,
        0.274,
        -0.031,
        0.005,
        0.519,
        -0.01
      ],
      [
        -0.164,
        -0.102,
        -0.143,
        0.084,
        -0.004,
        0.05,
        0.09,
        0.012,
        0.03,
        0.007,
        0.274,
        1.0,
        -0.057,
        0.029,
        0.314,
        -0.059
      ],
      [
        0.057,
        0.731,
        0.037,
        0.081,
        0.026,
        -0.035,
        -0.058,
        -0.102,
        0.105,
        -0.032,
        -0.031,
        -0.057,
        1.0,
        0.106,
        0.039,
        0.03
      ],
      [
        0.337,
        0.097,
        0.007,
        0.147,
        -0.053,
        0.006,
        0.019,
        -0.032,
        0.166,
        0.182,
        0.005,
        0.029,
        0.106,
        1.0,
        0.132,
        -0.104
      ],
      [
        -0.056,
        0.011,
        -0.14,
        0.115,
        0.007,
        0.044,
        -0.113,
        0.056,
        -0.045,
        0.071,
        0.519,
        0.314,
        0.039,
        0.132,
        1.0,
        -0.114
      ],
      [
        -0.026,
        0.074,
        0.059,
        0.029,
        -0.036,
        0.033,
        -0.04,
        0.056,
        0.024,
        0.028,
        -0.01,
        -0.059,
        0.03,
        -0.104,
        -0.114,
        1.0
      ]
    ]
  },
  "factor_correlation": {
    "factors": [
      "Market",
      "Size",
      "Value (SMID)",
      "Momentum",
      "Quality",
      "Profitability",
      "Liquidity",
      "Credit"
    ],
    "matrix": [
      [
        1.0,
        0.333,
        -0.493,
        0.405,
        -0.238,
        -0.534,
        0.309,
        0.175
      ],
      [
        0.333,
        1.0,
        -0.153,
        0.251,
        0.14,
        0.146,
        0.331,
        0.035
      ],
      [
        -0.493,
        -0.153,
        1.0,
        -0.545,
        0.307,
        0.588,
        -0.382,
        -0.13
      ],
      [
        0.405,
        0.251,
        -0.545,
        1.0,
        -0.232,
        -0.531,
        0.303,
        0.026
      ],
      [
        -0.238,
        0.14,
        0.307,
        -0.232,
        1.0,
        0.434,
        -0.233,
        -0.136
      ],
      [
        -0.534,
        0.146,
        0.588,
        -0.531,
        0.434,
        1.0,
        -0.281,
        -0.09
      ],
      [
        0.309,
        0.331,
        -0.382,
        0.303,
        -0.233,
        -0.281,
        1.0,
        0.157
      ],
      [
        0.175,
        0.035,
        -0.13,
        0.026,
        -0.136,
        -0.09,
        0.157,
        1.0
      ]
    ]
  },
  "factor_exposures": [
    {
      "ticker": "BABA",
      "r_squared": 0.14883892276039712,
      "alpha_annual": -0.3994029057378131,
      "idio_vol_annual": 0.39791916891524,
      "Market": 1.2365970135485402,
      "Size": 0.1051882293424295,
      "Value (SMID)": 0.24150206685455122,
      "Momentum": -0.17345974448330292,
      "Quality": -0.25268185394736187,
      "Profitability": -0.1382500051238762,
      "Liquidity": 0.21494065744024446,
      "Credit": 1.0398753469604147
    },
    {
      "ticker": "CEG",
      "r_squared": 0.25216720893388544,
      "alpha_annual": -0.4356221036903012,
      "idio_vol_annual": 0.404415804055655,
      "Market": 0.7104135217746296,
      "Size": 0.3847475221868195,
      "Value (SMID)": -0.44488241315983673,
      "Momentum": 0.6166964402377787,
      "Quality": -0.7417993677715293,
      "Profitability": -0.644261789903548,
      "Liquidity": -0.48026532553569945,
      "Credit": -0.8885985753524572
    },
    {
      "ticker": "CMI",
      "r_squared": 0.46881783045410097,
      "alpha_annual": 0.36417405236064704,
      "idio_vol_annual": 0.2461682821780982,
      "Market": 1.1360822776685031,
      "Size": 0.8099131396157015,
      "Value (SMID)": 0.3504172339205873,
      "Momentum": 0.7076624331161654,
      "Quality": 0.03991156911797722,
      "Profitability": -0.15819830844425514,
      "Liquidity": -0.3210173922685541,
      "Credit": 0.8008900937173478
    },
    {
      "ticker": "CRWV",
      "r_squared": 0.27383896682868236,
      "alpha_annual": -0.9566405978754253,
      "idio_vol_annual": 0.8027750153311629,
      "Market": 0.9512800794939043,
      "Size": 0.6402129828673122,
      "Value (SMID)": -2.089296708161217,
      "Momentum": 0.8266267102105516,
      "Quality": -3.832656950325288,
      "Profitability": -0.012264786247240145,
      "Liquidity": 0.2938315036934498,
      "Credit": 2.206870057038831
    },
    {
      "ticker": "GENC",
      "r_squared": 0.32769324086353535,
      "alpha_annual": -0.43011750162362566,
      "idio_vol_annual": 0.3257987262877147,
      "Market": 1.2822802532114692,
      "Size": 1.259901622113175,
      "Value (SMID)": 1.1634525567060838,
      "Momentum": -0.033267082664313885,
      "Quality": -0.7226808941246271,
      "Profitability": 0.05279667057594173,
      "Liquidity": -0.18259202578004924,
      "Credit": 0.5967583173467672
    },
    {
      "ticker": "GRPN",
      "r_squared": 0.16920354735514764,
      "alpha_annual": -1.210216161882405,
      "idio_vol_annual": 0.623466894313358,
      "Market": 1.9487510752736787,
      "Size": 0.2930791788035045,
      "Value (SMID)": -0.8908644055033562,
      "Momentum": -0.21097522098612098,
      "Quality": -1.6920269304742526,
      "Profitability": 1.435154100454667,
      "Liquidity": 0.25279203364458686,
      "Credit": 1.3507606161738108
    },
    {
      "ticker": "JAKK",
      "r_squared": 0.26989545623329236,
      "alpha_annual": -0.27446187837240704,
      "idio_vol_annual": 0.35190189989268195,
      "Market": 1.2210576767837418,
      "Size": 1.0610141580140502,
      "Value (SMID)": 0.8409289776478327,
      "Momentum": -0.3464601933539523,
      "Quality": 1.297646816413151,
      "Profitability": -0.3687899379210128,
      "Liquidity": 0.3176891950324607,
      "Credit": -0.43572753608491566
    },
    {
      "ticker": "KSPI",
      "r_squared": 0.2204624837705269,
      "alpha_annual": -0.2506848877264483,
      "idio_vol_annual": 0.32115461684608176,
      "Market": 1.237908483039715,
      "Size": 0.38497866412451154,
      "Value (SMID)": -0.3387349761868481,
      "Momentum": -0.5707113841761069,
      "Quality": 0.12184455285885136,
      "Profitability": 0.10959690674570027,
      "Liquidity": 0.03902700678119114,
      "Credit": 0.4452519080945465
    },
    {
      "ticker": "OPEN",
      "r_squared": 0.12589042629110958,
      "alpha_annual": 1.5007239832272177,
      "idio_vol_annual": 1.3419702261334971,
      "Market": 2.9958656040284364,
      "Size": 1.3701161764630687,
      "Value (SMID)": -1.6609676919274967,
      "Momentum": -2.0178316089483435,
      "Quality": 0.9608355911691635,
      "Profitability": 0.9508114151209782,
      "Liquidity": 1.8393763393179818,
      "Credit": -3.129743278580231
    },
    {
      "ticker": "PYPL",
      "r_squared": 0.29671209992587744,
      "alpha_annual": -0.6577628988564808,
      "idio_vol_annual": 0.33864759843070813,
      "Market": 1.82601617158674,
      "Size": -0.3592924545155344,
      "Value (SMID)": -0.8948548000568907,
      "Momentum": -0.9202204761177882,
      "Quality": 1.43639102269731,
      "Profitability": 0.6681325216409063,
      "Liquidity": 0.3960527886397485,
      "Credit": -0.030077201919053165
    },
    {
      "ticker": "TENB",
      "r_squared": 0.1469506799611494,
      "alpha_annual": -0.36115682146782324,
      "idio_vol_annual": 0.40982265273173624,
      "Market": 1.4773557151285743,
      "Size": -0.12891282819203936,
      "Value (SMID)": -0.7818661301461237,
      "Momentum": -0.22285785230625377,
      "Quality": -0.39252014672151786,
      "Profitability": 1.2948412673362468,
      "Liquidity": -0.13883466643411624,
      "Credit": -0.1784744795233291
    },
    {
      "ticker": "VIA",
      "r_squared": 0.11041630094828447,
      "alpha_annual": -1.557405765831418,
      "idio_vol_annual": 0.6830097794728429,
      "Market": 0.9682235651396696,
      "Size": 0.44691940223510607,
      "Value (SMID)": -1.41274992182032,
      "Momentum": -1.02174235537261,
      "Quality": -1.5996534980609918,
      "Profitability": 0.4926085754559396,
      "Liquidity": 0.6513516354013574,
      "Credit": -0.7540008987917146
    },
    {
      "ticker": "VST",
      "r_squared": 0.29109975683901423,
      "alpha_annual": -0.4282792181465753,
      "idio_vol_annual": 0.4125183114154302,
      "Market": 0.6102973062971284,
      "Size": 0.7895066415473377,
      "Value (SMID)": -0.6753178350689407,
      "Momentum": 0.6466490134467064,
      "Quality": -1.879694137678085,
      "Profitability": -0.5042870858376821,
      "Liquidity": -0.807095211132536,
      "Credit": -0.7254333943245517
    },
    {
      "ticker": "XNET",
      "r_squared": 0.17135623461567506,
      "alpha_annual": -0.3965532613127694,
      "idio_vol_annual": 0.6757430845907382,
      "Market": 1.830306560469838,
      "Size": 0.21003102452021427,
      "Value (SMID)": -0.7449921858358769,
      "Momentum": -0.47538792121423656,
      "Quality": 0.3475995470725979,
      "Profitability": 0.578034616095626,
      "Liquidity": 1.2276734979672372,
      "Credit": 2.246399328019712
    },
    {
      "ticker": "ZS",
      "r_squared": 0.09182506555052439,
      "alpha_annual": -0.985700269467863,
      "idio_vol_annual": 0.5975711145428843,
      "Market": 1.3801756317115994,
      "Size": -0.4038982415873973,
      "Value (SMID)": -1.0722658207400295,
      "Momentum": -0.9366759517451686,
      "Quality": -0.8935764827531505,
      "Profitability": 0.8589306977916276,
      "Liquidity": 0.2184003664556851,
      "Credit": 0.15905128383145747
    },
    {
      "ticker": "ZTS",
      "r_squared": 0.1663848768637468,
      "alpha_annual": -0.8897078308851032,
      "idio_vol_annual": 0.34483348802785285,
      "Market": 1.3206955829036027,
      "Size": 0.13828532838283547,
      "Value (SMID)": 0.04022428850246576,
      "Momentum": -0.19619674661794417,
      "Quality": 1.2312590234782812,
      "Profitability": 0.7620606986555887,
      "Liquidity": 0.057021383812999094,
      "Credit": -0.6795863698135931
    }
  ],
  "portfolio_factor_exposure": {
    "loadings": {
      "Market": 1.4233701151965779,
      "Size": 0.3295067157738595,
      "Value (SMID)": -0.595018389095406,
      "Momentum": -0.2793420679179594,
      "Quality": -0.5864997044096405,
      "Profitability": 0.5681293812245141,
      "Liquidity": 0.20114203291843505,
      "Credit": 0.48039181891232996
    },
    "alpha_annual": -0.6152308189857667,
    "r_squared_weighted": 0.2096582580192675
  },
  "stress_tests": [
    {
      "scenario": "COVID Crash (Feb-Mar 2020)",
      "market_move": -0.339,
      "portfolio_impact": -0.5103623004687247,
      "stressed_nav": 483273.5062377604,
      "pnl": -503728.73378663464,
      "description": "Rapid 33.9% selloff in SPY over 23 trading days as COVID-19 spread."
    },
    {
      "scenario": "2022 Rate Shock (Jan-Oct)",
      "market_move": -0.252,
      "portfolio_impact": -0.3793843649502024,
      "stressed_nav": 612549.0219883126,
      "pnl": -374453.21803608246,
      "description": "Grinding 9-month decline as the Fed hiked rates aggressively."
    },
    {
      "scenario": "GFC 2008-09",
      "market_move": -0.565,
